0.28097395558648236
-0.14770904409404245
-0.036829553605125506
-0.23826456929241246
0.07176966863649294
0.27920870590960634
1.039178559172974
0.44036276110725164
-0.34932421804855207
-0.34088113180136825
-0.48148818899103074
-0.17266157369676144
0.11593714514241339
-0.44827701647594753
-0.4859117815269918
-0.31764805182587097
-0.4887957957239376
-0.4473291892659478
-0.5545131230457184
-0.6075117832730211
-0.6502960499958277
-0.6186794439123194
-0.6375771787760418
-0.6460742629264377
-0.648148405106023
-0.6387488877838167
-0.6535106773723139
-0.6519327918642877
-0.6640272352908896
-0.6735833352683531
-0.6787881317036641
-0.6813923579794868
-0.6886399062373365
-0.6971573214060771
-0.7034156205492305
-0.7081515383451373
-0.7031817995136538
-0.7071035363916123
-0.7137987781818287
-0.7115760964524515
-0.7183910728221755
-0.7197825833146746
-0.7209065250832294
-0.7173605435098941
-0.7256789479089952
-0.7235879034038302
-0.725465273952772
-0.7282011854876642
-0.7258489940142545
-0.7279746886855186
-0.728379956983368
-0.7293529833122432
-0.7271963225681424
-0.7308094333252042
-0.7319793458778971
-0.731712404073095
-0.731831167731706
-0.7324412134655423
-0.7322444857347312
-0.7322351455190893
-0.7326592440168842
-0.7329517330628053
-0.732782582583518
-0.7331776124877676
-0.7335537772145463
-0.733790501907138
-0.7338902805040742
-0.7344301924590723
-0.7347749419164664
-0.7349885827159612
-0.7349541619194413
-0.7347000805251069
-0.7354178494552703
-0.7355286475584295
-0.7352541529967136
-0.7354672589651057
-0.7359591702658973
-0.7362494647365143
-0.7365183792812809
-0.7361066682688192
-0.7365738764910579
-0.7368487394436791
-0.7365741736066153
-0.7370248404025317
-0.7371109791238813
-0.7371496339438801
-0.7371049846156569
-0.7373271966481354
-0.737502974999367
-0.7376737509215859
-0.7378469302690288
-0.7380176647109751
-0.7381516714845664
-0.7383242691171235
-0.7384646368669623
-0.7386336290447578
-0.7388040178475463
-0.7389715150586829
-0.7391151795189181
-0.7392495726098354
-0.7394125578874741
-0.7395931578585486
-0.7397739012306268
-0.7399547393465872
-0.7401356418131243
-0.740316589653582
-0.7404975713236167
-0.7406785794167361
-0.7408596091796371
-0.7410406571549308
-0.7412217214098014
-0.7414027992710509
-0.7415838927471612
-0.7417649895140201
-0.7419461342448272
-0.7421271236919156
-0.7423088481855693
-0.7424827569795858
-0.7426680342830687
-0.7428534448107234
-0.7430393475952368
-0.7432254019060367
-0.7434116193681447
-0.7435979428061295
-0.7437843354234537
-0.7439707570897346
-0.7441571712037585
-0.7443435429866836
-0.7445298402140107
-0.7447160331429108
-0.7449020946228411
-0.7450880000674518
-0.7452737273636619
-0.745459256623654
-0.7456445696304539
-0.7458296485001423
-0.7460144718434666
-0.7461989996744488
-0.7463830601908613
-0.7465404701510193
-0.7467646647353098
-0.7469410469721594
-0.7471236540153301
-0.747306225600423
-0.7474989911663886
-0.7477076488860727
-0.7479193088694573
-0.7481285164794763
-0.748331218120759
-0.7485411804916502
-0.7487506273079343
-0.7489607632790225
-0.7491706987032212
-0.7493801303046823
-0.749583619886985
-0.7497905161108135
-0.7499999905623161
-0.7502109129782318
-0.7504223374832242
-0.75063399052427
-0.7508459667575407
-0.7510578362157306
-0.7512698711298638
-0.7514812755340301
-0.7516947326496956
-0.7519011325822194
-0.752116150313171
-0.7523316242637454
-0.7525477177917934
-0.752764459513138
-0.7529815942879806
-0.7531988304925121
-0.7534160888465196
-0.753633365683802
-0.7538506473973869
-0.7540679459619879
-0.7542852253637887
-0.7545025951725564
-0.7547195867326507
-0.7549383084583094
-0.7551172459143505
-0.7553457134101269
-0.7555667174159535
-0.7557851792980218
-0.7560026655671385
-0.7562140910290635
-0.7564318868443872
-0.7566496753030715
-0.7568487108239563
-0.7570746525069171
-0.7572924715136283
-0.7575121718734137
-0.7577336005503177
-0.7579520442244162
-0.7581686480438449
-0.7583896808294657
-0.7586077803046003
-0.7588222660200423
-0.7590329011552988
-0.7592614746401803
-0.7594122464916182
-0.7595109643700063
-0.7597428070697784
-0.7599714508368514
-0.7601830331318062
-0.7604081728761191
-0.7606295046846292
-0.7608471927552469
-0.7610620444499733
-0.7612732523398413
-0.7614711479799142
-0.7616760996848998
-0.7618488867846477
-0.7620403813592761
-0.7622007502698762
-0.7623407445669939
-0.7625646336669374
-0.7627672540183943
-0.762997256890921
-0.763237373532825
-0.7634735155460177
-0.7636806546796501
-0.7639078117810597
-0.7641161677914896
-0.7643653486381526
-0.7646081154923391
-0.7648507578192494
-0.7650931178045223
-0.7653364121493356
-0.7655776411034755
-0.7658203528658899
-0.7660608013629238
-0.7662945410453763
-0.7665398908448025
-0.7667860884045601
-0.7670328823223654
-0.7672802715967538
-0.767528203753824
-0.7677765523834903
-0.7680251772208979
-0.7682739684978064
-0.7685228552004998
-0.7687717951953756
-0.7690207641927417
-0.7692697481209068
-0.7695187388654713
-0.7697677313346672
-0.7700167235972593
-0.7702657095815735
-0.7705147122764331
-0.7707635740671075
-0.7710134440710245
-0.7712492272569286
-0.7715150037580534
-0.7717722286318351
-0.7720260622010215
-0.7722792334088913
-0.7725320981088694
-0.7727847193103454
-0.7730373127502048
-0.7732896422308978
-0.77354256502902
-0.7737922967137667
-0.7740506179871027
-0.7742984317509269
-0.7745539380268711
-0.7748086109275467
-0.7750632877766757
-0.775317419994283
-0.7755720843343545
-0.7758248810165005
-0.7760818048522617
-0.7762187555658396
-0.7762795175311528
-0.7765314819257508
-0.7768193060541729
-0.7771009865658387
-0.7773731313040312
-0.7775863981080962
-0.777852643693353
-0.7781055596711037
-0.7783103400533852
-0.7786049247269597
-0.7788853974705916
-0.7791720036425073
-0.7794574842211106
-0.7797435908003125
-0.7800295712286262
-0.7803152873316288
-0.7805988166323735
-0.7808846284081177
-0.7811707176012501
-0.7814567270473103
-0.781742549504432
-0.7820271076384114
-0.7823128887613693
-0.7826005469266392
-0.7828885540298774
-0.7831769216952904
-0.7834656233489927
-0.7837546297428043
-0.7840439106709356
-0.7843334354750751
-0.7846231737126614
-0.7849130957641477
-0.7852031733206711
-0.7854933797483834
-0.7857836903391233
-0.786074082463644
-0.7863645356444215
-0.7866550315644227
-0.7869455540265262
-0.7872360888763467
-0.7875266238990511
-0.787817148699032
-0.7881076545693604
-0.7883981343565568
-0.7886885823248926
-0.7889789940233667
-0.7892693661575685
-0.7895596964680944
-0.7898499836163366
-0.7901402270785001
-0.7904304270475988
-0.7907205843443239
-0.7910107003347655
-0.7913007768587899
-0.7915908161583919
-0.7918808208345851
-0.792170793739553
-0.792460738143534
-0.7927506567351403
-0.7930405566209358
-0.7933304176277888
-0.7936204316365728
-0.7939080186142984
-0.7942018643520166
-0.7944955565666447
-0.794788956556314
-0.7950820925632875
-0.7953749977090316
-0.7956677000701613
-0.7959602233690528
-0.7962525874409963
-0.7965448086219657
-0.7968369000458746
-0.7971288718331447
-0.7974207311356476
-0.7977124819675466
-0.7980041246719561
-0.7982956546766237
-0.7985870596393927
-0.7988783122390073
-0.7991693479456768
-0.7994599659396203
-0.799748780779127
-0.8000342561540223
-0.8003253801174002
-0.8006161042285488
-0.8009056654250681
-0.8011141772700417
-0.8011181856134828
-0.8013950133855561
-0.8020387437625227
-0.8026242831053502
-0.8030515439415317
-0.8035409639547099
-0.8039140597317181
-0.8042767494594478
-0.8045738885012645
-0.8049711944700585
-0.8053642989317631
-0.8057360899863522
-0.8060613162711778
-0.806336390160043
-0.8067067191742563
-0.8070967178992109
-0.8074910765896626
-0.8078870160325025
-0.8082830117298748
-0.8086815746499659
-0.8090794864571418
-0.8094805647536903
-0.8098812490596824
-0.8102840356093415
-0.810680789657551
-0.8110836205428167
-0.8114884372694781
-0.811892471272002
-0.8122982875337981
-0.8127035182976051
-0.8131104472911235
-0.8135167534053287
-0.813924510973534
-0.8143314887036348
-0.8147398464435329
-0.8151470185122506
-0.8155559241368342
-0.815962379984651
-0.8163720629661592
-0.8167714472803806
-0.8171825687437547
-0.8175630685345502
-0.81796207973864
-0.8183856767478807
-0.8187339965245952
-0.8189179922896868
-0.8193734033166219
-0.81982814866398
-0.8202807850488806
-0.8207317629370932
-0.8211815055546338
-0.8216303028424125
-0.8220783629902922
-0.8225258221722631
-0.8229726149081711
-0.8234191821671256
-0.8238658002254118
-0.8243121746628578
-0.8247586722614972
-0.8252052331155953
-0.8256519057058738
-0.8260987309408137
-0.826545882302642
-0.8269900324079522
-0.8274374618268386
-0.8278851960656641
-0.8283332329873406
-0.8287816344670842
-0.8292304056869733
-0.8296795768739478
-0.8301291271709982
-0.830579056452654
-0.8310293191823137
-0.8314798980951779
-0.8319307337334332
-0.8323818091302473
-0.8328330569359405
-0.8332844794402321
-0.833735990491484
-0.8341876471184129
-0.8346392812958402
-0.8350911414172631
-0.8355426502760734
-0.8359950130454228
-0.8364446984271465
-0.8368993377923635
-0.8373511174078252
-0.8377966076056371
-0.8382537801384844
-0.8387087127840134
-0.8391644936129812
-0.8396200116325774
-0.840075235663488
-0.8405299872054517
-0.8409781647353656
-0.8414340632776118
-0.8418891780105164
-0.8423443932384351
-0.8427993733859985
-0.843253967934281
-0.8437057604577693
-0.8441615588202731
-0.8446165172424956
-0.8450712866358798
-0.8455245540964085
-0.8459784798051733
-0.8464354705387707
-0.8468815980442674
-0.8473404951430759
-0.8478026880740053
-0.8482648742158979
-0.8487264530298742
-0.8491871698977438
-0.8496449167865788
-0.8501017464663865
-0.85056313746577
-0.8510236888666822
-0.8514842237524145
-0.85194401265046
-0.8524018306527832
-0.8528606752977679
-0.8533194853081718
-0.8537773450687455
-0.8542260447414476
-0.854684803114811
-0.8551421817238862
-0.8556013604120629
-0.8560415068738387
-0.8564995029030072
-0.8569605027258929
-0.8574203436537327
-0.8578804512470107
-0.8583405394058697
-0.8588005631500504
-0.8592604690819005
-0.8597201288247018
-0.8601788290018759
-0.860620025510549
-0.8610801162540289
-0.8615398792057357
-0.8619996542570302
-0.8624591413117313
-0.8629183694125152
-0.8633715918524887
-0.8638299350114206
-0.8642883561377207
-0.8647463286577464
-0.8652033539302779
-0.8656607416473047
-0.8661178845585612
-0.8665713017605198
-0.8670263150863942
-0.8674678443030456
-0.8679122940250241
-0.8683657265571452
-0.8688181729427678
-0.8692015100968316
-0.8698157885498081
-0.8704624920643018
-0.8711008066299408
-0.8717268638273183
-0.8723092444533815
-0.8729028543009256
-0.8731915147707363
-0.8738034885436794
-0.8744213024633255
-0.8750330775609962
-0.8756267415542032
-0.8762213741717719
-0.8767715371009916
-0.8773245585581317
-0.8779273338113198
-0.8785307451771639
-0.8791297762291448
-0.8797061234135587
-0.8802591621589398
-0.8808450035102032
-0.8814365350794828
-0.8820334340781742
-0.882625651217023
-0.8832166561394976
-0.8838088887428005
-0.8843839918958125
-0.884973965807101
-0.8855299645051289
-0.886114694709984
-0.8866726700608301
-0.8872440634915262
-0.8878039650828065
-0.8883054735783383
-0.8888256154239816
-0.8894239062252474
-0.8900212737034973
-0.890616618272861
-0.8912087694377104
-0.891785191518708
-0.8923739638494375
-0.8929651459798105
-0.8935480279339858
-0.8940988129942185
-0.8946143004740361
-0.8951461527461219
-0.8957384618930497
-0.896330218122942
-0.8969214327800241
-0.8975120299451175
-0.8981018431394667
-0.8986904019696155
-0.8992738991256426
-0.8998592176216137
-0.9004465645328007
-0.9010281567666452
-0.9016108926015738
-0.9021954851727066
-0.9027222746194401
-0.9032869257058109
-0.9038691852087548
-0.9044480154183123
-0.9049942226709307
-0.9055636155117663
-0.9061357488274506
-0.9067085350819066
-0.9072782789122953
-0.9078456240352718
-0.9083665788341018
-0.9089203411755291
-0.9094895285836218
-0.9100403662754077
-0.9106010291314565
-0.9111147652452114
-0.9116601140016759
-0.912216648874865
-0.9127683064883015
-0.9132701939050354
-0.913756018417642
-0.914308286871333
-0.9148008551783567
-0.9153424386409874
-0.9158412979341027
-0.9163506031973425
-0.9168770744396602
-0.9173579089497325
-0.9178760113459878
-0.9183454865281919
-0.9187600678661083
-0.9193053367194827
-0.9198435548613693
-0.9203777769146149
-0.920913774455074
-0.9214292936575093
-0.921954092006964
-0.9224744272424537
-0.9229766833622477
-0.9234956577707467
-0.9240189926457363
-0.9245361823935425
-0.9250537590108727
-0.9255534206204691
-0.9260600262363925
-0.9265629395488337
-0.9270701948770459
-0.9275746213702086
-0.9280704329578859
-0.9285662196731892
-0.9290496404358712
-0.9295309901261789
-0.9300213453428192
-0.9305041948665634
-0.930987419380525
-0.9314524099372612
-0.9319243031242355
-0.9323906936597824
-0.932853497163019
-0.9333025087741743
-0.9337669074019822
-0.9342255303028153
-0.9346691964546907
-0.9351177801564909
-0.9355636955031483
-0.9359812117449192
-0.9364215707892081
-0.9368584488082082
-0.9372921159085817
-0.9377111952090127
-0.9381376691266778
-0.9385418683216257
-0.9389557937763946
-0.9393560120695392
-0.9397410722678284
-0.9401437715543723
-0.9404995293603747
-0.9408437851846098
-0.9412430705417579
-0.9416277454223805
-0.9419930582564905
-0.942367239542506
-0.9427361670384548
-0.9431071167931712
-0.9434793588662568
-0.9438217153957301
-0.9441708489995507
-0.9445274515086299
-0.9448776285777254
-0.9452271414502118
-0.9455355187485063
-0.945865514181974
-0.9461938345028573
-0.9465255765236795
-0.9468532081813824
-0.9470969201218941
-0.9473956820732613
-0.9477071713816991
-0.9480164881303451
-0.9483217736217031
-0.9485855699195218
-0.9488350461307214
-0.9491142911728252
-0.9494019320378037
-0.9496848462477163
-0.9498749422301169
-0.9501266559266306
-0.9503626542796346
-0.9506324384129549
-0.9508968347532369
-0.9511499388200204
-0.9513703963913276
-0.9515136592451339
-0.9517206435996306
-0.9519609871749902
-0.9521910787068146
-0.9523915397358832
-0.9525959479550781
-0.9527986856987389
-0.9529871026999341
-0.9532000103148723
-0.9533949738277165
-0.9535773192195878
-0.9537602720018323
-0.9539385282557545
-0.954123700013676
-0.9543009550006951
-0.9544660210939855
-0.954624127114379
-0.9547832018060671
-0.9549411458520026
-0.9550920306584995
-0.9552349062856103
-0.9553712726454504
-0.9555051143397137
-0.9556371991704004
-0.9557607497072313
-0.9558789763846401
-0.9559905642049903
-0.956100528586723
-0.9562066545854041
-0.9563025922993165
-0.9563973152597864
-0.9564837054669431
-0.9565685121627224
-0.956649614975745
-0.9567137001872758
-0.9567870584443865
-0.9568470343690083
-0.95690684255666
-0.956957845018152
-0.9569602200954415
-0.956975729559282
-0.9570427455693139
-0.9570824167922827
-0.9570724635178006
-0.9570966120893911
-0.9570992965727856
-0.9571261345208542
-0.9571098352111342
-0.957113937124386
-0.9571262117485615
-0.9571450119467376
-0.9571475691762287
-0.9571685482257185
-0.9571791890691799
-0.9571873153786197
-0.9572044069116005
-0.9572187298410152
-0.9572230028419503
-0.9572176944178261
-0.9572211898751967
-0.9572366633543434
-0.9572428416904215
-0.9572391449603571
-0.9572478540209779
-0.957251093076078
-0.9572593505044649
-0.957256401352413
-0.9572593776496416
-0.9572655030008426
-0.9572646763767502
-0.9572604899814234
