# best_solutions_for_time
bitstring,rank,join_order,cost,time_ms,used_fallback,energy,count,probability
1001,0,"[0, 2, 1]",200,3.343343734741211,False,2.0,682,0.0666015625
1001,1,"[0, 1, 2]",15,3.381490707397461,True,2.0,682,0.0666015625

# all_solutions
bitstring,index,join_order,cost,time_ms,used_fallback,energy,count,probability
1001,0,"[0, 2, 1]",200,3.343343734741211,False,2.0,682,0.0666015625
1001,1,"[0, 1, 2]",15,3.381490707397461,True,2.0,682,0.0666015625
1001,2,"[0, 2, 1]",200,3.4019947052001953,False,2.0,682,0.0666015625
1001,3,"[0, 1, 2]",15,3.41033935546875,True,2.0,682,0.0666015625
1001,4,"[0, 2, 1]",200,3.4232139587402344,False,2.0,682,0.0666015625
1001,5,"[0, 1, 2]",15,3.429889678955078,True,2.0,682,0.0666015625
1001,6,"[0, 2, 1]",200,3.440380096435547,False,2.0,682,0.0666015625
1001,7,"[0, 1, 2]",15,3.446817398071289,True,2.0,682,0.0666015625
1001,8,"[0, 2, 1]",200,3.4575462341308594,False,2.0,682,0.0666015625
1001,9,"[0, 1, 2]",15,3.4635066986083984,True,2.0,682,0.0666015625
1001,10,"[0, 2, 1]",200,3.4732818603515625,False,2.0,682,0.0666015625
1001,11,"[0, 1, 2]",15,3.47900390625,True,2.0,682,0.0666015625
1001,12,"[0, 2, 1]",200,3.4880638122558594,False,2.0,682,0.0666015625
1001,13,"[0, 1, 2]",15,3.493785858154297,True,2.0,682,0.0666015625
1001,14,"[0, 2, 1]",200,3.503561019897461,False,2.0,682,0.0666015625
1001,15,"[0, 1, 2]",15,3.547191619873047,True,2.0,682,0.0666015625
1001,16,"[0, 2, 1]",200,3.5753250122070312,False,2.0,682,0.0666015625
1001,17,"[0, 1, 2]",15,3.587961196899414,True,2.0,682,0.0666015625
1001,18,"[0, 2, 1]",200,3.6025047302246094,False,2.0,682,0.0666015625
1001,19,"[0, 1, 2]",15,3.6106109619140625,True,2.0,682,0.0666015625
1001,20,"[0, 2, 1]",200,3.622770309448242,False,2.0,682,0.0666015625
1001,21,"[0, 1, 2]",15,3.6301612854003906,True,2.0,682,0.0666015625
1001,22,"[0, 2, 1]",200,3.6401748657226562,False,2.0,682,0.0666015625
1001,23,"[0, 1, 2]",15,3.646373748779297,True,2.0,682,0.0666015625
1001,24,"[0, 2, 1]",200,3.656148910522461,False,2.0,682,0.0666015625
1001,25,"[0, 1, 2]",15,3.6623477935791016,True,2.0,682,0.0666015625
1001,26,"[0, 2, 1]",200,3.672361373901367,False,2.0,682,0.0666015625
1001,27,"[0, 1, 2]",15,3.679990768432617,True,2.0,682,0.0666015625
1001,28,"[0, 2, 1]",200,3.690958023071289,False,2.0,682,0.0666015625
1001,29,"[0, 1, 2]",15,3.6973953247070312,True,2.0,682,0.0666015625
1001,30,"[0, 2, 1]",200,3.7078857421875,False,2.0,682,0.0666015625
1001,31,"[0, 1, 2]",15,3.714323043823242,True,2.0,682,0.0666015625
1001,32,"[0, 2, 1]",200,3.724813461303711,False,2.0,682,0.0666015625
1001,33,"[0, 1, 2]",15,3.73077392578125,True,2.0,682,0.0666015625
1001,34,"[0, 2, 1]",200,3.739595413208008,False,2.0,682,0.0666015625
1001,35,"[0, 1, 2]",15,3.7453174591064453,True,2.0,682,0.0666015625
1001,36,"[0, 2, 1]",200,3.754854202270508,False,2.0,682,0.0666015625
1001,37,"[0, 1, 2]",15,3.7603378295898438,True,2.0,682,0.0666015625
1001,38,"[0, 2, 1]",200,3.7698745727539062,False,2.0,682,0.0666015625
1001,39,"[0, 1, 2]",15,3.7758350372314453,True,2.0,682,0.0666015625
1001,40,"[0, 2, 1]",200,3.7851333618164062,False,2.0,682,0.0666015625
1001,41,"[0, 1, 2]",15,3.7903785705566406,True,2.0,682,0.0666015625
1001,42,"[0, 2, 1]",200,3.7996768951416016,False,2.0,682,0.0666015625
1001,43,"[0, 1, 2]",15,3.804922103881836,True,2.0,682,0.0666015625
1001,44,"[0, 2, 1]",200,3.8137435913085938,False,2.0,682,0.0666015625
1001,45,"[0, 1, 2]",15,3.818511962890625,True,2.0,682,0.0666015625
1001,46,"[0, 2, 1]",200,3.827333450317383,False,2.0,682,0.0666015625
1001,47,"[0, 1, 2]",15,3.8330554962158203,True,2.0,682,0.0666015625
1001,48,"[0, 2, 1]",200,3.8423538208007812,False,2.0,682,0.0666015625
1001,49,"[0, 1, 2]",15,3.848552703857422,True,2.0,682,0.0666015625
1001,50,"[0, 2, 1]",200,3.857135772705078,False,2.0,682,0.0666015625
1001,51,"[0, 1, 2]",15,3.8628578186035156,True,2.0,682,0.0666015625
1001,52,"[0, 2, 1]",200,3.8712024688720703,False,2.0,682,0.0666015625
1001,53,"[0, 1, 2]",15,3.8764476776123047,True,2.0,682,0.0666015625
1001,54,"[0, 2, 1]",200,3.8847923278808594,False,2.0,682,0.0666015625
1001,55,"[0, 1, 2]",15,3.8900375366210938,True,2.0,682,0.0666015625
1001,56,"[0, 2, 1]",200,3.9021968841552734,False,2.0,682,0.0666015625
1001,57,"[0, 1, 2]",15,3.907442092895508,True,2.0,682,0.0666015625
1001,58,"[0, 2, 1]",200,3.916025161743164,False,2.0,682,0.0666015625
1001,59,"[0, 1, 2]",15,3.9222240447998047,True,2.0,682,0.0666015625
1001,60,"[0, 2, 1]",200,3.931283950805664,False,2.0,682,0.0666015625
1001,61,"[0, 1, 2]",15,3.936290740966797,True,2.0,682,0.0666015625
1001,62,"[0, 2, 1]",200,3.9451122283935547,False,2.0,682,0.0666015625
1001,63,"[0, 1, 2]",15,3.9501190185546875,True,2.0,682,0.0666015625
1001,64,"[0, 2, 1]",200,3.9587020874023438,False,2.0,682,0.0666015625
1001,65,"[0, 1, 2]",15,3.963947296142578,True,2.0,682,0.0666015625
1001,66,"[0, 2, 1]",200,3.9725303649902344,False,2.0,682,0.0666015625
1001,67,"[0, 1, 2]",15,3.977537155151367,True,2.0,682,0.0666015625
1001,68,"[0, 2, 1]",200,3.9856433868408203,False,2.0,682,0.0666015625
1001,69,"[0, 1, 2]",15,3.990650177001953,True,2.0,682,0.0666015625
1001,70,"[0, 2, 1]",200,3.998994827270508,False,2.0,682,0.0666015625
1001,71,"[0, 1, 2]",15,4.004001617431641,True,2.0,682,0.0666015625
1001,72,"[0, 2, 1]",200,4.012346267700195,False,2.0,682,0.0666015625
1001,73,"[0, 1, 2]",15,4.018306732177734,True,2.0,682,0.0666015625
1001,74,"[0, 2, 1]",200,4.026651382446289,False,2.0,682,0.0666015625
1001,75,"[0, 1, 2]",15,4.031896591186523,True,2.0,682,0.0666015625
1001,76,"[0, 2, 1]",200,4.040241241455078,False,2.0,682,0.0666015625
1001,77,"[0, 1, 2]",15,4.045724868774414,True,2.0,682,0.0666015625
1001,78,"[0, 2, 1]",200,4.053831100463867,False,2.0,682,0.0666015625
1001,79,"[0, 1, 2]",15,4.058599472045898,True,2.0,682,0.0666015625
1001,80,"[0, 2, 1]",200,4.067182540893555,False,2.0,682,0.0666015625
1001,81,"[0, 1, 2]",15,4.071950912475586,True,2.0,682,0.0666015625
1001,82,"[0, 2, 1]",200,4.080295562744141,False,2.0,682,0.0666015625
1001,83,"[0, 1, 2]",15,4.085063934326172,True,2.0,682,0.0666015625
1001,84,"[0, 2, 1]",200,4.093408584594727,False,2.0,682,0.0666015625
1001,85,"[0, 1, 2]",15,4.098653793334961,True,2.0,682,0.0666015625
1001,86,"[0, 2, 1]",200,4.106998443603516,False,2.0,682,0.0666015625
1001,87,"[0, 1, 2]",15,4.11224365234375,True,2.0,682,0.0666015625
1001,88,"[0, 2, 1]",200,4.120349884033203,False,2.0,682,0.0666015625
1001,89,"[0, 1, 2]",15,4.126787185668945,True,2.0,682,0.0666015625
1001,90,"[0, 2, 1]",200,4.135370254516602,False,2.0,682,0.0666015625
1001,91,"[0, 1, 2]",15,4.140377044677734,True,2.0,682,0.0666015625
1001,92,"[0, 2, 1]",200,4.148960113525391,False,2.0,682,0.0666015625
1001,93,"[0, 1, 2]",15,4.154443740844727,True,2.0,682,0.0666015625
1001,94,"[0, 2, 1]",200,4.163026809692383,False,2.0,682,0.0666015625
1001,95,"[0, 1, 2]",15,4.168033599853516,True,2.0,682,0.0666015625
1001,96,"[0, 2, 1]",200,4.17637825012207,False,2.0,682,0.0666015625
1001,97,"[0, 1, 2]",15,4.181385040283203,True,2.0,682,0.0666015625
1001,98,"[0, 2, 1]",200,4.189491271972656,False,2.0,682,0.0666015625
1001,99,"[0, 1, 2]",15,4.1942596435546875,True,2.0,682,0.0666015625
1001,100,"[0, 2, 1]",200,4.202604293823242,False,2.0,682,0.0666015625
1001,101,"[0, 1, 2]",15,4.207611083984375,True,2.0,682,0.0666015625
1001,102,"[0, 2, 1]",200,4.215717315673828,False,2.0,682,0.0666015625
1001,103,"[0, 1, 2]",15,4.220724105834961,True,2.0,682,0.0666015625
1001,104,"[0, 2, 1]",200,4.228830337524414,False,2.0,682,0.0666015625
1001,105,"[0, 1, 2]",15,4.234075546264648,True,2.0,682,0.0666015625
1001,106,"[0, 2, 1]",200,4.242658615112305,False,2.0,682,0.0666015625
1001,107,"[0, 1, 2]",15,4.247903823852539,True,2.0,682,0.0666015625
1001,108,"[0, 2, 1]",200,4.256725311279297,False,2.0,682,0.0666015625
1001,109,"[0, 1, 2]",15,4.262208938598633,True,2.0,682,0.0666015625
1001,110,"[0, 2, 1]",200,4.270792007446289,False,2.0,682,0.0666015625
1001,111,"[0, 1, 2]",15,4.276037216186523,True,2.0,682,0.0666015625
1001,112,"[0, 2, 1]",200,4.284143447875977,False,2.0,682,0.0666015625
1001,113,"[0, 1, 2]",15,4.289388656616211,True,2.0,682,0.0666015625
1001,114,"[0, 2, 1]",200,4.297494888305664,False,2.0,682,0.0666015625
1001,115,"[0, 1, 2]",15,4.302501678466797,True,2.0,682,0.0666015625
1001,116,"[0, 2, 1]",200,4.310846328735352,False,2.0,682,0.0666015625
1001,117,"[0, 1, 2]",15,4.315853118896484,True,2.0,682,0.0666015625
1001,118,"[0, 2, 1]",200,4.324436187744141,False,2.0,682,0.0666015625
1001,119,"[0, 1, 2]",15,4.329442977905273,True,2.0,682,0.0666015625
1001,120,"[0, 2, 1]",200,4.338264465332031,False,2.0,682,0.0666015625
1001,121,"[0, 1, 2]",15,4.343271255493164,True,2.0,682,0.0666015625
1001,122,"[0, 2, 1]",200,4.35185432434082,False,2.0,682,0.0666015625
1001,123,"[0, 1, 2]",15,4.356622695922852,True,2.0,682,0.0666015625
1001,124,"[0, 2, 1]",200,4.364967346191406,False,2.0,682,0.0666015625
1001,125,"[0, 1, 2]",15,4.369974136352539,True,2.0,682,0.0666015625
1001,126,"[0, 2, 1]",200,4.378318786621094,False,2.0,682,0.0666015625
1001,127,"[0, 1, 2]",15,4.38380241394043,True,2.0,682,0.0666015625
1001,128,"[0, 2, 1]",200,4.391908645629883,False,2.0,682,0.0666015625
1001,129,"[0, 1, 2]",15,4.396915435791016,True,2.0,682,0.0666015625
1001,130,"[0, 2, 1]",200,4.40526008605957,False,2.0,682,0.0666015625
1001,131,"[0, 1, 2]",15,4.410743713378906,True,2.0,682,0.0666015625
1001,132,"[0, 2, 1]",200,4.419088363647461,False,2.0,682,0.0666015625
1001,133,"[0, 1, 2]",15,4.424571990966797,True,2.0,682,0.0666015625
1001,134,"[0, 2, 1]",200,4.432916641235352,False,2.0,682,0.0666015625
1001,135,"[0, 1, 2]",15,4.437923431396484,True,2.0,682,0.0666015625
1001,136,"[0, 2, 1]",200,4.4460296630859375,False,2.0,682,0.0666015625
1001,137,"[0, 1, 2]",15,4.450798034667969,True,2.0,682,0.0666015625
1001,138,"[0, 2, 1]",200,4.459142684936523,False,2.0,682,0.0666015625
1001,139,"[0, 1, 2]",15,4.463911056518555,True,2.0,682,0.0666015625
1001,140,"[0, 2, 1]",200,4.472017288208008,False,2.0,682,0.0666015625
1001,141,"[0, 1, 2]",15,4.477262496948242,True,2.0,682,0.0666015625
1001,142,"[0, 2, 1]",200,4.485368728637695,False,2.0,682,0.0666015625
1001,143,"[0, 1, 2]",15,4.490375518798828,True,2.0,682,0.0666015625
1001,144,"[0, 2, 1]",200,4.498481750488281,False,2.0,682,0.0666015625
1001,145,"[0, 1, 2]",15,4.5032501220703125,True,2.0,682,0.0666015625
1001,146,"[0, 2, 1]",200,4.511833190917969,False,2.0,682,0.0666015625
1001,147,"[0, 1, 2]",15,4.516839981079102,True,2.0,682,0.0666015625
1001,148,"[0, 2, 1]",200,4.525423049926758,False,2.0,682,0.0666015625
1001,149,"[0, 1, 2]",15,4.530906677246094,True,2.0,682,0.0666015625
1001,150,"[0, 2, 1]",200,4.539251327514648,False,2.0,682,0.0666015625
1001,151,"[0, 1, 2]",15,4.544496536254883,True,2.0,682,0.0666015625
1001,152,"[0, 2, 1]",200,4.553079605102539,False,2.0,682,0.0666015625
1001,153,"[0, 1, 2]",15,4.558086395263672,True,2.0,682,0.0666015625
1001,154,"[0, 2, 1]",200,4.56690788269043,False,2.0,682,0.0666015625
1001,155,"[0, 1, 2]",15,4.571676254272461,True,2.0,682,0.0666015625
1001,156,"[0, 2, 1]",200,4.579782485961914,False,2.0,682,0.0666015625
1001,157,"[0, 1, 2]",15,4.585027694702148,True,2.0,682,0.0666015625
1001,158,"[0, 2, 1]",200,4.593133926391602,False,2.0,682,0.0666015625
1001,159,"[0, 1, 2]",15,4.598379135131836,True,2.0,682,0.0666015625
1001,160,"[0, 2, 1]",200,4.606485366821289,False,2.0,682,0.0666015625
1001,161,"[0, 1, 2]",15,4.611492156982422,True,2.0,682,0.0666015625
1001,162,"[0, 2, 1]",200,4.619836807250977,False,2.0,682,0.0666015625
1001,163,"[0, 1, 2]",15,4.624605178833008,True,2.0,682,0.0666015625
1001,164,"[0, 2, 1]",200,4.6329498291015625,False,2.0,682,0.0666015625
1001,165,"[0, 1, 2]",15,4.637956619262695,True,2.0,682,0.0666015625
1001,166,"[0, 2, 1]",200,4.646539688110352,False,2.0,682,0.0666015625
1001,167,"[0, 1, 2]",15,4.651784896850586,True,2.0,682,0.0666015625
1001,168,"[0, 2, 1]",200,4.660367965698242,False,2.0,682,0.0666015625
1001,169,"[0, 1, 2]",15,4.665374755859375,True,2.0,682,0.0666015625
1001,170,"[0, 2, 1]",200,4.674196243286133,False,2.0,682,0.0666015625
1001,171,"[0, 1, 2]",15,4.679441452026367,True,2.0,682,0.0666015625
1001,172,"[0, 2, 1]",200,4.688262939453125,False,2.0,682,0.0666015625
1001,173,"[0, 1, 2]",15,4.693269729614258,True,2.0,682,0.0666015625
1001,174,"[0, 2, 1]",200,4.702329635620117,False,2.0,682,0.0666015625
1001,175,"[0, 1, 2]",15,4.707098007202148,True,2.0,682,0.0666015625
1001,176,"[0, 2, 1]",200,4.715681076049805,False,2.0,682,0.0666015625
1001,177,"[0, 1, 2]",15,4.720449447631836,True,2.0,682,0.0666015625
1001,178,"[0, 2, 1]",200,4.728794097900391,False,2.0,682,0.0666015625
1001,179,"[0, 1, 2]",15,4.733800888061523,True,2.0,682,0.0666015625
1001,180,"[0, 2, 1]",200,4.741668701171875,False,2.0,682,0.0666015625
1001,181,"[0, 1, 2]",15,4.746913909912109,True,2.0,682,0.0666015625
1001,182,"[0, 2, 1]",200,4.754781723022461,False,2.0,682,0.0666015625
1001,183,"[0, 1, 2]",15,4.759550094604492,True,2.0,682,0.0666015625
1001,184,"[0, 2, 1]",200,4.768133163452148,False,2.0,682,0.0666015625
1001,185,"[0, 1, 2]",15,4.773616790771484,True,2.0,682,0.0666015625
1001,186,"[0, 2, 1]",200,4.782676696777344,False,2.0,682,0.0666015625
1001,187,"[0, 1, 2]",15,4.787921905517578,True,2.0,682,0.0666015625
1001,188,"[0, 2, 1]",200,4.796266555786133,False,2.0,682,0.0666015625
1001,189,"[0, 1, 2]",15,4.801273345947266,True,2.0,682,0.0666015625
1001,190,"[0, 2, 1]",200,4.80961799621582,False,2.0,682,0.0666015625
1001,191,"[0, 1, 2]",15,4.814386367797852,True,2.0,682,0.0666015625
1001,192,"[0, 2, 1]",200,4.822731018066406,False,2.0,682,0.0666015625
1001,193,"[0, 1, 2]",15,4.827737808227539,True,2.0,682,0.0666015625
1001,194,"[0, 2, 1]",200,4.835844039916992,False,2.0,682,0.0666015625
1001,195,"[0, 1, 2]",15,4.840850830078125,True,2.0,682,0.0666015625
1001,196,"[0, 2, 1]",200,4.848957061767578,False,2.0,682,0.0666015625
1001,197,"[0, 1, 2]",15,4.853963851928711,True,2.0,682,0.0666015625
1001,198,"[0, 2, 1]",200,4.862308502197266,False,2.0,682,0.0666015625
1001,199,"[0, 1, 2]",15,4.867076873779297,True,2.0,682,0.0666015625
1001,200,"[0, 2, 1]",200,4.875898361206055,False,2.0,682,0.0666015625
1001,201,"[0, 1, 2]",15,4.880666732788086,True,2.0,682,0.0666015625
1001,202,"[0, 2, 1]",200,4.889726638793945,False,2.0,682,0.0666015625
1001,203,"[0, 1, 2]",15,4.89497184753418,True,2.0,682,0.0666015625
1001,204,"[0, 2, 1]",200,4.9037933349609375,False,2.0,682,0.0666015625
1001,205,"[0, 1, 2]",15,4.909038543701172,True,2.0,682,0.0666015625
1001,206,"[0, 2, 1]",200,4.917621612548828,False,2.0,682,0.0666015625
1001,207,"[0, 1, 2]",15,4.922628402709961,True,2.0,682,0.0666015625
1001,208,"[0, 2, 1]",200,4.931211471557617,False,2.0,682,0.0666015625
1001,209,"[0, 1, 2]",15,4.93621826171875,True,2.0,682,0.0666015625
1001,210,"[0, 2, 1]",200,4.944562911987305,False,2.0,682,0.0666015625
1001,211,"[0, 1, 2]",15,4.9495697021484375,True,2.0,682,0.0666015625
1001,212,"[0, 2, 1]",200,4.957914352416992,False,2.0,682,0.0666015625
1001,213,"[0, 1, 2]",15,4.962682723999023,True,2.0,682,0.0666015625
1001,214,"[0, 2, 1]",200,4.970788955688477,False,2.0,682,0.0666015625
1001,215,"[0, 1, 2]",15,4.976034164428711,True,2.0,682,0.0666015625
1001,216,"[0, 2, 1]",200,4.9839019775390625,False,2.0,682,0.0666015625
1001,217,"[0, 1, 2]",15,4.988908767700195,True,2.0,682,0.0666015625
1001,218,"[0, 2, 1]",200,4.997014999389648,False,2.0,682,0.0666015625
1001,219,"[0, 1, 2]",15,5.00178337097168,True,2.0,682,0.0666015625
1001,220,"[0, 2, 1]",200,5.010128021240234,False,2.0,682,0.0666015625
1001,221,"[0, 1, 2]",15,5.015134811401367,True,2.0,682,0.0666015625
1001,222,"[0, 2, 1]",200,5.02324104309082,False,2.0,682,0.0666015625
1001,223,"[0, 1, 2]",15,5.028486251831055,True,2.0,682,0.0666015625
1001,224,"[0, 2, 1]",200,5.036592483520508,False,2.0,682,0.0666015625
1001,225,"[0, 1, 2]",15,5.041837692260742,True,2.0,682,0.0666015625
1001,226,"[0, 2, 1]",200,5.050420761108398,False,2.0,682,0.0666015625
1001,227,"[0, 1, 2]",15,5.056142807006836,True,2.0,682,0.0666015625
1001,228,"[0, 2, 1]",200,5.064487457275391,False,2.0,682,0.0666015625
1001,229,"[0, 1, 2]",15,5.069732666015625,True,2.0,682,0.0666015625
1001,230,"[0, 2, 1]",200,5.082368850708008,False,2.0,682,0.0666015625
1001,231,"[0, 1, 2]",15,5.087375640869141,True,2.0,682,0.0666015625
1001,232,"[0, 2, 1]",200,5.095958709716797,False,2.0,682,0.0666015625
1001,233,"[0, 1, 2]",15,5.10096549987793,True,2.0,682,0.0666015625
1001,234,"[0, 2, 1]",200,5.109310150146484,False,2.0,682,0.0666015625
1001,235,"[0, 1, 2]",15,5.114316940307617,True,2.0,682,0.0666015625
1001,236,"[0, 2, 1]",200,5.122661590576172,False,2.0,682,0.0666015625
1001,237,"[0, 1, 2]",15,5.127429962158203,True,2.0,682,0.0666015625
1001,238,"[0, 2, 1]",200,5.135774612426758,False,2.0,682,0.0666015625
1001,239,"[0, 1, 2]",15,5.140542984008789,True,2.0,682,0.0666015625
1001,240,"[0, 2, 1]",200,5.148649215698242,False,2.0,682,0.0666015625
1001,241,"[0, 1, 2]",15,5.153656005859375,True,2.0,682,0.0666015625
1001,242,"[0, 2, 1]",200,5.161762237548828,False,2.0,682,0.0666015625
1001,243,"[0, 1, 2]",15,5.166769027709961,True,2.0,682,0.0666015625
1001,244,"[0, 2, 1]",200,5.174875259399414,False,2.0,682,0.0666015625
1001,245,"[0, 1, 2]",15,5.179882049560547,True,2.0,682,0.0666015625
1001,246,"[0, 2, 1]",200,5.188703536987305,False,2.0,682,0.0666015625
1001,247,"[0, 1, 2]",15,5.193471908569336,True,2.0,682,0.0666015625
1001,248,"[0, 2, 1]",200,5.201816558837891,False,2.0,682,0.0666015625
1001,249,"[0, 1, 2]",15,5.206584930419922,True,2.0,682,0.0666015625
1001,250,"[0, 2, 1]",200,5.214929580688477,False,2.0,682,0.0666015625
1001,251,"[0, 1, 2]",15,5.219936370849609,True,2.0,682,0.0666015625
1001,252,"[0, 2, 1]",200,5.2280426025390625,False,2.0,682,0.0666015625
1001,253,"[0, 1, 2]",15,5.233287811279297,True,2.0,682,0.0666015625
1001,254,"[0, 2, 1]",200,5.241632461547852,False,2.0,682,0.0666015625
1001,255,"[0, 1, 2]",15,5.307435989379883,True,2.0,682,0.0666015625
1001,256,"[0, 2, 1]",200,5.338907241821289,False,2.0,682,0.0666015625
1001,257,"[0, 1, 2]",15,5.348920822143555,True,2.0,682,0.0666015625
1001,258,"[0, 2, 1]",200,5.362987518310547,False,2.0,682,0.0666015625
1001,259,"[0, 1, 2]",15,5.369663238525391,True,2.0,682,0.0666015625
1001,260,"[0, 2, 1]",200,5.380153656005859,False,2.0,682,0.0666015625
1001,261,"[0, 1, 2]",15,5.386114120483398,True,2.0,682,0.0666015625
1001,262,"[0, 2, 1]",200,5.410432815551758,False,2.0,682,0.0666015625
1001,263,"[0, 1, 2]",15,5.425691604614258,True,2.0,682,0.0666015625
1001,264,"[0, 2, 1]",200,5.445241928100586,False,2.0,682,0.0666015625
1001,265,"[0, 1, 2]",15,5.452871322631836,True,2.0,682,0.0666015625
1001,266,"[0, 2, 1]",200,5.464792251586914,False,2.0,682,0.0666015625
1001,267,"[0, 1, 2]",15,5.471706390380859,True,2.0,682,0.0666015625
1001,268,"[0, 2, 1]",200,5.483388900756836,False,2.0,682,0.0666015625
1001,269,"[0, 1, 2]",15,5.490303039550781,True,2.0,682,0.0666015625
1001,270,"[0, 2, 1]",200,5.501508712768555,False,2.0,682,0.0666015625
1001,271,"[0, 1, 2]",15,5.507469177246094,True,2.0,682,0.0666015625
1001,272,"[0, 2, 1]",200,5.516529083251953,False,2.0,682,0.0666015625
1001,273,"[0, 1, 2]",15,5.522727966308594,True,2.0,682,0.0666015625
1001,274,"[0, 2, 1]",200,5.531787872314453,False,2.0,682,0.0666015625
1001,275,"[0, 1, 2]",15,5.537271499633789,True,2.0,682,0.0666015625
1001,276,"[0, 2, 1]",200,5.54656982421875,False,2.0,682,0.0666015625
1001,277,"[0, 1, 2]",15,5.551576614379883,True,2.0,682,0.0666015625
1001,278,"[0, 2, 1]",200,5.5599212646484375,False,2.0,682,0.0666015625
1001,279,"[0, 1, 2]",15,5.564689636230469,True,2.0,682,0.0666015625
1001,280,"[0, 2, 1]",200,5.573272705078125,False,2.0,682,0.0666015625
1001,281,"[0, 1, 2]",15,5.578279495239258,True,2.0,682,0.0666015625
1001,282,"[0, 2, 1]",200,5.587100982666016,False,2.0,682,0.0666015625
1001,283,"[0, 1, 2]",15,5.59234619140625,True,2.0,682,0.0666015625
1001,284,"[0, 2, 1]",200,5.601406097412109,False,2.0,682,0.0666015625
1001,285,"[0, 1, 2]",15,5.606889724731445,True,2.0,682,0.0666015625
1001,286,"[0, 2, 1]",200,5.615711212158203,False,2.0,682,0.0666015625
1001,287,"[0, 1, 2]",15,5.620718002319336,True,2.0,682,0.0666015625
1001,288,"[0, 2, 1]",200,5.629539489746094,False,2.0,682,0.0666015625
1001,289,"[0, 1, 2]",15,5.634784698486328,True,2.0,682,0.0666015625
1001,290,"[0, 2, 1]",200,5.643129348754883,False,2.0,682,0.0666015625
1001,291,"[0, 1, 2]",15,5.648136138916016,True,2.0,682,0.0666015625
1001,292,"[0, 2, 1]",200,5.656719207763672,False,2.0,682,0.0666015625
1001,293,"[0, 1, 2]",15,5.661487579345703,True,2.0,682,0.0666015625
1001,294,"[0, 2, 1]",200,5.669593811035156,False,2.0,682,0.0666015625
1001,295,"[0, 1, 2]",15,5.674600601196289,True,2.0,682,0.0666015625
1001,296,"[0, 2, 1]",200,5.683183670043945,False,2.0,682,0.0666015625
1001,297,"[0, 1, 2]",15,5.68842887878418,True,2.0,682,0.0666015625
1001,298,"[0, 2, 1]",200,5.696773529052734,False,2.0,682,0.0666015625
1001,299,"[0, 1, 2]",15,5.70225715637207,True,2.0,682,0.0666015625
1001,300,"[0, 2, 1]",200,5.710840225219727,False,2.0,682,0.0666015625
1001,301,"[0, 1, 2]",15,5.7163238525390625,True,2.0,682,0.0666015625
1001,302,"[0, 2, 1]",200,5.72514533996582,False,2.0,682,0.0666015625
1001,303,"[0, 1, 2]",15,5.730390548706055,True,2.0,682,0.0666015625
1001,304,"[0, 2, 1]",200,5.739688873291016,False,2.0,682,0.0666015625
1001,305,"[0, 1, 2]",15,5.744695663452148,True,2.0,682,0.0666015625
1001,306,"[0, 2, 1]",200,5.753040313720703,False,2.0,682,0.0666015625
1001,307,"[0, 1, 2]",15,5.758523941040039,True,2.0,682,0.0666015625
1001,308,"[0, 2, 1]",200,5.766868591308594,False,2.0,682,0.0666015625
1001,309,"[0, 1, 2]",15,5.772113800048828,True,2.0,682,0.0666015625
1001,310,"[0, 2, 1]",200,5.780696868896484,False,2.0,682,0.0666015625
1001,311,"[0, 1, 2]",15,5.785703659057617,True,2.0,682,0.0666015625
1001,312,"[0, 2, 1]",200,5.794286727905273,False,2.0,682,0.0666015625
1001,313,"[0, 1, 2]",15,5.799770355224609,True,2.0,682,0.0666015625
1001,314,"[0, 2, 1]",200,5.8078765869140625,False,2.0,682,0.0666015625
1001,315,"[0, 1, 2]",15,5.813121795654297,True,2.0,682,0.0666015625
1001,316,"[0, 2, 1]",200,5.82122802734375,False,2.0,682,0.0666015625
1001,317,"[0, 1, 2]",15,5.826473236083984,True,2.0,682,0.0666015625
1001,318,"[0, 2, 1]",200,5.834817886352539,False,2.0,682,0.0666015625
1001,319,"[0, 1, 2]",15,5.83958625793457,True,2.0,682,0.0666015625
1001,320,"[0, 2, 1]",200,5.847930908203125,False,2.0,682,0.0666015625
1001,321,"[0, 1, 2]",15,5.852937698364258,True,2.0,682,0.0666015625
1001,322,"[0, 2, 1]",200,5.861520767211914,False,2.0,682,0.0666015625
1001,323,"[0, 1, 2]",15,5.866527557373047,True,2.0,682,0.0666015625
1001,324,"[0, 2, 1]",200,5.875349044799805,False,2.0,682,0.0666015625
1001,325,"[0, 1, 2]",15,5.881071090698242,True,2.0,682,0.0666015625
1001,326,"[0, 2, 1]",200,5.890369415283203,False,2.0,682,0.0666015625
1001,327,"[0, 1, 2]",15,5.895376205444336,True,2.0,682,0.0666015625
1001,328,"[0, 2, 1]",200,5.904197692871094,False,2.0,682,0.0666015625
1001,329,"[0, 1, 2]",15,5.909204483032227,True,2.0,682,0.0666015625
1001,330,"[0, 2, 1]",200,5.917787551879883,False,2.0,682,0.0666015625
1001,331,"[0, 1, 2]",15,5.922794342041016,True,2.0,682,0.0666015625
1001,332,"[0, 2, 1]",200,5.93113899230957,False,2.0,682,0.0666015625
1001,333,"[0, 1, 2]",15,5.936145782470703,True,2.0,682,0.0666015625
1001,334,"[0, 2, 1]",200,5.944490432739258,False,2.0,682,0.0666015625
1001,335,"[0, 1, 2]",15,5.949258804321289,True,2.0,682,0.0666015625
1001,336,"[0, 2, 1]",200,5.957365036010742,False,2.0,682,0.0666015625
1001,337,"[0, 1, 2]",15,5.962371826171875,True,2.0,682,0.0666015625
1001,338,"[0, 2, 1]",200,5.970478057861328,False,2.0,682,0.0666015625
1001,339,"[0, 1, 2]",15,5.9757232666015625,True,2.0,682,0.0666015625
1001,340,"[0, 2, 1]",200,5.983829498291016,False,2.0,682,0.0666015625
1001,341,"[0, 1, 2]",15,5.988836288452148,True,2.0,682,0.0666015625
1001,342,"[0, 2, 1]",200,5.997419357299805,False,2.0,682,0.0666015625
1001,343,"[0, 1, 2]",15,6.0024261474609375,True,2.0,682,0.0666015625
1001,344,"[0, 2, 1]",200,6.011009216308594,False,2.0,682,0.0666015625
1001,345,"[0, 1, 2]",15,6.016016006469727,True,2.0,682,0.0666015625
1001,346,"[0, 2, 1]",200,6.024360656738281,False,2.0,682,0.0666015625
1001,347,"[0, 1, 2]",15,6.029367446899414,True,2.0,682,0.0666015625
1001,348,"[0, 2, 1]",200,6.038188934326172,False,2.0,682,0.0666015625
1001,349,"[0, 1, 2]",15,6.043195724487305,True,2.0,682,0.0666015625
1001,350,"[0, 2, 1]",200,6.051301956176758,False,2.0,682,0.0666015625
1001,351,"[0, 1, 2]",15,6.056785583496094,True,2.0,682,0.0666015625
1001,352,"[0, 2, 1]",200,6.065130233764648,False,2.0,682,0.0666015625
1001,353,"[0, 1, 2]",15,6.070852279663086,True,2.0,682,0.0666015625
1001,354,"[0, 2, 1]",200,6.089925765991211,False,2.0,682,0.0666015625
1001,355,"[0, 1, 2]",15,6.095647811889648,True,2.0,682,0.0666015625
1001,356,"[0, 2, 1]",200,6.104230880737305,False,2.0,682,0.0666015625
1001,357,"[0, 1, 2]",15,6.109476089477539,True,2.0,682,0.0666015625
1001,358,"[0, 2, 1]",200,6.117582321166992,False,2.0,682,0.0666015625
1001,359,"[0, 1, 2]",15,6.122827529907227,True,2.0,682,0.0666015625
1001,360,"[0, 2, 1]",200,6.13093376159668,False,2.0,682,0.0666015625
1001,361,"[0, 1, 2]",15,6.136417388916016,True,2.0,682,0.0666015625
1001,362,"[0, 2, 1]",200,6.144523620605469,False,2.0,682,0.0666015625
1001,363,"[0, 1, 2]",15,6.149530410766602,True,2.0,682,0.0666015625
1001,364,"[0, 2, 1]",200,6.157636642456055,False,2.0,682,0.0666015625
1001,365,"[0, 1, 2]",15,6.162405014038086,True,2.0,682,0.0666015625
1001,366,"[0, 2, 1]",200,6.170988082885742,False,2.0,682,0.0666015625
1001,367,"[0, 1, 2]",15,6.175756454467773,True,2.0,682,0.0666015625
1001,368,"[0, 2, 1]",200,6.184101104736328,False,2.0,682,0.0666015625
1001,369,"[0, 1, 2]",15,6.188869476318359,True,2.0,682,0.0666015625
1001,370,"[0, 2, 1]",200,6.196737289428711,False,2.0,682,0.0666015625
1001,371,"[0, 1, 2]",15,6.235361099243164,True,2.0,682,0.0666015625
1001,372,"[0, 2, 1]",200,6.244182586669922,False,2.0,682,0.0666015625
1001,373,"[0, 1, 2]",15,6.248950958251953,True,2.0,682,0.0666015625
1001,374,"[0, 2, 1]",200,6.257295608520508,False,2.0,682,0.0666015625
1001,375,"[0, 1, 2]",15,6.262302398681641,True,2.0,682,0.0666015625
1001,376,"[0, 2, 1]",200,6.270408630371094,False,2.0,682,0.0666015625
1001,377,"[0, 1, 2]",15,6.275653839111328,True,2.0,682,0.0666015625
1001,378,"[0, 2, 1]",200,6.283998489379883,False,2.0,682,0.0666015625
1001,379,"[0, 1, 2]",15,6.289482116699219,True,2.0,682,0.0666015625
1001,380,"[0, 2, 1]",200,6.298065185546875,False,2.0,682,0.0666015625
1001,381,"[0, 1, 2]",15,6.303310394287109,True,2.0,682,0.0666015625
1001,382,"[0, 2, 1]",200,6.311655044555664,False,2.0,682,0.0666015625
1001,383,"[0, 1, 2]",15,6.316661834716797,True,2.0,682,0.0666015625
1001,384,"[0, 2, 1]",200,6.325006484985352,False,2.0,682,0.0666015625
1001,385,"[0, 1, 2]",15,6.330251693725586,True,2.0,682,0.0666015625
1001,386,"[0, 2, 1]",200,6.338596343994141,False,2.0,682,0.0666015625
1001,387,"[0, 1, 2]",15,6.343603134155273,True,2.0,682,0.0666015625
1001,388,"[0, 2, 1]",200,6.351947784423828,False,2.0,682,0.0666015625
1001,389,"[0, 1, 2]",15,6.356954574584961,True,2.0,682,0.0666015625
1001,390,"[0, 2, 1]",200,6.365299224853516,False,2.0,682,0.0666015625
1001,391,"[0, 1, 2]",15,6.370306015014648,True,2.0,682,0.0666015625
1001,392,"[0, 2, 1]",200,6.379127502441406,False,2.0,682,0.0666015625
1001,393,"[0, 1, 2]",15,6.3838958740234375,True,2.0,682,0.0666015625
1001,394,"[0, 2, 1]",200,6.392717361450195,False,2.0,682,0.0666015625
1001,395,"[0, 1, 2]",15,6.39796257019043,True,2.0,682,0.0666015625
1001,396,"[0, 2, 1]",200,6.461858749389648,False,2.0,682,0.0666015625
1001,397,"[0, 1, 2]",15,6.474733352661133,True,2.0,682,0.0666015625
1001,398,"[0, 2, 1]",200,6.489992141723633,False,2.0,682,0.0666015625
1001,399,"[0, 1, 2]",15,6.497859954833984,True,2.0,682,0.0666015625
1001,400,"[0, 2, 1]",200,6.509065628051758,False,2.0,682,0.0666015625
1001,401,"[0, 1, 2]",15,6.5155029296875,True,2.0,682,0.0666015625
1001,402,"[0, 2, 1]",200,6.525516510009766,False,2.0,682,0.0666015625
1001,403,"[0, 1, 2]",15,6.53076171875,True,2.0,682,0.0666015625
1001,404,"[0, 2, 1]",200,6.539821624755859,False,2.0,682,0.0666015625
1001,405,"[0, 1, 2]",15,6.545782089233398,True,2.0,682,0.0666015625
1001,406,"[0, 2, 1]",200,6.554365158081055,False,2.0,682,0.0666015625
1001,407,"[0, 1, 2]",15,6.560087203979492,True,2.0,682,0.0666015625
1001,408,"[0, 2, 1]",200,6.568431854248047,False,2.0,682,0.0666015625
1001,409,"[0, 1, 2]",15,6.57343864440918,True,2.0,682,0.0666015625
1001,410,"[0, 2, 1]",200,6.581544876098633,False,2.0,682,0.0666015625
1001,411,"[0, 1, 2]",15,6.586313247680664,True,2.0,682,0.0666015625
1001,412,"[0, 2, 1]",200,6.59489631652832,False,2.0,682,0.0666015625
1001,413,"[0, 1, 2]",15,6.600141525268555,True,2.0,682,0.0666015625
1001,414,"[0, 2, 1]",200,6.61468505859375,False,2.0,682,0.0666015625
1001,415,"[0, 1, 2]",15,6.619930267333984,True,2.0,682,0.0666015625
1001,416,"[0, 2, 1]",200,6.628513336181641,False,2.0,682,0.0666015625
1001,417,"[0, 1, 2]",15,6.633281707763672,True,2.0,682,0.0666015625
1001,418,"[0, 2, 1]",200,6.641626358032227,False,2.0,682,0.0666015625
1001,419,"[0, 1, 2]",15,6.646633148193359,True,2.0,682,0.0666015625
1001,420,"[0, 2, 1]",200,6.654977798461914,False,2.0,682,0.0666015625
1001,421,"[0, 1, 2]",15,6.659984588623047,True,2.0,682,0.0666015625
1001,422,"[0, 2, 1]",200,6.6680908203125,False,2.0,682,0.0666015625
1001,423,"[0, 1, 2]",15,6.672859191894531,True,2.0,682,0.0666015625
1001,424,"[0, 2, 1]",200,6.681203842163086,False,2.0,682,0.0666015625
1001,425,"[0, 1, 2]",15,6.685972213745117,True,2.0,682,0.0666015625
1001,426,"[0, 2, 1]",200,6.694316864013672,False,2.0,682,0.0666015625
1001,427,"[0, 1, 2]",15,6.699323654174805,True,2.0,682,0.0666015625
1001,428,"[0, 2, 1]",200,6.707668304443359,False,2.0,682,0.0666015625
1001,429,"[0, 1, 2]",15,6.712675094604492,True,2.0,682,0.0666015625
1001,430,"[0, 2, 1]",200,6.720781326293945,False,2.0,682,0.0666015625
1001,431,"[0, 1, 2]",15,6.725788116455078,True,2.0,682,0.0666015625
1001,432,"[0, 2, 1]",200,6.734132766723633,False,2.0,682,0.0666015625
1001,433,"[0, 1, 2]",15,6.739377975463867,True,2.0,682,0.0666015625
1001,434,"[0, 2, 1]",200,6.74748420715332,False,2.0,682,0.0666015625
1001,435,"[0, 1, 2]",15,6.755828857421875,True,2.0,682,0.0666015625
1001,436,"[0, 2, 1]",200,6.764888763427734,False,2.0,682,0.0666015625
1001,437,"[0, 1, 2]",15,6.769895553588867,True,2.0,682,0.0666015625
1001,438,"[0, 2, 1]",200,6.797075271606445,False,2.0,682,0.0666015625
1001,439,"[0, 1, 2]",15,6.803035736083984,True,2.0,682,0.0666015625
1001,440,"[0, 2, 1]",200,6.812334060668945,False,2.0,682,0.0666015625
1001,441,"[0, 1, 2]",15,6.817817687988281,True,2.0,682,0.0666015625
1001,442,"[0, 2, 1]",200,6.826639175415039,False,2.0,682,0.0666015625
1001,443,"[0, 1, 2]",15,6.831884384155273,True,2.0,682,0.0666015625
1001,444,"[0, 2, 1]",200,6.840705871582031,False,2.0,682,0.0666015625
1001,445,"[0, 1, 2]",15,6.845951080322266,True,2.0,682,0.0666015625
1001,446,"[0, 2, 1]",200,6.85429573059082,False,2.0,682,0.0666015625
1001,447,"[0, 1, 2]",15,6.859302520751953,True,2.0,682,0.0666015625
1001,448,"[0, 2, 1]",200,6.867885589599609,False,2.0,682,0.0666015625
1001,449,"[0, 1, 2]",15,6.872892379760742,True,2.0,682,0.0666015625
1001,450,"[0, 2, 1]",200,6.880998611450195,False,2.0,682,0.0666015625
1001,451,"[0, 1, 2]",15,6.88624382019043,True,2.0,682,0.0666015625
1001,452,"[0, 2, 1]",200,6.894588470458984,False,2.0,682,0.0666015625
1001,453,"[0, 1, 2]",15,6.899833679199219,True,2.0,682,0.0666015625
1001,454,"[0, 2, 1]",200,6.908178329467773,False,2.0,682,0.0666015625
1001,455,"[0, 1, 2]",15,6.913185119628906,True,2.0,682,0.0666015625
1001,456,"[0, 2, 1]",200,6.924629211425781,False,2.0,682,0.0666015625
1001,457,"[0, 1, 2]",15,6.9293975830078125,True,2.0,682,0.0666015625
1001,458,"[0, 2, 1]",200,6.937742233276367,False,2.0,682,0.0666015625
1001,459,"[0, 1, 2]",15,6.942510604858398,True,2.0,682,0.0666015625
1001,460,"[0, 2, 1]",200,6.950855255126953,False,2.0,682,0.0666015625
1001,461,"[0, 1, 2]",15,6.9561004638671875,True,2.0,682,0.0666015625
1001,462,"[0, 2, 1]",200,6.964206695556641,False,2.0,682,0.0666015625
1001,463,"[0, 1, 2]",15,6.969451904296875,True,2.0,682,0.0666015625
1001,464,"[0, 2, 1]",200,6.977558135986328,False,2.0,682,0.0666015625
1001,465,"[0, 1, 2]",15,6.9828033447265625,True,2.0,682,0.0666015625
1001,466,"[0, 2, 1]",200,6.990909576416016,False,2.0,682,0.0666015625
1001,467,"[0, 1, 2]",15,6.995916366577148,True,2.0,682,0.0666015625
1001,468,"[0, 2, 1]",200,7.004261016845703,False,2.0,682,0.0666015625
1001,469,"[0, 1, 2]",15,7.009029388427734,True,2.0,682,0.0666015625
1001,470,"[0, 2, 1]",200,7.017374038696289,False,2.0,682,0.0666015625
1001,471,"[0, 1, 2]",15,7.022380828857422,True,2.0,682,0.0666015625
1001,472,"[0, 2, 1]",200,7.030487060546875,False,2.0,682,0.0666015625
1001,473,"[0, 1, 2]",15,7.035493850708008,True,2.0,682,0.0666015625
1001,474,"[0, 2, 1]",200,7.043600082397461,False,2.0,682,0.0666015625
1001,475,"[0, 1, 2]",15,7.048845291137695,True,2.0,682,0.0666015625
1001,476,"[0, 2, 1]",200,7.056951522827148,False,2.0,682,0.0666015625
1001,477,"[0, 1, 2]",15,7.065296173095703,True,2.0,682,0.0666015625
1001,478,"[0, 2, 1]",200,7.073879241943359,False,2.0,682,0.0666015625
1001,479,"[0, 1, 2]",15,7.078886032104492,True,2.0,682,0.0666015625
1001,480,"[0, 2, 1]",200,7.087230682373047,False,2.0,682,0.0666015625
1001,481,"[0, 1, 2]",15,7.091999053955078,True,2.0,682,0.0666015625
1001,482,"[0, 2, 1]",200,7.100105285644531,False,2.0,682,0.0666015625
1001,483,"[0, 1, 2]",15,7.105112075805664,True,2.0,682,0.0666015625
1001,484,"[0, 2, 1]",200,7.113218307495117,False,2.0,682,0.0666015625
1001,485,"[0, 1, 2]",15,7.11822509765625,True,2.0,682,0.0666015625
1001,486,"[0, 2, 1]",200,7.126569747924805,False,2.0,682,0.0666015625
1001,487,"[0, 1, 2]",15,7.131338119506836,True,2.0,682,0.0666015625
1001,488,"[0, 2, 1]",200,7.139682769775391,False,2.0,682,0.0666015625
1001,489,"[0, 1, 2]",15,7.144689559936523,True,2.0,682,0.0666015625
1001,490,"[0, 2, 1]",200,7.153034210205078,False,2.0,682,0.0666015625
1001,491,"[0, 1, 2]",15,7.157802581787109,True,2.0,682,0.0666015625
1001,492,"[0, 2, 1]",200,7.166385650634766,False,2.0,682,0.0666015625
1001,493,"[0, 1, 2]",15,7.171392440795898,True,2.0,682,0.0666015625
1001,494,"[0, 2, 1]",200,7.17926025390625,False,2.0,682,0.0666015625
1001,495,"[0, 1, 2]",15,7.184505462646484,True,2.0,682,0.0666015625
1001,496,"[0, 2, 1]",200,7.1926116943359375,False,2.0,682,0.0666015625
1001,497,"[0, 1, 2]",15,7.19761848449707,True,2.0,682,0.0666015625
1001,498,"[0, 2, 1]",200,7.208824157714844,False,2.0,682,0.0666015625
1001,499,"[0, 1, 2]",15,7.213830947875977,True,2.0,682,0.0666015625
1001,500,"[0, 2, 1]",200,7.222175598144531,False,2.0,682,0.0666015625
1001,501,"[0, 1, 2]",15,7.2269439697265625,True,2.0,682,0.0666015625
1001,502,"[0, 2, 1]",200,7.235050201416016,False,2.0,682,0.0666015625
1001,503,"[0, 1, 2]",15,7.240056991577148,True,2.0,682,0.0666015625
1001,504,"[0, 2, 1]",200,7.248163223266602,False,2.0,682,0.0666015625
1001,505,"[0, 1, 2]",15,7.253408432006836,True,2.0,682,0.0666015625
1001,506,"[0, 2, 1]",200,7.261514663696289,False,2.0,682,0.0666015625
1001,507,"[0, 1, 2]",15,7.26628303527832,True,2.0,682,0.0666015625
1001,508,"[0, 2, 1]",200,7.274627685546875,False,2.0,682,0.0666015625
1001,509,"[0, 1, 2]",15,7.279634475708008,True,2.0,682,0.0666015625
1001,510,"[0, 2, 1]",200,7.2879791259765625,False,2.0,682,0.0666015625
1001,511,"[0, 1, 2]",15,7.292985916137695,True,2.0,682,0.0666015625
1001,512,"[0, 2, 1]",200,7.30133056640625,False,2.0,682,0.0666015625
1001,513,"[0, 1, 2]",15,7.306337356567383,True,2.0,682,0.0666015625
1001,514,"[0, 2, 1]",200,7.3146820068359375,False,2.0,682,0.0666015625
1001,515,"[0, 1, 2]",15,7.319927215576172,True,2.0,682,0.0666015625
1001,516,"[0, 2, 1]",200,7.328271865844727,False,2.0,682,0.0666015625
1001,517,"[0, 1, 2]",15,7.333278656005859,True,2.0,682,0.0666015625
1001,518,"[0, 2, 1]",200,7.341623306274414,False,2.0,682,0.0666015625
1001,519,"[0, 1, 2]",15,7.349491119384766,True,2.0,682,0.0666015625
1001,520,"[0, 2, 1]",200,7.358312606811523,False,2.0,682,0.0666015625
1001,521,"[0, 1, 2]",15,7.363319396972656,True,2.0,682,0.0666015625
1001,522,"[0, 2, 1]",200,7.375240325927734,False,2.0,682,0.0666015625
1001,523,"[0, 1, 2]",15,7.380247116088867,True,2.0,682,0.0666015625
1001,524,"[0, 2, 1]",200,7.389068603515625,False,2.0,682,0.0666015625
1001,525,"[0, 1, 2]",15,7.394075393676758,True,2.0,682,0.0666015625
1001,526,"[0, 2, 1]",200,7.402658462524414,False,2.0,682,0.0666015625
1001,527,"[0, 1, 2]",15,7.425546646118164,True,2.0,682,0.0666015625
1001,528,"[0, 2, 1]",200,7.448434829711914,False,2.0,682,0.0666015625
1001,529,"[0, 1, 2]",15,7.45844841003418,True,2.0,682,0.0666015625
1001,530,"[0, 2, 1]",200,7.4710845947265625,False,2.0,682,0.0666015625
1001,531,"[0, 1, 2]",15,7.477760314941406,True,2.0,682,0.0666015625
1001,532,"[0, 2, 1]",200,7.487773895263672,False,2.0,682,0.0666015625
1001,533,"[0, 1, 2]",15,7.493734359741211,True,2.0,682,0.0666015625
1001,534,"[0, 2, 1]",200,7.502317428588867,False,2.0,682,0.0666015625
1001,535,"[0, 1, 2]",15,7.508277893066406,True,2.0,682,0.0666015625
1001,536,"[0, 2, 1]",200,7.516622543334961,False,2.0,682,0.0666015625
1001,537,"[0, 1, 2]",15,7.521629333496094,True,2.0,682,0.0666015625
1001,538,"[0, 2, 1]",200,7.541656494140625,False,2.0,682,0.0666015625
1001,539,"[0, 1, 2]",15,7.5473785400390625,True,2.0,682,0.0666015625
1001,540,"[0, 2, 1]",200,7.563591003417969,False,2.0,682,0.0666015625
1001,541,"[0, 1, 2]",15,7.568597793579102,True,2.0,682,0.0666015625
1001,542,"[0, 2, 1]",200,7.577419281005859,False,2.0,682,0.0666015625
1001,543,"[0, 1, 2]",15,7.582664489746094,True,2.0,682,0.0666015625
1001,544,"[0, 2, 1]",200,7.59124755859375,False,2.0,682,0.0666015625
1001,545,"[0, 1, 2]",15,7.596015930175781,True,2.0,682,0.0666015625
1001,546,"[0, 2, 1]",200,7.6045989990234375,False,2.0,682,0.0666015625
1001,547,"[0, 1, 2]",15,7.60960578918457,True,2.0,682,0.0666015625
1001,548,"[0, 2, 1]",200,7.618188858032227,False,2.0,682,0.0666015625
1001,549,"[0, 1, 2]",15,7.623195648193359,True,2.0,682,0.0666015625
1001,550,"[0, 2, 1]",200,7.6313018798828125,False,2.0,682,0.0666015625
1001,551,"[0, 1, 2]",15,7.636308670043945,True,2.0,682,0.0666015625
1001,552,"[0, 2, 1]",200,7.644414901733398,False,2.0,682,0.0666015625
1001,553,"[0, 1, 2]",15,7.649660110473633,True,2.0,682,0.0666015625
1001,554,"[0, 2, 1]",200,7.657766342163086,False,2.0,682,0.0666015625
1001,555,"[0, 1, 2]",15,7.663965225219727,True,2.0,682,0.0666015625
1001,556,"[0, 2, 1]",200,7.674455642700195,False,2.0,682,0.0666015625
1001,557,"[0, 1, 2]",15,7.6808929443359375,True,2.0,682,0.0666015625
1001,558,"[0, 2, 1]",200,7.689714431762695,False,2.0,682,0.0666015625
1001,559,"[0, 1, 2]",15,7.695198059082031,True,2.0,682,0.0666015625
1001,560,"[0, 2, 1]",200,7.703542709350586,False,2.0,682,0.0666015625
1001,561,"[0, 1, 2]",15,7.712364196777344,True,2.0,682,0.0666015625
1001,562,"[0, 2, 1]",200,7.722139358520508,False,2.0,682,0.0666015625
1001,563,"[0, 1, 2]",15,7.727146148681641,True,2.0,682,0.0666015625
1001,564,"[0, 2, 1]",200,7.735967636108398,False,2.0,682,0.0666015625
1001,565,"[0, 1, 2]",15,7.740974426269531,True,2.0,682,0.0666015625
1001,566,"[0, 2, 1]",200,7.749319076538086,False,2.0,682,0.0666015625
1001,567,"[0, 1, 2]",15,7.754325866699219,True,2.0,682,0.0666015625
1001,568,"[0, 2, 1]",200,7.762432098388672,False,2.0,682,0.0666015625
1001,569,"[0, 1, 2]",15,7.767677307128906,True,2.0,682,0.0666015625
1001,570,"[0, 2, 1]",200,7.775545120239258,False,2.0,682,0.0666015625
1001,571,"[0, 1, 2]",15,7.780551910400391,True,2.0,682,0.0666015625
1001,572,"[0, 2, 1]",200,7.788896560668945,False,2.0,682,0.0666015625
1001,573,"[0, 1, 2]",15,7.793664932250977,True,2.0,682,0.0666015625
1001,574,"[0, 2, 1]",200,7.802248001098633,False,2.0,682,0.0666015625
1001,575,"[0, 1, 2]",15,7.807254791259766,True,2.0,682,0.0666015625
1001,576,"[0, 2, 1]",200,7.815837860107422,False,2.0,682,0.0666015625
1001,577,"[0, 1, 2]",15,7.821083068847656,True,2.0,682,0.0666015625
1001,578,"[0, 2, 1]",200,7.830142974853516,False,2.0,682,0.0666015625
1001,579,"[0, 1, 2]",15,7.835626602172852,True,2.0,682,0.0666015625
1001,580,"[0, 2, 1]",200,7.844448089599609,False,2.0,682,0.0666015625
1001,581,"[0, 1, 2]",15,7.849693298339844,True,2.0,682,0.0666015625
1001,582,"[0, 2, 1]",200,7.86137580871582,False,2.0,682,0.0666015625
1001,583,"[0, 1, 2]",15,7.866382598876953,True,2.0,682,0.0666015625
1001,584,"[0, 2, 1]",200,7.874965667724609,False,2.0,682,0.0666015625
1001,585,"[0, 1, 2]",15,7.879972457885742,True,2.0,682,0.0666015625
1001,586,"[0, 2, 1]",200,7.888555526733398,False,2.0,682,0.0666015625
1001,587,"[0, 1, 2]",15,7.893562316894531,True,2.0,682,0.0666015625
1001,588,"[0, 2, 1]",200,7.901668548583984,False,2.0,682,0.0666015625
1001,589,"[0, 1, 2]",15,7.906913757324219,True,2.0,682,0.0666015625
1001,590,"[0, 2, 1]",200,7.915019989013672,False,2.0,682,0.0666015625
1001,591,"[0, 1, 2]",15,7.920503616333008,True,2.0,682,0.0666015625
1001,592,"[0, 2, 1]",200,7.928609848022461,False,2.0,682,0.0666015625
1001,593,"[0, 1, 2]",15,7.9517364501953125,True,2.0,682,0.0666015625
1001,594,"[0, 2, 1]",200,7.972478866577148,False,2.0,682,0.0666015625
1001,595,"[0, 1, 2]",15,7.980585098266602,True,2.0,682,0.0666015625
1001,596,"[0, 2, 1]",200,7.992267608642578,False,2.0,682,0.0666015625
1001,597,"[0, 1, 2]",15,7.99870491027832,True,2.0,682,0.0666015625
1001,598,"[0, 2, 1]",200,8.008241653442383,False,2.0,682,0.0666015625
1001,599,"[0, 1, 2]",15,8.014440536499023,True,2.0,682,0.0666015625
1001,600,"[0, 2, 1]",200,8.023500442504883,False,2.0,682,0.0666015625
1001,601,"[0, 1, 2]",15,8.028745651245117,True,2.0,682,0.0666015625
1001,602,"[0, 2, 1]",200,8.03685188293457,False,2.0,682,0.0666015625
1001,603,"[0, 1, 2]",15,8.04758071899414,True,2.0,682,0.0666015625
1001,604,"[0, 2, 1]",200,8.058786392211914,False,2.0,682,0.0666015625
1001,605,"[0, 1, 2]",15,8.065223693847656,True,2.0,682,0.0666015625
1001,606,"[0, 2, 1]",200,8.082151412963867,False,2.0,682,0.0666015625
1001,607,"[0, 1, 2]",15,8.088350296020508,True,2.0,682,0.0666015625
1001,608,"[0, 2, 1]",200,8.09788703918457,False,2.0,682,0.0666015625
1001,609,"[0, 1, 2]",15,8.10384750366211,True,2.0,682,0.0666015625
1001,610,"[0, 2, 1]",200,8.112668991088867,False,2.0,682,0.0666015625
1001,611,"[0, 1, 2]",15,8.117914199829102,True,2.0,682,0.0666015625
1001,612,"[0, 2, 1]",200,8.126020431518555,False,2.0,682,0.0666015625
1001,613,"[0, 1, 2]",15,8.131027221679688,True,2.0,682,0.0666015625
1001,614,"[0, 2, 1]",200,8.13913345336914,False,2.0,682,0.0666015625
1001,615,"[0, 1, 2]",15,8.144140243530273,True,2.0,682,0.0666015625
1001,616,"[0, 2, 1]",200,8.152484893798828,False,2.0,682,0.0666015625
1001,617,"[0, 1, 2]",15,8.157491683959961,True,2.0,682,0.0666015625
1001,618,"[0, 2, 1]",200,8.165597915649414,False,2.0,682,0.0666015625
1001,619,"[0, 1, 2]",15,8.170843124389648,True,2.0,682,0.0666015625
1001,620,"[0, 2, 1]",200,8.179426193237305,False,2.0,682,0.0666015625
1001,621,"[0, 1, 2]",15,8.184671401977539,True,2.0,682,0.0666015625
1001,622,"[0, 2, 1]",200,8.193016052246094,False,2.0,682,0.0666015625
1001,623,"[0, 1, 2]",15,8.198022842407227,True,2.0,682,0.0666015625
1001,624,"[0, 2, 1]",200,8.209466934204102,False,2.0,682,0.0666015625
1001,625,"[0, 1, 2]",15,8.214473724365234,True,2.0,682,0.0666015625
1001,626,"[0, 2, 1]",200,8.22305679321289,False,2.0,682,0.0666015625
1001,627,"[0, 1, 2]",15,8.227825164794922,True,2.0,682,0.0666015625
1001,628,"[0, 2, 1]",200,8.236408233642578,False,2.0,682,0.0666015625
1001,629,"[0, 1, 2]",15,8.241653442382812,True,2.0,682,0.0666015625
1001,630,"[0, 2, 1]",200,8.250236511230469,False,2.0,682,0.0666015625
1001,631,"[0, 1, 2]",15,8.2550048828125,True,2.0,682,0.0666015625
1001,632,"[0, 2, 1]",200,8.263587951660156,False,2.0,682,0.0666015625
1001,633,"[0, 1, 2]",15,8.268356323242188,True,2.0,682,0.0666015625
1001,634,"[0, 2, 1]",200,8.276700973510742,False,2.0,682,0.0666015625
1001,635,"[0, 1, 2]",15,8.281946182250977,True,2.0,682,0.0666015625
1001,636,"[0, 2, 1]",200,8.290529251098633,False,2.0,682,0.0666015625
1001,637,"[0, 1, 2]",15,8.295536041259766,True,2.0,682,0.0666015625
1001,638,"[0, 2, 1]",200,8.30388069152832,False,2.0,682,0.0666015625
1001,639,"[0, 1, 2]",15,8.309125900268555,True,2.0,682,0.0666015625
1001,640,"[0, 2, 1]",200,8.317708969116211,False,2.0,682,0.0666015625
1001,641,"[0, 1, 2]",15,8.323192596435547,True,2.0,682,0.0666015625
1001,642,"[0, 2, 1]",200,8.332014083862305,False,2.0,682,0.0666015625
1001,643,"[0, 1, 2]",15,8.337259292602539,True,2.0,682,0.0666015625
1001,644,"[0, 2, 1]",200,8.345842361450195,False,2.0,682,0.0666015625
1001,645,"[0, 1, 2]",15,8.353948593139648,True,2.0,682,0.0666015625
1001,646,"[0, 2, 1]",200,8.362770080566406,False,2.0,682,0.0666015625
1001,647,"[0, 1, 2]",15,8.36801528930664,True,2.0,682,0.0666015625
1001,648,"[0, 2, 1]",200,8.376359939575195,False,2.0,682,0.0666015625
1001,649,"[0, 1, 2]",15,8.381128311157227,True,2.0,682,0.0666015625
1001,650,"[0, 2, 1]",200,8.389711380004883,False,2.0,682,0.0666015625
1001,651,"[0, 1, 2]",15,8.394718170166016,True,2.0,682,0.0666015625
1001,652,"[0, 2, 1]",200,8.403301239013672,False,2.0,682,0.0666015625
1001,653,"[0, 1, 2]",15,8.408069610595703,True,2.0,682,0.0666015625
1001,654,"[0, 2, 1]",200,8.440971374511719,False,2.0,682,0.0666015625
1001,655,"[0, 1, 2]",15,8.453130722045898,True,2.0,682,0.0666015625
1001,656,"[0, 2, 1]",200,8.469820022583008,False,2.0,682,0.0666015625
1001,657,"[0, 1, 2]",15,8.476972579956055,True,2.0,682,0.0666015625
1001,658,"[0, 2, 1]",200,8.487939834594727,False,2.0,682,0.0666015625
1001,659,"[0, 1, 2]",15,8.493900299072266,True,2.0,682,0.0666015625
1001,660,"[0, 2, 1]",200,8.503198623657227,False,2.0,682,0.0666015625
1001,661,"[0, 1, 2]",15,8.508682250976562,True,2.0,682,0.0666015625
1001,662,"[0, 2, 1]",200,8.517742156982422,False,2.0,682,0.0666015625
1001,663,"[0, 1, 2]",15,8.522987365722656,True,2.0,682,0.0666015625
1001,664,"[0, 2, 1]",200,8.531570434570312,False,2.0,682,0.0666015625
1001,665,"[0, 1, 2]",15,8.536577224731445,True,2.0,682,0.0666015625
1001,666,"[0, 2, 1]",200,8.550405502319336,False,2.0,682,0.0666015625
1001,667,"[0, 1, 2]",15,8.556842803955078,True,2.0,682,0.0666015625
1001,668,"[0, 2, 1]",200,8.567094802856445,False,2.0,682,0.0666015625
1001,669,"[0, 1, 2]",15,8.572816848754883,True,2.0,682,0.0666015625
1001,670,"[0, 2, 1]",200,8.582115173339844,False,2.0,682,0.0666015625
1001,671,"[0, 1, 2]",15,8.58759880065918,True,2.0,682,0.0666015625
1001,672,"[0, 2, 1]",200,8.595943450927734,False,2.0,682,0.0666015625
1001,673,"[0, 1, 2]",15,8.601188659667969,True,2.0,682,0.0666015625
1001,674,"[0, 2, 1]",200,8.609294891357422,False,2.0,682,0.0666015625
1001,675,"[0, 1, 2]",15,8.614540100097656,True,2.0,682,0.0666015625
1001,676,"[0, 2, 1]",200,8.622884750366211,False,2.0,682,0.0666015625
1001,677,"[0, 1, 2]",15,8.628129959106445,True,2.0,682,0.0666015625
1001,678,"[0, 2, 1]",200,8.636474609375,False,2.0,682,0.0666015625
1001,679,"[0, 1, 2]",15,8.641242980957031,True,2.0,682,0.0666015625
1001,680,"[0, 2, 1]",200,8.650541305541992,False,2.0,682,0.0666015625
1001,681,"[0, 1, 2]",15,8.655786514282227,True,2.0,682,0.0666015625
1001,682,"[0, 2, 1]",200,8.66389274597168,False,2.0,682,0.0666015625
1001,683,"[0, 1, 2]",15,8.668661117553711,True,2.0,682,0.0666015625
1001,684,"[0, 2, 1]",200,8.677244186401367,False,2.0,682,0.0666015625
1001,685,"[0, 1, 2]",15,8.6822509765625,True,2.0,682,0.0666015625
1001,686,"[0, 2, 1]",200,8.690595626831055,False,2.0,682,0.0666015625
1001,687,"[0, 1, 2]",15,8.69894027709961,True,2.0,682,0.0666015625
1001,688,"[0, 2, 1]",200,8.70823860168457,False,2.0,682,0.0666015625
1001,689,"[0, 1, 2]",15,8.713483810424805,True,2.0,682,0.0666015625
1001,690,"[0, 2, 1]",200,8.725404739379883,False,2.0,682,0.0666015625
1001,691,"[0, 1, 2]",15,8.730649948120117,True,2.0,682,0.0666015625
1001,692,"[0, 2, 1]",200,8.739471435546875,False,2.0,682,0.0666015625
1001,693,"[0, 1, 2]",15,8.744478225708008,True,2.0,682,0.0666015625
1001,694,"[0, 2, 1]",200,8.753061294555664,False,2.0,682,0.0666015625
1001,695,"[0, 1, 2]",15,8.758068084716797,True,2.0,682,0.0666015625
1001,696,"[0, 2, 1]",200,8.76617431640625,False,2.0,682,0.0666015625
1001,697,"[0, 1, 2]",15,8.771419525146484,True,2.0,682,0.0666015625
1001,698,"[0, 2, 1]",200,8.779764175415039,False,2.0,682,0.0666015625
1001,699,"[0, 1, 2]",15,8.784770965576172,True,2.0,682,0.0666015625
1001,700,"[0, 2, 1]",200,8.793354034423828,False,2.0,682,0.0666015625
1001,701,"[0, 1, 2]",15,8.798360824584961,True,2.0,682,0.0666015625
1001,702,"[0, 2, 1]",200,8.806705474853516,False,2.0,682,0.0666015625
1001,703,"[0, 1, 2]",15,8.811473846435547,True,2.0,682,0.0666015625
1001,704,"[0, 2, 1]",200,8.820056915283203,False,2.0,682,0.0666015625
1001,705,"[0, 1, 2]",15,8.825063705444336,True,2.0,682,0.0666015625
1001,706,"[0, 2, 1]",200,8.833646774291992,False,2.0,682,0.0666015625
1001,707,"[0, 1, 2]",15,8.838653564453125,True,2.0,682,0.0666015625
1001,708,"[0, 2, 1]",200,8.85009765625,False,2.0,682,0.0666015625
1001,709,"[0, 1, 2]",15,8.855104446411133,True,2.0,682,0.0666015625
1001,710,"[0, 2, 1]",200,8.863210678100586,False,2.0,682,0.0666015625
1001,711,"[0, 1, 2]",15,8.86845588684082,True,2.0,682,0.0666015625
1001,712,"[0, 2, 1]",200,8.876562118530273,False,2.0,682,0.0666015625
1001,713,"[0, 1, 2]",15,8.881568908691406,True,2.0,682,0.0666015625
1001,714,"[0, 2, 1]",200,8.88967514038086,False,2.0,682,0.0666015625
1001,715,"[0, 1, 2]",15,8.89444351196289,True,2.0,682,0.0666015625
1001,716,"[0, 2, 1]",200,8.902788162231445,False,2.0,682,0.0666015625
1001,717,"[0, 1, 2]",15,8.907556533813477,True,2.0,682,0.0666015625
1001,718,"[0, 2, 1]",200,8.91566276550293,False,2.0,682,0.0666015625
1001,719,"[0, 1, 2]",15,8.941650390625,True,2.0,682,0.0666015625
1001,720,"[0, 2, 1]",200,8.949995040893555,False,2.0,682,0.0666015625
1001,721,"[0, 1, 2]",15,8.95547866821289,True,2.0,682,0.0666015625
1001,722,"[0, 2, 1]",200,8.963823318481445,False,2.0,682,0.0666015625
1001,723,"[0, 1, 2]",15,8.968830108642578,True,2.0,682,0.0666015625
1001,724,"[0, 2, 1]",200,8.977174758911133,False,2.0,682,0.0666015625
1001,725,"[0, 1, 2]",15,8.982181549072266,True,2.0,682,0.0666015625
1001,726,"[0, 2, 1]",200,8.990287780761719,False,2.0,682,0.0666015625
1001,727,"[0, 1, 2]",15,8.995294570922852,True,2.0,682,0.0666015625
1001,728,"[0, 2, 1]",200,9.003877639770508,False,2.0,682,0.0666015625
1001,729,"[0, 1, 2]",15,9.01174545288086,True,2.0,682,0.0666015625
1001,730,"[0, 2, 1]",200,9.020328521728516,False,2.0,682,0.0666015625
1001,731,"[0, 1, 2]",15,9.025335311889648,True,2.0,682,0.0666015625
1001,732,"[0, 2, 1]",200,9.033679962158203,False,2.0,682,0.0666015625
1001,733,"[0, 1, 2]",15,9.038686752319336,True,2.0,682,0.0666015625
1001,734,"[0, 2, 1]",200,9.046792984008789,False,2.0,682,0.0666015625
1001,735,"[0, 1, 2]",15,9.051799774169922,True,2.0,682,0.0666015625
1001,736,"[0, 2, 1]",200,9.059906005859375,False,2.0,682,0.0666015625
1001,737,"[0, 1, 2]",15,9.064912796020508,True,2.0,682,0.0666015625
1001,738,"[0, 2, 1]",200,9.073495864868164,False,2.0,682,0.0666015625
1001,739,"[0, 1, 2]",15,9.078502655029297,True,2.0,682,0.0666015625
1001,740,"[0, 2, 1]",200,9.086847305297852,False,2.0,682,0.0666015625
1001,741,"[0, 1, 2]",15,9.091854095458984,True,2.0,682,0.0666015625
1001,742,"[0, 2, 1]",200,9.100198745727539,False,2.0,682,0.0666015625
1001,743,"[0, 1, 2]",15,9.10496711730957,True,2.0,682,0.0666015625
1001,744,"[0, 2, 1]",200,9.113073348999023,False,2.0,682,0.0666015625
1001,745,"[0, 1, 2]",15,9.118318557739258,True,2.0,682,0.0666015625
1001,746,"[0, 2, 1]",200,9.126424789428711,False,2.0,682,0.0666015625
1001,747,"[0, 1, 2]",15,9.131431579589844,True,2.0,682,0.0666015625
1001,748,"[0, 2, 1]",200,9.139776229858398,False,2.0,682,0.0666015625
1001,749,"[0, 1, 2]",15,9.144783020019531,True,2.0,682,0.0666015625
1001,750,"[0, 2, 1]",200,9.156227111816406,False,2.0,682,0.0666015625
1001,751,"[0, 1, 2]",15,9.160995483398438,True,2.0,682,0.0666015625
1001,752,"[0, 2, 1]",200,9.16910171508789,False,2.0,682,0.0666015625
1001,753,"[0, 1, 2]",15,9.174108505249023,True,2.0,682,0.0666015625
1001,754,"[0, 2, 1]",200,9.181976318359375,False,2.0,682,0.0666015625
1001,755,"[0, 1, 2]",15,9.186983108520508,True,2.0,682,0.0666015625
1001,756,"[0, 2, 1]",200,9.195327758789062,False,2.0,682,0.0666015625
1001,757,"[0, 1, 2]",15,9.200096130371094,True,2.0,682,0.0666015625
1001,758,"[0, 2, 1]",200,9.208440780639648,False,2.0,682,0.0666015625
1001,759,"[0, 1, 2]",15,9.21320915222168,True,2.0,682,0.0666015625
1001,760,"[0, 2, 1]",200,9.221792221069336,False,2.0,682,0.0666015625
1001,761,"[0, 1, 2]",15,9.226560592651367,True,2.0,682,0.0666015625
1001,762,"[0, 2, 1]",200,9.23466682434082,False,2.0,682,0.0666015625
1001,763,"[0, 1, 2]",15,9.239673614501953,True,2.0,682,0.0666015625
1001,764,"[0, 2, 1]",200,9.248018264770508,False,2.0,682,0.0666015625
1001,765,"[0, 1, 2]",15,9.253263473510742,True,2.0,682,0.0666015625
1001,766,"[0, 2, 1]",200,9.261369705200195,False,2.0,682,0.0666015625
1001,767,"[0, 1, 2]",15,9.266138076782227,True,2.0,682,0.0666015625
1001,768,"[0, 2, 1]",200,9.274482727050781,False,2.0,682,0.0666015625
1001,769,"[0, 1, 2]",15,9.279489517211914,True,2.0,682,0.0666015625
1001,770,"[0, 2, 1]",200,9.287834167480469,False,2.0,682,0.0666015625
1001,771,"[0, 1, 2]",15,9.29570198059082,True,2.0,682,0.0666015625
1001,772,"[0, 2, 1]",200,9.304523468017578,False,2.0,682,0.0666015625
1001,773,"[0, 1, 2]",15,9.310007095336914,True,2.0,682,0.0666015625
1001,774,"[0, 2, 1]",200,9.321212768554688,False,2.0,682,0.0666015625
1001,775,"[0, 1, 2]",15,9.326696395874023,True,2.0,682,0.0666015625
1001,776,"[0, 2, 1]",200,9.33527946472168,False,2.0,682,0.0666015625
1001,777,"[0, 1, 2]",15,9.340524673461914,True,2.0,682,0.0666015625
1001,778,"[0, 2, 1]",200,9.348869323730469,False,2.0,682,0.0666015625
1001,779,"[0, 1, 2]",15,9.354114532470703,True,2.0,682,0.0666015625
1001,780,"[0, 2, 1]",200,9.362220764160156,False,2.0,682,0.0666015625
1001,781,"[0, 1, 2]",15,9.366989135742188,True,2.0,682,0.0666015625
1001,782,"[0, 2, 1]",200,9.375333786010742,False,2.0,682,0.0666015625
1001,783,"[0, 1, 2]",15,9.380102157592773,True,2.0,682,0.0666015625
1001,784,"[0, 2, 1]",200,9.388923645019531,False,2.0,682,0.0666015625
1001,785,"[0, 1, 2]",15,9.393692016601562,True,2.0,682,0.0666015625
1001,786,"[0, 2, 1]",200,9.401798248291016,False,2.0,682,0.0666015625
1001,787,"[0, 1, 2]",15,9.406805038452148,True,2.0,682,0.0666015625
1001,788,"[0, 2, 1]",200,9.414911270141602,False,2.0,682,0.0666015625
1001,789,"[0, 1, 2]",15,9.419918060302734,True,2.0,682,0.0666015625
1001,790,"[0, 2, 1]",200,9.428262710571289,False,2.0,682,0.0666015625
1001,791,"[0, 1, 2]",15,9.433507919311523,True,2.0,682,0.0666015625
1001,792,"[0, 2, 1]",200,9.444475173950195,False,2.0,682,0.0666015625
1001,793,"[0, 1, 2]",15,9.449481964111328,True,2.0,682,0.0666015625
1001,794,"[0, 2, 1]",200,9.457826614379883,False,2.0,682,0.0666015625
1001,795,"[0, 1, 2]",15,9.462594985961914,True,2.0,682,0.0666015625
1001,796,"[0, 2, 1]",200,9.470939636230469,False,2.0,682,0.0666015625
1001,797,"[0, 1, 2]",15,9.475946426391602,True,2.0,682,0.0666015625
1001,798,"[0, 2, 1]",200,9.484052658081055,False,2.0,682,0.0666015625
1001,799,"[0, 1, 2]",15,9.489059448242188,True,2.0,682,0.0666015625
1001,800,"[0, 2, 1]",200,9.49716567993164,False,2.0,682,0.0666015625
1001,801,"[0, 1, 2]",15,9.501934051513672,True,2.0,682,0.0666015625
1001,802,"[0, 2, 1]",200,9.510517120361328,False,2.0,682,0.0666015625
1001,803,"[0, 1, 2]",15,9.515523910522461,True,2.0,682,0.0666015625
1001,804,"[0, 2, 1]",200,9.523868560791016,False,2.0,682,0.0666015625
1001,805,"[0, 1, 2]",15,9.528875350952148,True,2.0,682,0.0666015625
1001,806,"[0, 2, 1]",200,9.537458419799805,False,2.0,682,0.0666015625
1001,807,"[0, 1, 2]",15,9.542465209960938,True,2.0,682,0.0666015625
1001,808,"[0, 2, 1]",200,9.55057144165039,False,2.0,682,0.0666015625
1001,809,"[0, 1, 2]",15,9.555578231811523,True,2.0,682,0.0666015625
1001,810,"[0, 2, 1]",200,9.563684463500977,False,2.0,682,0.0666015625
1001,811,"[0, 1, 2]",15,9.568929672241211,True,2.0,682,0.0666015625
1001,812,"[0, 2, 1]",200,9.577035903930664,False,2.0,682,0.0666015625
1001,813,"[0, 1, 2]",15,9.584665298461914,True,2.0,682,0.0666015625
1001,814,"[0, 2, 1]",200,9.59324836730957,False,2.0,682,0.0666015625
1001,815,"[0, 1, 2]",15,9.598255157470703,True,2.0,682,0.0666015625
1001,816,"[0, 2, 1]",200,9.606361389160156,False,2.0,682,0.0666015625
1001,817,"[0, 1, 2]",15,9.611368179321289,True,2.0,682,0.0666015625
1001,818,"[0, 2, 1]",200,9.619474411010742,False,2.0,682,0.0666015625
1001,819,"[0, 1, 2]",15,9.624719619750977,True,2.0,682,0.0666015625
1001,820,"[0, 2, 1]",200,9.63282585144043,False,2.0,682,0.0666015625
1001,821,"[0, 1, 2]",15,9.637594223022461,True,2.0,682,0.0666015625
1001,822,"[0, 2, 1]",200,9.646177291870117,False,2.0,682,0.0666015625
1001,823,"[0, 1, 2]",15,9.650945663452148,True,2.0,682,0.0666015625
1001,824,"[0, 2, 1]",200,9.659528732299805,False,2.0,682,0.0666015625
1001,825,"[0, 1, 2]",15,9.664297103881836,True,2.0,682,0.0666015625
1001,826,"[0, 2, 1]",200,9.672403335571289,False,2.0,682,0.0666015625
1001,827,"[0, 1, 2]",15,9.677410125732422,True,2.0,682,0.0666015625
1001,828,"[0, 2, 1]",200,9.685754776000977,False,2.0,682,0.0666015625
1001,829,"[0, 1, 2]",15,9.69076156616211,True,2.0,682,0.0666015625
1001,830,"[0, 2, 1]",200,9.699106216430664,False,2.0,682,0.0666015625
1001,831,"[0, 1, 2]",15,9.704113006591797,True,2.0,682,0.0666015625
1001,832,"[0, 2, 1]",200,9.71221923828125,False,2.0,682,0.0666015625
1001,833,"[0, 1, 2]",15,9.717226028442383,True,2.0,682,0.0666015625
1001,834,"[0, 2, 1]",200,9.728431701660156,False,2.0,682,0.0666015625
1001,835,"[0, 1, 2]",15,9.733200073242188,True,2.0,682,0.0666015625
1001,836,"[0, 2, 1]",200,9.741544723510742,False,2.0,682,0.0666015625
1001,837,"[0, 1, 2]",15,9.746551513671875,True,2.0,682,0.0666015625
1001,838,"[0, 2, 1]",200,9.754657745361328,False,2.0,682,0.0666015625
1001,839,"[0, 1, 2]",15,9.759902954101562,True,2.0,682,0.0666015625
1001,840,"[0, 2, 1]",200,9.768009185791016,False,2.0,682,0.0666015625
1001,841,"[0, 1, 2]",15,9.77325439453125,True,2.0,682,0.0666015625
1001,842,"[0, 2, 1]",200,9.781837463378906,False,2.0,682,0.0666015625
1001,843,"[0, 1, 2]",15,9.78708267211914,True,2.0,682,0.0666015625
1001,844,"[0, 2, 1]",200,9.795427322387695,False,2.0,682,0.0666015625
1001,845,"[0, 1, 2]",15,9.800434112548828,True,2.0,682,0.0666015625
1001,846,"[0, 2, 1]",200,9.809017181396484,False,2.0,682,0.0666015625
1001,847,"[0, 1, 2]",15,9.814023971557617,True,2.0,682,0.0666015625
1001,848,"[0, 2, 1]",200,9.822368621826172,False,2.0,682,0.0666015625
1001,849,"[0, 1, 2]",15,9.830474853515625,True,2.0,682,0.0666015625
1001,850,"[0, 2, 1]",200,9.83881950378418,False,2.0,682,0.0666015625
1001,851,"[0, 1, 2]",15,9.844303131103516,True,2.0,682,0.0666015625
1001,852,"[0, 2, 1]",200,9.852409362792969,False,2.0,682,0.0666015625
1001,853,"[0, 1, 2]",15,9.857892990112305,True,2.0,682,0.0666015625
1001,854,"[0, 2, 1]",200,9.865999221801758,False,2.0,682,0.0666015625
1001,855,"[0, 1, 2]",15,9.87696647644043,True,2.0,682,0.0666015625
1001,856,"[0, 2, 1]",200,9.885787963867188,False,2.0,682,0.0666015625
1001,857,"[0, 1, 2]",15,9.89079475402832,True,2.0,682,0.0666015625
1001,858,"[0, 2, 1]",200,9.958982467651367,False,2.0,682,0.0666015625
1001,859,"[0, 1, 2]",15,9.971857070922852,True,2.0,682,0.0666015625
1001,860,"[0, 2, 1]",200,9.989023208618164,False,2.0,682,0.0666015625
1001,861,"[0, 1, 2]",15,9.99593734741211,True,2.0,682,0.0666015625
1001,862,"[0, 2, 1]",200,10.006904602050781,False,2.0,682,0.0666015625
1001,863,"[0, 1, 2]",15,10.012626647949219,True,2.0,682,0.0666015625
1001,864,"[0, 2, 1]",200,10.023117065429688,False,2.0,682,0.0666015625
1001,865,"[0, 1, 2]",15,10.02955436706543,True,2.0,682,0.0666015625
1001,866,"[0, 2, 1]",200,10.039329528808594,False,2.0,682,0.0666015625
1001,867,"[0, 1, 2]",15,10.045051574707031,True,2.0,682,0.0666015625
1001,868,"[0, 2, 1]",200,10.053396224975586,False,2.0,682,0.0666015625
1001,869,"[0, 1, 2]",15,10.05864143371582,True,2.0,682,0.0666015625
1001,870,"[0, 2, 1]",200,10.066747665405273,False,2.0,682,0.0666015625
1001,871,"[0, 1, 2]",15,10.071754455566406,True,2.0,682,0.0666015625
1001,872,"[0, 2, 1]",200,10.111093521118164,False,2.0,682,0.0666015625
1001,873,"[0, 1, 2]",15,10.116100311279297,True,2.0,682,0.0666015625
1001,874,"[0, 2, 1]",200,10.124683380126953,False,2.0,682,0.0666015625
1001,875,"[0, 1, 2]",15,10.131120681762695,True,2.0,682,0.0666015625
1001,876,"[0, 2, 1]",200,10.146141052246094,False,2.0,682,0.0666015625
1001,877,"[0, 1, 2]",15,10.151386260986328,True,2.0,682,0.0666015625
1001,878,"[0, 2, 1]",200,10.159969329833984,False,2.0,682,0.0666015625
1001,879,"[0, 1, 2]",15,10.164976119995117,True,2.0,682,0.0666015625
1001,880,"[0, 2, 1]",200,10.173320770263672,False,2.0,682,0.0666015625
1001,881,"[0, 1, 2]",15,10.178327560424805,True,2.0,682,0.0666015625
1001,882,"[0, 2, 1]",200,10.18667221069336,False,2.0,682,0.0666015625
1001,883,"[0, 1, 2]",15,10.191679000854492,True,2.0,682,0.0666015625
1001,884,"[0, 2, 1]",200,10.199785232543945,False,2.0,682,0.0666015625
1001,885,"[0, 1, 2]",15,10.204792022705078,True,2.0,682,0.0666015625
1001,886,"[0, 2, 1]",200,10.212898254394531,False,2.0,682,0.0666015625
1001,887,"[0, 1, 2]",15,10.218143463134766,True,2.0,682,0.0666015625
1001,888,"[0, 2, 1]",200,10.226726531982422,False,2.0,682,0.0666015625
1001,889,"[0, 1, 2]",15,10.231494903564453,True,2.0,682,0.0666015625
1001,890,"[0, 2, 1]",200,10.239839553833008,False,2.0,682,0.0666015625
1001,891,"[0, 1, 2]",15,10.244607925415039,True,2.0,682,0.0666015625
1001,892,"[0, 2, 1]",200,10.253429412841797,False,2.0,682,0.0666015625
1001,893,"[0, 1, 2]",15,10.258197784423828,True,2.0,682,0.0666015625
1001,894,"[0, 2, 1]",200,10.266780853271484,False,2.0,682,0.0666015625
1001,895,"[0, 1, 2]",15,10.271549224853516,True,2.0,682,0.0666015625
1001,896,"[0, 2, 1]",200,10.27989387512207,False,2.0,682,0.0666015625
1001,897,"[0, 1, 2]",15,10.289192199707031,True,2.0,682,0.0666015625
1001,898,"[0, 2, 1]",200,10.298013687133789,False,2.0,682,0.0666015625
1001,899,"[0, 1, 2]",15,10.303258895874023,True,2.0,682,0.0666015625
1001,900,"[0, 2, 1]",200,10.31184196472168,False,2.0,682,0.0666015625
1001,901,"[0, 1, 2]",15,10.316848754882812,True,2.0,682,0.0666015625
1001,902,"[0, 2, 1]",200,10.325193405151367,False,2.0,682,0.0666015625
1001,903,"[0, 1, 2]",15,10.330438613891602,True,2.0,682,0.0666015625
1001,904,"[0, 2, 1]",200,10.339498519897461,False,2.0,682,0.0666015625
1001,905,"[0, 1, 2]",15,10.344743728637695,True,2.0,682,0.0666015625
1001,906,"[0, 2, 1]",200,10.353565216064453,False,2.0,682,0.0666015625
1001,907,"[0, 1, 2]",15,10.358572006225586,True,2.0,682,0.0666015625
1001,908,"[0, 2, 1]",200,10.366678237915039,False,2.0,682,0.0666015625
1001,909,"[0, 1, 2]",15,10.371923446655273,True,2.0,682,0.0666015625
1001,910,"[0, 2, 1]",200,10.380029678344727,False,2.0,682,0.0666015625
1001,911,"[0, 1, 2]",15,10.385274887084961,True,2.0,682,0.0666015625
1001,912,"[0, 2, 1]",200,10.393381118774414,False,2.0,682,0.0666015625
1001,913,"[0, 1, 2]",15,10.398149490356445,True,2.0,682,0.0666015625
1001,914,"[0, 2, 1]",200,10.406494140625,False,2.0,682,0.0666015625
1001,915,"[0, 1, 2]",15,10.411500930786133,True,2.0,682,0.0666015625
1001,916,"[0, 2, 1]",200,10.420083999633789,False,2.0,682,0.0666015625
1001,917,"[0, 1, 2]",15,10.42485237121582,True,2.0,682,0.0666015625
1001,918,"[0, 2, 1]",200,10.436773300170898,False,2.0,682,0.0666015625
1001,919,"[0, 1, 2]",15,10.441780090332031,True,2.0,682,0.0666015625
1001,920,"[0, 2, 1]",200,10.450124740600586,False,2.0,682,0.0666015625
1001,921,"[0, 1, 2]",15,10.455131530761719,True,2.0,682,0.0666015625
1001,922,"[0, 2, 1]",200,10.463237762451172,False,2.0,682,0.0666015625
1001,923,"[0, 1, 2]",15,10.468482971191406,True,2.0,682,0.0666015625
1001,924,"[0, 2, 1]",200,10.476827621459961,False,2.0,682,0.0666015625
1001,925,"[0, 1, 2]",15,10.481834411621094,True,2.0,682,0.0666015625
1001,926,"[0, 2, 1]",200,10.49041748046875,False,2.0,682,0.0666015625
1001,927,"[0, 1, 2]",15,10.495662689208984,True,2.0,682,0.0666015625
1001,928,"[0, 2, 1]",200,10.503768920898438,False,2.0,682,0.0666015625
1001,929,"[0, 1, 2]",15,10.508537292480469,True,2.0,682,0.0666015625
1001,930,"[0, 2, 1]",200,10.516881942749023,False,2.0,682,0.0666015625
1001,931,"[0, 1, 2]",15,10.521888732910156,True,2.0,682,0.0666015625
1001,932,"[0, 2, 1]",200,10.52999496459961,False,2.0,682,0.0666015625
1001,933,"[0, 1, 2]",15,10.535001754760742,True,2.0,682,0.0666015625
1001,934,"[0, 2, 1]",200,10.543107986450195,False,2.0,682,0.0666015625
1001,935,"[0, 1, 2]",15,10.548114776611328,True,2.0,682,0.0666015625
1001,936,"[0, 2, 1]",200,10.556459426879883,False,2.0,682,0.0666015625
1001,937,"[0, 1, 2]",15,10.561227798461914,True,2.0,682,0.0666015625
1001,938,"[0, 2, 1]",200,10.569572448730469,False,2.0,682,0.0666015625
1001,939,"[0, 1, 2]",15,10.57744026184082,True,2.0,682,0.0666015625
1001,940,"[0, 2, 1]",200,10.58650016784668,False,2.0,682,0.0666015625
1001,941,"[0, 1, 2]",15,10.591506958007812,True,2.0,682,0.0666015625
1001,942,"[0, 2, 1]",200,10.603666305541992,False,2.0,682,0.0666015625
1001,943,"[0, 1, 2]",15,10.608673095703125,True,2.0,682,0.0666015625
1001,944,"[0, 2, 1]",200,10.617494583129883,False,2.0,682,0.0666015625
1001,945,"[0, 1, 2]",15,10.622501373291016,True,2.0,682,0.0666015625
1001,946,"[0, 2, 1]",200,10.632038116455078,False,2.0,682,0.0666015625
1001,947,"[0, 1, 2]",15,10.63680648803711,True,2.0,682,0.0666015625
1001,948,"[0, 2, 1]",200,10.645866394042969,False,2.0,682,0.0666015625
1001,949,"[0, 1, 2]",15,10.650634765625,True,2.0,682,0.0666015625
1001,950,"[0, 2, 1]",200,10.659217834472656,False,2.0,682,0.0666015625
1001,951,"[0, 1, 2]",15,10.663986206054688,True,2.0,682,0.0666015625
1001,952,"[0, 2, 1]",200,10.67209243774414,False,2.0,682,0.0666015625
1001,953,"[0, 1, 2]",15,10.677337646484375,True,2.0,682,0.0666015625
1001,954,"[0, 2, 1]",200,10.685443878173828,False,2.0,682,0.0666015625
1001,955,"[0, 1, 2]",15,10.690689086914062,True,2.0,682,0.0666015625
1001,956,"[0, 2, 1]",200,10.698795318603516,False,2.0,682,0.0666015625
1001,957,"[0, 1, 2]",15,10.70404052734375,True,2.0,682,0.0666015625
1001,958,"[0, 2, 1]",200,10.712146759033203,False,2.0,682,0.0666015625
1001,959,"[0, 1, 2]",15,10.717153549194336,True,2.0,682,0.0666015625
1001,960,"[0, 2, 1]",200,10.728836059570312,False,2.0,682,0.0666015625
1001,961,"[0, 1, 2]",15,10.733604431152344,True,2.0,682,0.0666015625
1001,962,"[0, 2, 1]",200,10.741710662841797,False,2.0,682,0.0666015625
1001,963,"[0, 1, 2]",15,10.74671745300293,True,2.0,682,0.0666015625
1001,964,"[0, 2, 1]",200,10.755062103271484,False,2.0,682,0.0666015625
1001,965,"[0, 1, 2]",15,10.760068893432617,True,2.0,682,0.0666015625
1001,966,"[0, 2, 1]",200,10.76817512512207,False,2.0,682,0.0666015625
1001,967,"[0, 1, 2]",15,10.772943496704102,True,2.0,682,0.0666015625
1001,968,"[0, 2, 1]",200,10.781526565551758,False,2.0,682,0.0666015625
1001,969,"[0, 1, 2]",15,10.78653335571289,True,2.0,682,0.0666015625
1001,970,"[0, 2, 1]",200,10.795116424560547,False,2.0,682,0.0666015625
1001,971,"[0, 1, 2]",15,10.799884796142578,True,2.0,682,0.0666015625
1001,972,"[0, 2, 1]",200,10.808467864990234,False,2.0,682,0.0666015625
1001,973,"[0, 1, 2]",15,10.813474655151367,True,2.0,682,0.0666015625
1001,974,"[0, 2, 1]",200,10.82158088684082,False,2.0,682,0.0666015625
1001,975,"[0, 1, 2]",15,10.826826095581055,True,2.0,682,0.0666015625
1001,976,"[0, 2, 1]",200,10.83517074584961,False,2.0,682,0.0666015625
1001,977,"[0, 1, 2]",15,10.840177536010742,True,2.0,682,0.0666015625
1001,978,"[0, 2, 1]",200,10.848522186279297,False,2.0,682,0.0666015625
1001,979,"[0, 1, 2]",15,10.853767395019531,True,2.0,682,0.0666015625
1001,980,"[0, 2, 1]",200,10.862112045288086,False,2.0,682,0.0666015625
1001,981,"[0, 1, 2]",15,10.870933532714844,True,2.0,682,0.0666015625
1001,982,"[0, 2, 1]",200,10.879278182983398,False,2.0,682,0.0666015625
1001,983,"[0, 1, 2]",15,10.88404655456543,True,2.0,682,0.0666015625
1001,984,"[0, 2, 1]",200,10.892629623413086,False,2.0,682,0.0666015625
1001,985,"[0, 1, 2]",15,10.897397994995117,True,2.0,682,0.0666015625
1001,986,"[0, 2, 1]",200,10.905981063842773,False,2.0,682,0.0666015625
1001,987,"[0, 1, 2]",15,10.910749435424805,True,2.0,682,0.0666015625
1001,988,"[0, 2, 1]",200,10.919570922851562,False,2.0,682,0.0666015625
1001,989,"[0, 1, 2]",15,10.924339294433594,True,2.0,682,0.0666015625
1001,990,"[0, 2, 1]",200,10.932445526123047,False,2.0,682,0.0666015625
1001,991,"[0, 1, 2]",15,10.937929153442383,True,2.0,682,0.0666015625
1001,992,"[0, 2, 1]",200,10.969400405883789,False,2.0,682,0.0666015625
1001,993,"[0, 1, 2]",15,10.981321334838867,True,2.0,682,0.0666015625
1001,994,"[0, 2, 1]",200,10.997533798217773,False,2.0,682,0.0666015625
1001,995,"[0, 1, 2]",15,11.00468635559082,True,2.0,682,0.0666015625
1001,996,"[0, 2, 1]",200,11.016607284545898,False,2.0,682,0.0666015625
1001,997,"[0, 1, 2]",15,11.022567749023438,True,2.0,682,0.0666015625
1001,998,"[0, 2, 1]",200,11.032342910766602,False,2.0,682,0.0666015625
1001,999,"[0, 1, 2]",15,11.038541793823242,True,2.0,682,0.0666015625
1001,1000,"[0, 2, 1]",200,11.048316955566406,False,2.0,682,0.0666015625
1001,1001,"[0, 1, 2]",15,11.054039001464844,True,2.0,682,0.0666015625
1001,1002,"[0, 2, 1]",200,11.069774627685547,False,2.0,682,0.0666015625
1001,1003,"[0, 1, 2]",15,11.075019836425781,True,2.0,682,0.0666015625
1001,1004,"[0, 2, 1]",200,11.08407974243164,False,2.0,682,0.0666015625
1001,1005,"[0, 1, 2]",15,11.089324951171875,True,2.0,682,0.0666015625
1001,1006,"[0, 2, 1]",200,11.097908020019531,False,2.0,682,0.0666015625
1001,1007,"[0, 1, 2]",15,11.103153228759766,True,2.0,682,0.0666015625
1001,1008,"[0, 2, 1]",200,11.111736297607422,False,2.0,682,0.0666015625
1001,1009,"[0, 1, 2]",15,11.116504669189453,True,2.0,682,0.0666015625
1001,1010,"[0, 2, 1]",200,11.129140853881836,False,2.0,682,0.0666015625
1001,1011,"[0, 1, 2]",15,11.13438606262207,True,2.0,682,0.0666015625
1001,1012,"[0, 2, 1]",200,11.142969131469727,False,2.0,682,0.0666015625
1001,1013,"[0, 1, 2]",15,11.147737503051758,True,2.0,682,0.0666015625
1001,1014,"[0, 2, 1]",200,11.156320571899414,False,2.0,682,0.0666015625
1001,1015,"[0, 1, 2]",15,11.161088943481445,True,2.0,682,0.0666015625
1001,1016,"[0, 2, 1]",200,11.169910430908203,False,2.0,682,0.0666015625
1001,1017,"[0, 1, 2]",15,11.178731918334961,True,2.0,682,0.0666015625
1001,1018,"[0, 2, 1]",200,11.187553405761719,False,2.0,682,0.0666015625
1001,1019,"[0, 1, 2]",15,11.192798614501953,True,2.0,682,0.0666015625
1001,1020,"[0, 2, 1]",200,11.201620101928711,False,2.0,682,0.0666015625
1001,1021,"[0, 1, 2]",15,11.206626892089844,True,2.0,682,0.0666015625
1001,1022,"[0, 2, 1]",200,11.2152099609375,False,2.0,682,0.0666015625
1001,1023,"[0, 1, 2]",15,11.224031448364258,True,2.0,682,0.0666015625
1001,1024,"[0, 2, 1]",200,11.233091354370117,False,2.0,682,0.0666015625
1001,1025,"[0, 1, 2]",15,11.238574981689453,True,2.0,682,0.0666015625
1001,1026,"[0, 2, 1]",200,11.251211166381836,False,2.0,682,0.0666015625
1001,1027,"[0, 1, 2]",15,11.25645637512207,True,2.0,682,0.0666015625
1001,1028,"[0, 2, 1]",200,11.26551628112793,False,2.0,682,0.0666015625
1001,1029,"[0, 1, 2]",15,11.270523071289062,True,2.0,682,0.0666015625
1001,1030,"[0, 2, 1]",200,11.279106140136719,False,2.0,682,0.0666015625
1001,1031,"[0, 1, 2]",15,11.284112930297852,True,2.0,682,0.0666015625
1001,1032,"[0, 2, 1]",200,11.292695999145508,False,2.0,682,0.0666015625
1001,1033,"[0, 1, 2]",15,11.29770278930664,True,2.0,682,0.0666015625
1001,1034,"[0, 2, 1]",200,11.306047439575195,False,2.0,682,0.0666015625
1001,1035,"[0, 1, 2]",15,11.311054229736328,True,2.0,682,0.0666015625
1001,1036,"[0, 2, 1]",200,11.319637298583984,False,2.0,682,0.0666015625
1001,1037,"[0, 1, 2]",15,11.324882507324219,True,2.0,682,0.0666015625
1001,1038,"[0, 2, 1]",200,11.333465576171875,False,2.0,682,0.0666015625
1001,1039,"[0, 1, 2]",15,11.338472366333008,True,2.0,682,0.0666015625
1001,1040,"[0, 2, 1]",200,11.347055435180664,False,2.0,682,0.0666015625
1001,1041,"[0, 1, 2]",15,11.352062225341797,True,2.0,682,0.0666015625
1001,1042,"[0, 2, 1]",200,11.360883712768555,False,2.0,682,0.0666015625
1001,1043,"[0, 1, 2]",15,11.365652084350586,True,2.0,682,0.0666015625
1001,1044,"[0, 2, 1]",200,11.378049850463867,False,2.0,682,0.0666015625
1001,1045,"[0, 1, 2]",15,11.383056640625,True,2.0,682,0.0666015625
1001,1046,"[0, 2, 1]",200,11.391639709472656,False,2.0,682,0.0666015625
1001,1047,"[0, 1, 2]",15,11.396646499633789,True,2.0,682,0.0666015625
1001,1048,"[0, 2, 1]",200,11.405229568481445,False,2.0,682,0.0666015625
1001,1049,"[0, 1, 2]",15,11.410236358642578,True,2.0,682,0.0666015625
1001,1050,"[0, 2, 1]",200,11.418581008911133,False,2.0,682,0.0666015625
1001,1051,"[0, 1, 2]",15,11.423587799072266,True,2.0,682,0.0666015625
1001,1052,"[0, 2, 1]",200,11.43193244934082,False,2.0,682,0.0666015625
1001,1053,"[0, 1, 2]",15,11.436939239501953,True,2.0,682,0.0666015625
1001,1054,"[0, 2, 1]",200,11.445283889770508,False,2.0,682,0.0666015625
1001,1055,"[0, 1, 2]",15,11.45029067993164,True,2.0,682,0.0666015625
1001,1056,"[0, 2, 1]",200,11.458158493041992,False,2.0,682,0.0666015625
1001,1057,"[0, 1, 2]",15,11.463165283203125,True,2.0,682,0.0666015625
1001,1058,"[0, 2, 1]",200,11.47150993347168,False,2.0,682,0.0666015625
1001,1059,"[0, 1, 2]",15,11.476516723632812,True,2.0,682,0.0666015625
1001,1060,"[0, 2, 1]",200,11.484622955322266,False,2.0,682,0.0666015625
1001,1061,"[0, 1, 2]",15,11.4898681640625,True,2.0,682,0.0666015625
1001,1062,"[0, 2, 1]",200,11.497974395751953,False,2.0,682,0.0666015625
1001,1063,"[0, 1, 2]",15,11.503219604492188,True,2.0,682,0.0666015625
1001,1064,"[0, 2, 1]",200,11.522054672241211,False,2.0,682,0.0666015625
1001,1065,"[0, 1, 2]",15,11.53111457824707,True,2.0,682,0.0666015625
1001,1066,"[0, 2, 1]",200,11.539936065673828,False,2.0,682,0.0666015625
1001,1067,"[0, 1, 2]",15,11.565923690795898,True,2.0,682,0.0666015625
1001,1068,"[0, 2, 1]",200,11.574268341064453,False,2.0,682,0.0666015625
1001,1069,"[0, 1, 2]",15,11.579513549804688,True,2.0,682,0.0666015625
1001,1070,"[0, 2, 1]",200,11.58761978149414,False,2.0,682,0.0666015625
1001,1071,"[0, 1, 2]",15,11.592626571655273,True,2.0,682,0.0666015625
1001,1072,"[0, 2, 1]",200,11.60120964050293,False,2.0,682,0.0666015625
1001,1073,"[0, 1, 2]",15,11.605978012084961,True,2.0,682,0.0666015625
1001,1074,"[0, 2, 1]",200,11.614322662353516,False,2.0,682,0.0666015625
1001,1075,"[0, 1, 2]",15,11.619329452514648,True,2.0,682,0.0666015625
1001,1076,"[0, 2, 1]",200,11.627912521362305,False,2.0,682,0.0666015625
1001,1077,"[0, 1, 2]",15,11.632680892944336,True,2.0,682,0.0666015625
1001,1078,"[0, 2, 1]",200,11.640787124633789,False,2.0,682,0.0666015625
1001,1079,"[0, 1, 2]",15,11.646032333374023,True,2.0,682,0.0666015625
1001,1080,"[0, 2, 1]",200,11.654376983642578,False,2.0,682,0.0666015625
1001,1081,"[0, 1, 2]",15,11.659622192382812,True,2.0,682,0.0666015625
1001,1082,"[0, 2, 1]",200,11.668205261230469,False,2.0,682,0.0666015625
1001,1083,"[0, 1, 2]",15,11.673450469970703,True,2.0,682,0.0666015625
1001,1084,"[0, 2, 1]",200,11.681795120239258,False,2.0,682,0.0666015625
1001,1085,"[0, 1, 2]",15,11.68680191040039,True,2.0,682,0.0666015625
1001,1086,"[0, 2, 1]",200,11.701583862304688,False,2.0,682,0.0666015625
1001,1087,"[0, 1, 2]",15,11.70659065246582,True,2.0,682,0.0666015625
1001,1088,"[0, 2, 1]",200,11.715173721313477,False,2.0,682,0.0666015625
1001,1089,"[0, 1, 2]",15,11.719942092895508,True,2.0,682,0.0666015625
1001,1090,"[0, 2, 1]",200,11.728525161743164,False,2.0,682,0.0666015625
1001,1091,"[0, 1, 2]",15,11.733293533325195,True,2.0,682,0.0666015625
1001,1092,"[0, 2, 1]",200,11.74163818359375,False,2.0,682,0.0666015625
1001,1093,"[0, 1, 2]",15,11.746644973754883,True,2.0,682,0.0666015625
1001,1094,"[0, 2, 1]",200,11.754751205444336,False,2.0,682,0.0666015625
1001,1095,"[0, 1, 2]",15,11.75999641418457,True,2.0,682,0.0666015625
1001,1096,"[0, 2, 1]",200,11.768579483032227,False,2.0,682,0.0666015625
1001,1097,"[0, 1, 2]",15,11.773824691772461,True,2.0,682,0.0666015625
1001,1098,"[0, 2, 1]",200,11.782169342041016,False,2.0,682,0.0666015625
1001,1099,"[0, 1, 2]",15,11.78741455078125,True,2.0,682,0.0666015625
1001,1100,"[0, 2, 1]",200,11.796236038208008,False,2.0,682,0.0666015625
1001,1101,"[0, 1, 2]",15,11.80124282836914,True,2.0,682,0.0666015625
1001,1102,"[0, 2, 1]",200,11.809587478637695,False,2.0,682,0.0666015625
1001,1103,"[0, 1, 2]",15,11.814355850219727,True,2.0,682,0.0666015625
1001,1104,"[0, 2, 1]",200,11.822938919067383,False,2.0,682,0.0666015625
1001,1105,"[0, 1, 2]",15,11.827945709228516,True,2.0,682,0.0666015625
1001,1106,"[0, 2, 1]",200,11.836528778076172,False,2.0,682,0.0666015625
1001,1107,"[0, 1, 2]",15,11.84535026550293,True,2.0,682,0.0666015625
1001,1108,"[0, 2, 1]",200,11.854410171508789,False,2.0,682,0.0666015625
1001,1109,"[0, 1, 2]",15,11.859416961669922,True,2.0,682,0.0666015625
1001,1110,"[0, 2, 1]",200,11.873245239257812,False,2.0,682,0.0666015625
1001,1111,"[0, 1, 2]",15,11.878490447998047,True,2.0,682,0.0666015625
1001,1112,"[0, 2, 1]",200,11.887073516845703,False,2.0,682,0.0666015625
1001,1113,"[0, 1, 2]",15,11.892318725585938,True,2.0,682,0.0666015625
1001,1114,"[0, 2, 1]",200,11.900663375854492,False,2.0,682,0.0666015625
1001,1115,"[0, 1, 2]",15,11.905908584594727,True,2.0,682,0.0666015625
1001,1116,"[0, 2, 1]",200,11.914253234863281,False,2.0,682,0.0666015625
1001,1117,"[0, 1, 2]",15,11.919498443603516,True,2.0,682,0.0666015625
1001,1118,"[0, 2, 1]",200,11.927604675292969,False,2.0,682,0.0666015625
1001,1119,"[0, 1, 2]",15,11.932849884033203,True,2.0,682,0.0666015625
1001,1120,"[0, 2, 1]",200,11.940956115722656,False,2.0,682,0.0666015625
1001,1121,"[0, 1, 2]",15,11.946439743041992,True,2.0,682,0.0666015625
1001,1122,"[0, 2, 1]",200,11.98434829711914,False,2.0,682,0.0666015625
1001,1123,"[0, 1, 2]",15,11.996030807495117,True,2.0,682,0.0666015625
1001,1124,"[0, 2, 1]",200,12.009382247924805,False,2.0,682,0.0666015625
1001,1125,"[0, 1, 2]",15,12.01629638671875,True,2.0,682,0.0666015625
1001,1126,"[0, 2, 1]",200,12.026786804199219,False,2.0,682,0.0666015625
1001,1127,"[0, 1, 2]",15,12.032508850097656,True,2.0,682,0.0666015625
1001,1128,"[0, 2, 1]",200,12.047767639160156,False,2.0,682,0.0666015625
1001,1129,"[0, 1, 2]",15,12.053728103637695,True,2.0,682,0.0666015625
1001,1130,"[0, 2, 1]",200,12.063026428222656,False,2.0,682,0.0666015625
1001,1131,"[0, 1, 2]",15,12.068986892700195,True,2.0,682,0.0666015625
1001,1132,"[0, 2, 1]",200,12.079477310180664,False,2.0,682,0.0666015625
1001,1133,"[0, 1, 2]",15,12.085914611816406,True,2.0,682,0.0666015625
1001,1134,"[0, 2, 1]",200,12.094974517822266,False,2.0,682,0.0666015625
1001,1135,"[0, 1, 2]",15,12.100458145141602,True,2.0,682,0.0666015625
1001,1136,"[0, 2, 1]",200,12.108802795410156,False,2.0,682,0.0666015625
1001,1137,"[0, 1, 2]",15,12.11404800415039,True,2.0,682,0.0666015625
1001,1138,"[0, 2, 1]",200,12.122154235839844,False,2.0,682,0.0666015625
1001,1139,"[0, 1, 2]",15,12.127399444580078,True,2.0,682,0.0666015625
1001,1140,"[0, 2, 1]",200,12.135744094848633,False,2.0,682,0.0666015625
1001,1141,"[0, 1, 2]",15,12.140750885009766,True,2.0,682,0.0666015625
1001,1142,"[0, 2, 1]",200,12.149572372436523,False,2.0,682,0.0666015625
1001,1143,"[0, 1, 2]",15,12.154579162597656,True,2.0,682,0.0666015625
1001,1144,"[0, 2, 1]",200,12.162923812866211,False,2.0,682,0.0666015625
1001,1145,"[0, 1, 2]",15,12.167930603027344,True,2.0,682,0.0666015625
1001,1146,"[0, 2, 1]",200,12.176990509033203,False,2.0,682,0.0666015625
1001,1147,"[0, 1, 2]",15,12.181997299194336,True,2.0,682,0.0666015625
1001,1148,"[0, 2, 1]",200,12.190818786621094,False,2.0,682,0.0666015625
1001,1149,"[0, 1, 2]",15,12.201786041259766,True,2.0,682,0.0666015625
1001,1150,"[0, 2, 1]",200,12.210845947265625,False,2.0,682,0.0666015625
1001,1151,"[0, 1, 2]",15,12.21609115600586,True,2.0,682,0.0666015625
1001,1152,"[0, 2, 1]",200,12.22538948059082,False,2.0,682,0.0666015625
1001,1153,"[0, 1, 2]",15,12.230157852172852,True,2.0,682,0.0666015625
1001,1154,"[0, 2, 1]",200,12.239217758178711,False,2.0,682,0.0666015625
1001,1155,"[0, 1, 2]",15,12.244224548339844,True,2.0,682,0.0666015625
1001,1156,"[0, 2, 1]",200,12.253046035766602,False,2.0,682,0.0666015625
1001,1157,"[0, 1, 2]",15,12.258291244506836,True,2.0,682,0.0666015625
1001,1158,"[0, 2, 1]",200,12.267112731933594,False,2.0,682,0.0666015625
1001,1159,"[0, 1, 2]",15,12.271881103515625,True,2.0,682,0.0666015625
1001,1160,"[0, 2, 1]",200,12.280702590942383,False,2.0,682,0.0666015625
1001,1161,"[0, 1, 2]",15,12.285709381103516,True,2.0,682,0.0666015625
1001,1162,"[0, 2, 1]",200,12.294292449951172,False,2.0,682,0.0666015625
1001,1163,"[0, 1, 2]",15,12.299299240112305,True,2.0,682,0.0666015625
1001,1164,"[0, 2, 1]",200,12.308359146118164,False,2.0,682,0.0666015625
1001,1165,"[0, 1, 2]",15,12.313127517700195,True,2.0,682,0.0666015625
1001,1166,"[0, 2, 1]",200,12.321710586547852,False,2.0,682,0.0666015625
1001,1167,"[0, 1, 2]",15,12.326478958129883,True,2.0,682,0.0666015625
1001,1168,"[0, 2, 1]",200,12.335062026977539,False,2.0,682,0.0666015625
1001,1169,"[0, 1, 2]",15,12.340068817138672,True,2.0,682,0.0666015625
1001,1170,"[0, 2, 1]",200,12.352466583251953,False,2.0,682,0.0666015625
1001,1171,"[0, 1, 2]",15,12.357711791992188,True,2.0,682,0.0666015625
1001,1172,"[0, 2, 1]",200,12.36581802368164,False,2.0,682,0.0666015625
1001,1173,"[0, 1, 2]",15,12.371063232421875,True,2.0,682,0.0666015625
1001,1174,"[0, 2, 1]",200,12.379169464111328,False,2.0,682,0.0666015625
1001,1175,"[0, 1, 2]",15,12.384414672851562,True,2.0,682,0.0666015625
1001,1176,"[0, 2, 1]",200,12.392997741699219,False,2.0,682,0.0666015625
1001,1177,"[0, 1, 2]",15,12.39776611328125,True,2.0,682,0.0666015625
1001,1178,"[0, 2, 1]",200,12.406349182128906,False,2.0,682,0.0666015625
1001,1179,"[0, 1, 2]",15,12.411355972290039,True,2.0,682,0.0666015625
1001,1180,"[0, 2, 1]",200,12.420415878295898,False,2.0,682,0.0666015625
1001,1181,"[0, 1, 2]",15,12.425422668457031,True,2.0,682,0.0666015625
1001,1182,"[0, 2, 1]",200,12.434005737304688,False,2.0,682,0.0666015625
1001,1183,"[0, 1, 2]",15,12.438774108886719,True,2.0,682,0.0666015625
1001,1184,"[0, 2, 1]",200,12.447357177734375,False,2.0,682,0.0666015625
1001,1185,"[0, 1, 2]",15,12.456178665161133,True,2.0,682,0.0666015625
1001,1186,"[0, 2, 1]",200,12.465476989746094,False,2.0,682,0.0666015625
1001,1187,"[0, 1, 2]",15,12.471437454223633,True,2.0,682,0.0666015625
1001,1188,"[0, 2, 1]",200,12.480020523071289,False,2.0,682,0.0666015625
1001,1189,"[0, 1, 2]",15,12.485980987548828,True,2.0,682,0.0666015625
1001,1190,"[0, 2, 1]",200,12.494802474975586,False,2.0,682,0.0666015625
1001,1191,"[0, 1, 2]",15,12.503862380981445,True,2.0,682,0.0666015625
1001,1192,"[0, 2, 1]",200,12.513160705566406,False,2.0,682,0.0666015625
1001,1193,"[0, 1, 2]",15,12.518644332885742,True,2.0,682,0.0666015625
1001,1194,"[0, 2, 1]",200,12.531518936157227,False,2.0,682,0.0666015625
1001,1195,"[0, 1, 2]",15,12.537002563476562,True,2.0,682,0.0666015625
1001,1196,"[0, 2, 1]",200,12.546300888061523,False,2.0,682,0.0666015625
1001,1197,"[0, 1, 2]",15,12.55178451538086,True,2.0,682,0.0666015625
1001,1198,"[0, 2, 1]",200,12.560129165649414,False,2.0,682,0.0666015625
1001,1199,"[0, 1, 2]",15,12.565374374389648,True,2.0,682,0.0666015625
1001,1200,"[0, 2, 1]",200,12.573719024658203,False,2.0,682,0.0666015625
1001,1201,"[0, 1, 2]",15,12.578725814819336,True,2.0,682,0.0666015625
1001,1202,"[0, 2, 1]",200,12.58707046508789,False,2.0,682,0.0666015625
1001,1203,"[0, 1, 2]",15,12.591838836669922,True,2.0,682,0.0666015625
1001,1204,"[0, 2, 1]",200,12.600421905517578,False,2.0,682,0.0666015625
1001,1205,"[0, 1, 2]",15,12.605667114257812,True,2.0,682,0.0666015625
1001,1206,"[0, 2, 1]",200,12.614011764526367,False,2.0,682,0.0666015625
1001,1207,"[0, 1, 2]",15,12.6190185546875,True,2.0,682,0.0666015625
1001,1208,"[0, 2, 1]",200,12.627363204956055,False,2.0,682,0.0666015625
1001,1209,"[0, 1, 2]",15,12.632369995117188,True,2.0,682,0.0666015625
1001,1210,"[0, 2, 1]",200,12.64047622680664,False,2.0,682,0.0666015625
1001,1211,"[0, 1, 2]",15,12.645483016967773,True,2.0,682,0.0666015625
1001,1212,"[0, 2, 1]",200,12.657642364501953,False,2.0,682,0.0666015625
1001,1213,"[0, 1, 2]",15,12.662887573242188,True,2.0,682,0.0666015625
1001,1214,"[0, 2, 1]",200,12.671232223510742,False,2.0,682,0.0666015625
1001,1215,"[0, 1, 2]",15,12.676477432250977,True,2.0,682,0.0666015625
1001,1216,"[0, 2, 1]",200,12.68458366394043,False,2.0,682,0.0666015625
1001,1217,"[0, 1, 2]",15,12.689828872680664,True,2.0,682,0.0666015625
1001,1218,"[0, 2, 1]",200,12.697935104370117,False,2.0,682,0.0666015625
1001,1219,"[0, 1, 2]",15,12.70294189453125,True,2.0,682,0.0666015625
1001,1220,"[0, 2, 1]",200,12.711524963378906,False,2.0,682,0.0666015625
1001,1221,"[0, 1, 2]",15,12.716531753540039,True,2.0,682,0.0666015625
1001,1222,"[0, 2, 1]",200,12.725114822387695,False,2.0,682,0.0666015625
1001,1223,"[0, 1, 2]",15,12.729883193969727,True,2.0,682,0.0666015625
1001,1224,"[0, 2, 1]",200,12.73798942565918,False,2.0,682,0.0666015625
1001,1225,"[0, 1, 2]",15,12.743234634399414,True,2.0,682,0.0666015625
1001,1226,"[0, 2, 1]",200,12.751340866088867,False,2.0,682,0.0666015625
1001,1227,"[0, 1, 2]",15,12.756586074829102,True,2.0,682,0.0666015625
1001,1228,"[0, 2, 1]",200,12.764930725097656,False,2.0,682,0.0666015625
1001,1229,"[0, 1, 2]",15,12.769937515258789,True,2.0,682,0.0666015625
1001,1230,"[0, 2, 1]",200,12.778043746948242,False,2.0,682,0.0666015625
1001,1231,"[0, 1, 2]",15,12.783050537109375,True,2.0,682,0.0666015625
1001,1232,"[0, 2, 1]",200,12.79139518737793,False,2.0,682,0.0666015625
1001,1233,"[0, 1, 2]",15,12.800455093383789,True,2.0,682,0.0666015625
1001,1234,"[0, 2, 1]",200,12.808799743652344,False,2.0,682,0.0666015625
1001,1235,"[0, 1, 2]",15,12.813806533813477,True,2.0,682,0.0666015625
1001,1236,"[0, 2, 1]",200,12.822389602661133,False,2.0,682,0.0666015625
1001,1237,"[0, 1, 2]",15,12.827396392822266,True,2.0,682,0.0666015625
1001,1238,"[0, 2, 1]",200,12.835979461669922,False,2.0,682,0.0666015625
1001,1239,"[0, 1, 2]",15,12.840986251831055,True,2.0,682,0.0666015625
1001,1240,"[0, 2, 1]",200,12.849569320678711,False,2.0,682,0.0666015625
1001,1241,"[0, 1, 2]",15,12.854576110839844,True,2.0,682,0.0666015625
1001,1242,"[0, 2, 1]",200,12.862682342529297,False,2.0,682,0.0666015625
1001,1243,"[0, 1, 2]",15,12.867927551269531,True,2.0,682,0.0666015625
1001,1244,"[0, 2, 1]",200,12.876033782958984,False,2.0,682,0.0666015625
1001,1245,"[0, 1, 2]",15,12.881278991699219,True,2.0,682,0.0666015625
1001,1246,"[0, 2, 1]",200,12.890100479125977,False,2.0,682,0.0666015625
1001,1247,"[0, 1, 2]",15,12.89510726928711,True,2.0,682,0.0666015625
1001,1248,"[0, 2, 1]",200,12.903690338134766,False,2.0,682,0.0666015625
1001,1249,"[0, 1, 2]",15,12.908935546875,True,2.0,682,0.0666015625
1001,1250,"[0, 2, 1]",200,12.917041778564453,False,2.0,682,0.0666015625
1001,1251,"[0, 1, 2]",15,12.922286987304688,True,2.0,682,0.0666015625
1001,1252,"[0, 2, 1]",200,12.93039321899414,False,2.0,682,0.0666015625
1001,1253,"[0, 1, 2]",15,12.935161590576172,True,2.0,682,0.0666015625
1001,1254,"[0, 2, 1]",200,12.94708251953125,False,2.0,682,0.0666015625
1001,1255,"[0, 1, 2]",15,12.951850891113281,True,2.0,682,0.0666015625
1001,1256,"[0, 2, 1]",200,12.987136840820312,False,2.0,682,0.0666015625
1001,1257,"[0, 1, 2]",15,12.998819351196289,True,2.0,682,0.0666015625
1001,1258,"[0, 2, 1]",200,13.012170791625977,False,2.0,682,0.0666015625
1001,1259,"[0, 1, 2]",15,13.019084930419922,True,2.0,682,0.0666015625
1001,1260,"[0, 2, 1]",200,13.030290603637695,False,2.0,682,0.0666015625
1001,1261,"[0, 1, 2]",15,13.036012649536133,True,2.0,682,0.0666015625
1001,1262,"[0, 2, 1]",200,13.045310974121094,False,2.0,682,0.0666015625
1001,1263,"[0, 1, 2]",15,13.051033020019531,True,2.0,682,0.0666015625
1001,1264,"[0, 2, 1]",200,13.059377670288086,False,2.0,682,0.0666015625
1001,1265,"[0, 1, 2]",15,13.06462287902832,True,2.0,682,0.0666015625
1001,1266,"[0, 2, 1]",200,13.074398040771484,False,2.0,682,0.0666015625
1001,1267,"[0, 1, 2]",15,13.080835342407227,True,2.0,682,0.0666015625
1001,1268,"[0, 2, 1]",200,13.091087341308594,False,2.0,682,0.0666015625
1001,1269,"[0, 1, 2]",15,13.096809387207031,True,2.0,682,0.0666015625
1001,1270,"[0, 2, 1]",200,13.10586929321289,False,2.0,682,0.0666015625
1001,1271,"[0, 1, 2]",15,13.111114501953125,True,2.0,682,0.0666015625
1001,1272,"[0, 2, 1]",200,13.11945915222168,False,2.0,682,0.0666015625
1001,1273,"[0, 1, 2]",15,13.124942779541016,True,2.0,682,0.0666015625
1001,1274,"[0, 2, 1]",200,13.13328742980957,False,2.0,682,0.0666015625
1001,1275,"[0, 1, 2]",15,13.144493103027344,True,2.0,682,0.0666015625
1001,1276,"[0, 2, 1]",200,13.153553009033203,False,2.0,682,0.0666015625
1001,1277,"[0, 1, 2]",15,13.159513473510742,True,2.0,682,0.0666015625
1001,1278,"[0, 2, 1]",200,13.172388076782227,False,2.0,682,0.0666015625
1001,1279,"[0, 1, 2]",15,13.177633285522461,True,2.0,682,0.0666015625
1001,1280,"[0, 2, 1]",200,13.186454772949219,False,2.0,682,0.0666015625
1001,1281,"[0, 1, 2]",15,13.191699981689453,True,2.0,682,0.0666015625
1001,1282,"[0, 2, 1]",200,13.200521469116211,False,2.0,682,0.0666015625
1001,1283,"[0, 1, 2]",15,13.205528259277344,True,2.0,682,0.0666015625
1001,1284,"[0, 2, 1]",200,13.213872909545898,False,2.0,682,0.0666015625
1001,1285,"[0, 1, 2]",15,13.218879699707031,True,2.0,682,0.0666015625
1001,1286,"[0, 2, 1]",200,13.227224349975586,False,2.0,682,0.0666015625
1001,1287,"[0, 1, 2]",15,13.232231140136719,True,2.0,682,0.0666015625
1001,1288,"[0, 2, 1]",200,13.240337371826172,False,2.0,682,0.0666015625
1001,1289,"[0, 1, 2]",15,13.245582580566406,True,2.0,682,0.0666015625
1001,1290,"[0, 2, 1]",200,13.253927230834961,False,2.0,682,0.0666015625
1001,1291,"[0, 1, 2]",15,13.258695602416992,True,2.0,682,0.0666015625
1001,1292,"[0, 2, 1]",200,13.267755508422852,False,2.0,682,0.0666015625
1001,1293,"[0, 1, 2]",15,13.273239135742188,True,2.0,682,0.0666015625
1001,1294,"[0, 2, 1]",200,13.281583786010742,False,2.0,682,0.0666015625
1001,1295,"[0, 1, 2]",15,13.286352157592773,True,2.0,682,0.0666015625
1001,1296,"[0, 2, 1]",200,13.298988342285156,False,2.0,682,0.0666015625
1001,1297,"[0, 1, 2]",15,13.30423355102539,True,2.0,682,0.0666015625
1001,1298,"[0, 2, 1]",200,13.312578201293945,False,2.0,682,0.0666015625
1001,1299,"[0, 1, 2]",15,13.317584991455078,True,2.0,682,0.0666015625
1001,1300,"[0, 2, 1]",200,13.325929641723633,False,2.0,682,0.0666015625
1001,1301,"[0, 1, 2]",15,13.330936431884766,True,2.0,682,0.0666015625
1001,1302,"[0, 2, 1]",200,13.339519500732422,False,2.0,682,0.0666015625
1001,1303,"[0, 1, 2]",15,13.344287872314453,True,2.0,682,0.0666015625
1001,1304,"[0, 2, 1]",200,13.352394104003906,False,2.0,682,0.0666015625
1001,1305,"[0, 1, 2]",15,13.35763931274414,True,2.0,682,0.0666015625
1001,1306,"[0, 2, 1]",200,13.366222381591797,False,2.0,682,0.0666015625
1001,1307,"[0, 1, 2]",15,13.37122917175293,True,2.0,682,0.0666015625
1001,1308,"[0, 2, 1]",200,13.379812240600586,False,2.0,682,0.0666015625
1001,1309,"[0, 1, 2]",15,13.385534286499023,True,2.0,682,0.0666015625
1001,1310,"[0, 2, 1]",200,13.393878936767578,False,2.0,682,0.0666015625
1001,1311,"[0, 1, 2]",15,13.398885726928711,True,2.0,682,0.0666015625
1001,1312,"[0, 2, 1]",200,13.406991958618164,False,2.0,682,0.0666015625
1001,1313,"[0, 1, 2]",15,13.411998748779297,True,2.0,682,0.0666015625
1001,1314,"[0, 2, 1]",200,13.42010498046875,False,2.0,682,0.0666015625
1001,1315,"[0, 1, 2]",15,13.425111770629883,True,2.0,682,0.0666015625
1001,1316,"[0, 2, 1]",200,13.433456420898438,False,2.0,682,0.0666015625
1001,1317,"[0, 1, 2]",15,13.444900512695312,True,2.0,682,0.0666015625
1001,1318,"[0, 2, 1]",200,13.45372200012207,False,2.0,682,0.0666015625
1001,1319,"[0, 1, 2]",15,13.458728790283203,True,2.0,682,0.0666015625
1001,1320,"[0, 2, 1]",200,13.467550277709961,False,2.0,682,0.0666015625
1001,1321,"[0, 1, 2]",15,13.472557067871094,True,2.0,682,0.0666015625
1001,1322,"[0, 2, 1]",200,13.480663299560547,False,2.0,682,0.0666015625
1001,1323,"[0, 1, 2]",15,13.485908508300781,True,2.0,682,0.0666015625
1001,1324,"[0, 2, 1]",200,13.494491577148438,False,2.0,682,0.0666015625
1001,1325,"[0, 1, 2]",15,13.499736785888672,True,2.0,682,0.0666015625
1001,1326,"[0, 2, 1]",200,13.508081436157227,False,2.0,682,0.0666015625
1001,1327,"[0, 1, 2]",15,13.513326644897461,True,2.0,682,0.0666015625
1001,1328,"[0, 2, 1]",200,13.521671295166016,False,2.0,682,0.0666015625
1001,1329,"[0, 1, 2]",15,13.52691650390625,True,2.0,682,0.0666015625
1001,1330,"[0, 2, 1]",200,13.535261154174805,False,2.0,682,0.0666015625
1001,1331,"[0, 1, 2]",15,13.540267944335938,True,2.0,682,0.0666015625
1001,1332,"[0, 2, 1]",200,13.548612594604492,False,2.0,682,0.0666015625
1001,1333,"[0, 1, 2]",15,13.553619384765625,True,2.0,682,0.0666015625
1001,1334,"[0, 2, 1]",200,13.562202453613281,False,2.0,682,0.0666015625
1001,1335,"[0, 1, 2]",15,13.566970825195312,True,2.0,682,0.0666015625
1001,1336,"[0, 2, 1]",200,13.575553894042969,False,2.0,682,0.0666015625
1001,1337,"[0, 1, 2]",15,13.580322265625,True,2.0,682,0.0666015625
1001,1338,"[0, 2, 1]",200,13.592004776000977,False,2.0,682,0.0666015625
1001,1339,"[0, 1, 2]",15,13.59701156616211,True,2.0,682,0.0666015625
1001,1340,"[0, 2, 1]",200,13.605356216430664,False,2.0,682,0.0666015625
1001,1341,"[0, 1, 2]",15,13.610363006591797,True,2.0,682,0.0666015625
1001,1342,"[0, 2, 1]",200,13.618707656860352,False,2.0,682,0.0666015625
1001,1343,"[0, 1, 2]",15,13.623714447021484,True,2.0,682,0.0666015625
1001,1344,"[0, 2, 1]",200,13.632059097290039,False,2.0,682,0.0666015625
1001,1345,"[0, 1, 2]",15,13.63682746887207,True,2.0,682,0.0666015625
1001,1346,"[0, 2, 1]",200,13.646125793457031,False,2.0,682,0.0666015625
1001,1347,"[0, 1, 2]",15,13.650894165039062,True,2.0,682,0.0666015625
1001,1348,"[0, 2, 1]",200,13.65971565246582,False,2.0,682,0.0666015625
1001,1349,"[0, 1, 2]",15,13.664484024047852,True,2.0,682,0.0666015625
1001,1350,"[0, 2, 1]",200,13.673067092895508,False,2.0,682,0.0666015625
1001,1351,"[0, 1, 2]",15,13.677835464477539,True,2.0,682,0.0666015625
1001,1352,"[0, 2, 1]",200,13.686418533325195,False,2.0,682,0.0666015625
1001,1353,"[0, 1, 2]",15,13.695001602172852,True,2.0,682,0.0666015625
1001,1354,"[0, 2, 1]",200,13.703584671020508,False,2.0,682,0.0666015625
1001,1355,"[0, 1, 2]",15,13.708829879760742,True,2.0,682,0.0666015625
1001,1356,"[0, 2, 1]",200,13.7176513671875,False,2.0,682,0.0666015625
1001,1357,"[0, 1, 2]",15,13.723134994506836,True,2.0,682,0.0666015625
1001,1358,"[0, 2, 1]",200,13.731718063354492,False,2.0,682,0.0666015625
1001,1359,"[0, 1, 2]",15,13.74053955078125,True,2.0,682,0.0666015625
1001,1360,"[0, 2, 1]",200,13.749361038208008,False,2.0,682,0.0666015625
1001,1361,"[0, 1, 2]",15,13.75436782836914,True,2.0,682,0.0666015625
1001,1362,"[0, 2, 1]",200,13.803720474243164,False,2.0,682,0.0666015625
1001,1363,"[0, 1, 2]",15,13.816356658935547,True,2.0,682,0.0666015625
0110,1364,"[2, 1, 0]",300,13.835906982421875,False,6.136129710583916,680,0.06640625
0110,1365,"[2, 1, 0]",300,13.845205307006836,True,6.136129710583916,680,0.06640625
0110,1366,"[2, 1, 0]",300,13.857364654541016,False,6.136129710583916,680,0.06640625
0110,1367,"[2, 1, 0]",300,13.864278793334961,True,6.136129710583916,680,0.06640625
0110,1368,"[2, 1, 0]",300,13.87476921081543,False,6.136129710583916,680,0.06640625
0110,1369,"[2, 1, 0]",300,13.881921768188477,True,6.136129710583916,680,0.06640625
0110,1370,"[2, 1, 0]",300,13.892412185668945,False,6.136129710583916,680,0.06640625
0110,1371,"[2, 1, 0]",300,13.898134231567383,True,6.136129710583916,680,0.06640625
0110,1372,"[2, 1, 0]",300,13.90695571899414,False,6.136129710583916,680,0.06640625
0110,1373,"[2, 1, 0]",300,13.912439346313477,True,6.136129710583916,680,0.06640625
0110,1374,"[2, 1, 0]",300,13.920783996582031,False,6.136129710583916,680,0.06640625
0110,1375,"[2, 1, 0]",300,13.926267623901367,True,6.136129710583916,680,0.06640625
0110,1376,"[2, 1, 0]",300,13.934850692749023,False,6.136129710583916,680,0.06640625
0110,1377,"[2, 1, 0]",300,13.940572738647461,True,6.136129710583916,680,0.06640625
0110,1378,"[2, 1, 0]",300,13.949155807495117,False,6.136129710583916,680,0.06640625
0110,1379,"[2, 1, 0]",300,14.024972915649414,True,6.136129710583916,680,0.06640625
0110,1380,"[2, 1, 0]",300,14.085769653320312,False,6.136129710583916,680,0.06640625
0110,1381,"[2, 1, 0]",300,14.096975326538086,True,6.136129710583916,680,0.06640625
0110,1382,"[2, 1, 0]",300,14.110088348388672,False,6.136129710583916,680,0.06640625
0110,1383,"[2, 1, 0]",300,14.116764068603516,True,6.136129710583916,680,0.06640625
0110,1384,"[2, 1, 0]",300,14.12653923034668,False,6.136129710583916,680,0.06640625
0110,1385,"[2, 1, 0]",300,14.132261276245117,True,6.136129710583916,680,0.06640625
0110,1386,"[2, 1, 0]",300,14.141321182250977,False,6.136129710583916,680,0.06640625
0110,1387,"[2, 1, 0]",300,14.147281646728516,True,6.136129710583916,680,0.06640625
0110,1388,"[2, 1, 0]",300,14.157772064208984,False,6.136129710583916,680,0.06640625
0110,1389,"[2, 1, 0]",300,14.163732528686523,True,6.136129710583916,680,0.06640625
0110,1390,"[2, 1, 0]",300,14.172792434692383,False,6.136129710583916,680,0.06640625
0110,1391,"[2, 1, 0]",300,14.178037643432617,True,6.136129710583916,680,0.06640625
0110,1392,"[2, 1, 0]",300,14.187097549438477,False,6.136129710583916,680,0.06640625
0110,1393,"[2, 1, 0]",300,14.19210433959961,True,6.136129710583916,680,0.06640625
0110,1394,"[2, 1, 0]",300,14.200925827026367,False,6.136129710583916,680,0.06640625
0110,1395,"[2, 1, 0]",300,14.205694198608398,True,6.136129710583916,680,0.06640625
0110,1396,"[2, 1, 0]",300,14.214515686035156,False,6.136129710583916,680,0.06640625
0110,1397,"[2, 1, 0]",300,14.219522476196289,True,6.136129710583916,680,0.06640625
0110,1398,"[2, 1, 0]",300,14.227867126464844,False,6.136129710583916,680,0.06640625
0110,1399,"[2, 1, 0]",300,14.232873916625977,True,6.136129710583916,680,0.06640625
0110,1400,"[2, 1, 0]",300,14.241695404052734,False,6.136129710583916,680,0.06640625
0110,1401,"[2, 1, 0]",300,14.25027847290039,True,6.136129710583916,680,0.06640625
0110,1402,"[2, 1, 0]",300,14.259099960327148,False,6.136129710583916,680,0.06640625
0110,1403,"[2, 1, 0]",300,14.26386833190918,True,6.136129710583916,680,0.06640625
0110,1404,"[2, 1, 0]",300,14.272689819335938,False,6.136129710583916,680,0.06640625
0110,1405,"[2, 1, 0]",300,14.277458190917969,True,6.136129710583916,680,0.06640625
0110,1406,"[2, 1, 0]",300,14.285564422607422,False,6.136129710583916,680,0.06640625
0110,1407,"[2, 1, 0]",300,14.290809631347656,True,6.136129710583916,680,0.06640625
0110,1408,"[2, 1, 0]",300,14.29891586303711,False,6.136129710583916,680,0.06640625
0110,1409,"[2, 1, 0]",300,14.303922653198242,True,6.136129710583916,680,0.06640625
0110,1410,"[2, 1, 0]",300,14.312505722045898,False,6.136129710583916,680,0.06640625
0110,1411,"[2, 1, 0]",300,14.317512512207031,True,6.136129710583916,680,0.06640625
0110,1412,"[2, 1, 0]",300,14.326095581054688,False,6.136129710583916,680,0.06640625
0110,1413,"[2, 1, 0]",300,14.335393905639648,True,6.136129710583916,680,0.06640625
0110,1414,"[2, 1, 0]",300,14.34469223022461,False,6.136129710583916,680,0.06640625
0110,1415,"[2, 1, 0]",300,14.662027359008789,True,6.136129710583916,680,0.06640625
0110,1416,"[2, 1, 0]",300,14.673948287963867,False,6.136129710583916,680,0.06640625
0110,1417,"[2, 1, 0]",300,14.679908752441406,True,6.136129710583916,680,0.06640625
0110,1418,"[2, 1, 0]",300,14.688253402709961,False,6.136129710583916,680,0.06640625
0110,1419,"[2, 1, 0]",300,14.693498611450195,True,6.136129710583916,680,0.06640625
0110,1420,"[2, 1, 0]",300,14.702320098876953,False,6.136129710583916,680,0.06640625
0110,1421,"[2, 1, 0]",300,14.736652374267578,True,6.136129710583916,680,0.06640625
0110,1422,"[2, 1, 0]",300,14.745712280273438,False,6.136129710583916,680,0.06640625
0110,1423,"[2, 1, 0]",300,14.753580093383789,True,6.136129710583916,680,0.06640625
0110,1424,"[2, 1, 0]",300,14.763593673706055,False,6.136129710583916,680,0.06640625
0110,1425,"[2, 1, 0]",300,14.768362045288086,True,6.136129710583916,680,0.06640625
0110,1426,"[2, 1, 0]",300,14.777183532714844,False,6.136129710583916,680,0.06640625
0110,1427,"[2, 1, 0]",300,14.782190322875977,True,6.136129710583916,680,0.06640625
0110,1428,"[2, 1, 0]",300,14.791250228881836,False,6.136129710583916,680,0.06640625
0110,1429,"[2, 1, 0]",300,14.796972274780273,True,6.136129710583916,680,0.06640625
0110,1430,"[2, 1, 0]",300,14.80555534362793,False,6.136129710583916,680,0.06640625
0110,1431,"[2, 1, 0]",300,14.810800552368164,True,6.136129710583916,680,0.06640625
0110,1432,"[2, 1, 0]",300,14.819622039794922,False,6.136129710583916,680,0.06640625
0110,1433,"[2, 1, 0]",300,14.825582504272461,True,6.136129710583916,680,0.06640625
0110,1434,"[2, 1, 0]",300,14.833927154541016,False,6.136129710583916,680,0.06640625
0110,1435,"[2, 1, 0]",300,14.839410781860352,True,6.136129710583916,680,0.06640625
0110,1436,"[2, 1, 0]",300,14.84823226928711,False,6.136129710583916,680,0.06640625
0110,1437,"[2, 1, 0]",300,14.853715896606445,True,6.136129710583916,680,0.06640625
0110,1438,"[2, 1, 0]",300,14.862298965454102,False,6.136129710583916,680,0.06640625
0110,1439,"[2, 1, 0]",300,14.867305755615234,True,6.136129710583916,680,0.06640625
0110,1440,"[2, 1, 0]",300,14.893770217895508,False,6.136129710583916,680,0.06640625
0110,1441,"[2, 1, 0]",300,14.906883239746094,True,6.136129710583916,680,0.06640625
0110,1442,"[2, 1, 0]",300,14.924287796020508,False,6.136129710583916,680,0.06640625
0110,1443,"[2, 1, 0]",300,14.937639236450195,True,6.136129710583916,680,0.06640625
0110,1444,"[2, 1, 0]",300,14.950275421142578,False,6.136129710583916,680,0.06640625
0110,1445,"[2, 1, 0]",300,14.957427978515625,True,6.136129710583916,680,0.06640625
0110,1446,"[2, 1, 0]",300,14.984369277954102,False,6.136129710583916,680,0.06640625
0110,1447,"[2, 1, 0]",300,14.997720718383789,True,6.136129710583916,680,0.06640625
0110,1448,"[2, 1, 0]",300,15.016317367553711,False,6.136129710583916,680,0.06640625
0110,1449,"[2, 1, 0]",300,15.02370834350586,True,6.136129710583916,680,0.06640625
0110,1450,"[2, 1, 0]",300,15.035629272460938,False,6.136129710583916,680,0.06640625
0110,1451,"[2, 1, 0]",300,15.042543411254883,True,6.136129710583916,680,0.06640625
0110,1452,"[2, 1, 0]",300,15.053033828735352,False,6.136129710583916,680,0.06640625
0110,1453,"[2, 1, 0]",300,15.059709548950195,True,6.136129710583916,680,0.06640625
0110,1454,"[2, 1, 0]",300,15.069007873535156,False,6.136129710583916,680,0.06640625
0110,1455,"[2, 1, 0]",300,15.074729919433594,True,6.136129710583916,680,0.06640625
0110,1456,"[2, 1, 0]",300,15.08331298828125,False,6.136129710583916,680,0.06640625
0110,1457,"[2, 1, 0]",300,15.088558197021484,True,6.136129710583916,680,0.06640625
0110,1458,"[2, 1, 0]",300,15.09714126586914,False,6.136129710583916,680,0.06640625
0110,1459,"[2, 1, 0]",300,15.101909637451172,True,6.136129710583916,680,0.06640625
0110,1460,"[2, 1, 0]",300,15.11073112487793,False,6.136129710583916,680,0.06640625
0110,1461,"[2, 1, 0]",300,15.115976333618164,True,6.136129710583916,680,0.06640625
0110,1462,"[2, 1, 0]",300,15.124797821044922,False,6.136129710583916,680,0.06640625
0110,1463,"[2, 1, 0]",300,15.135765075683594,True,6.136129710583916,680,0.06640625
0110,1464,"[2, 1, 0]",300,15.149593353271484,False,6.136129710583916,680,0.06640625
0110,1465,"[2, 1, 0]",300,15.155553817749023,True,6.136129710583916,680,0.06640625
0110,1466,"[2, 1, 0]",300,15.164613723754883,False,6.136129710583916,680,0.06640625
0110,1467,"[2, 1, 0]",300,15.17033576965332,True,6.136129710583916,680,0.06640625
0110,1468,"[2, 1, 0]",300,15.179634094238281,False,6.136129710583916,680,0.06640625
0110,1469,"[2, 1, 0]",300,15.184879302978516,True,6.136129710583916,680,0.06640625
0110,1470,"[2, 1, 0]",300,15.193462371826172,False,6.136129710583916,680,0.06640625
0110,1471,"[2, 1, 0]",300,15.198469161987305,True,6.136129710583916,680,0.06640625
0110,1472,"[2, 1, 0]",300,15.207052230834961,False,6.136129710583916,680,0.06640625
0110,1473,"[2, 1, 0]",300,15.212059020996094,True,6.136129710583916,680,0.06640625
0110,1474,"[2, 1, 0]",300,15.22064208984375,False,6.136129710583916,680,0.06640625
0110,1475,"[2, 1, 0]",300,15.225648880004883,True,6.136129710583916,680,0.06640625
0110,1476,"[2, 1, 0]",300,15.233755111694336,False,6.136129710583916,680,0.06640625
0110,1477,"[2, 1, 0]",300,15.23900032043457,True,6.136129710583916,680,0.06640625
0110,1478,"[2, 1, 0]",300,15.247344970703125,False,6.136129710583916,680,0.06640625
0110,1479,"[2, 1, 0]",300,15.25259017944336,True,6.136129710583916,680,0.06640625
0110,1480,"[2, 1, 0]",300,15.261173248291016,False,6.136129710583916,680,0.06640625
0110,1481,"[2, 1, 0]",300,15.266180038452148,True,6.136129710583916,680,0.06640625
0110,1482,"[2, 1, 0]",300,15.274524688720703,False,6.136129710583916,680,0.06640625
0110,1483,"[2, 1, 0]",300,15.279769897460938,True,6.136129710583916,680,0.06640625
0110,1484,"[2, 1, 0]",300,15.288352966308594,False,6.136129710583916,680,0.06640625
0110,1485,"[2, 1, 0]",300,15.297174453735352,True,6.136129710583916,680,0.06640625
0110,1486,"[2, 1, 0]",300,15.305757522583008,False,6.136129710583916,680,0.06640625
0110,1487,"[2, 1, 0]",300,15.311002731323242,True,6.136129710583916,680,0.06640625
0110,1488,"[2, 1, 0]",300,15.319585800170898,False,6.136129710583916,680,0.06640625
0110,1489,"[2, 1, 0]",300,15.324831008911133,True,6.136129710583916,680,0.06640625
0110,1490,"[2, 1, 0]",300,15.333175659179688,False,6.136129710583916,680,0.06640625
0110,1491,"[2, 1, 0]",300,15.33818244934082,True,6.136129710583916,680,0.06640625
0110,1492,"[2, 1, 0]",300,15.347480773925781,False,6.136129710583916,680,0.06640625
0110,1493,"[2, 1, 0]",300,15.352725982666016,True,6.136129710583916,680,0.06640625
0110,1494,"[2, 1, 0]",300,15.361547470092773,False,6.136129710583916,680,0.06640625
0110,1495,"[2, 1, 0]",300,15.366792678833008,True,6.136129710583916,680,0.06640625
0110,1496,"[2, 1, 0]",300,15.375137329101562,False,6.136129710583916,680,0.06640625
0110,1497,"[2, 1, 0]",300,15.380382537841797,True,6.136129710583916,680,0.06640625
0110,1498,"[2, 1, 0]",300,15.388727188110352,False,6.136129710583916,680,0.06640625
0110,1499,"[2, 1, 0]",300,15.393495559692383,True,6.136129710583916,680,0.06640625
0110,1500,"[2, 1, 0]",300,15.40231704711914,False,6.136129710583916,680,0.06640625
0110,1501,"[2, 1, 0]",300,15.407323837280273,True,6.136129710583916,680,0.06640625
0110,1502,"[2, 1, 0]",300,15.41590690612793,False,6.136129710583916,680,0.06640625
0110,1503,"[2, 1, 0]",300,15.420913696289062,True,6.136129710583916,680,0.06640625
0110,1504,"[2, 1, 0]",300,15.429258346557617,False,6.136129710583916,680,0.06640625
0110,1505,"[2, 1, 0]",300,15.437602996826172,True,6.136129710583916,680,0.06640625
0110,1506,"[2, 1, 0]",300,15.446901321411133,False,6.136129710583916,680,0.06640625
0110,1507,"[2, 1, 0]",300,15.451669692993164,True,6.136129710583916,680,0.06640625
0110,1508,"[2, 1, 0]",300,15.46025276184082,False,6.136129710583916,680,0.06640625
0110,1509,"[2, 1, 0]",300,15.465259552001953,True,6.136129710583916,680,0.06640625
0110,1510,"[2, 1, 0]",300,15.473365783691406,False,6.136129710583916,680,0.06640625
0110,1511,"[2, 1, 0]",300,15.47861099243164,True,6.136129710583916,680,0.06640625
0110,1512,"[2, 1, 0]",300,15.487909317016602,False,6.136129710583916,680,0.06640625
0110,1513,"[2, 1, 0]",300,15.49673080444336,True,6.136129710583916,680,0.06640625
0110,1514,"[2, 1, 0]",300,15.50602912902832,False,6.136129710583916,680,0.06640625
0110,1515,"[2, 1, 0]",300,15.562295913696289,True,6.136129710583916,680,0.06640625
0110,1516,"[2, 1, 0]",300,15.583992004394531,False,6.136129710583916,680,0.06640625
0110,1517,"[2, 1, 0]",300,15.592098236083984,True,6.136129710583916,680,0.06640625
0110,1518,"[2, 1, 0]",300,15.604257583618164,False,6.136129710583916,680,0.06640625
0110,1519,"[2, 1, 0]",300,15.610933303833008,True,6.136129710583916,680,0.06640625
0110,1520,"[2, 1, 0]",300,15.62190055847168,False,6.136129710583916,680,0.06640625
0110,1521,"[2, 1, 0]",300,15.635013580322266,True,6.136129710583916,680,0.06640625
0110,1522,"[2, 1, 0]",300,15.645027160644531,False,6.136129710583916,680,0.06640625
0110,1523,"[2, 1, 0]",300,15.65098762512207,True,6.136129710583916,680,0.06640625
0110,1524,"[2, 1, 0]",300,15.659809112548828,False,6.136129710583916,680,0.06640625
0110,1525,"[2, 1, 0]",300,15.665531158447266,True,6.136129710583916,680,0.06640625
0110,1526,"[2, 1, 0]",300,15.67387580871582,False,6.136129710583916,680,0.06640625
0110,1527,"[2, 1, 0]",300,15.683412551879883,True,6.136129710583916,680,0.06640625
0110,1528,"[2, 1, 0]",300,15.692710876464844,False,6.136129710583916,680,0.06640625
0110,1529,"[2, 1, 0]",300,15.697956085205078,True,6.136129710583916,680,0.06640625
0110,1530,"[2, 1, 0]",300,15.706777572631836,False,6.136129710583916,680,0.06640625
0110,1531,"[2, 1, 0]",300,15.711784362792969,True,6.136129710583916,680,0.06640625
0110,1532,"[2, 1, 0]",300,15.720367431640625,False,6.136129710583916,680,0.06640625
0110,1533,"[2, 1, 0]",300,15.725135803222656,True,6.136129710583916,680,0.06640625
0110,1534,"[2, 1, 0]",300,15.733480453491211,False,6.136129710583916,680,0.06640625
0110,1535,"[2, 1, 0]",300,15.738964080810547,True,6.136129710583916,680,0.06640625
0110,1536,"[2, 1, 0]",300,15.747308731079102,False,6.136129710583916,680,0.06640625
0110,1537,"[2, 1, 0]",300,15.752553939819336,True,6.136129710583916,680,0.06640625
0110,1538,"[2, 1, 0]",300,15.761375427246094,False,6.136129710583916,680,0.06640625
0110,1539,"[2, 1, 0]",300,15.766382217407227,True,6.136129710583916,680,0.06640625
0110,1540,"[2, 1, 0]",300,15.774726867675781,False,6.136129710583916,680,0.06640625
0110,1541,"[2, 1, 0]",300,15.780210494995117,True,6.136129710583916,680,0.06640625
0110,1542,"[2, 1, 0]",300,15.789985656738281,False,6.136129710583916,680,0.06640625
0110,1543,"[2, 1, 0]",300,15.794754028320312,True,6.136129710583916,680,0.06640625
0110,1544,"[2, 1, 0]",300,15.803098678588867,False,6.136129710583916,680,0.06640625
0110,1545,"[2, 1, 0]",300,15.80810546875,True,6.136129710583916,680,0.06640625
0110,1546,"[2, 1, 0]",300,15.81716537475586,False,6.136129710583916,680,0.06640625
0110,1547,"[2, 1, 0]",300,15.826702117919922,True,6.136129710583916,680,0.06640625
0110,1548,"[2, 1, 0]",300,15.835762023925781,False,6.136129710583916,680,0.06640625
0110,1549,"[2, 1, 0]",300,15.840768814086914,True,6.136129710583916,680,0.06640625
0110,1550,"[2, 1, 0]",300,15.849828720092773,False,6.136129710583916,680,0.06640625
0110,1551,"[2, 1, 0]",300,15.854597091674805,True,6.136129710583916,680,0.06640625
0110,1552,"[2, 1, 0]",300,15.863418579101562,False,6.136129710583916,680,0.06640625
0110,1553,"[2, 1, 0]",300,15.868425369262695,True,6.136129710583916,680,0.06640625
0110,1554,"[2, 1, 0]",300,15.877008438110352,False,6.136129710583916,680,0.06640625
0110,1555,"[2, 1, 0]",300,15.882015228271484,True,6.136129710583916,680,0.06640625
0110,1556,"[2, 1, 0]",300,15.890836715698242,False,6.136129710583916,680,0.06640625
0110,1557,"[2, 1, 0]",300,15.895605087280273,True,6.136129710583916,680,0.06640625
0110,1558,"[2, 1, 0]",300,15.904426574707031,False,6.136129710583916,680,0.06640625
0110,1559,"[2, 1, 0]",300,15.909194946289062,True,6.136129710583916,680,0.06640625
0110,1560,"[2, 1, 0]",300,15.917778015136719,False,6.136129710583916,680,0.06640625
0110,1561,"[2, 1, 0]",300,15.923023223876953,True,6.136129710583916,680,0.06640625
0110,1562,"[2, 1, 0]",300,15.932083129882812,False,6.136129710583916,680,0.06640625
0110,1563,"[2, 1, 0]",300,15.937089920043945,True,6.136129710583916,680,0.06640625
0110,1564,"[2, 1, 0]",300,15.950441360473633,False,6.136129710583916,680,0.06640625
0110,1565,"[2, 1, 0]",300,15.955448150634766,True,6.136129710583916,680,0.06640625
0110,1566,"[2, 1, 0]",300,15.964746475219727,False,6.136129710583916,680,0.06640625
0110,1567,"[2, 1, 0]",300,15.969991683959961,True,6.136129710583916,680,0.06640625
0110,1568,"[2, 1, 0]",300,16.007661819458008,False,6.136129710583916,680,0.06640625
0110,1569,"[2, 1, 0]",300,16.028404235839844,True,6.136129710583916,680,0.06640625
0110,1570,"[2, 1, 0]",300,16.042709350585938,False,6.136129710583916,680,0.06640625
0110,1571,"[2, 1, 0]",300,16.049861907958984,True,6.136129710583916,680,0.06640625
0110,1572,"[2, 1, 0]",300,16.060590744018555,False,6.136129710583916,680,0.06640625
0110,1573,"[2, 1, 0]",300,16.066789627075195,True,6.136129710583916,680,0.06640625
0110,1574,"[2, 1, 0]",300,16.07656478881836,False,6.136129710583916,680,0.06640625
0110,1575,"[2, 1, 0]",300,16.082286834716797,True,6.136129710583916,680,0.06640625
0110,1576,"[2, 1, 0]",300,16.091108322143555,False,6.136129710583916,680,0.06640625
0110,1577,"[2, 1, 0]",300,16.09635353088379,True,6.136129710583916,680,0.06640625
0110,1578,"[2, 1, 0]",300,16.10541343688965,False,6.136129710583916,680,0.06640625
0110,1579,"[2, 1, 0]",300,16.110658645629883,True,6.136129710583916,680,0.06640625
0110,1580,"[2, 1, 0]",300,16.11924171447754,False,6.136129710583916,680,0.06640625
0110,1581,"[2, 1, 0]",300,16.124486923217773,True,6.136129710583916,680,0.06640625
0110,1582,"[2, 1, 0]",300,16.13306999206543,False,6.136129710583916,680,0.06640625
0110,1583,"[2, 1, 0]",300,16.138076782226562,True,6.136129710583916,680,0.06640625
0110,1584,"[2, 1, 0]",300,16.14665985107422,False,6.136129710583916,680,0.06640625
0110,1585,"[2, 1, 0]",300,16.15166664123535,True,6.136129710583916,680,0.06640625
0110,1586,"[2, 1, 0]",300,16.160249710083008,False,6.136129710583916,680,0.06640625
0110,1587,"[2, 1, 0]",300,16.16525650024414,True,6.136129710583916,680,0.06640625
0110,1588,"[2, 1, 0]",300,16.173601150512695,False,6.136129710583916,680,0.06640625
0110,1589,"[2, 1, 0]",300,16.183137893676758,True,6.136129710583916,680,0.06640625
0110,1590,"[2, 1, 0]",300,16.192197799682617,False,6.136129710583916,680,0.06640625
0110,1591,"[2, 1, 0]",300,16.19744300842285,True,6.136129710583916,680,0.06640625
0110,1592,"[2, 1, 0]",300,16.206026077270508,False,6.136129710583916,680,0.06640625
0110,1593,"[2, 1, 0]",300,16.211271286010742,True,6.136129710583916,680,0.06640625
0110,1594,"[2, 1, 0]",300,16.219615936279297,False,6.136129710583916,680,0.06640625
0110,1595,"[2, 1, 0]",300,16.22486114501953,True,6.136129710583916,680,0.06640625
0110,1596,"[2, 1, 0]",300,16.23368263244629,False,6.136129710583916,680,0.06640625
0110,1597,"[2, 1, 0]",300,16.238927841186523,True,6.136129710583916,680,0.06640625
0110,1598,"[2, 1, 0]",300,16.24751091003418,False,6.136129710583916,680,0.06640625
0110,1599,"[2, 1, 0]",300,16.252756118774414,True,6.136129710583916,680,0.06640625
0110,1600,"[2, 1, 0]",300,16.26110076904297,False,6.136129710583916,680,0.06640625
0110,1601,"[2, 1, 0]",300,16.266345977783203,True,6.136129710583916,680,0.06640625
0110,1602,"[2, 1, 0]",300,16.274690628051758,False,6.136129710583916,680,0.06640625
0110,1603,"[2, 1, 0]",300,16.27969741821289,True,6.136129710583916,680,0.06640625
0110,1604,"[2, 1, 0]",300,16.288280487060547,False,6.136129710583916,680,0.06640625
0110,1605,"[2, 1, 0]",300,16.29352569580078,True,6.136129710583916,680,0.06640625
0110,1606,"[2, 1, 0]",300,16.30234718322754,False,6.136129710583916,680,0.06640625
0110,1607,"[2, 1, 0]",300,16.307353973388672,True,6.136129710583916,680,0.06640625
0110,1608,"[2, 1, 0]",300,16.315698623657227,False,6.136129710583916,680,0.06640625
0110,1609,"[2, 1, 0]",300,16.320466995239258,True,6.136129710583916,680,0.06640625
0110,1610,"[2, 1, 0]",300,16.329050064086914,False,6.136129710583916,680,0.06640625
0110,1611,"[2, 1, 0]",300,16.33930206298828,True,6.136129710583916,680,0.06640625
0110,1612,"[2, 1, 0]",300,16.347646713256836,False,6.136129710583916,680,0.06640625
0110,1613,"[2, 1, 0]",300,16.35289192199707,True,6.136129710583916,680,0.06640625
0110,1614,"[2, 1, 0]",300,16.365766525268555,False,6.136129710583916,680,0.06640625
0110,1615,"[2, 1, 0]",300,16.371726989746094,True,6.136129710583916,680,0.06640625
0110,1616,"[2, 1, 0]",300,16.381502151489258,False,6.136129710583916,680,0.06640625
0110,1617,"[2, 1, 0]",300,16.38650894165039,True,6.136129710583916,680,0.06640625
0110,1618,"[2, 1, 0]",300,16.395092010498047,False,6.136129710583916,680,0.06640625
0110,1619,"[2, 1, 0]",300,16.401290893554688,True,6.136129710583916,680,0.06640625
0110,1620,"[2, 1, 0]",300,16.409873962402344,False,6.136129710583916,680,0.06640625
0110,1621,"[2, 1, 0]",300,16.414880752563477,True,6.136129710583916,680,0.06640625
0110,1622,"[2, 1, 0]",300,16.42322540283203,False,6.136129710583916,680,0.06640625
0110,1623,"[2, 1, 0]",300,16.427993774414062,True,6.136129710583916,680,0.06640625
0110,1624,"[2, 1, 0]",300,16.43657684326172,False,6.136129710583916,680,0.06640625
0110,1625,"[2, 1, 0]",300,16.44134521484375,True,6.136129710583916,680,0.06640625
0110,1626,"[2, 1, 0]",300,16.45040512084961,False,6.136129710583916,680,0.06640625
0110,1627,"[2, 1, 0]",300,16.45517349243164,True,6.136129710583916,680,0.06640625
0110,1628,"[2, 1, 0]",300,16.4642333984375,False,6.136129710583916,680,0.06640625
0110,1629,"[2, 1, 0]",300,16.469240188598633,True,6.136129710583916,680,0.06640625
0110,1630,"[2, 1, 0]",300,16.47782325744629,False,6.136129710583916,680,0.06640625
0110,1631,"[2, 1, 0]",300,16.486644744873047,True,6.136129710583916,680,0.06640625
0110,1632,"[2, 1, 0]",300,16.495466232299805,False,6.136129710583916,680,0.06640625
0110,1633,"[2, 1, 0]",300,16.500234603881836,True,6.136129710583916,680,0.06640625
0110,1634,"[2, 1, 0]",300,16.509056091308594,False,6.136129710583916,680,0.06640625
0110,1635,"[2, 1, 0]",300,16.513824462890625,True,6.136129710583916,680,0.06640625
0110,1636,"[2, 1, 0]",300,16.52240753173828,False,6.136129710583916,680,0.06640625
0110,1637,"[2, 1, 0]",300,16.527414321899414,True,6.136129710583916,680,0.06640625
0110,1638,"[2, 1, 0]",300,16.53575897216797,False,6.136129710583916,680,0.06640625
0110,1639,"[2, 1, 0]",300,16.5407657623291,True,6.136129710583916,680,0.06640625
0110,1640,"[2, 1, 0]",300,16.548871994018555,False,6.136129710583916,680,0.06640625
0110,1641,"[2, 1, 0]",300,16.553878784179688,True,6.136129710583916,680,0.06640625
0110,1642,"[2, 1, 0]",300,16.562223434448242,False,6.136129710583916,680,0.06640625
0110,1643,"[2, 1, 0]",300,16.567468643188477,True,6.136129710583916,680,0.06640625
0110,1644,"[2, 1, 0]",300,16.576051712036133,False,6.136129710583916,680,0.06640625
0110,1645,"[2, 1, 0]",300,16.580820083618164,True,6.136129710583916,680,0.06640625
0110,1646,"[2, 1, 0]",300,16.589879989624023,False,6.136129710583916,680,0.06640625
0110,1647,"[2, 1, 0]",300,16.594648361206055,True,6.136129710583916,680,0.06640625
0110,1648,"[2, 1, 0]",300,16.603469848632812,False,6.136129710583916,680,0.06640625
0110,1649,"[2, 1, 0]",300,16.608238220214844,True,6.136129710583916,680,0.06640625
0110,1650,"[2, 1, 0]",300,16.6168212890625,False,6.136129710583916,680,0.06640625
0110,1651,"[2, 1, 0]",300,16.62158966064453,True,6.136129710583916,680,0.06640625
0110,1652,"[2, 1, 0]",300,16.630172729492188,False,6.136129710583916,680,0.06640625
0110,1653,"[2, 1, 0]",300,16.638755798339844,True,6.136129710583916,680,0.06640625
0110,1654,"[2, 1, 0]",300,16.6475772857666,False,6.136129710583916,680,0.06640625
0110,1655,"[2, 1, 0]",300,16.652584075927734,True,6.136129710583916,680,0.06640625
0110,1656,"[2, 1, 0]",300,16.66116714477539,False,6.136129710583916,680,0.06640625
0110,1657,"[2, 1, 0]",300,16.666173934936523,True,6.136129710583916,680,0.06640625
0110,1658,"[2, 1, 0]",300,16.67475700378418,False,6.136129710583916,680,0.06640625
0110,1659,"[2, 1, 0]",300,16.679763793945312,True,6.136129710583916,680,0.06640625
0110,1660,"[2, 1, 0]",300,16.68858528137207,False,6.136129710583916,680,0.06640625
0110,1661,"[2, 1, 0]",300,16.693592071533203,True,6.136129710583916,680,0.06640625
0110,1662,"[2, 1, 0]",300,16.70241355895996,False,6.136129710583916,680,0.06640625
0110,1663,"[2, 1, 0]",300,16.707658767700195,True,6.136129710583916,680,0.06640625
0110,1664,"[2, 1, 0]",300,16.71624183654785,False,6.136129710583916,680,0.06640625
0110,1665,"[2, 1, 0]",300,16.725540161132812,True,6.136129710583916,680,0.06640625
0110,1666,"[2, 1, 0]",300,16.734838485717773,False,6.136129710583916,680,0.06640625
0110,1667,"[2, 1, 0]",300,16.739845275878906,True,6.136129710583916,680,0.06640625
0110,1668,"[2, 1, 0]",300,16.749143600463867,False,6.136129710583916,680,0.06640625
0110,1669,"[2, 1, 0]",300,16.754150390625,True,6.136129710583916,680,0.06640625
0110,1670,"[2, 1, 0]",300,16.762971878051758,False,6.136129710583916,680,0.06640625
0110,1671,"[2, 1, 0]",300,16.76774024963379,True,6.136129710583916,680,0.06640625
0110,1672,"[2, 1, 0]",300,16.77680015563965,False,6.136129710583916,680,0.06640625
0110,1673,"[2, 1, 0]",300,16.785383224487305,True,6.136129710583916,680,0.06640625
0110,1674,"[2, 1, 0]",300,16.794681549072266,False,6.136129710583916,680,0.06640625
0110,1675,"[2, 1, 0]",300,16.799449920654297,True,6.136129710583916,680,0.06640625
0110,1676,"[2, 1, 0]",300,16.808748245239258,False,6.136129710583916,680,0.06640625
0110,1677,"[2, 1, 0]",300,16.813993453979492,True,6.136129710583916,680,0.06640625
0110,1678,"[2, 1, 0]",300,16.82257652282715,False,6.136129710583916,680,0.06640625
0110,1679,"[2, 1, 0]",300,16.827821731567383,True,6.136129710583916,680,0.06640625
0110,1680,"[2, 1, 0]",300,16.83640480041504,False,6.136129710583916,680,0.06640625
0110,1681,"[2, 1, 0]",300,16.84117317199707,True,6.136129710583916,680,0.06640625
0110,1682,"[2, 1, 0]",300,16.849756240844727,False,6.136129710583916,680,0.06640625
0110,1683,"[2, 1, 0]",300,16.854524612426758,True,6.136129710583916,680,0.06640625
0110,1684,"[2, 1, 0]",300,16.863346099853516,False,6.136129710583916,680,0.06640625
0110,1685,"[2, 1, 0]",300,16.86835289001465,True,6.136129710583916,680,0.06640625
0110,1686,"[2, 1, 0]",300,16.877174377441406,False,6.136129710583916,680,0.06640625
0110,1687,"[2, 1, 0]",300,16.88218116760254,True,6.136129710583916,680,0.06640625
0110,1688,"[2, 1, 0]",300,16.891002655029297,False,6.136129710583916,680,0.06640625
0110,1689,"[2, 1, 0]",300,16.899824142456055,True,6.136129710583916,680,0.06640625
0110,1690,"[2, 1, 0]",300,16.908645629882812,False,6.136129710583916,680,0.06640625
0110,1691,"[2, 1, 0]",300,16.913890838623047,True,6.136129710583916,680,0.06640625
0110,1692,"[2, 1, 0]",300,16.923189163208008,False,6.136129710583916,680,0.06640625
0110,1693,"[2, 1, 0]",300,16.92938804626465,True,6.136129710583916,680,0.06640625
0110,1694,"[2, 1, 0]",300,16.938447952270508,False,6.136129710583916,680,0.06640625
0110,1695,"[2, 1, 0]",300,16.94774627685547,True,6.136129710583916,680,0.06640625
0110,1696,"[2, 1, 0]",300,16.956806182861328,False,6.136129710583916,680,0.06640625
0110,1697,"[2, 1, 0]",300,16.96181297302246,True,6.136129710583916,680,0.06640625
0110,1698,"[2, 1, 0]",300,16.97063446044922,False,6.136129710583916,680,0.06640625
0110,1699,"[2, 1, 0]",300,16.97540283203125,True,6.136129710583916,680,0.06640625
0110,1700,"[2, 1, 0]",300,17.01211929321289,False,6.136129710583916,680,0.06640625
0110,1701,"[2, 1, 0]",300,17.02404022216797,True,6.136129710583916,680,0.06640625
0110,1702,"[2, 1, 0]",300,17.039775848388672,False,6.136129710583916,680,0.06640625
0110,1703,"[2, 1, 0]",300,17.046213150024414,True,6.136129710583916,680,0.06640625
0110,1704,"[2, 1, 0]",300,17.057180404663086,False,6.136129710583916,680,0.06640625
0110,1705,"[2, 1, 0]",300,17.062664031982422,True,6.136129710583916,680,0.06640625
0110,1706,"[2, 1, 0]",300,17.071962356567383,False,6.136129710583916,680,0.06640625
0110,1707,"[2, 1, 0]",300,17.077922821044922,True,6.136129710583916,680,0.06640625
0110,1708,"[2, 1, 0]",300,17.08674430847168,False,6.136129710583916,680,0.06640625
0110,1709,"[2, 1, 0]",300,17.092466354370117,True,6.136129710583916,680,0.06640625
0110,1710,"[2, 1, 0]",300,17.101049423217773,False,6.136129710583916,680,0.06640625
0110,1711,"[2, 1, 0]",300,17.106294631958008,True,6.136129710583916,680,0.06640625
0110,1712,"[2, 1, 0]",300,17.114877700805664,False,6.136129710583916,680,0.06640625
0110,1713,"[2, 1, 0]",300,17.1201229095459,True,6.136129710583916,680,0.06640625
0110,1714,"[2, 1, 0]",300,17.128944396972656,False,6.136129710583916,680,0.06640625
0110,1715,"[2, 1, 0]",300,17.140865325927734,True,6.136129710583916,680,0.06640625
0110,1716,"[2, 1, 0]",300,17.154693603515625,False,6.136129710583916,680,0.06640625
0110,1717,"[2, 1, 0]",300,17.16017723083496,True,6.136129710583916,680,0.06640625
0110,1718,"[2, 1, 0]",300,17.16899871826172,False,6.136129710583916,680,0.06640625
0110,1719,"[2, 1, 0]",300,17.17400550842285,True,6.136129710583916,680,0.06640625
0110,1720,"[2, 1, 0]",300,17.18282699584961,False,6.136129710583916,680,0.06640625
0110,1721,"[2, 1, 0]",300,17.18759536743164,True,6.136129710583916,680,0.06640625
0110,1722,"[2, 1, 0]",300,17.195940017700195,False,6.136129710583916,680,0.06640625
0110,1723,"[2, 1, 0]",300,17.200708389282227,True,6.136129710583916,680,0.06640625
0110,1724,"[2, 1, 0]",300,17.209291458129883,False,6.136129710583916,680,0.06640625
0110,1725,"[2, 1, 0]",300,17.21501350402832,True,6.136129710583916,680,0.06640625
0110,1726,"[2, 1, 0]",300,17.223834991455078,False,6.136129710583916,680,0.06640625
0110,1727,"[2, 1, 0]",300,17.22884178161621,True,6.136129710583916,680,0.06640625
0110,1728,"[2, 1, 0]",300,17.23766326904297,False,6.136129710583916,680,0.06640625
0110,1729,"[2, 1, 0]",300,17.242431640625,True,6.136129710583916,680,0.06640625
0110,1730,"[2, 1, 0]",300,17.251014709472656,False,6.136129710583916,680,0.06640625
0110,1731,"[2, 1, 0]",300,17.25602149963379,True,6.136129710583916,680,0.06640625
0110,1732,"[2, 1, 0]",300,17.264127731323242,False,6.136129710583916,680,0.06640625
0110,1733,"[2, 1, 0]",300,17.269372940063477,True,6.136129710583916,680,0.06640625
0110,1734,"[2, 1, 0]",300,17.277956008911133,False,6.136129710583916,680,0.06640625
0110,1735,"[2, 1, 0]",300,17.283201217651367,True,6.136129710583916,680,0.06640625
0110,1736,"[2, 1, 0]",300,17.291784286499023,False,6.136129710583916,680,0.06640625
0110,1737,"[2, 1, 0]",300,17.300844192504883,True,6.136129710583916,680,0.06640625
0110,1738,"[2, 1, 0]",300,17.30966567993164,False,6.136129710583916,680,0.06640625
0110,1739,"[2, 1, 0]",300,17.315149307250977,True,6.136129710583916,680,0.06640625
0110,1740,"[2, 1, 0]",300,17.323732376098633,False,6.136129710583916,680,0.06640625
0110,1741,"[2, 1, 0]",300,17.32921600341797,True,6.136129710583916,680,0.06640625
0110,1742,"[2, 1, 0]",300,17.337799072265625,False,6.136129710583916,680,0.06640625
0110,1743,"[2, 1, 0]",300,17.34304428100586,True,6.136129710583916,680,0.06640625
0110,1744,"[2, 1, 0]",300,17.351627349853516,False,6.136129710583916,680,0.06640625
0110,1745,"[2, 1, 0]",300,17.35663414001465,True,6.136129710583916,680,0.06640625
0110,1746,"[2, 1, 0]",300,17.36617088317871,False,6.136129710583916,680,0.06640625
0110,1747,"[2, 1, 0]",300,17.370939254760742,True,6.136129710583916,680,0.06640625
0110,1748,"[2, 1, 0]",300,17.3799991607666,False,6.136129710583916,680,0.06640625
0110,1749,"[2, 1, 0]",300,17.385244369506836,True,6.136129710583916,680,0.06640625
0110,1750,"[2, 1, 0]",300,17.394065856933594,False,6.136129710583916,680,0.06640625
0110,1751,"[2, 1, 0]",300,17.399072647094727,True,6.136129710583916,680,0.06640625
0110,1752,"[2, 1, 0]",300,17.407655715942383,False,6.136129710583916,680,0.06640625
0110,1753,"[2, 1, 0]",300,17.412662506103516,True,6.136129710583916,680,0.06640625
0110,1754,"[2, 1, 0]",300,17.421483993530273,False,6.136129710583916,680,0.06640625
0110,1755,"[2, 1, 0]",300,17.426252365112305,True,6.136129710583916,680,0.06640625
0110,1756,"[2, 1, 0]",300,17.43459701538086,False,6.136129710583916,680,0.06640625
0110,1757,"[2, 1, 0]",300,17.44389533996582,True,6.136129710583916,680,0.06640625
0110,1758,"[2, 1, 0]",300,17.45295524597168,False,6.136129710583916,680,0.06640625
0110,1759,"[2, 1, 0]",300,17.457962036132812,True,6.136129710583916,680,0.06640625
0110,1760,"[2, 1, 0]",300,17.46678352355957,False,6.136129710583916,680,0.06640625
0110,1761,"[2, 1, 0]",300,17.4715518951416,True,6.136129710583916,680,0.06640625
0110,1762,"[2, 1, 0]",300,17.480134963989258,False,6.136129710583916,680,0.06640625
0110,1763,"[2, 1, 0]",300,17.509937286376953,True,6.136129710583916,680,0.06640625
0110,1764,"[2, 1, 0]",300,17.519235610961914,False,6.136129710583916,680,0.06640625
0110,1765,"[2, 1, 0]",300,17.529726028442383,True,6.136129710583916,680,0.06640625
0110,1766,"[2, 1, 0]",300,17.538785934448242,False,6.136129710583916,680,0.06640625
0110,1767,"[2, 1, 0]",300,17.544984817504883,True,6.136129710583916,680,0.06640625
0110,1768,"[2, 1, 0]",300,17.554283142089844,False,6.136129710583916,680,0.06640625
0110,1769,"[2, 1, 0]",300,17.559051513671875,True,6.136129710583916,680,0.06640625
0110,1770,"[2, 1, 0]",300,17.568111419677734,False,6.136129710583916,680,0.06640625
0110,1771,"[2, 1, 0]",300,17.572879791259766,True,6.136129710583916,680,0.06640625
0110,1772,"[2, 1, 0]",300,17.581939697265625,False,6.136129710583916,680,0.06640625
0110,1773,"[2, 1, 0]",300,17.58718490600586,True,6.136129710583916,680,0.06640625
0110,1774,"[2, 1, 0]",300,17.59624481201172,False,6.136129710583916,680,0.06640625
0110,1775,"[2, 1, 0]",300,17.60101318359375,True,6.136129710583916,680,0.06640625
0110,1776,"[2, 1, 0]",300,17.609834671020508,False,6.136129710583916,680,0.06640625
0110,1777,"[2, 1, 0]",300,17.61460304260254,True,6.136129710583916,680,0.06640625
0110,1778,"[2, 1, 0]",300,17.6236629486084,False,6.136129710583916,680,0.06640625
0110,1779,"[2, 1, 0]",300,17.635107040405273,True,6.136129710583916,680,0.06640625
0110,1780,"[2, 1, 0]",300,17.644166946411133,False,6.136129710583916,680,0.06640625
0110,1781,"[2, 1, 0]",300,17.64965057373047,True,6.136129710583916,680,0.06640625
0110,1782,"[2, 1, 0]",300,17.658472061157227,False,6.136129710583916,680,0.06640625
0110,1783,"[2, 1, 0]",300,17.663240432739258,True,6.136129710583916,680,0.06640625
0110,1784,"[2, 1, 0]",300,17.672300338745117,False,6.136129710583916,680,0.06640625
0110,1785,"[2, 1, 0]",300,17.67706871032715,True,6.136129710583916,680,0.06640625
0110,1786,"[2, 1, 0]",300,17.685651779174805,False,6.136129710583916,680,0.06640625
0110,1787,"[2, 1, 0]",300,17.690658569335938,True,6.136129710583916,680,0.06640625
0110,1788,"[2, 1, 0]",300,17.699480056762695,False,6.136129710583916,680,0.06640625
0110,1789,"[2, 1, 0]",300,17.704486846923828,True,6.136129710583916,680,0.06640625
0110,1790,"[2, 1, 0]",300,17.713308334350586,False,6.136129710583916,680,0.06640625
0110,1791,"[2, 1, 0]",300,17.71831512451172,True,6.136129710583916,680,0.06640625
0110,1792,"[2, 1, 0]",300,17.727136611938477,False,6.136129710583916,680,0.06640625
0110,1793,"[2, 1, 0]",300,17.732620239257812,True,6.136129710583916,680,0.06640625
0110,1794,"[2, 1, 0]",300,17.74120330810547,False,6.136129710583916,680,0.06640625
0110,1795,"[2, 1, 0]",300,17.7459716796875,True,6.136129710583916,680,0.06640625
0110,1796,"[2, 1, 0]",300,17.754316329956055,False,6.136129710583916,680,0.06640625
0110,1797,"[2, 1, 0]",300,17.75956153869629,True,6.136129710583916,680,0.06640625
0110,1798,"[2, 1, 0]",300,17.76862144470215,False,6.136129710583916,680,0.06640625
0110,1799,"[2, 1, 0]",300,17.77935028076172,True,6.136129710583916,680,0.06640625
0110,1800,"[2, 1, 0]",300,17.78864860534668,False,6.136129710583916,680,0.06640625
0110,1801,"[2, 1, 0]",300,17.793893814086914,True,6.136129710583916,680,0.06640625
0110,1802,"[2, 1, 0]",300,17.80247688293457,False,6.136129710583916,680,0.06640625
0110,1803,"[2, 1, 0]",300,17.807722091674805,True,6.136129710583916,680,0.06640625
0110,1804,"[2, 1, 0]",300,17.81630516052246,False,6.136129710583916,680,0.06640625
0110,1805,"[2, 1, 0]",300,17.821788787841797,True,6.136129710583916,680,0.06640625
0110,1806,"[2, 1, 0]",300,17.830371856689453,False,6.136129710583916,680,0.06640625
0110,1807,"[2, 1, 0]",300,17.835617065429688,True,6.136129710583916,680,0.06640625
0110,1808,"[2, 1, 0]",300,17.843961715698242,False,6.136129710583916,680,0.06640625
0110,1809,"[2, 1, 0]",300,17.849206924438477,True,6.136129710583916,680,0.06640625
0110,1810,"[2, 1, 0]",300,17.85755157470703,False,6.136129710583916,680,0.06640625
0110,1811,"[2, 1, 0]",300,17.862558364868164,True,6.136129710583916,680,0.06640625
0110,1812,"[2, 1, 0]",300,17.871379852294922,False,6.136129710583916,680,0.06640625
0110,1813,"[2, 1, 0]",300,17.876386642456055,True,6.136129710583916,680,0.06640625
0110,1814,"[2, 1, 0]",300,17.88496971130371,False,6.136129710583916,680,0.06640625
0110,1815,"[2, 1, 0]",300,17.890214920043945,True,6.136129710583916,680,0.06640625
0110,1816,"[2, 1, 0]",300,17.902851104736328,False,6.136129710583916,680,0.06640625
0110,1817,"[2, 1, 0]",300,17.908096313476562,True,6.136129710583916,680,0.06640625
0110,1818,"[2, 1, 0]",300,17.91691780090332,False,6.136129710583916,680,0.06640625
0110,1819,"[2, 1, 0]",300,17.921924591064453,True,6.136129710583916,680,0.06640625
0110,1820,"[2, 1, 0]",300,17.93074607849121,False,6.136129710583916,680,0.06640625
0110,1821,"[2, 1, 0]",300,17.93956756591797,True,6.136129710583916,680,0.06640625
0110,1822,"[2, 1, 0]",300,17.948627471923828,False,6.136129710583916,680,0.06640625
0110,1823,"[2, 1, 0]",300,17.95363426208496,True,6.136129710583916,680,0.06640625
0110,1824,"[2, 1, 0]",300,17.961740493774414,False,6.136129710583916,680,0.06640625
0110,1825,"[2, 1, 0]",300,17.966747283935547,True,6.136129710583916,680,0.06640625
0110,1826,"[2, 1, 0]",300,17.975330352783203,False,6.136129710583916,680,0.06640625
0110,1827,"[2, 1, 0]",300,17.980575561523438,True,6.136129710583916,680,0.06640625
0110,1828,"[2, 1, 0]",300,18.021106719970703,False,6.136129710583916,680,0.06640625
0110,1829,"[2, 1, 0]",300,18.033266067504883,True,6.136129710583916,680,0.06640625
0110,1830,"[2, 1, 0]",300,18.049240112304688,False,6.136129710583916,680,0.06640625
0110,1831,"[2, 1, 0]",300,18.056392669677734,True,6.136129710583916,680,0.06640625
0110,1832,"[2, 1, 0]",300,18.06783676147461,False,6.136129710583916,680,0.06640625
0110,1833,"[2, 1, 0]",300,18.073558807373047,True,6.136129710583916,680,0.06640625
0110,1834,"[2, 1, 0]",300,18.08333396911621,False,6.136129710583916,680,0.06640625
0110,1835,"[2, 1, 0]",300,18.088817596435547,True,6.136129710583916,680,0.06640625
0110,1836,"[2, 1, 0]",300,18.097639083862305,False,6.136129710583916,680,0.06640625
0110,1837,"[2, 1, 0]",300,18.103837966918945,True,6.136129710583916,680,0.06640625
0110,1838,"[2, 1, 0]",300,18.11385154724121,False,6.136129710583916,680,0.06640625
0110,1839,"[2, 1, 0]",300,18.120288848876953,True,6.136129710583916,680,0.06640625
0110,1840,"[2, 1, 0]",300,18.129348754882812,False,6.136129710583916,680,0.06640625
0110,1841,"[2, 1, 0]",300,18.14746856689453,True,6.136129710583916,680,0.06640625
0110,1842,"[2, 1, 0]",300,18.15652847290039,False,6.136129710583916,680,0.06640625
0110,1843,"[2, 1, 0]",300,18.161773681640625,True,6.136129710583916,680,0.06640625
0110,1844,"[2, 1, 0]",300,18.170833587646484,False,6.136129710583916,680,0.06640625
0110,1845,"[2, 1, 0]",300,18.17607879638672,True,6.136129710583916,680,0.06640625
0110,1846,"[2, 1, 0]",300,18.185138702392578,False,6.136129710583916,680,0.06640625
0110,1847,"[2, 1, 0]",300,18.19014549255371,True,6.136129710583916,680,0.06640625
0110,1848,"[2, 1, 0]",300,18.198490142822266,False,6.136129710583916,680,0.06640625
0110,1849,"[2, 1, 0]",300,18.2037353515625,True,6.136129710583916,680,0.06640625
0110,1850,"[2, 1, 0]",300,18.212318420410156,False,6.136129710583916,680,0.06640625
0110,1851,"[2, 1, 0]",300,18.21756362915039,True,6.136129710583916,680,0.06640625
0110,1852,"[2, 1, 0]",300,18.226146697998047,False,6.136129710583916,680,0.06640625
0110,1853,"[2, 1, 0]",300,18.23139190673828,True,6.136129710583916,680,0.06640625
0110,1854,"[2, 1, 0]",300,18.239974975585938,False,6.136129710583916,680,0.06640625
0110,1855,"[2, 1, 0]",300,18.245220184326172,True,6.136129710583916,680,0.06640625
0110,1856,"[2, 1, 0]",300,18.253803253173828,False,6.136129710583916,680,0.06640625
0110,1857,"[2, 1, 0]",300,18.26310157775879,True,6.136129710583916,680,0.06640625
0110,1858,"[2, 1, 0]",300,18.271923065185547,False,6.136129710583916,680,0.06640625
0110,1859,"[2, 1, 0]",300,18.27716827392578,True,6.136129710583916,680,0.06640625
0110,1860,"[2, 1, 0]",300,18.28598976135254,False,6.136129710583916,680,0.06640625
0110,1861,"[2, 1, 0]",300,18.291473388671875,True,6.136129710583916,680,0.06640625
0110,1862,"[2, 1, 0]",300,18.300533294677734,False,6.136129710583916,680,0.06640625
0110,1863,"[2, 1, 0]",300,18.311023712158203,True,6.136129710583916,680,0.06640625
0110,1864,"[2, 1, 0]",300,18.31960678100586,False,6.136129710583916,680,0.06640625
0110,1865,"[2, 1, 0]",300,18.324851989746094,True,6.136129710583916,680,0.06640625
0110,1866,"[2, 1, 0]",300,18.33963394165039,False,6.136129710583916,680,0.06640625
0110,1867,"[2, 1, 0]",300,18.345355987548828,True,6.136129710583916,680,0.06640625
0110,1868,"[2, 1, 0]",300,18.355369567871094,False,6.136129710583916,680,0.06640625
0110,1869,"[2, 1, 0]",300,18.360614776611328,True,6.136129710583916,680,0.06640625
0110,1870,"[2, 1, 0]",300,18.373727798461914,False,6.136129710583916,680,0.06640625
0110,1871,"[2, 1, 0]",300,18.37897300720215,True,6.136129710583916,680,0.06640625
0110,1872,"[2, 1, 0]",300,18.388032913208008,False,6.136129710583916,680,0.06640625
0110,1873,"[2, 1, 0]",300,18.39303970336914,True,6.136129710583916,680,0.06640625
0110,1874,"[2, 1, 0]",300,18.401622772216797,False,6.136129710583916,680,0.06640625
0110,1875,"[2, 1, 0]",300,18.40662956237793,True,6.136129710583916,680,0.06640625
0110,1876,"[2, 1, 0]",300,18.415212631225586,False,6.136129710583916,680,0.06640625
0110,1877,"[2, 1, 0]",300,18.42021942138672,True,6.136129710583916,680,0.06640625
0110,1878,"[2, 1, 0]",300,18.429279327392578,False,6.136129710583916,680,0.06640625
0110,1879,"[2, 1, 0]",300,18.43404769897461,True,6.136129710583916,680,0.06640625
0110,1880,"[2, 1, 0]",300,18.442630767822266,False,6.136129710583916,680,0.06640625
0110,1881,"[2, 1, 0]",300,18.4476375579834,True,6.136129710583916,680,0.06640625
0110,1882,"[2, 1, 0]",300,18.456220626831055,False,6.136129710583916,680,0.06640625
0110,1883,"[2, 1, 0]",300,18.465757369995117,True,6.136129710583916,680,0.06640625
0110,1884,"[2, 1, 0]",300,18.47529411315918,False,6.136129710583916,680,0.06640625
0110,1885,"[2, 1, 0]",300,18.480539321899414,True,6.136129710583916,680,0.06640625
0110,1886,"[2, 1, 0]",300,18.489599227905273,False,6.136129710583916,680,0.06640625
0110,1887,"[2, 1, 0]",300,18.494606018066406,True,6.136129710583916,680,0.06640625
0110,1888,"[2, 1, 0]",300,18.503427505493164,False,6.136129710583916,680,0.06640625
0110,1889,"[2, 1, 0]",300,18.508434295654297,True,6.136129710583916,680,0.06640625
0110,1890,"[2, 1, 0]",300,18.51654052734375,False,6.136129710583916,680,0.06640625
0110,1891,"[2, 1, 0]",300,18.521547317504883,True,6.136129710583916,680,0.06640625
0110,1892,"[2, 1, 0]",300,18.53013038635254,False,6.136129710583916,680,0.06640625
0110,1893,"[2, 1, 0]",300,18.535375595092773,True,6.136129710583916,680,0.06640625
0110,1894,"[2, 1, 0]",300,18.544435501098633,False,6.136129710583916,680,0.06640625
0110,1895,"[2, 1, 0]",300,18.549680709838867,True,6.136129710583916,680,0.06640625
0110,1896,"[2, 1, 0]",300,18.558263778686523,False,6.136129710583916,680,0.06640625
0110,1897,"[2, 1, 0]",300,18.56374740600586,True,6.136129710583916,680,0.06640625
0110,1898,"[2, 1, 0]",300,18.572330474853516,False,6.136129710583916,680,0.06640625
0110,1899,"[2, 1, 0]",300,18.57757568359375,True,6.136129710583916,680,0.06640625
0110,1900,"[2, 1, 0]",300,18.586158752441406,False,6.136129710583916,680,0.06640625
0110,1901,"[2, 1, 0]",300,18.590927124023438,True,6.136129710583916,680,0.06640625
0110,1902,"[2, 1, 0]",300,18.599748611450195,False,6.136129710583916,680,0.06640625
0110,1903,"[2, 1, 0]",300,18.604755401611328,True,6.136129710583916,680,0.06640625
0110,1904,"[2, 1, 0]",300,18.613338470458984,False,6.136129710583916,680,0.06640625
0110,1905,"[2, 1, 0]",300,18.622636795043945,True,6.136129710583916,680,0.06640625
0110,1906,"[2, 1, 0]",300,18.631935119628906,False,6.136129710583916,680,0.06640625
0110,1907,"[2, 1, 0]",300,18.63718032836914,True,6.136129710583916,680,0.06640625
0110,1908,"[2, 1, 0]",300,18.645763397216797,False,6.136129710583916,680,0.06640625
0110,1909,"[2, 1, 0]",300,18.65100860595703,True,6.136129710583916,680,0.06640625
0110,1910,"[2, 1, 0]",300,18.659591674804688,False,6.136129710583916,680,0.06640625
0110,1911,"[2, 1, 0]",300,18.66459846496582,True,6.136129710583916,680,0.06640625
0110,1912,"[2, 1, 0]",300,18.673181533813477,False,6.136129710583916,680,0.06640625
0110,1913,"[2, 1, 0]",300,18.67818832397461,True,6.136129710583916,680,0.06640625
0110,1914,"[2, 1, 0]",300,18.686532974243164,False,6.136129710583916,680,0.06640625
0110,1915,"[2, 1, 0]",300,18.691539764404297,True,6.136129710583916,680,0.06640625
0110,1916,"[2, 1, 0]",300,18.700361251831055,False,6.136129710583916,680,0.06640625
0110,1917,"[2, 1, 0]",300,18.710613250732422,True,6.136129710583916,680,0.06640625
0110,1918,"[2, 1, 0]",300,18.71943473815918,False,6.136129710583916,680,0.06640625
0110,1919,"[2, 1, 0]",300,18.724679946899414,True,6.136129710583916,680,0.06640625
0110,1920,"[2, 1, 0]",300,18.733739852905273,False,6.136129710583916,680,0.06640625
0110,1921,"[2, 1, 0]",300,18.738508224487305,True,6.136129710583916,680,0.06640625
0110,1922,"[2, 1, 0]",300,18.74709129333496,False,6.136129710583916,680,0.06640625
0110,1923,"[2, 1, 0]",300,18.752098083496094,True,6.136129710583916,680,0.06640625
0110,1924,"[2, 1, 0]",300,18.76091957092285,False,6.136129710583916,680,0.06640625
0110,1925,"[2, 1, 0]",300,18.76997947692871,True,6.136129710583916,680,0.06640625
0110,1926,"[2, 1, 0]",300,18.779277801513672,False,6.136129710583916,680,0.06640625
0110,1927,"[2, 1, 0]",300,18.784761428833008,True,6.136129710583916,680,0.06640625
0110,1928,"[2, 1, 0]",300,18.793344497680664,False,6.136129710583916,680,0.06640625
0110,1929,"[2, 1, 0]",300,18.798351287841797,True,6.136129710583916,680,0.06640625
0110,1930,"[2, 1, 0]",300,18.806934356689453,False,6.136129710583916,680,0.06640625
0110,1931,"[2, 1, 0]",300,18.811941146850586,True,6.136129710583916,680,0.06640625
0110,1932,"[2, 1, 0]",300,18.820762634277344,False,6.136129710583916,680,0.06640625
0110,1933,"[2, 1, 0]",300,18.826007843017578,True,6.136129710583916,680,0.06640625
0110,1934,"[2, 1, 0]",300,18.834590911865234,False,6.136129710583916,680,0.06640625
0110,1935,"[2, 1, 0]",300,18.839597702026367,True,6.136129710583916,680,0.06640625
0110,1936,"[2, 1, 0]",300,18.848896026611328,False,6.136129710583916,680,0.06640625
0110,1937,"[2, 1, 0]",300,18.85390281677246,True,6.136129710583916,680,0.06640625
0110,1938,"[2, 1, 0]",300,18.862485885620117,False,6.136129710583916,680,0.06640625
0110,1939,"[2, 1, 0]",300,18.86749267578125,True,6.136129710583916,680,0.06640625
0110,1940,"[2, 1, 0]",300,18.876314163208008,False,6.136129710583916,680,0.06640625
0110,1941,"[2, 1, 0]",300,18.88108253479004,True,6.136129710583916,680,0.06640625
0110,1942,"[2, 1, 0]",300,18.890380859375,False,6.136129710583916,680,0.06640625
0110,1943,"[2, 1, 0]",300,18.89514923095703,True,6.136129710583916,680,0.06640625
0110,1944,"[2, 1, 0]",300,18.90420913696289,False,6.136129710583916,680,0.06640625
0110,1945,"[2, 1, 0]",300,18.908977508544922,True,6.136129710583916,680,0.06640625
0110,1946,"[2, 1, 0]",300,18.918275833129883,False,6.136129710583916,680,0.06640625
0110,1947,"[2, 1, 0]",300,18.926620483398438,True,6.136129710583916,680,0.06640625
0110,1948,"[2, 1, 0]",300,18.9359188079834,False,6.136129710583916,680,0.06640625
0110,1949,"[2, 1, 0]",300,18.94068717956543,True,6.136129710583916,680,0.06640625
0110,1950,"[2, 1, 0]",300,18.949508666992188,False,6.136129710583916,680,0.06640625
0110,1951,"[2, 1, 0]",300,18.95427703857422,True,6.136129710583916,680,0.06640625
0110,1952,"[2, 1, 0]",300,18.963336944580078,False,6.136129710583916,680,0.06640625
0110,1953,"[2, 1, 0]",300,18.96810531616211,True,6.136129710583916,680,0.06640625
0110,1954,"[2, 1, 0]",300,18.97716522216797,False,6.136129710583916,680,0.06640625
0110,1955,"[2, 1, 0]",300,18.98193359375,True,6.136129710583916,680,0.06640625
0110,1956,"[2, 1, 0]",300,19.150257110595703,False,6.136129710583916,680,0.06640625
0110,1957,"[2, 1, 0]",300,19.180774688720703,True,6.136129710583916,680,0.06640625
0110,1958,"[2, 1, 0]",300,19.214868545532227,False,6.136129710583916,680,0.06640625
0110,1959,"[2, 1, 0]",300,19.227027893066406,True,6.136129710583916,680,0.06640625
0110,1960,"[2, 1, 0]",300,19.245147705078125,False,6.136129710583916,680,0.06640625
0110,1961,"[2, 1, 0]",300,19.254684448242188,True,6.136129710583916,680,0.06640625
0110,1962,"[2, 1, 0]",300,19.271135330200195,False,6.136129710583916,680,0.06640625
0110,1963,"[2, 1, 0]",300,19.280433654785156,True,6.136129710583916,680,0.06640625
0110,1964,"[2, 1, 0]",300,19.29187774658203,False,6.136129710583916,680,0.06640625
0110,1965,"[2, 1, 0]",300,19.29759979248047,True,6.136129710583916,680,0.06640625
0110,1966,"[2, 1, 0]",300,19.306659698486328,False,6.136129710583916,680,0.06640625
0110,1967,"[2, 1, 0]",300,19.332170486450195,True,6.136129710583916,680,0.06640625
0110,1968,"[2, 1, 0]",300,19.34814453125,False,6.136129710583916,680,0.06640625
0110,1969,"[2, 1, 0]",300,19.353628158569336,True,6.136129710583916,680,0.06640625
0110,1970,"[2, 1, 0]",300,19.3631649017334,False,6.136129710583916,680,0.06640625
0110,1971,"[2, 1, 0]",300,19.36817169189453,True,6.136129710583916,680,0.06640625
0110,1972,"[2, 1, 0]",300,19.37723159790039,False,6.136129710583916,680,0.06640625
0110,1973,"[2, 1, 0]",300,19.382953643798828,True,6.136129710583916,680,0.06640625
0110,1974,"[2, 1, 0]",300,19.391298294067383,False,6.136129710583916,680,0.06640625
0110,1975,"[2, 1, 0]",300,19.396305084228516,True,6.136129710583916,680,0.06640625
0110,1976,"[2, 1, 0]",300,19.405126571655273,False,6.136129710583916,680,0.06640625
0110,1977,"[2, 1, 0]",300,19.409894943237305,True,6.136129710583916,680,0.06640625
0110,1978,"[2, 1, 0]",300,19.41847801208496,False,6.136129710583916,680,0.06640625
0110,1979,"[2, 1, 0]",300,19.423246383666992,True,6.136129710583916,680,0.06640625
0110,1980,"[2, 1, 0]",300,19.43230628967285,False,6.136129710583916,680,0.06640625
0110,1981,"[2, 1, 0]",300,19.437313079833984,True,6.136129710583916,680,0.06640625
0110,1982,"[2, 1, 0]",300,19.446134567260742,False,6.136129710583916,680,0.06640625
0110,1983,"[2, 1, 0]",300,19.451379776000977,True,6.136129710583916,680,0.06640625
0110,1984,"[2, 1, 0]",300,19.460201263427734,False,6.136129710583916,680,0.06640625
0110,1985,"[2, 1, 0]",300,19.465208053588867,True,6.136129710583916,680,0.06640625
0110,1986,"[2, 1, 0]",300,19.473791122436523,False,6.136129710583916,680,0.06640625
0110,1987,"[2, 1, 0]",300,19.478559494018555,True,6.136129710583916,680,0.06640625
0110,1988,"[2, 1, 0]",300,19.487380981445312,False,6.136129710583916,680,0.06640625
0110,1989,"[2, 1, 0]",300,19.500255584716797,True,6.136129710583916,680,0.06640625
0110,1990,"[2, 1, 0]",300,19.533634185791016,False,6.136129710583916,680,0.06640625
0110,1991,"[2, 1, 0]",300,19.539594650268555,True,6.136129710583916,680,0.06640625
0110,1992,"[2, 1, 0]",300,19.548654556274414,False,6.136129710583916,680,0.06640625
0110,1993,"[2, 1, 0]",300,19.55389976501465,True,6.136129710583916,680,0.06640625
0110,1994,"[2, 1, 0]",300,19.562482833862305,False,6.136129710583916,680,0.06640625
0110,1995,"[2, 1, 0]",300,19.56772804260254,True,6.136129710583916,680,0.06640625
0110,1996,"[2, 1, 0]",300,19.576311111450195,False,6.136129710583916,680,0.06640625
0110,1997,"[2, 1, 0]",300,19.58179473876953,True,6.136129710583916,680,0.06640625
0110,1998,"[2, 1, 0]",300,19.589900970458984,False,6.136129710583916,680,0.06640625
0110,1999,"[2, 1, 0]",300,19.594907760620117,True,6.136129710583916,680,0.06640625
0110,2000,"[2, 1, 0]",300,19.603967666625977,False,6.136129710583916,680,0.06640625
0110,2001,"[2, 1, 0]",300,19.60921287536621,True,6.136129710583916,680,0.06640625
0110,2002,"[2, 1, 0]",300,19.617795944213867,False,6.136129710583916,680,0.06640625
0110,2003,"[2, 1, 0]",300,19.6230411529541,True,6.136129710583916,680,0.06640625
0110,2004,"[2, 1, 0]",300,19.631624221801758,False,6.136129710583916,680,0.06640625
0110,2005,"[2, 1, 0]",300,19.636869430541992,True,6.136129710583916,680,0.06640625
0110,2006,"[2, 1, 0]",300,19.64545249938965,False,6.136129710583916,680,0.06640625
0110,2007,"[2, 1, 0]",300,19.650697708129883,True,6.136129710583916,680,0.06640625
0110,2008,"[2, 1, 0]",300,19.65928077697754,False,6.136129710583916,680,0.06640625
0110,2009,"[2, 1, 0]",300,19.669532775878906,True,6.136129710583916,680,0.06640625
0110,2010,"[2, 1, 0]",300,19.678592681884766,False,6.136129710583916,680,0.06640625
0110,2011,"[2, 1, 0]",300,19.683361053466797,True,6.136129710583916,680,0.06640625
0110,2012,"[2, 1, 0]",300,19.692659378051758,False,6.136129710583916,680,0.06640625
0110,2013,"[2, 1, 0]",300,19.69766616821289,True,6.136129710583916,680,0.06640625
0110,2014,"[2, 1, 0]",300,19.70672607421875,False,6.136129710583916,680,0.06640625
0110,2015,"[2, 1, 0]",300,19.711971282958984,True,6.136129710583916,680,0.06640625
0110,2016,"[2, 1, 0]",300,19.720792770385742,False,6.136129710583916,680,0.06640625
0110,2017,"[2, 1, 0]",300,19.7296142578125,True,6.136129710583916,680,0.06640625
0110,2018,"[2, 1, 0]",300,19.73891258239746,False,6.136129710583916,680,0.06640625
0110,2019,"[2, 1, 0]",300,19.744396209716797,True,6.136129710583916,680,0.06640625
0110,2020,"[2, 1, 0]",300,19.752979278564453,False,6.136129710583916,680,0.06640625
0110,2021,"[2, 1, 0]",300,19.758224487304688,True,6.136129710583916,680,0.06640625
0110,2022,"[2, 1, 0]",300,19.766807556152344,False,6.136129710583916,680,0.06640625
0110,2023,"[2, 1, 0]",300,19.772052764892578,True,6.136129710583916,680,0.06640625
0110,2024,"[2, 1, 0]",300,19.784212112426758,False,6.136129710583916,680,0.06640625
0110,2025,"[2, 1, 0]",300,19.797563552856445,True,6.136129710583916,680,0.06640625
0110,2026,"[2, 1, 0]",300,19.808530807495117,False,6.136129710583916,680,0.06640625
0110,2027,"[2, 1, 0]",300,19.814252853393555,True,6.136129710583916,680,0.06640625
0110,2028,"[2, 1, 0]",300,19.823074340820312,False,6.136129710583916,680,0.06640625
0110,2029,"[2, 1, 0]",300,19.82879638671875,True,6.136129710583916,680,0.06640625
0110,2030,"[2, 1, 0]",300,19.837617874145508,False,6.136129710583916,680,0.06640625
0110,2031,"[2, 1, 0]",300,19.846439361572266,True,6.136129710583916,680,0.06640625
0110,2032,"[2, 1, 0]",300,19.855260848999023,False,6.136129710583916,680,0.06640625
0110,2033,"[2, 1, 0]",300,19.860267639160156,True,6.136129710583916,680,0.06640625
0110,2034,"[2, 1, 0]",300,19.869089126586914,False,6.136129710583916,680,0.06640625
0110,2035,"[2, 1, 0]",300,19.874095916748047,True,6.136129710583916,680,0.06640625
0110,2036,"[2, 1, 0]",300,19.8824405670166,False,6.136129710583916,680,0.06640625
0110,2037,"[2, 1, 0]",300,19.887685775756836,True,6.136129710583916,680,0.06640625
0110,2038,"[2, 1, 0]",300,19.89603042602539,False,6.136129710583916,680,0.06640625
0110,2039,"[2, 1, 0]",300,19.901037216186523,True,6.136129710583916,680,0.06640625
0110,2040,"[2, 1, 0]",300,19.90985870361328,False,6.136129710583916,680,0.06640625
0110,2041,"[2, 1, 0]",300,19.914865493774414,True,6.136129710583916,680,0.06640625
0110,2042,"[2, 1, 0]",300,19.92344856262207,False,6.136129710583916,680,0.06640625
0110,2043,"[2, 1, 0]",300,19.928693771362305,True,6.136129710583916,680,0.06640625
0110,2044,"[2, 1, 0]",300,19.937515258789062,False,6.136129710583916,680,0.06640625
0110,2045,"[2, 1, 0]",300,19.942522048950195,True,6.136129710583916,680,0.06640625
0110,2046,"[2, 1, 0]",300,19.951820373535156,False,6.136129710583916,680,0.06640625
0110,2047,"[2, 1, 0]",300,19.95682716369629,True,6.136129710583916,680,0.06640625
0110,2048,"[2, 1, 0]",300,19.965410232543945,False,6.136129710583916,680,0.06640625
0110,2049,"[2, 1, 0]",300,19.97065544128418,True,6.136129710583916,680,0.06640625
0110,2050,"[2, 1, 0]",300,19.979238510131836,False,6.136129710583916,680,0.06640625
0110,2051,"[2, 1, 0]",300,19.988059997558594,True,6.136129710583916,680,0.06640625
0110,2052,"[2, 1, 0]",300,19.99688148498535,False,6.136129710583916,680,0.06640625
0110,2053,"[2, 1, 0]",300,20.025968551635742,True,6.136129710583916,680,0.06640625
0110,2054,"[2, 1, 0]",300,20.04694938659668,False,6.136129710583916,680,0.06640625
0110,2055,"[2, 1, 0]",300,20.05457878112793,True,6.136129710583916,680,0.06640625
0110,2056,"[2, 1, 0]",300,20.067214965820312,False,6.136129710583916,680,0.06640625
0110,2057,"[2, 1, 0]",300,20.073890686035156,True,6.136129710583916,680,0.06640625
0110,2058,"[2, 1, 0]",300,20.084381103515625,False,6.136129710583916,680,0.06640625
0110,2059,"[2, 1, 0]",300,20.090103149414062,True,6.136129710583916,680,0.06640625
0110,2060,"[2, 1, 0]",300,20.099878311157227,False,6.136129710583916,680,0.06640625
0110,2061,"[2, 1, 0]",300,20.105361938476562,True,6.136129710583916,680,0.06640625
0110,2062,"[2, 1, 0]",300,20.11418342590332,False,6.136129710583916,680,0.06640625
0110,2063,"[2, 1, 0]",300,20.12014389038086,True,6.136129710583916,680,0.06640625
0110,2064,"[2, 1, 0]",300,20.128726959228516,False,6.136129710583916,680,0.06640625
0110,2065,"[2, 1, 0]",300,20.13373374938965,True,6.136129710583916,680,0.06640625
0110,2066,"[2, 1, 0]",300,20.142555236816406,False,6.136129710583916,680,0.06640625
0110,2067,"[2, 1, 0]",300,20.14756202697754,True,6.136129710583916,680,0.06640625
0110,2068,"[2, 1, 0]",300,20.16305923461914,False,6.136129710583916,680,0.06640625
0110,2069,"[2, 1, 0]",300,20.168304443359375,True,6.136129710583916,680,0.06640625
0110,2070,"[2, 1, 0]",300,20.177125930786133,False,6.136129710583916,680,0.06640625
0110,2071,"[2, 1, 0]",300,20.182371139526367,True,6.136129710583916,680,0.06640625
0110,2072,"[2, 1, 0]",300,20.191431045532227,False,6.136129710583916,680,0.06640625
0110,2073,"[2, 1, 0]",300,20.20096778869629,True,6.136129710583916,680,0.06640625
0110,2074,"[2, 1, 0]",300,20.21026611328125,False,6.136129710583916,680,0.06640625
0110,2075,"[2, 1, 0]",300,20.215272903442383,True,6.136129710583916,680,0.06640625
0110,2076,"[2, 1, 0]",300,20.224571228027344,False,6.136129710583916,680,0.06640625
0110,2077,"[2, 1, 0]",300,20.229578018188477,True,6.136129710583916,680,0.06640625
0110,2078,"[2, 1, 0]",300,20.238399505615234,False,6.136129710583916,680,0.06640625
0110,2079,"[2, 1, 0]",300,20.243406295776367,True,6.136129710583916,680,0.06640625
0110,2080,"[2, 1, 0]",300,20.251989364624023,False,6.136129710583916,680,0.06640625
0110,2081,"[2, 1, 0]",300,20.256996154785156,True,6.136129710583916,680,0.06640625
0110,2082,"[2, 1, 0]",300,20.265817642211914,False,6.136129710583916,680,0.06640625
0110,2083,"[2, 1, 0]",300,20.270824432373047,True,6.136129710583916,680,0.06640625
0110,2084,"[2, 1, 0]",300,20.279407501220703,False,6.136129710583916,680,0.06640625
0110,2085,"[2, 1, 0]",300,20.284414291381836,True,6.136129710583916,680,0.06640625
0110,2086,"[2, 1, 0]",300,20.292997360229492,False,6.136129710583916,680,0.06640625
0110,2087,"[2, 1, 0]",300,20.298004150390625,True,6.136129710583916,680,0.06640625
0110,2088,"[2, 1, 0]",300,20.307302474975586,False,6.136129710583916,680,0.06640625
0110,2089,"[2, 1, 0]",300,20.31230926513672,True,6.136129710583916,680,0.06640625
0110,2090,"[2, 1, 0]",300,20.321130752563477,False,6.136129710583916,680,0.06640625
0110,2091,"[2, 1, 0]",300,20.32613754272461,True,6.136129710583916,680,0.06640625
0110,2092,"[2, 1, 0]",300,20.33519744873047,False,6.136129710583916,680,0.06640625
0110,2093,"[2, 1, 0]",300,20.344018936157227,True,6.136129710583916,680,0.06640625
0110,2094,"[2, 1, 0]",300,20.353317260742188,False,6.136129710583916,680,0.06640625
0110,2095,"[2, 1, 0]",300,20.358562469482422,True,6.136129710583916,680,0.06640625
0110,2096,"[2, 1, 0]",300,20.367145538330078,False,6.136129710583916,680,0.06640625
0110,2097,"[2, 1, 0]",300,20.372390747070312,True,6.136129710583916,680,0.06640625
0110,2098,"[2, 1, 0]",300,20.38097381591797,False,6.136129710583916,680,0.06640625
0110,2099,"[2, 1, 0]",300,20.3857421875,True,6.136129710583916,680,0.06640625
0110,2100,"[2, 1, 0]",300,20.394325256347656,False,6.136129710583916,680,0.06640625
0110,2101,"[2, 1, 0]",300,20.399093627929688,True,6.136129710583916,680,0.06640625
0110,2102,"[2, 1, 0]",300,20.407915115356445,False,6.136129710583916,680,0.06640625
0110,2103,"[2, 1, 0]",300,20.412683486938477,True,6.136129710583916,680,0.06640625
0110,2104,"[2, 1, 0]",300,20.421504974365234,False,6.136129710583916,680,0.06640625
0110,2105,"[2, 1, 0]",300,20.426511764526367,True,6.136129710583916,680,0.06640625
0110,2106,"[2, 1, 0]",300,20.435333251953125,False,6.136129710583916,680,0.06640625
0110,2107,"[2, 1, 0]",300,20.440101623535156,True,6.136129710583916,680,0.06640625
0110,2108,"[2, 1, 0]",300,20.449161529541016,False,6.136129710583916,680,0.06640625
0110,2109,"[2, 1, 0]",300,20.45440673828125,True,6.136129710583916,680,0.06640625
0110,2110,"[2, 1, 0]",300,20.46346664428711,False,6.136129710583916,680,0.06640625
0110,2111,"[2, 1, 0]",300,20.508527755737305,True,6.136129710583916,680,0.06640625
0110,2112,"[2, 1, 0]",300,20.517349243164062,False,6.136129710583916,680,0.06640625
0110,2113,"[2, 1, 0]",300,20.5230712890625,True,6.136129710583916,680,0.06640625
0110,2114,"[2, 1, 0]",300,20.531654357910156,False,6.136129710583916,680,0.06640625
0110,2115,"[2, 1, 0]",300,20.53999900817871,True,6.136129710583916,680,0.06640625
0110,2116,"[2, 1, 0]",300,20.54882049560547,False,6.136129710583916,680,0.06640625
0110,2117,"[2, 1, 0]",300,20.5538272857666,True,6.136129710583916,680,0.06640625
0110,2118,"[2, 1, 0]",300,20.566940307617188,False,6.136129710583916,680,0.06640625
0110,2119,"[2, 1, 0]",300,20.572662353515625,True,6.136129710583916,680,0.06640625
0110,2120,"[2, 1, 0]",300,20.58243751525879,False,6.136129710583916,680,0.06640625
0110,2121,"[2, 1, 0]",300,20.587921142578125,True,6.136129710583916,680,0.06640625
0110,2122,"[2, 1, 0]",300,20.596742630004883,False,6.136129710583916,680,0.06640625
0110,2123,"[2, 1, 0]",300,20.601987838745117,True,6.136129710583916,680,0.06640625
0110,2124,"[2, 1, 0]",300,20.610809326171875,False,6.136129710583916,680,0.06640625
0110,2125,"[2, 1, 0]",300,20.61605453491211,True,6.136129710583916,680,0.06640625
0110,2126,"[2, 1, 0]",300,20.624637603759766,False,6.136129710583916,680,0.06640625
0110,2127,"[2, 1, 0]",300,20.6298828125,True,6.136129710583916,680,0.06640625
0110,2128,"[2, 1, 0]",300,20.638465881347656,False,6.136129710583916,680,0.06640625
0110,2129,"[2, 1, 0]",300,20.64347267150879,True,6.136129710583916,680,0.06640625
0110,2130,"[2, 1, 0]",300,20.652055740356445,False,6.136129710583916,680,0.06640625
0110,2131,"[2, 1, 0]",300,20.657062530517578,True,6.136129710583916,680,0.06640625
0110,2132,"[2, 1, 0]",300,20.665645599365234,False,6.136129710583916,680,0.06640625
0110,2133,"[2, 1, 0]",300,20.67089080810547,True,6.136129710583916,680,0.06640625
0110,2134,"[2, 1, 0]",300,20.679473876953125,False,6.136129710583916,680,0.06640625
0110,2135,"[2, 1, 0]",300,20.68781852722168,True,6.136129710583916,680,0.06640625
0110,2136,"[2, 1, 0]",300,20.69687843322754,False,6.136129710583916,680,0.06640625
0110,2137,"[2, 1, 0]",300,20.702123641967773,True,6.136129710583916,680,0.06640625
0110,2138,"[2, 1, 0]",300,20.71070671081543,False,6.136129710583916,680,0.06640625
0110,2139,"[2, 1, 0]",300,20.716428756713867,True,6.136129710583916,680,0.06640625
0110,2140,"[2, 1, 0]",300,20.72596549987793,False,6.136129710583916,680,0.06640625
0110,2141,"[2, 1, 0]",300,20.731210708618164,True,6.136129710583916,680,0.06640625
0110,2142,"[2, 1, 0]",300,20.73979377746582,False,6.136129710583916,680,0.06640625
0110,2143,"[2, 1, 0]",300,20.745038986206055,True,6.136129710583916,680,0.06640625
0110,2144,"[2, 1, 0]",300,20.75362205505371,False,6.136129710583916,680,0.06640625
0110,2145,"[2, 1, 0]",300,20.759105682373047,True,6.136129710583916,680,0.06640625
0110,2146,"[2, 1, 0]",300,20.76864242553711,False,6.136129710583916,680,0.06640625
0110,2147,"[2, 1, 0]",300,20.773649215698242,True,6.136129710583916,680,0.06640625
0110,2148,"[2, 1, 0]",300,20.782470703125,False,6.136129710583916,680,0.06640625
0110,2149,"[2, 1, 0]",300,20.78723907470703,True,6.136129710583916,680,0.06640625
0110,2150,"[2, 1, 0]",300,20.79629898071289,False,6.136129710583916,680,0.06640625
0110,2151,"[2, 1, 0]",300,20.801305770874023,True,6.136129710583916,680,0.06640625
0110,2152,"[2, 1, 0]",300,20.81012725830078,False,6.136129710583916,680,0.06640625
0110,2153,"[2, 1, 0]",300,20.814895629882812,True,6.136129710583916,680,0.06640625
0110,2154,"[2, 1, 0]",300,20.823240280151367,False,6.136129710583916,680,0.06640625
0110,2155,"[2, 1, 0]",300,20.8284854888916,True,6.136129710583916,680,0.06640625
0110,2156,"[2, 1, 0]",300,20.83754539489746,False,6.136129710583916,680,0.06640625
0110,2157,"[2, 1, 0]",300,20.845890045166016,True,6.136129710583916,680,0.06640625
0110,2158,"[2, 1, 0]",300,20.854949951171875,False,6.136129710583916,680,0.06640625
0110,2159,"[2, 1, 0]",300,20.859956741333008,True,6.136129710583916,680,0.06640625
0110,2160,"[2, 1, 0]",300,20.868301391601562,False,6.136129710583916,680,0.06640625
0110,2161,"[2, 1, 0]",300,20.873546600341797,True,6.136129710583916,680,0.06640625
0110,2162,"[2, 1, 0]",300,20.88189125061035,False,6.136129710583916,680,0.06640625
0110,2163,"[2, 1, 0]",300,20.887136459350586,True,6.136129710583916,680,0.06640625
0110,2164,"[2, 1, 0]",300,20.89548110961914,False,6.136129710583916,680,0.06640625
0110,2165,"[2, 1, 0]",300,20.900487899780273,True,6.136129710583916,680,0.06640625
0110,2166,"[2, 1, 0]",300,20.90907096862793,False,6.136129710583916,680,0.06640625
0110,2167,"[2, 1, 0]",300,20.914554595947266,True,6.136129710583916,680,0.06640625
0110,2168,"[2, 1, 0]",300,20.923137664794922,False,6.136129710583916,680,0.06640625
0110,2169,"[2, 1, 0]",300,20.93219757080078,True,6.136129710583916,680,0.06640625
0110,2170,"[2, 1, 0]",300,20.94125747680664,False,6.136129710583916,680,0.06640625
0110,2171,"[2, 1, 0]",300,20.946264266967773,True,6.136129710583916,680,0.06640625
0110,2172,"[2, 1, 0]",300,20.95508575439453,False,6.136129710583916,680,0.06640625
0110,2173,"[2, 1, 0]",300,20.960569381713867,True,6.136129710583916,680,0.06640625
0110,2174,"[2, 1, 0]",300,20.969390869140625,False,6.136129710583916,680,0.06640625
0110,2175,"[2, 1, 0]",300,20.974397659301758,True,6.136129710583916,680,0.06640625
0110,2176,"[2, 1, 0]",300,20.982980728149414,False,6.136129710583916,680,0.06640625
0110,2177,"[2, 1, 0]",300,20.991802215576172,True,6.136129710583916,680,0.06640625
0110,2178,"[2, 1, 0]",300,21.00086212158203,False,6.136129710583916,680,0.06640625
0110,2179,"[2, 1, 0]",300,21.09384536743164,True,6.136129710583916,680,0.06640625
0110,2180,"[2, 1, 0]",300,21.115779876708984,False,6.136129710583916,680,0.06640625
0110,2181,"[2, 1, 0]",300,21.124601364135742,True,6.136129710583916,680,0.06640625
0110,2182,"[2, 1, 0]",300,21.136999130249023,False,6.136129710583916,680,0.06640625
0110,2183,"[2, 1, 0]",300,21.143436431884766,True,6.136129710583916,680,0.06640625
0110,2184,"[2, 1, 0]",300,21.15345001220703,False,6.136129710583916,680,0.06640625
0110,2185,"[2, 1, 0]",300,21.15917205810547,True,6.136129710583916,680,0.06640625
0110,2186,"[2, 1, 0]",300,21.16847038269043,False,6.136129710583916,680,0.06640625
0110,2187,"[2, 1, 0]",300,21.173715591430664,True,6.136129710583916,680,0.06640625
0110,2188,"[2, 1, 0]",300,21.18396759033203,False,6.136129710583916,680,0.06640625
0110,2189,"[2, 1, 0]",300,21.190643310546875,True,6.136129710583916,680,0.06640625
0110,2190,"[2, 1, 0]",300,21.20065689086914,False,6.136129710583916,680,0.06640625
0110,2191,"[2, 1, 0]",300,21.20661735534668,True,6.136129710583916,680,0.06640625
0110,2192,"[2, 1, 0]",300,21.21591567993164,False,6.136129710583916,680,0.06640625
0110,2193,"[2, 1, 0]",300,21.231412887573242,True,6.136129710583916,680,0.06640625
0110,2194,"[2, 1, 0]",300,21.240949630737305,False,6.136129710583916,680,0.06640625
0110,2195,"[2, 1, 0]",300,21.24643325805664,True,6.136129710583916,680,0.06640625
0110,2196,"[2, 1, 0]",300,21.2554931640625,False,6.136129710583916,680,0.06640625
0110,2197,"[2, 1, 0]",300,21.26145362854004,True,6.136129710583916,680,0.06640625
0110,2198,"[2, 1, 0]",300,21.269798278808594,False,6.136129710583916,680,0.06640625
0110,2199,"[2, 1, 0]",300,21.279573440551758,True,6.136129710583916,680,0.06640625
0110,2200,"[2, 1, 0]",300,21.288394927978516,False,6.136129710583916,680,0.06640625
0110,2201,"[2, 1, 0]",300,21.29387855529785,True,6.136129710583916,680,0.06640625
0110,2202,"[2, 1, 0]",300,21.302223205566406,False,6.136129710583916,680,0.06640625
0110,2203,"[2, 1, 0]",300,21.30746841430664,True,6.136129710583916,680,0.06640625
0110,2204,"[2, 1, 0]",300,21.316051483154297,False,6.136129710583916,680,0.06640625
0110,2205,"[2, 1, 0]",300,21.32129669189453,True,6.136129710583916,680,0.06640625
0110,2206,"[2, 1, 0]",300,21.329879760742188,False,6.136129710583916,680,0.06640625
0110,2207,"[2, 1, 0]",300,21.335124969482422,True,6.136129710583916,680,0.06640625
0110,2208,"[2, 1, 0]",300,21.343708038330078,False,6.136129710583916,680,0.06640625
0110,2209,"[2, 1, 0]",300,21.348953247070312,True,6.136129710583916,680,0.06640625
0110,2210,"[2, 1, 0]",300,21.357297897338867,False,6.136129710583916,680,0.06640625
0110,2211,"[2, 1, 0]",300,21.3625431060791,True,6.136129710583916,680,0.06640625
0110,2212,"[2, 1, 0]",300,21.37136459350586,False,6.136129710583916,680,0.06640625
0110,2213,"[2, 1, 0]",300,21.376848220825195,True,6.136129710583916,680,0.06640625
0110,2214,"[2, 1, 0]",300,21.38519287109375,False,6.136129710583916,680,0.06640625
0110,2215,"[2, 1, 0]",300,21.390438079833984,True,6.136129710583916,680,0.06640625
0110,2216,"[2, 1, 0]",300,21.39902114868164,False,6.136129710583916,680,0.06640625
0110,2217,"[2, 1, 0]",300,21.404266357421875,True,6.136129710583916,680,0.06640625
0110,2218,"[2, 1, 0]",300,21.41261100769043,False,6.136129710583916,680,0.06640625
0110,2219,"[2, 1, 0]",300,21.422147750854492,True,6.136129710583916,680,0.06640625
0110,2220,"[2, 1, 0]",300,21.43573760986328,False,6.136129710583916,680,0.06640625
0110,2221,"[2, 1, 0]",300,21.44169807434082,True,6.136129710583916,680,0.06640625
0110,2222,"[2, 1, 0]",300,21.450519561767578,False,6.136129710583916,680,0.06640625
0110,2223,"[2, 1, 0]",300,21.455764770507812,True,6.136129710583916,680,0.06640625
0110,2224,"[2, 1, 0]",300,21.464824676513672,False,6.136129710583916,680,0.06640625
0110,2225,"[2, 1, 0]",300,21.470069885253906,True,6.136129710583916,680,0.06640625
0110,2226,"[2, 1, 0]",300,21.478891372680664,False,6.136129710583916,680,0.06640625
0110,2227,"[2, 1, 0]",300,21.4841365814209,True,6.136129710583916,680,0.06640625
0110,2228,"[2, 1, 0]",300,21.492719650268555,False,6.136129710583916,680,0.06640625
0110,2229,"[2, 1, 0]",300,21.49796485900879,True,6.136129710583916,680,0.06640625
0110,2230,"[2, 1, 0]",300,21.506547927856445,False,6.136129710583916,680,0.06640625
0110,2231,"[2, 1, 0]",300,21.51179313659668,True,6.136129710583916,680,0.06640625
0110,2232,"[2, 1, 0]",300,21.520376205444336,False,6.136129710583916,680,0.06640625
0110,2233,"[2, 1, 0]",300,21.52538299560547,True,6.136129710583916,680,0.06640625
0110,2234,"[2, 1, 0]",300,21.533966064453125,False,6.136129710583916,680,0.06640625
0110,2235,"[2, 1, 0]",300,21.53921127319336,True,6.136129710583916,680,0.06640625
0110,2236,"[2, 1, 0]",300,21.548032760620117,False,6.136129710583916,680,0.06640625
0110,2237,"[2, 1, 0]",300,21.553516387939453,True,6.136129710583916,680,0.06640625
0110,2238,"[2, 1, 0]",300,21.561861038208008,False,6.136129710583916,680,0.06640625
0110,2239,"[2, 1, 0]",300,21.567106246948242,True,6.136129710583916,680,0.06640625
0110,2240,"[2, 1, 0]",300,21.575450897216797,False,6.136129710583916,680,0.06640625
0110,2241,"[2, 1, 0]",300,21.58498764038086,True,6.136129710583916,680,0.06640625
0110,2242,"[2, 1, 0]",300,21.59428596496582,False,6.136129710583916,680,0.06640625
0110,2243,"[2, 1, 0]",300,21.599292755126953,True,6.136129710583916,680,0.06640625
0110,2244,"[2, 1, 0]",300,21.607637405395508,False,6.136129710583916,680,0.06640625
0110,2245,"[2, 1, 0]",300,21.613121032714844,True,6.136129710583916,680,0.06640625
0110,2246,"[2, 1, 0]",300,21.622419357299805,False,6.136129710583916,680,0.06640625
0110,2247,"[2, 1, 0]",300,21.627187728881836,True,6.136129710583916,680,0.06640625
0110,2248,"[2, 1, 0]",300,21.636247634887695,False,6.136129710583916,680,0.06640625
0110,2249,"[2, 1, 0]",300,21.641016006469727,True,6.136129710583916,680,0.06640625
0110,2250,"[2, 1, 0]",300,21.649837493896484,False,6.136129710583916,680,0.06640625
0110,2251,"[2, 1, 0]",300,21.654844284057617,True,6.136129710583916,680,0.06640625
0110,2252,"[2, 1, 0]",300,21.663188934326172,False,6.136129710583916,680,0.06640625
0110,2253,"[2, 1, 0]",300,21.668434143066406,True,6.136129710583916,680,0.06640625
0110,2254,"[2, 1, 0]",300,21.67677879333496,False,6.136129710583916,680,0.06640625
0110,2255,"[2, 1, 0]",300,21.682024002075195,True,6.136129710583916,680,0.06640625
0110,2256,"[2, 1, 0]",300,21.69036865234375,False,6.136129710583916,680,0.06640625
0110,2257,"[2, 1, 0]",300,21.695613861083984,True,6.136129710583916,680,0.06640625
0110,2258,"[2, 1, 0]",300,21.70419692993164,False,6.136129710583916,680,0.06640625
0110,2259,"[2, 1, 0]",300,21.709442138671875,True,6.136129710583916,680,0.06640625
0110,2260,"[2, 1, 0]",300,21.71778678894043,False,6.136129710583916,680,0.06640625
0110,2261,"[2, 1, 0]",300,21.770715713500977,True,6.136129710583916,680,0.06640625
0110,2262,"[2, 1, 0]",300,21.81553840637207,False,6.136129710583916,680,0.06640625
0110,2263,"[2, 1, 0]",300,21.82149887084961,True,6.136129710583916,680,0.06640625
0110,2264,"[2, 1, 0]",300,21.83079719543457,False,6.136129710583916,680,0.06640625
0110,2265,"[2, 1, 0]",300,21.8355655670166,True,6.136129710583916,680,0.06640625
0110,2266,"[2, 1, 0]",300,21.84462547302246,False,6.136129710583916,680,0.06640625
0110,2267,"[2, 1, 0]",300,21.849393844604492,True,6.136129710583916,680,0.06640625
0110,2268,"[2, 1, 0]",300,21.85845375061035,False,6.136129710583916,680,0.06640625
0110,2269,"[2, 1, 0]",300,21.868228912353516,True,6.136129710583916,680,0.06640625
0110,2270,"[2, 1, 0]",300,21.877527236938477,False,6.136129710583916,680,0.06640625
0110,2271,"[2, 1, 0]",300,21.883010864257812,True,6.136129710583916,680,0.06640625
0110,2272,"[2, 1, 0]",300,21.89183235168457,False,6.136129710583916,680,0.06640625
0110,2273,"[2, 1, 0]",300,21.896839141845703,True,6.136129710583916,680,0.06640625
0110,2274,"[2, 1, 0]",300,21.90566062927246,False,6.136129710583916,680,0.06640625
0110,2275,"[2, 1, 0]",300,21.910905838012695,True,6.136129710583916,680,0.06640625
0110,2276,"[2, 1, 0]",300,21.91925048828125,False,6.136129710583916,680,0.06640625
0110,2277,"[2, 1, 0]",300,21.924972534179688,True,6.136129710583916,680,0.06640625
0110,2278,"[2, 1, 0]",300,21.933555603027344,False,6.136129710583916,680,0.06640625
0110,2279,"[2, 1, 0]",300,21.938562393188477,True,6.136129710583916,680,0.06640625
0110,2280,"[2, 1, 0]",300,21.947145462036133,False,6.136129710583916,680,0.06640625
0110,2281,"[2, 1, 0]",300,21.952390670776367,True,6.136129710583916,680,0.06640625
0110,2282,"[2, 1, 0]",300,21.960735321044922,False,6.136129710583916,680,0.06640625
0110,2283,"[2, 1, 0]",300,21.999120712280273,True,6.136129710583916,680,0.06640625
0110,2284,"[2, 1, 0]",300,22.137165069580078,False,6.136129710583916,680,0.06640625
0110,2285,"[2, 1, 0]",300,22.161483764648438,True,6.136129710583916,680,0.06640625
0110,2286,"[2, 1, 0]",300,22.186279296875,False,6.136129710583916,680,0.06640625
0110,2287,"[2, 1, 0]",300,22.197484970092773,True,6.136129710583916,680,0.06640625
0110,2288,"[2, 1, 0]",300,22.214651107788086,False,6.136129710583916,680,0.06640625
0110,2289,"[2, 1, 0]",300,22.22442626953125,True,6.136129710583916,680,0.06640625
0110,2290,"[2, 1, 0]",300,22.238731384277344,False,6.136129710583916,680,0.06640625
0110,2291,"[2, 1, 0]",300,22.246599197387695,True,6.136129710583916,680,0.06640625
0110,2292,"[2, 1, 0]",300,22.263765335083008,False,6.136129710583916,680,0.06640625
0110,2293,"[2, 1, 0]",300,22.272348403930664,True,6.136129710583916,680,0.06640625
0110,2294,"[2, 1, 0]",300,22.285938262939453,False,6.136129710583916,680,0.06640625
0110,2295,"[2, 1, 0]",300,22.293567657470703,True,6.136129710583916,680,0.06640625
0110,2296,"[2, 1, 0]",300,22.306442260742188,False,6.136129710583916,680,0.06640625
0110,2297,"[2, 1, 0]",300,22.31431007385254,True,6.136129710583916,680,0.06640625
0110,2298,"[2, 1, 0]",300,22.328615188598633,False,6.136129710583916,680,0.06640625
0110,2299,"[2, 1, 0]",300,22.33719825744629,True,6.136129710583916,680,0.06640625
0110,2300,"[2, 1, 0]",300,22.350549697875977,False,6.136129710583916,680,0.06640625
0110,2301,"[2, 1, 0]",300,22.35865592956543,True,6.136129710583916,680,0.06640625
0110,2302,"[2, 1, 0]",300,22.372722625732422,False,6.136129710583916,680,0.06640625
0110,2303,"[2, 1, 0]",300,22.390127182006836,True,6.136129710583916,680,0.06640625
0110,2304,"[2, 1, 0]",300,22.405385971069336,False,6.136129710583916,680,0.06640625
0110,2305,"[2, 1, 0]",300,22.41373062133789,True,6.136129710583916,680,0.06640625
0110,2306,"[2, 1, 0]",300,22.428274154663086,False,6.136129710583916,680,0.06640625
0110,2307,"[2, 1, 0]",300,22.435665130615234,True,6.136129710583916,680,0.06640625
0110,2308,"[2, 1, 0]",300,22.449254989624023,False,6.136129710583916,680,0.06640625
0110,2309,"[2, 1, 0]",300,22.457122802734375,True,6.136129710583916,680,0.06640625
0110,2310,"[2, 1, 0]",300,22.47023582458496,False,6.136129710583916,680,0.06640625
0110,2311,"[2, 1, 0]",300,22.47762680053711,True,6.136129710583916,680,0.06640625
0110,2312,"[2, 1, 0]",300,22.4912166595459,False,6.136129710583916,680,0.06640625
0110,2313,"[2, 1, 0]",300,22.499561309814453,True,6.136129710583916,680,0.06640625
0110,2314,"[2, 1, 0]",300,22.51291275024414,False,6.136129710583916,680,0.06640625
0110,2315,"[2, 1, 0]",300,22.520780563354492,True,6.136129710583916,680,0.06640625
0110,2316,"[2, 1, 0]",300,22.533893585205078,False,6.136129710583916,680,0.06640625
0110,2317,"[2, 1, 0]",300,22.542238235473633,True,6.136129710583916,680,0.06640625
0110,2318,"[2, 1, 0]",300,22.555112838745117,False,6.136129710583916,680,0.06640625
0110,2319,"[2, 1, 0]",300,22.56298065185547,True,6.136129710583916,680,0.06640625
0110,2320,"[2, 1, 0]",300,22.581815719604492,False,6.136129710583916,680,0.06640625
0110,2321,"[2, 1, 0]",300,22.590160369873047,True,6.136129710583916,680,0.06640625
0110,2322,"[2, 1, 0]",300,22.603988647460938,False,6.136129710583916,680,0.06640625
0110,2323,"[2, 1, 0]",300,22.61209487915039,True,6.136129710583916,680,0.06640625
0110,2324,"[2, 1, 0]",300,22.625446319580078,False,6.136129710583916,680,0.06640625
0110,2325,"[2, 1, 0]",300,22.637605667114258,True,6.136129710583916,680,0.06640625
0110,2326,"[2, 1, 0]",300,22.651195526123047,False,6.136129710583916,680,0.06640625
0110,2327,"[2, 1, 0]",300,22.663116455078125,True,6.136129710583916,680,0.06640625
0110,2328,"[2, 1, 0]",300,22.676706314086914,False,6.136129710583916,680,0.06640625
0110,2329,"[2, 1, 0]",300,22.684574127197266,True,6.136129710583916,680,0.06640625
0110,2330,"[2, 1, 0]",300,22.69768714904785,False,6.136129710583916,680,0.06640625
0110,2331,"[2, 1, 0]",300,22.705793380737305,True,6.136129710583916,680,0.06640625
0110,2332,"[2, 1, 0]",300,22.7200984954834,False,6.136129710583916,680,0.06640625
0110,2333,"[2, 1, 0]",300,22.72796630859375,True,6.136129710583916,680,0.06640625
0110,2334,"[2, 1, 0]",300,22.741317749023438,False,6.136129710583916,680,0.06640625
0110,2335,"[2, 1, 0]",300,22.74918556213379,True,6.136129710583916,680,0.06640625
0110,2336,"[2, 1, 0]",300,22.762298583984375,False,6.136129710583916,680,0.06640625
0110,2337,"[2, 1, 0]",300,22.769689559936523,True,6.136129710583916,680,0.06640625
0110,2338,"[2, 1, 0]",300,22.78280258178711,False,6.136129710583916,680,0.06640625
0110,2339,"[2, 1, 0]",300,22.790193557739258,True,6.136129710583916,680,0.06640625
0110,2340,"[2, 1, 0]",300,22.803306579589844,False,6.136129710583916,680,0.06640625
0110,2341,"[2, 1, 0]",300,22.810697555541992,True,6.136129710583916,680,0.06640625
0110,2342,"[2, 1, 0]",300,22.823333740234375,False,6.136129710583916,680,0.06640625
0110,2343,"[2, 1, 0]",300,22.830963134765625,True,6.136129710583916,680,0.06640625
0110,2344,"[2, 1, 0]",300,22.844314575195312,False,6.136129710583916,680,0.06640625
0110,2345,"[2, 1, 0]",300,22.856712341308594,True,6.136129710583916,680,0.06640625
0110,2346,"[2, 1, 0]",300,22.870540618896484,False,6.136129710583916,680,0.06640625
0110,2347,"[2, 1, 0]",300,22.878408432006836,True,6.136129710583916,680,0.06640625
0110,2348,"[2, 1, 0]",300,22.89128303527832,False,6.136129710583916,680,0.06640625
0110,2349,"[2, 1, 0]",300,22.89891242980957,True,6.136129710583916,680,0.06640625
0110,2350,"[2, 1, 0]",300,22.912025451660156,False,6.136129710583916,680,0.06640625
0110,2351,"[2, 1, 0]",300,22.919416427612305,True,6.136129710583916,680,0.06640625
0110,2352,"[2, 1, 0]",300,22.93229103088379,False,6.136129710583916,680,0.06640625
0110,2353,"[2, 1, 0]",300,22.939682006835938,True,6.136129710583916,680,0.06640625
0110,2354,"[2, 1, 0]",300,22.95231819152832,False,6.136129710583916,680,0.06640625
0110,2355,"[2, 1, 0]",300,22.95994758605957,True,6.136129710583916,680,0.06640625
0110,2356,"[2, 1, 0]",300,22.972822189331055,False,6.136129710583916,680,0.06640625
0110,2357,"[2, 1, 0]",300,22.980213165283203,True,6.136129710583916,680,0.06640625
0110,2358,"[2, 1, 0]",300,22.992849349975586,False,6.136129710583916,680,0.06640625
0110,2359,"[2, 1, 0]",300,23.00095558166504,True,6.136129710583916,680,0.06640625
0110,2360,"[2, 1, 0]",300,23.014307022094727,False,6.136129710583916,680,0.06640625
0110,2361,"[2, 1, 0]",300,23.026704788208008,True,6.136129710583916,680,0.06640625
0110,2362,"[2, 1, 0]",300,23.040056228637695,False,6.136129710583916,680,0.06640625
0110,2363,"[2, 1, 0]",300,23.048877716064453,True,6.136129710583916,680,0.06640625
0110,2364,"[2, 1, 0]",300,23.06199073791504,False,6.136129710583916,680,0.06640625
0110,2365,"[2, 1, 0]",300,23.070573806762695,True,6.136129710583916,680,0.06640625
0110,2366,"[2, 1, 0]",300,23.084163665771484,False,6.136129710583916,680,0.06640625
0110,2367,"[2, 1, 0]",300,23.096561431884766,True,6.136129710583916,680,0.06640625
0110,2368,"[2, 1, 0]",300,23.110151290893555,False,6.136129710583916,680,0.06640625
0110,2369,"[2, 1, 0]",300,23.11849594116211,True,6.136129710583916,680,0.06640625
0110,2370,"[2, 1, 0]",300,23.136377334594727,False,6.136129710583916,680,0.06640625
0110,2371,"[2, 1, 0]",300,23.145198822021484,True,6.136129710583916,680,0.06640625
0110,2372,"[2, 1, 0]",300,23.160457611083984,False,6.136129710583916,680,0.06640625
0110,2373,"[2, 1, 0]",300,23.16880226135254,True,6.136129710583916,680,0.06640625
0110,2374,"[2, 1, 0]",300,23.18286895751953,False,6.136129710583916,680,0.06640625
0110,2375,"[2, 1, 0]",300,23.189544677734375,True,6.136129710583916,680,0.06640625
0110,2376,"[2, 1, 0]",300,23.198604583740234,False,6.136129710583916,680,0.06640625
0110,2377,"[2, 1, 0]",300,23.207426071166992,True,6.136129710583916,680,0.06640625
0110,2378,"[2, 1, 0]",300,23.21624755859375,False,6.136129710583916,680,0.06640625
0110,2379,"[2, 1, 0]",300,23.221492767333984,True,6.136129710583916,680,0.06640625
0110,2380,"[2, 1, 0]",300,23.230791091918945,False,6.136129710583916,680,0.06640625
0110,2381,"[2, 1, 0]",300,23.235559463500977,True,6.136129710583916,680,0.06640625
0110,2382,"[2, 1, 0]",300,23.244619369506836,False,6.136129710583916,680,0.06640625
0110,2383,"[2, 1, 0]",300,23.24962615966797,True,6.136129710583916,680,0.06640625
0110,2384,"[2, 1, 0]",300,23.258447647094727,False,6.136129710583916,680,0.06640625
0110,2385,"[2, 1, 0]",300,23.263216018676758,True,6.136129710583916,680,0.06640625
0110,2386,"[2, 1, 0]",300,23.271799087524414,False,6.136129710583916,680,0.06640625
0110,2387,"[2, 1, 0]",300,23.28014373779297,True,6.136129710583916,680,0.06640625
0110,2388,"[2, 1, 0]",300,23.28944206237793,False,6.136129710583916,680,0.06640625
0110,2389,"[2, 1, 0]",300,23.294448852539062,True,6.136129710583916,680,0.06640625
0110,2390,"[2, 1, 0]",300,23.303747177124023,False,6.136129710583916,680,0.06640625
0110,2391,"[2, 1, 0]",300,23.30923080444336,True,6.136129710583916,680,0.06640625
0110,2392,"[2, 1, 0]",300,23.318052291870117,False,6.136129710583916,680,0.06640625
0110,2393,"[2, 1, 0]",300,23.32329750061035,True,6.136129710583916,680,0.06640625
0110,2394,"[2, 1, 0]",300,23.331880569458008,False,6.136129710583916,680,0.06640625
0110,2395,"[2, 1, 0]",300,23.337125778198242,True,6.136129710583916,680,0.06640625
0110,2396,"[2, 1, 0]",300,23.3461856842041,False,6.136129710583916,680,0.06640625
0110,2397,"[2, 1, 0]",300,23.351669311523438,True,6.136129710583916,680,0.06640625
0110,2398,"[2, 1, 0]",300,23.360252380371094,False,6.136129710583916,680,0.06640625
0110,2399,"[2, 1, 0]",300,23.36573600769043,True,6.136129710583916,680,0.06640625
0110,2400,"[2, 1, 0]",300,23.374319076538086,False,6.136129710583916,680,0.06640625
0110,2401,"[2, 1, 0]",300,23.379802703857422,True,6.136129710583916,680,0.06640625
0110,2402,"[2, 1, 0]",300,23.388147354125977,False,6.136129710583916,680,0.06640625
0110,2403,"[2, 1, 0]",300,23.39339256286621,True,6.136129710583916,680,0.06640625
0110,2404,"[2, 1, 0]",300,23.401737213134766,False,6.136129710583916,680,0.06640625
0110,2405,"[2, 1, 0]",300,23.406982421875,True,6.136129710583916,680,0.06640625
0110,2406,"[2, 1, 0]",300,23.415565490722656,False,6.136129710583916,680,0.06640625
0110,2407,"[2, 1, 0]",300,23.42081069946289,True,6.136129710583916,680,0.06640625
0110,2408,"[2, 1, 0]",300,23.429155349731445,False,6.136129710583916,680,0.06640625
0110,2409,"[2, 1, 0]",300,23.438453674316406,True,6.136129710583916,680,0.06640625
0110,2410,"[2, 1, 0]",300,23.447036743164062,False,6.136129710583916,680,0.06640625
0110,2411,"[2, 1, 0]",300,23.452281951904297,True,6.136129710583916,680,0.06640625
0110,2412,"[2, 1, 0]",300,23.460865020751953,False,6.136129710583916,680,0.06640625
0110,2413,"[2, 1, 0]",300,23.466110229492188,True,6.136129710583916,680,0.06640625
0110,2414,"[2, 1, 0]",300,23.475170135498047,False,6.136129710583916,680,0.06640625
0110,2415,"[2, 1, 0]",300,23.48041534423828,True,6.136129710583916,680,0.06640625
0110,2416,"[2, 1, 0]",300,23.48923683166504,False,6.136129710583916,680,0.06640625
0110,2417,"[2, 1, 0]",300,23.494958877563477,True,6.136129710583916,680,0.06640625
0110,2418,"[2, 1, 0]",300,23.503780364990234,False,6.136129710583916,680,0.06640625
0110,2419,"[2, 1, 0]",300,23.508787155151367,True,6.136129710583916,680,0.06640625
0110,2420,"[2, 1, 0]",300,23.543834686279297,False,6.136129710583916,680,0.06640625
0110,2421,"[2, 1, 0]",300,23.56719970703125,True,6.136129710583916,680,0.06640625
0110,2422,"[2, 1, 0]",300,23.596763610839844,False,6.136129710583916,680,0.06640625
0110,2423,"[2, 1, 0]",300,23.607969284057617,True,6.136129710583916,680,0.06640625
0110,2424,"[2, 1, 0]",300,23.63419532775879,False,6.136129710583916,680,0.06640625
0110,2425,"[2, 1, 0]",300,23.648500442504883,True,6.136129710583916,680,0.06640625
0110,2426,"[2, 1, 0]",300,23.667573928833008,False,6.136129710583916,680,0.06640625
0110,2427,"[2, 1, 0]",300,23.675918579101562,True,6.136129710583916,680,0.06640625
0110,2428,"[2, 1, 0]",300,23.688554763793945,False,6.136129710583916,680,0.06640625
0110,2429,"[2, 1, 0]",300,23.70166778564453,True,6.136129710583916,680,0.06640625
0110,2430,"[2, 1, 0]",300,23.713111877441406,False,6.136129710583916,680,0.06640625
0110,2431,"[2, 1, 0]",300,23.72002601623535,True,6.136129710583916,680,0.06640625
0110,2432,"[2, 1, 0]",300,23.73051643371582,False,6.136129710583916,680,0.06640625
0110,2433,"[2, 1, 0]",300,23.73671531677246,True,6.136129710583916,680,0.06640625
0110,2434,"[2, 1, 0]",300,23.746252059936523,False,6.136129710583916,680,0.06640625
0110,2435,"[2, 1, 0]",300,23.75173568725586,True,6.136129710583916,680,0.06640625
0110,2436,"[2, 1, 0]",300,23.76103401184082,False,6.136129710583916,680,0.06640625
0110,2437,"[2, 1, 0]",300,23.766279220581055,True,6.136129710583916,680,0.06640625
0110,2438,"[2, 1, 0]",300,23.775100708007812,False,6.136129710583916,680,0.06640625
0110,2439,"[2, 1, 0]",300,23.810625076293945,True,6.136129710583916,680,0.06640625
0110,2440,"[2, 1, 0]",300,23.83279800415039,False,6.136129710583916,680,0.06640625
0110,2441,"[2, 1, 0]",300,23.84209632873535,True,6.136129710583916,680,0.06640625
0110,2442,"[2, 1, 0]",300,23.854494094848633,False,6.136129710583916,680,0.06640625
0110,2443,"[2, 1, 0]",300,23.860692977905273,True,6.136129710583916,680,0.06640625
0110,2444,"[2, 1, 0]",300,23.87094497680664,False,6.136129710583916,680,0.06640625
0110,2445,"[2, 1, 0]",300,23.87690544128418,True,6.136129710583916,680,0.06640625
0110,2446,"[2, 1, 0]",300,23.88787269592285,False,6.136129710583916,680,0.06640625
0110,2447,"[2, 1, 0]",300,23.894309997558594,True,6.136129710583916,680,0.06640625
0110,2448,"[2, 1, 0]",300,23.903608322143555,False,6.136129710583916,680,0.06640625
0110,2449,"[2, 1, 0]",300,23.90885353088379,True,6.136129710583916,680,0.06640625
0110,2450,"[2, 1, 0]",300,23.91839027404785,False,6.136129710583916,680,0.06640625
0110,2451,"[2, 1, 0]",300,23.937702178955078,True,6.136129710583916,680,0.06640625
0110,2452,"[2, 1, 0]",300,23.946523666381836,False,6.136129710583916,680,0.06640625
0110,2453,"[2, 1, 0]",300,23.95176887512207,True,6.136129710583916,680,0.06640625
0110,2454,"[2, 1, 0]",300,23.960590362548828,False,6.136129710583916,680,0.06640625
0110,2455,"[2, 1, 0]",300,23.966073989868164,True,6.136129710583916,680,0.06640625
0110,2456,"[2, 1, 0]",300,23.97465705871582,False,6.136129710583916,680,0.06640625
0110,2457,"[2, 1, 0]",300,23.979902267456055,True,6.136129710583916,680,0.06640625
0110,2458,"[2, 1, 0]",300,23.98824691772461,False,6.136129710583916,680,0.06640625
0110,2459,"[2, 1, 0]",300,24.02210235595703,True,6.136129710583916,680,0.06640625
0110,2460,"[2, 1, 0]",300,24.031639099121094,False,6.136129710583916,680,0.06640625
0110,2461,"[2, 1, 0]",300,24.03712272644043,True,6.136129710583916,680,0.06640625
0110,2462,"[2, 1, 0]",300,24.045944213867188,False,6.136129710583916,680,0.06640625
0110,2463,"[2, 1, 0]",300,24.05095100402832,True,6.136129710583916,680,0.06640625
0110,2464,"[2, 1, 0]",300,24.059772491455078,False,6.136129710583916,680,0.06640625
0110,2465,"[2, 1, 0]",300,24.06477928161621,True,6.136129710583916,680,0.06640625
0110,2466,"[2, 1, 0]",300,24.07360076904297,False,6.136129710583916,680,0.06640625
0110,2467,"[2, 1, 0]",300,24.078369140625,True,6.136129710583916,680,0.06640625
0110,2468,"[2, 1, 0]",300,24.086952209472656,False,6.136129710583916,680,0.06640625
0110,2469,"[2, 1, 0]",300,24.091720581054688,True,6.136129710583916,680,0.06640625
0110,2470,"[2, 1, 0]",300,24.100303649902344,False,6.136129710583916,680,0.06640625
0110,2471,"[2, 1, 0]",300,24.109363555908203,True,6.136129710583916,680,0.06640625
0110,2472,"[2, 1, 0]",300,24.123430252075195,False,6.136129710583916,680,0.06640625
0110,2473,"[2, 1, 0]",300,24.129390716552734,True,6.136129710583916,680,0.06640625
0110,2474,"[2, 1, 0]",300,24.138450622558594,False,6.136129710583916,680,0.06640625
0110,2475,"[2, 1, 0]",300,24.14393424987793,True,6.136129710583916,680,0.06640625
0110,2476,"[2, 1, 0]",300,24.15299415588379,False,6.136129710583916,680,0.06640625
0110,2477,"[2, 1, 0]",300,24.158000946044922,True,6.136129710583916,680,0.06640625
0110,2478,"[2, 1, 0]",300,24.16682243347168,False,6.136129710583916,680,0.06640625
0110,2479,"[2, 1, 0]",300,24.171829223632812,True,6.136129710583916,680,0.06640625
0110,2480,"[2, 1, 0]",300,24.18065071105957,False,6.136129710583916,680,0.06640625
0110,2481,"[2, 1, 0]",300,24.185657501220703,True,6.136129710583916,680,0.06640625
0110,2482,"[2, 1, 0]",300,24.194002151489258,False,6.136129710583916,680,0.06640625
0110,2483,"[2, 1, 0]",300,24.199247360229492,True,6.136129710583916,680,0.06640625
0110,2484,"[2, 1, 0]",300,24.207592010498047,False,6.136129710583916,680,0.06640625
0110,2485,"[2, 1, 0]",300,24.213075637817383,True,6.136129710583916,680,0.06640625
0110,2486,"[2, 1, 0]",300,24.221420288085938,False,6.136129710583916,680,0.06640625
0110,2487,"[2, 1, 0]",300,24.226665496826172,True,6.136129710583916,680,0.06640625
0110,2488,"[2, 1, 0]",300,24.234771728515625,False,6.136129710583916,680,0.06640625
0110,2489,"[2, 1, 0]",300,24.24001693725586,True,6.136129710583916,680,0.06640625
0110,2490,"[2, 1, 0]",300,24.248361587524414,False,6.136129710583916,680,0.06640625
0110,2491,"[2, 1, 0]",300,24.25360679626465,True,6.136129710583916,680,0.06640625
0110,2492,"[2, 1, 0]",300,24.262189865112305,False,6.136129710583916,680,0.06640625
0110,2493,"[2, 1, 0]",300,24.270057678222656,True,6.136129710583916,680,0.06640625
0110,2494,"[2, 1, 0]",300,24.279356002807617,False,6.136129710583916,680,0.06640625
0110,2495,"[2, 1, 0]",300,24.28412437438965,True,6.136129710583916,680,0.06640625
0110,2496,"[2, 1, 0]",300,24.293184280395508,False,6.136129710583916,680,0.06640625
0110,2497,"[2, 1, 0]",300,24.29795265197754,True,6.136129710583916,680,0.06640625
0110,2498,"[2, 1, 0]",300,24.306535720825195,False,6.136129710583916,680,0.06640625
0110,2499,"[2, 1, 0]",300,24.311542510986328,True,6.136129710583916,680,0.06640625
0110,2500,"[2, 1, 0]",300,24.320363998413086,False,6.136129710583916,680,0.06640625
0110,2501,"[2, 1, 0]",300,24.32537078857422,True,6.136129710583916,680,0.06640625
0110,2502,"[2, 1, 0]",300,24.333953857421875,False,6.136129710583916,680,0.06640625
0110,2503,"[2, 1, 0]",300,24.338722229003906,True,6.136129710583916,680,0.06640625
0110,2504,"[2, 1, 0]",300,24.347305297851562,False,6.136129710583916,680,0.06640625
0110,2505,"[2, 1, 0]",300,24.352312088012695,True,6.136129710583916,680,0.06640625
0110,2506,"[2, 1, 0]",300,24.361133575439453,False,6.136129710583916,680,0.06640625
0110,2507,"[2, 1, 0]",300,24.366140365600586,True,6.136129710583916,680,0.06640625
0110,2508,"[2, 1, 0]",300,24.374961853027344,False,6.136129710583916,680,0.06640625
0110,2509,"[2, 1, 0]",300,24.379730224609375,True,6.136129710583916,680,0.06640625
0110,2510,"[2, 1, 0]",300,24.388551712036133,False,6.136129710583916,680,0.06640625
0110,2511,"[2, 1, 0]",300,24.393796920776367,True,6.136129710583916,680,0.06640625
0110,2512,"[2, 1, 0]",300,24.402141571044922,False,6.136129710583916,680,0.06640625
0110,2513,"[2, 1, 0]",300,24.410724639892578,True,6.136129710583916,680,0.06640625
0110,2514,"[2, 1, 0]",300,24.419546127319336,False,6.136129710583916,680,0.06640625
0110,2515,"[2, 1, 0]",300,24.42479133605957,True,6.136129710583916,680,0.06640625
0110,2516,"[2, 1, 0]",300,24.43718910217285,False,6.136129710583916,680,0.06640625
0110,2517,"[2, 1, 0]",300,24.442434310913086,True,6.136129710583916,680,0.06640625
0110,2518,"[2, 1, 0]",300,24.45077896118164,False,6.136129710583916,680,0.06640625
0110,2519,"[2, 1, 0]",300,24.455785751342773,True,6.136129710583916,680,0.06640625
0110,2520,"[2, 1, 0]",300,24.46436882019043,False,6.136129710583916,680,0.06640625
0110,2521,"[2, 1, 0]",300,24.472713470458984,True,6.136129710583916,680,0.06640625
0110,2522,"[2, 1, 0]",300,24.482250213623047,False,6.136129710583916,680,0.06640625
0110,2523,"[2, 1, 0]",300,24.488210678100586,True,6.136129710583916,680,0.06640625
0110,2524,"[2, 1, 0]",300,24.497270584106445,False,6.136129710583916,680,0.06640625
0110,2525,"[2, 1, 0]",300,24.502277374267578,True,6.136129710583916,680,0.06640625
0110,2526,"[2, 1, 0]",300,24.511098861694336,False,6.136129710583916,680,0.06640625
0110,2527,"[2, 1, 0]",300,24.51610565185547,True,6.136129710583916,680,0.06640625
0110,2528,"[2, 1, 0]",300,24.524688720703125,False,6.136129710583916,680,0.06640625
0110,2529,"[2, 1, 0]",300,24.53327178955078,True,6.136129710583916,680,0.06640625
0110,2530,"[2, 1, 0]",300,24.54209327697754,False,6.136129710583916,680,0.06640625
0110,2531,"[2, 1, 0]",300,24.547338485717773,True,6.136129710583916,680,0.06640625
0110,2532,"[2, 1, 0]",300,24.55592155456543,False,6.136129710583916,680,0.06640625
0110,2533,"[2, 1, 0]",300,24.561166763305664,True,6.136129710583916,680,0.06640625
0110,2534,"[2, 1, 0]",300,24.56974983215332,False,6.136129710583916,680,0.06640625
0110,2535,"[2, 1, 0]",300,24.578094482421875,True,6.136129710583916,680,0.06640625
0110,2536,"[2, 1, 0]",300,24.587154388427734,False,6.136129710583916,680,0.06640625
0110,2537,"[2, 1, 0]",300,24.591922760009766,True,6.136129710583916,680,0.06640625
0110,2538,"[2, 1, 0]",300,24.60026741027832,False,6.136129710583916,680,0.06640625
0110,2539,"[2, 1, 0]",300,24.605274200439453,True,6.136129710583916,680,0.06640625
0110,2540,"[2, 1, 0]",300,24.613618850708008,False,6.136129710583916,680,0.06640625
0110,2541,"[2, 1, 0]",300,24.61862564086914,True,6.136129710583916,680,0.06640625
0110,2542,"[2, 1, 0]",300,24.626970291137695,False,6.136129710583916,680,0.06640625
0110,2543,"[2, 1, 0]",300,24.63221549987793,True,6.136129710583916,680,0.06640625
0110,2544,"[2, 1, 0]",300,24.640321731567383,False,6.136129710583916,680,0.06640625
0110,2545,"[2, 1, 0]",300,24.645090103149414,True,6.136129710583916,680,0.06640625
0110,2546,"[2, 1, 0]",300,24.653911590576172,False,6.136129710583916,680,0.06640625
0110,2547,"[2, 1, 0]",300,24.658679962158203,True,6.136129710583916,680,0.06640625
0110,2548,"[2, 1, 0]",300,24.66726303100586,False,6.136129710583916,680,0.06640625
0110,2549,"[2, 1, 0]",300,24.67203140258789,True,6.136129710583916,680,0.06640625
0110,2550,"[2, 1, 0]",300,24.680137634277344,False,6.136129710583916,680,0.06640625
0110,2551,"[2, 1, 0]",300,24.685382843017578,True,6.136129710583916,680,0.06640625
0110,2552,"[2, 1, 0]",300,24.69348907470703,False,6.136129710583916,680,0.06640625
0110,2553,"[2, 1, 0]",300,24.698495864868164,True,6.136129710583916,680,0.06640625
0110,2554,"[2, 1, 0]",300,24.70684051513672,False,6.136129710583916,680,0.06640625
0110,2555,"[2, 1, 0]",300,24.715423583984375,True,6.136129710583916,680,0.06640625
0110,2556,"[2, 1, 0]",300,24.72400665283203,False,6.136129710583916,680,0.06640625
0110,2557,"[2, 1, 0]",300,24.729251861572266,True,6.136129710583916,680,0.06640625
0110,2558,"[2, 1, 0]",300,24.73759651184082,False,6.136129710583916,680,0.06640625
0110,2559,"[2, 1, 0]",300,24.74236488342285,True,6.136129710583916,680,0.06640625
0110,2560,"[2, 1, 0]",300,24.750709533691406,False,6.136129710583916,680,0.06640625
0110,2561,"[2, 1, 0]",300,24.755477905273438,True,6.136129710583916,680,0.06640625
0110,2562,"[2, 1, 0]",300,24.764060974121094,False,6.136129710583916,680,0.06640625
0110,2563,"[2, 1, 0]",300,24.768829345703125,True,6.136129710583916,680,0.06640625
0110,2564,"[2, 1, 0]",300,24.77717399597168,False,6.136129710583916,680,0.06640625
0110,2565,"[2, 1, 0]",300,24.782419204711914,True,6.136129710583916,680,0.06640625
0110,2566,"[2, 1, 0]",300,24.790525436401367,False,6.136129710583916,680,0.06640625
0110,2567,"[2, 1, 0]",300,24.7955322265625,True,6.136129710583916,680,0.06640625
0110,2568,"[2, 1, 0]",300,24.803876876831055,False,6.136129710583916,680,0.06640625
0110,2569,"[2, 1, 0]",300,24.808645248413086,True,6.136129710583916,680,0.06640625
0110,2570,"[2, 1, 0]",300,24.81698989868164,False,6.136129710583916,680,0.06640625
0110,2571,"[2, 1, 0]",300,24.821996688842773,True,6.136129710583916,680,0.06640625
0110,2572,"[2, 1, 0]",300,24.83367919921875,False,6.136129710583916,680,0.06640625
0110,2573,"[2, 1, 0]",300,24.838924407958984,True,6.136129710583916,680,0.06640625
0110,2574,"[2, 1, 0]",300,24.847745895385742,False,6.136129710583916,680,0.06640625
0110,2575,"[2, 1, 0]",300,24.852514266967773,True,6.136129710583916,680,0.06640625
0110,2576,"[2, 1, 0]",300,24.860620498657227,False,6.136129710583916,680,0.06640625
0110,2577,"[2, 1, 0]",300,24.868488311767578,True,6.136129710583916,680,0.06640625
0110,2578,"[2, 1, 0]",300,24.876832962036133,False,6.136129710583916,680,0.06640625
0110,2579,"[2, 1, 0]",300,24.881839752197266,True,6.136129710583916,680,0.06640625
0110,2580,"[2, 1, 0]",300,24.89018440246582,False,6.136129710583916,680,0.06640625
0110,2581,"[2, 1, 0]",300,24.89495277404785,True,6.136129710583916,680,0.06640625
0110,2582,"[2, 1, 0]",300,24.903297424316406,False,6.136129710583916,680,0.06640625
0110,2583,"[2, 1, 0]",300,24.90830421447754,True,6.136129710583916,680,0.06640625
0110,2584,"[2, 1, 0]",300,24.916648864746094,False,6.136129710583916,680,0.06640625
0110,2585,"[2, 1, 0]",300,24.921655654907227,True,6.136129710583916,680,0.06640625
0110,2586,"[2, 1, 0]",300,24.93000030517578,False,6.136129710583916,680,0.06640625
0110,2587,"[2, 1, 0]",300,24.935245513916016,True,6.136129710583916,680,0.06640625
0110,2588,"[2, 1, 0]",300,24.943828582763672,False,6.136129710583916,680,0.06640625
0110,2589,"[2, 1, 0]",300,24.948835372924805,True,6.136129710583916,680,0.06640625
0110,2590,"[2, 1, 0]",300,24.956941604614258,False,6.136129710583916,680,0.06640625
0110,2591,"[2, 1, 0]",300,24.962186813354492,True,6.136129710583916,680,0.06640625
0110,2592,"[2, 1, 0]",300,24.970531463623047,False,6.136129710583916,680,0.06640625
0110,2593,"[2, 1, 0]",300,24.97577667236328,True,6.136129710583916,680,0.06640625
0110,2594,"[2, 1, 0]",300,24.984121322631836,False,6.136129710583916,680,0.06640625
0110,2595,"[2, 1, 0]",300,24.98912811279297,True,6.136129710583916,680,0.06640625
0110,2596,"[2, 1, 0]",300,24.997472763061523,False,6.136129710583916,680,0.06640625
0110,2597,"[2, 1, 0]",300,25.005340576171875,True,6.136129710583916,680,0.06640625
0110,2598,"[2, 1, 0]",300,25.014162063598633,False,6.136129710583916,680,0.06640625
0110,2599,"[2, 1, 0]",300,25.019168853759766,True,6.136129710583916,680,0.06640625
0110,2600,"[2, 1, 0]",300,25.02727508544922,False,6.136129710583916,680,0.06640625
0110,2601,"[2, 1, 0]",300,25.032520294189453,True,6.136129710583916,680,0.06640625
0110,2602,"[2, 1, 0]",300,25.040626525878906,False,6.136129710583916,680,0.06640625
0110,2603,"[2, 1, 0]",300,25.04563331604004,True,6.136129710583916,680,0.06640625
0110,2604,"[2, 1, 0]",300,25.053977966308594,False,6.136129710583916,680,0.06640625
0110,2605,"[2, 1, 0]",300,25.058984756469727,True,6.136129710583916,680,0.06640625
0110,2606,"[2, 1, 0]",300,25.06732940673828,False,6.136129710583916,680,0.06640625
0110,2607,"[2, 1, 0]",300,25.072097778320312,True,6.136129710583916,680,0.06640625
0110,2608,"[2, 1, 0]",300,25.081157684326172,False,6.136129710583916,680,0.06640625
0110,2609,"[2, 1, 0]",300,25.086641311645508,True,6.136129710583916,680,0.06640625
0110,2610,"[2, 1, 0]",300,25.095224380493164,False,6.136129710583916,680,0.06640625
0110,2611,"[2, 1, 0]",300,25.100231170654297,True,6.136129710583916,680,0.06640625
0110,2612,"[2, 1, 0]",300,25.10857582092285,False,6.136129710583916,680,0.06640625
0110,2613,"[2, 1, 0]",300,25.113582611083984,True,6.136129710583916,680,0.06640625
0110,2614,"[2, 1, 0]",300,25.12216567993164,False,6.136129710583916,680,0.06640625
0110,2615,"[2, 1, 0]",300,25.127172470092773,True,6.136129710583916,680,0.06640625
0110,2616,"[2, 1, 0]",300,25.135517120361328,False,6.136129710583916,680,0.06640625
0110,2617,"[2, 1, 0]",300,25.14052391052246,True,6.136129710583916,680,0.06640625
0110,2618,"[2, 1, 0]",300,25.14934539794922,False,6.136129710583916,680,0.06640625
0110,2619,"[2, 1, 0]",300,25.15721321105957,True,6.136129710583916,680,0.06640625
0110,2620,"[2, 1, 0]",300,25.165557861328125,False,6.136129710583916,680,0.06640625
0110,2621,"[2, 1, 0]",300,25.17080307006836,True,6.136129710583916,680,0.06640625
0110,2622,"[2, 1, 0]",300,25.182247161865234,False,6.136129710583916,680,0.06640625
0110,2623,"[2, 1, 0]",300,25.18773078918457,True,6.136129710583916,680,0.06640625
0110,2624,"[2, 1, 0]",300,25.199174880981445,False,6.136129710583916,680,0.06640625
0110,2625,"[2, 1, 0]",300,25.204181671142578,True,6.136129710583916,680,0.06640625
0110,2626,"[2, 1, 0]",300,25.212764739990234,False,6.136129710583916,680,0.06640625
0110,2627,"[2, 1, 0]",300,25.217771530151367,True,6.136129710583916,680,0.06640625
0110,2628,"[2, 1, 0]",300,25.226354598999023,False,6.136129710583916,680,0.06640625
0110,2629,"[2, 1, 0]",300,25.231122970581055,True,6.136129710583916,680,0.06640625
0110,2630,"[2, 1, 0]",300,25.23970603942871,False,6.136129710583916,680,0.06640625
0110,2631,"[2, 1, 0]",300,25.244474411010742,True,6.136129710583916,680,0.06640625
0110,2632,"[2, 1, 0]",300,25.252580642700195,False,6.136129710583916,680,0.06640625
0110,2633,"[2, 1, 0]",300,25.257587432861328,True,6.136129710583916,680,0.06640625
0110,2634,"[2, 1, 0]",300,25.265932083129883,False,6.136129710583916,680,0.06640625
0110,2635,"[2, 1, 0]",300,25.271177291870117,True,6.136129710583916,680,0.06640625
0110,2636,"[2, 1, 0]",300,25.27928352355957,False,6.136129710583916,680,0.06640625
0110,2637,"[2, 1, 0]",300,25.2840518951416,True,6.136129710583916,680,0.06640625
0110,2638,"[2, 1, 0]",300,25.292396545410156,False,6.136129710583916,680,0.06640625
0110,2639,"[2, 1, 0]",300,25.300264358520508,True,6.136129710583916,680,0.06640625
0110,2640,"[2, 1, 0]",300,25.309085845947266,False,6.136129710583916,680,0.06640625
0110,2641,"[2, 1, 0]",300,25.3140926361084,True,6.136129710583916,680,0.06640625
0110,2642,"[2, 1, 0]",300,25.322437286376953,False,6.136129710583916,680,0.06640625
0110,2643,"[2, 1, 0]",300,25.32792091369629,True,6.136129710583916,680,0.06640625
0110,2644,"[2, 1, 0]",300,25.336027145385742,False,6.136129710583916,680,0.06640625
0110,2645,"[2, 1, 0]",300,25.341272354125977,True,6.136129710583916,680,0.06640625
0110,2646,"[2, 1, 0]",300,25.34961700439453,False,6.136129710583916,680,0.06640625
0110,2647,"[2, 1, 0]",300,25.354623794555664,True,6.136129710583916,680,0.06640625
0110,2648,"[2, 1, 0]",300,25.36320686340332,False,6.136129710583916,680,0.06640625
0110,2649,"[2, 1, 0]",300,25.368452072143555,True,6.136129710583916,680,0.06640625
0110,2650,"[2, 1, 0]",300,25.376558303833008,False,6.136129710583916,680,0.06640625
0110,2651,"[2, 1, 0]",300,25.381803512573242,True,6.136129710583916,680,0.06640625
0110,2652,"[2, 1, 0]",300,25.389909744262695,False,6.136129710583916,680,0.06640625
0110,2653,"[2, 1, 0]",300,25.394916534423828,True,6.136129710583916,680,0.06640625
0110,2654,"[2, 1, 0]",300,25.403261184692383,False,6.136129710583916,680,0.06640625
0110,2655,"[2, 1, 0]",300,25.408267974853516,True,6.136129710583916,680,0.06640625
0110,2656,"[2, 1, 0]",300,25.416851043701172,False,6.136129710583916,680,0.06640625
0110,2657,"[2, 1, 0]",300,25.421619415283203,True,6.136129710583916,680,0.06640625
0110,2658,"[2, 1, 0]",300,25.429964065551758,False,6.136129710583916,680,0.06640625
0110,2659,"[2, 1, 0]",300,25.435209274291992,True,6.136129710583916,680,0.06640625
0110,2660,"[2, 1, 0]",300,25.443315505981445,False,6.136129710583916,680,0.06640625
0110,2661,"[2, 1, 0]",300,25.454044342041016,True,6.136129710583916,680,0.06640625
0110,2662,"[2, 1, 0]",300,25.46238899230957,False,6.136129710583916,680,0.06640625
0110,2663,"[2, 1, 0]",300,25.467395782470703,True,6.136129710583916,680,0.06640625
0110,2664,"[2, 1, 0]",300,25.47597885131836,False,6.136129710583916,680,0.06640625
0110,2665,"[2, 1, 0]",300,25.48074722290039,True,6.136129710583916,680,0.06640625
0110,2666,"[2, 1, 0]",300,25.488853454589844,False,6.136129710583916,680,0.06640625
0110,2667,"[2, 1, 0]",300,25.494098663330078,True,6.136129710583916,680,0.06640625
0110,2668,"[2, 1, 0]",300,25.50220489501953,False,6.136129710583916,680,0.06640625
0110,2669,"[2, 1, 0]",300,25.507211685180664,True,6.136129710583916,680,0.06640625
0110,2670,"[2, 1, 0]",300,25.51555633544922,False,6.136129710583916,680,0.06640625
0110,2671,"[2, 1, 0]",300,25.520801544189453,True,6.136129710583916,680,0.06640625
0110,2672,"[2, 1, 0]",300,25.528907775878906,False,6.136129710583916,680,0.06640625
0110,2673,"[2, 1, 0]",300,25.53725242614746,True,6.136129710583916,680,0.06640625
0110,2674,"[2, 1, 0]",300,25.54607391357422,False,6.136129710583916,680,0.06640625
0110,2675,"[2, 1, 0]",300,25.551319122314453,True,6.136129710583916,680,0.06640625
0110,2676,"[2, 1, 0]",300,25.559663772583008,False,6.136129710583916,680,0.06640625
0110,2677,"[2, 1, 0]",300,25.56467056274414,True,6.136129710583916,680,0.06640625
0110,2678,"[2, 1, 0]",300,25.573015213012695,False,6.136129710583916,680,0.06640625
0110,2679,"[2, 1, 0]",300,25.577783584594727,True,6.136129710583916,680,0.06640625
0110,2680,"[2, 1, 0]",300,25.58612823486328,False,6.136129710583916,680,0.06640625
0110,2681,"[2, 1, 0]",300,25.593996047973633,True,6.136129710583916,680,0.06640625
0110,2682,"[2, 1, 0]",300,25.60281753540039,False,6.136129710583916,680,0.06640625
0110,2683,"[2, 1, 0]",300,25.607824325561523,True,6.136129710583916,680,0.06640625
0110,2684,"[2, 1, 0]",300,25.618791580200195,False,6.136129710583916,680,0.06640625
0110,2685,"[2, 1, 0]",300,25.62546730041504,True,6.136129710583916,680,0.06640625
0110,2686,"[2, 1, 0]",300,25.63333511352539,False,6.136129710583916,680,0.06640625
0110,2687,"[2, 1, 0]",300,25.638341903686523,True,6.136129710583916,680,0.06640625
0110,2688,"[2, 1, 0]",300,25.64692497253418,False,6.136129710583916,680,0.06640625
0110,2689,"[2, 1, 0]",300,25.651931762695312,True,6.136129710583916,680,0.06640625
0110,2690,"[2, 1, 0]",300,25.660276412963867,False,6.136129710583916,680,0.06640625
0110,2691,"[2, 1, 0]",300,25.665283203125,True,6.136129710583916,680,0.06640625
0110,2692,"[2, 1, 0]",300,25.673627853393555,False,6.136129710583916,680,0.06640625
0110,2693,"[2, 1, 0]",300,25.678396224975586,True,6.136129710583916,680,0.06640625
0110,2694,"[2, 1, 0]",300,25.68674087524414,False,6.136129710583916,680,0.06640625
0110,2695,"[2, 1, 0]",300,25.691986083984375,True,6.136129710583916,680,0.06640625
0110,2696,"[2, 1, 0]",300,25.700092315673828,False,6.136129710583916,680,0.06640625
0110,2697,"[2, 1, 0]",300,25.708675384521484,True,6.136129710583916,680,0.06640625
0110,2698,"[2, 1, 0]",300,25.71702003479004,False,6.136129710583916,680,0.06640625
0110,2699,"[2, 1, 0]",300,25.722265243530273,True,6.136129710583916,680,0.06640625
0110,2700,"[2, 1, 0]",300,25.730609893798828,False,6.136129710583916,680,0.06640625
0110,2701,"[2, 1, 0]",300,25.735855102539062,True,6.136129710583916,680,0.06640625
0110,2702,"[2, 1, 0]",300,25.743961334228516,False,6.136129710583916,680,0.06640625
0110,2703,"[2, 1, 0]",300,25.751829147338867,True,6.136129710583916,680,0.06640625
0110,2704,"[2, 1, 0]",300,25.760412216186523,False,6.136129710583916,680,0.06640625
0110,2705,"[2, 1, 0]",300,25.765419006347656,True,6.136129710583916,680,0.06640625
0110,2706,"[2, 1, 0]",300,25.77352523803711,False,6.136129710583916,680,0.06640625
0110,2707,"[2, 1, 0]",300,25.778770446777344,True,6.136129710583916,680,0.06640625
0110,2708,"[2, 1, 0]",300,25.786876678466797,False,6.136129710583916,680,0.06640625
0110,2709,"[2, 1, 0]",300,25.79188346862793,True,6.136129710583916,680,0.06640625
0110,2710,"[2, 1, 0]",300,25.81620216369629,False,6.136129710583916,680,0.06640625
0110,2711,"[2, 1, 0]",300,25.834321975708008,True,6.136129710583916,680,0.06640625
0110,2712,"[2, 1, 0]",300,25.85434913635254,False,6.136129710583916,680,0.06640625
0110,2713,"[2, 1, 0]",300,25.86197853088379,True,6.136129710583916,680,0.06640625
0110,2714,"[2, 1, 0]",300,25.873899459838867,False,6.136129710583916,680,0.06640625
0110,2715,"[2, 1, 0]",300,25.880098342895508,True,6.136129710583916,680,0.06640625
0110,2716,"[2, 1, 0]",300,25.890350341796875,False,6.136129710583916,680,0.06640625
0110,2717,"[2, 1, 0]",300,25.89702606201172,True,6.136129710583916,680,0.06640625
0110,2718,"[2, 1, 0]",300,25.90775489807129,False,6.136129710583916,680,0.06640625
0110,2719,"[2, 1, 0]",300,25.913476943969727,True,6.136129710583916,680,0.06640625
0110,2720,"[2, 1, 0]",300,25.922298431396484,False,6.136129710583916,680,0.06640625
0110,2721,"[2, 1, 0]",300,25.92778205871582,True,6.136129710583916,680,0.06640625
0110,2722,"[2, 1, 0]",300,25.936603546142578,False,6.136129710583916,680,0.06640625
0110,2723,"[2, 1, 0]",300,25.948047637939453,True,6.136129710583916,680,0.06640625
1011,2724,"[2, 0, 1]",200,25.96306800842285,False,2.6926790496174196,668,0.065234375
1011,2725,"[2, 0, 1]",200,25.96879005432129,True,2.6926790496174196,668,0.065234375
1011,2726,"[2, 0, 1]",200,25.978565216064453,False,2.6926790496174196,668,0.065234375
1011,2727,"[2, 0, 1]",200,25.98428726196289,True,2.6926790496174196,668,0.065234375
1011,2728,"[2, 0, 1]",200,25.99358558654785,False,2.6926790496174196,668,0.065234375
1011,2729,"[2, 0, 1]",200,25.998592376708984,True,2.6926790496174196,668,0.065234375
1011,2730,"[2, 0, 1]",200,26.00693702697754,False,2.6926790496174196,668,0.065234375
1011,2731,"[2, 0, 1]",200,26.01170539855957,True,2.6926790496174196,668,0.065234375
1011,2732,"[2, 0, 1]",200,26.020050048828125,False,2.6926790496174196,668,0.065234375
1011,2733,"[2, 0, 1]",200,26.025056838989258,True,2.6926790496174196,668,0.065234375
1011,2734,"[2, 0, 1]",200,26.03316307067871,False,2.6926790496174196,668,0.065234375
1011,2735,"[2, 0, 1]",200,26.038169860839844,True,2.6926790496174196,668,0.065234375
1011,2736,"[2, 0, 1]",200,26.0465145111084,False,2.6926790496174196,668,0.065234375
1011,2737,"[2, 0, 1]",200,26.05128288269043,True,2.6926790496174196,668,0.065234375
1011,2738,"[2, 0, 1]",200,26.059627532958984,False,2.6926790496174196,668,0.065234375
1011,2739,"[2, 0, 1]",200,26.064395904541016,True,2.6926790496174196,668,0.065234375
1011,2740,"[2, 0, 1]",200,26.072978973388672,False,2.6926790496174196,668,0.065234375
1011,2741,"[2, 0, 1]",200,26.077985763549805,True,2.6926790496174196,668,0.065234375
1011,2742,"[2, 0, 1]",200,26.086807250976562,False,2.6926790496174196,668,0.065234375
1011,2743,"[2, 0, 1]",200,26.091575622558594,True,2.6926790496174196,668,0.065234375
1011,2744,"[2, 0, 1]",200,26.09992027282715,False,2.6926790496174196,668,0.065234375
1011,2745,"[2, 0, 1]",200,26.108503341674805,True,2.6926790496174196,668,0.065234375
1011,2746,"[2, 0, 1]",200,26.11708641052246,False,2.6926790496174196,668,0.065234375
1011,2747,"[2, 0, 1]",200,26.122570037841797,True,2.6926790496174196,668,0.065234375
1011,2748,"[2, 0, 1]",200,26.131153106689453,False,2.6926790496174196,668,0.065234375
1011,2749,"[2, 0, 1]",200,26.136159896850586,True,2.6926790496174196,668,0.065234375
1011,2750,"[2, 0, 1]",200,26.14450454711914,False,2.6926790496174196,668,0.065234375
1011,2751,"[2, 0, 1]",200,26.149511337280273,True,2.6926790496174196,668,0.065234375
1011,2752,"[2, 0, 1]",200,26.157379150390625,False,2.6926790496174196,668,0.065234375
1011,2753,"[2, 0, 1]",200,26.162147521972656,True,2.6926790496174196,668,0.065234375
1011,2754,"[2, 0, 1]",200,26.17049217224121,False,2.6926790496174196,668,0.065234375
1011,2755,"[2, 0, 1]",200,26.175260543823242,True,2.6926790496174196,668,0.065234375
1011,2756,"[2, 0, 1]",200,26.183366775512695,False,2.6926790496174196,668,0.065234375
1011,2757,"[2, 0, 1]",200,26.188373565673828,True,2.6926790496174196,668,0.065234375
1011,2758,"[2, 0, 1]",200,26.196718215942383,False,2.6926790496174196,668,0.065234375
1011,2759,"[2, 0, 1]",200,26.201725006103516,True,2.6926790496174196,668,0.065234375
1011,2760,"[2, 0, 1]",200,26.209592819213867,False,2.6926790496174196,668,0.065234375
1011,2761,"[2, 0, 1]",200,26.214599609375,True,2.6926790496174196,668,0.065234375
1011,2762,"[2, 0, 1]",200,26.222705841064453,False,2.6926790496174196,668,0.065234375
1011,2763,"[2, 0, 1]",200,26.227474212646484,True,2.6926790496174196,668,0.065234375
1011,2764,"[2, 0, 1]",200,26.23605728149414,False,2.6926790496174196,668,0.065234375
1011,2765,"[2, 0, 1]",200,26.24368667602539,True,2.6926790496174196,668,0.065234375
1011,2766,"[2, 0, 1]",200,26.252269744873047,False,2.6926790496174196,668,0.065234375
1011,2767,"[2, 0, 1]",200,26.25727653503418,True,2.6926790496174196,668,0.065234375
1011,2768,"[2, 0, 1]",200,26.265382766723633,False,2.6926790496174196,668,0.065234375
1011,2769,"[2, 0, 1]",200,26.270627975463867,True,2.6926790496174196,668,0.065234375
1011,2770,"[2, 0, 1]",200,26.27873420715332,False,2.6926790496174196,668,0.065234375
1011,2771,"[2, 0, 1]",200,26.283740997314453,True,2.6926790496174196,668,0.065234375
1011,2772,"[2, 0, 1]",200,26.292085647583008,False,2.6926790496174196,668,0.065234375
1011,2773,"[2, 0, 1]",200,26.29685401916504,True,2.6926790496174196,668,0.065234375
1011,2774,"[2, 0, 1]",200,26.305198669433594,False,2.6926790496174196,668,0.065234375
1011,2775,"[2, 0, 1]",200,26.310205459594727,True,2.6926790496174196,668,0.065234375
1011,2776,"[2, 0, 1]",200,26.31855010986328,False,2.6926790496174196,668,0.065234375
1011,2777,"[2, 0, 1]",200,26.323556900024414,True,2.6926790496174196,668,0.065234375
1011,2778,"[2, 0, 1]",200,26.331663131713867,False,2.6926790496174196,668,0.065234375
1011,2779,"[2, 0, 1]",200,26.336669921875,True,2.6926790496174196,668,0.065234375
1011,2780,"[2, 0, 1]",200,26.345014572143555,False,2.6926790496174196,668,0.065234375
1011,2781,"[2, 0, 1]",200,26.350021362304688,True,2.6926790496174196,668,0.065234375
1011,2782,"[2, 0, 1]",200,26.358604431152344,False,2.6926790496174196,668,0.065234375
1011,2783,"[2, 0, 1]",200,26.363372802734375,True,2.6926790496174196,668,0.065234375
1011,2784,"[2, 0, 1]",200,26.37195587158203,False,2.6926790496174196,668,0.065234375
1011,2785,"[2, 0, 1]",200,26.376724243164062,True,2.6926790496174196,668,0.065234375
1011,2786,"[2, 0, 1]",200,26.38530731201172,False,2.6926790496174196,668,0.065234375
1011,2787,"[2, 0, 1]",200,26.394367218017578,True,2.6926790496174196,668,0.065234375
1011,2788,"[2, 0, 1]",200,26.402950286865234,False,2.6926790496174196,668,0.065234375
1011,2789,"[2, 0, 1]",200,26.407718658447266,True,2.6926790496174196,668,0.065234375
1011,2790,"[2, 0, 1]",200,26.416301727294922,False,2.6926790496174196,668,0.065234375
1011,2791,"[2, 0, 1]",200,26.421070098876953,True,2.6926790496174196,668,0.065234375
1011,2792,"[2, 0, 1]",200,26.429176330566406,False,2.6926790496174196,668,0.065234375
1011,2793,"[2, 0, 1]",200,26.43418312072754,True,2.6926790496174196,668,0.065234375
1011,2794,"[2, 0, 1]",200,26.442289352416992,False,2.6926790496174196,668,0.065234375
1011,2795,"[2, 0, 1]",200,26.447057723999023,True,2.6926790496174196,668,0.065234375
1011,2796,"[2, 0, 1]",200,26.45564079284668,False,2.6926790496174196,668,0.065234375
1011,2797,"[2, 0, 1]",200,26.46040916442871,True,2.6926790496174196,668,0.065234375
1011,2798,"[2, 0, 1]",200,26.468753814697266,False,2.6926790496174196,668,0.065234375
1011,2799,"[2, 0, 1]",200,26.473522186279297,True,2.6926790496174196,668,0.065234375
1011,2800,"[2, 0, 1]",200,26.48162841796875,False,2.6926790496174196,668,0.065234375
1011,2801,"[2, 0, 1]",200,26.486635208129883,True,2.6926790496174196,668,0.065234375
1011,2802,"[2, 0, 1]",200,26.494979858398438,False,2.6926790496174196,668,0.065234375
1011,2803,"[2, 0, 1]",200,26.49998664855957,True,2.6926790496174196,668,0.065234375
1011,2804,"[2, 0, 1]",200,26.508092880249023,False,2.6926790496174196,668,0.065234375
1011,2805,"[2, 0, 1]",200,26.513099670410156,True,2.6926790496174196,668,0.065234375
1011,2806,"[2, 0, 1]",200,26.524782180786133,False,2.6926790496174196,668,0.065234375
1011,2807,"[2, 0, 1]",200,26.552915573120117,True,2.6926790496174196,668,0.065234375
1011,2808,"[2, 0, 1]",200,26.56245231628418,False,2.6926790496174196,668,0.065234375
1011,2809,"[2, 0, 1]",200,26.567935943603516,True,2.6926790496174196,668,0.065234375
1011,2810,"[2, 0, 1]",200,26.576757431030273,False,2.6926790496174196,668,0.065234375
1011,2811,"[2, 0, 1]",200,26.581525802612305,True,2.6926790496174196,668,0.065234375
1011,2812,"[2, 0, 1]",200,26.590347290039062,False,2.6926790496174196,668,0.065234375
1011,2813,"[2, 0, 1]",200,26.595115661621094,True,2.6926790496174196,668,0.065234375
1011,2814,"[2, 0, 1]",200,26.603221893310547,False,2.6926790496174196,668,0.065234375
1011,2815,"[2, 0, 1]",200,26.60846710205078,True,2.6926790496174196,668,0.065234375
1011,2816,"[2, 0, 1]",200,26.616573333740234,False,2.6926790496174196,668,0.065234375
1011,2817,"[2, 0, 1]",200,26.621580123901367,True,2.6926790496174196,668,0.065234375
1011,2818,"[2, 0, 1]",200,26.62968635559082,False,2.6926790496174196,668,0.065234375
1011,2819,"[2, 0, 1]",200,26.634693145751953,True,2.6926790496174196,668,0.065234375
1011,2820,"[2, 0, 1]",200,26.642799377441406,False,2.6926790496174196,668,0.065234375
1011,2821,"[2, 0, 1]",200,26.64780616760254,True,2.6926790496174196,668,0.065234375
1011,2822,"[2, 0, 1]",200,26.656150817871094,False,2.6926790496174196,668,0.065234375
1011,2823,"[2, 0, 1]",200,26.660919189453125,True,2.6926790496174196,668,0.065234375
1011,2824,"[2, 0, 1]",200,26.66926383972168,False,2.6926790496174196,668,0.065234375
1011,2825,"[2, 0, 1]",200,26.674270629882812,True,2.6926790496174196,668,0.065234375
1011,2826,"[2, 0, 1]",200,26.682615280151367,False,2.6926790496174196,668,0.065234375
1011,2827,"[2, 0, 1]",200,26.6876220703125,True,2.6926790496174196,668,0.065234375
1011,2828,"[2, 0, 1]",200,26.695966720581055,False,2.6926790496174196,668,0.065234375
1011,2829,"[2, 0, 1]",200,26.704072952270508,True,2.6926790496174196,668,0.065234375
1011,2830,"[2, 0, 1]",200,26.712417602539062,False,2.6926790496174196,668,0.065234375
1011,2831,"[2, 0, 1]",200,26.717424392700195,True,2.6926790496174196,668,0.065234375
1011,2832,"[2, 0, 1]",200,26.72576904296875,False,2.6926790496174196,668,0.065234375
1011,2833,"[2, 0, 1]",200,26.73053741455078,True,2.6926790496174196,668,0.065234375
1011,2834,"[2, 0, 1]",200,26.73935890197754,False,2.6926790496174196,668,0.065234375
1011,2835,"[2, 0, 1]",200,26.74412727355957,True,2.6926790496174196,668,0.065234375
1011,2836,"[2, 0, 1]",200,26.752233505249023,False,2.6926790496174196,668,0.065234375
1011,2837,"[2, 0, 1]",200,26.757240295410156,True,2.6926790496174196,668,0.065234375
1011,2838,"[2, 0, 1]",200,26.76558494567871,False,2.6926790496174196,668,0.065234375
1011,2839,"[2, 0, 1]",200,26.770591735839844,True,2.6926790496174196,668,0.065234375
1011,2840,"[2, 0, 1]",200,26.7791748046875,False,2.6926790496174196,668,0.065234375
1011,2841,"[2, 0, 1]",200,26.784420013427734,True,2.6926790496174196,668,0.065234375
1011,2842,"[2, 0, 1]",200,26.792526245117188,False,2.6926790496174196,668,0.065234375
1011,2843,"[2, 0, 1]",200,26.79729461669922,True,2.6926790496174196,668,0.065234375
1011,2844,"[2, 0, 1]",200,26.806116104125977,False,2.6926790496174196,668,0.065234375
1011,2845,"[2, 0, 1]",200,26.810884475708008,True,2.6926790496174196,668,0.065234375
1011,2846,"[2, 0, 1]",200,26.823759078979492,False,2.6926790496174196,668,0.065234375
1011,2847,"[2, 0, 1]",200,26.828527450561523,True,2.6926790496174196,668,0.065234375
1011,2848,"[2, 0, 1]",200,26.836872100830078,False,2.6926790496174196,668,0.065234375
1011,2849,"[2, 0, 1]",200,26.84497833251953,True,2.6926790496174196,668,0.065234375
1011,2850,"[2, 0, 1]",200,26.853322982788086,False,2.6926790496174196,668,0.065234375
1011,2851,"[2, 0, 1]",200,26.85832977294922,True,2.6926790496174196,668,0.065234375
1011,2852,"[2, 0, 1]",200,26.866436004638672,False,2.6926790496174196,668,0.065234375
1011,2853,"[2, 0, 1]",200,26.871442794799805,True,2.6926790496174196,668,0.065234375
1011,2854,"[2, 0, 1]",200,26.88002586364746,False,2.6926790496174196,668,0.065234375
1011,2855,"[2, 0, 1]",200,26.885032653808594,True,2.6926790496174196,668,0.065234375
1011,2856,"[2, 0, 1]",200,26.893138885498047,False,2.6926790496174196,668,0.065234375
1011,2857,"[2, 0, 1]",200,26.897907257080078,True,2.6926790496174196,668,0.065234375
1011,2858,"[2, 0, 1]",200,26.906490325927734,False,2.6926790496174196,668,0.065234375
1011,2859,"[2, 0, 1]",200,26.911258697509766,True,2.6926790496174196,668,0.065234375
1011,2860,"[2, 0, 1]",200,26.91936492919922,False,2.6926790496174196,668,0.065234375
1011,2861,"[2, 0, 1]",200,26.92437171936035,True,2.6926790496174196,668,0.065234375
1011,2862,"[2, 0, 1]",200,26.932716369628906,False,2.6926790496174196,668,0.065234375
1011,2863,"[2, 0, 1]",200,26.93796157836914,True,2.6926790496174196,668,0.065234375
1011,2864,"[2, 0, 1]",200,26.946067810058594,False,2.6926790496174196,668,0.065234375
1011,2865,"[2, 0, 1]",200,26.95441246032715,True,2.6926790496174196,668,0.065234375
1011,2866,"[2, 0, 1]",200,26.962757110595703,False,2.6926790496174196,668,0.065234375
1011,2867,"[2, 0, 1]",200,26.96847915649414,True,2.6926790496174196,668,0.065234375
1011,2868,"[2, 0, 1]",200,26.976585388183594,False,2.6926790496174196,668,0.065234375
1011,2869,"[2, 0, 1]",200,26.981592178344727,True,2.6926790496174196,668,0.065234375
1011,2870,"[2, 0, 1]",200,26.98993682861328,False,2.6926790496174196,668,0.065234375
1011,2871,"[2, 0, 1]",200,27.001142501831055,True,2.6926790496174196,668,0.065234375
1011,2872,"[2, 0, 1]",200,27.00948715209961,False,2.6926790496174196,668,0.065234375
1011,2873,"[2, 0, 1]",200,27.014493942260742,True,2.6926790496174196,668,0.065234375
1011,2874,"[2, 0, 1]",200,27.0230770111084,False,2.6926790496174196,668,0.065234375
1011,2875,"[2, 0, 1]",200,27.02808380126953,True,2.6926790496174196,668,0.065234375
1011,2876,"[2, 0, 1]",200,27.036428451538086,False,2.6926790496174196,668,0.065234375
1011,2877,"[2, 0, 1]",200,27.04143524169922,True,2.6926790496174196,668,0.065234375
1011,2878,"[2, 0, 1]",200,27.049779891967773,False,2.6926790496174196,668,0.065234375
1011,2879,"[2, 0, 1]",200,27.055025100708008,True,2.6926790496174196,668,0.065234375
1011,2880,"[2, 0, 1]",200,27.06313133239746,False,2.6926790496174196,668,0.065234375
1011,2881,"[2, 0, 1]",200,27.068138122558594,True,2.6926790496174196,668,0.065234375
1011,2882,"[2, 0, 1]",200,27.07648277282715,False,2.6926790496174196,668,0.065234375
1011,2883,"[2, 0, 1]",200,27.08148956298828,True,2.6926790496174196,668,0.065234375
1011,2884,"[2, 0, 1]",200,27.090072631835938,False,2.6926790496174196,668,0.065234375
1011,2885,"[2, 0, 1]",200,27.09507942199707,True,2.6926790496174196,668,0.065234375
1011,2886,"[2, 0, 1]",200,27.103185653686523,False,2.6926790496174196,668,0.065234375
1011,2887,"[2, 0, 1]",200,27.108430862426758,True,2.6926790496174196,668,0.065234375
1011,2888,"[2, 0, 1]",200,27.11653709411621,False,2.6926790496174196,668,0.065234375
1011,2889,"[2, 0, 1]",200,27.121782302856445,True,2.6926790496174196,668,0.065234375
1011,2890,"[2, 0, 1]",200,27.13298797607422,False,2.6926790496174196,668,0.065234375
1011,2891,"[2, 0, 1]",200,27.141094207763672,True,2.6926790496174196,668,0.065234375
1011,2892,"[2, 0, 1]",200,27.14991569519043,False,2.6926790496174196,668,0.065234375
1011,2893,"[2, 0, 1]",200,27.154922485351562,True,2.6926790496174196,668,0.065234375
1011,2894,"[2, 0, 1]",200,27.16350555419922,False,2.6926790496174196,668,0.065234375
1011,2895,"[2, 0, 1]",200,27.16851234436035,True,2.6926790496174196,668,0.065234375
1011,2896,"[2, 0, 1]",200,27.176856994628906,False,2.6926790496174196,668,0.065234375
1011,2897,"[2, 0, 1]",200,27.181625366210938,True,2.6926790496174196,668,0.065234375
1011,2898,"[2, 0, 1]",200,27.18973159790039,False,2.6926790496174196,668,0.065234375
1011,2899,"[2, 0, 1]",200,27.194976806640625,True,2.6926790496174196,668,0.065234375
1011,2900,"[2, 0, 1]",200,27.203083038330078,False,2.6926790496174196,668,0.065234375
1011,2901,"[2, 0, 1]",200,27.20808982849121,True,2.6926790496174196,668,0.065234375
1011,2902,"[2, 0, 1]",200,27.216434478759766,False,2.6926790496174196,668,0.065234375
1011,2903,"[2, 0, 1]",200,27.221202850341797,True,2.6926790496174196,668,0.065234375
1011,2904,"[2, 0, 1]",200,27.22954750061035,False,2.6926790496174196,668,0.065234375
1011,2905,"[2, 0, 1]",200,27.234554290771484,True,2.6926790496174196,668,0.065234375
1011,2906,"[2, 0, 1]",200,27.24313735961914,False,2.6926790496174196,668,0.065234375
1011,2907,"[2, 0, 1]",200,27.24766731262207,True,2.6926790496174196,668,0.065234375
1011,2908,"[2, 0, 1]",200,27.256011962890625,False,2.6926790496174196,668,0.065234375
1011,2909,"[2, 0, 1]",200,27.26125717163086,True,2.6926790496174196,668,0.065234375
1011,2910,"[2, 0, 1]",200,27.269601821899414,False,2.6926790496174196,668,0.065234375
1011,2911,"[2, 0, 1]",200,27.27484703063965,True,2.6926790496174196,668,0.065234375
1011,2912,"[2, 0, 1]",200,27.2829532623291,False,2.6926790496174196,668,0.065234375
1011,2913,"[2, 0, 1]",200,27.290821075439453,True,2.6926790496174196,668,0.065234375
1011,2914,"[2, 0, 1]",200,27.29940414428711,False,2.6926790496174196,668,0.065234375
1011,2915,"[2, 0, 1]",200,27.30417251586914,True,2.6926790496174196,668,0.065234375
1011,2916,"[2, 0, 1]",200,27.312755584716797,False,2.6926790496174196,668,0.065234375
1011,2917,"[2, 0, 1]",200,27.317523956298828,True,2.6926790496174196,668,0.065234375
1011,2918,"[2, 0, 1]",200,27.325868606567383,False,2.6926790496174196,668,0.065234375
1011,2919,"[2, 0, 1]",200,27.330636978149414,True,2.6926790496174196,668,0.065234375
1011,2920,"[2, 0, 1]",200,27.33922004699707,False,2.6926790496174196,668,0.065234375
1011,2921,"[2, 0, 1]",200,27.344226837158203,True,2.6926790496174196,668,0.065234375
1011,2922,"[2, 0, 1]",200,27.352333068847656,False,2.6926790496174196,668,0.065234375
1011,2923,"[2, 0, 1]",200,27.35757827758789,True,2.6926790496174196,668,0.065234375
1011,2924,"[2, 0, 1]",200,27.365922927856445,False,2.6926790496174196,668,0.065234375
1011,2925,"[2, 0, 1]",200,27.370929718017578,True,2.6926790496174196,668,0.065234375
1011,2926,"[2, 0, 1]",200,27.379274368286133,False,2.6926790496174196,668,0.065234375
1011,2927,"[2, 0, 1]",200,27.384281158447266,True,2.6926790496174196,668,0.065234375
1011,2928,"[2, 0, 1]",200,27.39262580871582,False,2.6926790496174196,668,0.065234375
1011,2929,"[2, 0, 1]",200,27.397632598876953,True,2.6926790496174196,668,0.065234375
1011,2930,"[2, 0, 1]",200,27.405977249145508,False,2.6926790496174196,668,0.065234375
1011,2931,"[2, 0, 1]",200,27.41098403930664,True,2.6926790496174196,668,0.065234375
1011,2932,"[2, 0, 1]",200,27.419090270996094,False,2.6926790496174196,668,0.065234375
1011,2933,"[2, 0, 1]",200,27.427196502685547,True,2.6926790496174196,668,0.065234375
1011,2934,"[2, 0, 1]",200,27.435779571533203,False,2.6926790496174196,668,0.065234375
1011,2935,"[2, 0, 1]",200,27.441024780273438,True,2.6926790496174196,668,0.065234375
1011,2936,"[2, 0, 1]",200,27.449369430541992,False,2.6926790496174196,668,0.065234375
1011,2937,"[2, 0, 1]",200,27.454376220703125,True,2.6926790496174196,668,0.065234375
1011,2938,"[2, 0, 1]",200,27.462482452392578,False,2.6926790496174196,668,0.065234375
1011,2939,"[2, 0, 1]",200,27.46748924255371,True,2.6926790496174196,668,0.065234375
1011,2940,"[2, 0, 1]",200,27.475833892822266,False,2.6926790496174196,668,0.065234375
1011,2941,"[2, 0, 1]",200,27.480602264404297,True,2.6926790496174196,668,0.065234375
1011,2942,"[2, 0, 1]",200,27.48894691467285,False,2.6926790496174196,668,0.065234375
1011,2943,"[2, 0, 1]",200,27.493953704833984,True,2.6926790496174196,668,0.065234375
1011,2944,"[2, 0, 1]",200,27.502059936523438,False,2.6926790496174196,668,0.065234375
1011,2945,"[2, 0, 1]",200,27.50706672668457,True,2.6926790496174196,668,0.065234375
1011,2946,"[2, 0, 1]",200,27.535200119018555,False,2.6926790496174196,668,0.065234375
1011,2947,"[2, 0, 1]",200,27.540206909179688,True,2.6926790496174196,668,0.065234375
1011,2948,"[2, 0, 1]",200,27.549028396606445,False,2.6926790496174196,668,0.065234375
1011,2949,"[2, 0, 1]",200,27.553796768188477,True,2.6926790496174196,668,0.065234375
1011,2950,"[2, 0, 1]",200,27.562379837036133,False,2.6926790496174196,668,0.065234375
1011,2951,"[2, 0, 1]",200,27.567148208618164,True,2.6926790496174196,668,0.065234375
1011,2952,"[2, 0, 1]",200,27.57549285888672,False,2.6926790496174196,668,0.065234375
1011,2953,"[2, 0, 1]",200,27.58049964904785,True,2.6926790496174196,668,0.065234375
1011,2954,"[2, 0, 1]",200,27.588605880737305,False,2.6926790496174196,668,0.065234375
1011,2955,"[2, 0, 1]",200,27.59718894958496,True,2.6926790496174196,668,0.065234375
1011,2956,"[2, 0, 1]",200,27.605772018432617,False,2.6926790496174196,668,0.065234375
1011,2957,"[2, 0, 1]",200,27.61077880859375,True,2.6926790496174196,668,0.065234375
1011,2958,"[2, 0, 1]",200,27.619123458862305,False,2.6926790496174196,668,0.065234375
1011,2959,"[2, 0, 1]",200,27.624845504760742,True,2.6926790496174196,668,0.065234375
1011,2960,"[2, 0, 1]",200,27.6334285736084,False,2.6926790496174196,668,0.065234375
1011,2961,"[2, 0, 1]",200,27.63843536376953,True,2.6926790496174196,668,0.065234375
1011,2962,"[2, 0, 1]",200,27.646780014038086,False,2.6926790496174196,668,0.065234375
1011,2963,"[2, 0, 1]",200,27.65178680419922,True,2.6926790496174196,668,0.065234375
1011,2964,"[2, 0, 1]",200,27.660131454467773,False,2.6926790496174196,668,0.065234375
1011,2965,"[2, 0, 1]",200,27.665138244628906,True,2.6926790496174196,668,0.065234375
1011,2966,"[2, 0, 1]",200,27.67324447631836,False,2.6926790496174196,668,0.065234375
1011,2967,"[2, 0, 1]",200,27.678251266479492,True,2.6926790496174196,668,0.065234375
1011,2968,"[2, 0, 1]",200,27.686357498168945,False,2.6926790496174196,668,0.065234375
1011,2969,"[2, 0, 1]",200,27.691364288330078,True,2.6926790496174196,668,0.065234375
1011,2970,"[2, 0, 1]",200,27.699708938598633,False,2.6926790496174196,668,0.065234375
1011,2971,"[2, 0, 1]",200,27.704715728759766,True,2.6926790496174196,668,0.065234375
1011,2972,"[2, 0, 1]",200,27.713298797607422,False,2.6926790496174196,668,0.065234375
1011,2973,"[2, 0, 1]",200,27.718305587768555,True,2.6926790496174196,668,0.065234375
1011,2974,"[2, 0, 1]",200,27.72998809814453,False,2.6926790496174196,668,0.065234375
1011,2975,"[2, 0, 1]",200,27.738094329833984,True,2.6926790496174196,668,0.065234375
1011,2976,"[2, 0, 1]",200,27.747154235839844,False,2.6926790496174196,668,0.065234375
1011,2977,"[2, 0, 1]",200,27.751922607421875,True,2.6926790496174196,668,0.065234375
1011,2978,"[2, 0, 1]",200,27.76026725769043,False,2.6926790496174196,668,0.065234375
1011,2979,"[2, 0, 1]",200,27.765274047851562,True,2.6926790496174196,668,0.065234375
1011,2980,"[2, 0, 1]",200,27.77385711669922,False,2.6926790496174196,668,0.065234375
1011,2981,"[2, 0, 1]",200,27.77862548828125,True,2.6926790496174196,668,0.065234375
1011,2982,"[2, 0, 1]",200,27.786970138549805,False,2.6926790496174196,668,0.065234375
1011,2983,"[2, 0, 1]",200,27.791976928710938,True,2.6926790496174196,668,0.065234375
1011,2984,"[2, 0, 1]",200,27.800321578979492,False,2.6926790496174196,668,0.065234375
1011,2985,"[2, 0, 1]",200,27.805566787719727,True,2.6926790496174196,668,0.065234375
1011,2986,"[2, 0, 1]",200,27.81367301940918,False,2.6926790496174196,668,0.065234375
1011,2987,"[2, 0, 1]",200,27.818918228149414,True,2.6926790496174196,668,0.065234375
1011,2988,"[2, 0, 1]",200,27.858734130859375,False,2.6926790496174196,668,0.065234375
1011,2989,"[2, 0, 1]",200,27.87017822265625,True,2.6926790496174196,668,0.065234375
1011,2990,"[2, 0, 1]",200,27.88400650024414,False,2.6926790496174196,668,0.065234375
1011,2991,"[2, 0, 1]",200,27.891159057617188,True,2.6926790496174196,668,0.065234375
1011,2992,"[2, 0, 1]",200,27.90236473083496,False,2.6926790496174196,668,0.065234375
1011,2993,"[2, 0, 1]",200,27.9083251953125,True,2.6926790496174196,668,0.065234375
1011,2994,"[2, 0, 1]",200,27.91738510131836,False,2.6926790496174196,668,0.065234375
1011,2995,"[2, 0, 1]",200,27.922630310058594,True,2.6926790496174196,668,0.065234375
1011,2996,"[2, 0, 1]",200,27.93145179748535,False,2.6926790496174196,668,0.065234375
1011,2997,"[2, 0, 1]",200,27.94194221496582,True,2.6926790496174196,668,0.065234375
1011,2998,"[2, 0, 1]",200,27.950763702392578,False,2.6926790496174196,668,0.065234375
1011,2999,"[2, 0, 1]",200,27.95577049255371,True,2.6926790496174196,668,0.065234375
1011,3000,"[2, 0, 1]",200,27.96459197998047,False,2.6926790496174196,668,0.065234375
1011,3001,"[2, 0, 1]",200,27.9693603515625,True,2.6926790496174196,668,0.065234375
1011,3002,"[2, 0, 1]",200,27.977705001831055,False,2.6926790496174196,668,0.065234375
1011,3003,"[2, 0, 1]",200,27.98295021057129,True,2.6926790496174196,668,0.065234375
1011,3004,"[2, 0, 1]",200,27.991294860839844,False,2.6926790496174196,668,0.065234375
1011,3005,"[2, 0, 1]",200,27.996540069580078,True,2.6926790496174196,668,0.065234375
1011,3006,"[2, 0, 1]",200,28.004884719848633,False,2.6926790496174196,668,0.065234375
1011,3007,"[2, 0, 1]",200,28.01036834716797,True,2.6926790496174196,668,0.065234375
1011,3008,"[2, 0, 1]",200,28.018474578857422,False,2.6926790496174196,668,0.065234375
1011,3009,"[2, 0, 1]",200,28.023719787597656,True,2.6926790496174196,668,0.065234375
1011,3010,"[2, 0, 1]",200,28.032302856445312,False,2.6926790496174196,668,0.065234375
1011,3011,"[2, 0, 1]",200,28.037071228027344,True,2.6926790496174196,668,0.065234375
1011,3012,"[2, 0, 1]",200,28.0458927154541,False,2.6926790496174196,668,0.065234375
1011,3013,"[2, 0, 1]",200,28.050661087036133,True,2.6926790496174196,668,0.065234375
1011,3014,"[2, 0, 1]",200,28.059005737304688,False,2.6926790496174196,668,0.065234375
1011,3015,"[2, 0, 1]",200,28.06377410888672,True,2.6926790496174196,668,0.065234375
1011,3016,"[2, 0, 1]",200,28.072357177734375,False,2.6926790496174196,668,0.065234375
1011,3017,"[2, 0, 1]",200,28.08070182800293,True,2.6926790496174196,668,0.065234375
1011,3018,"[2, 0, 1]",200,28.08976173400879,False,2.6926790496174196,668,0.065234375
1011,3019,"[2, 0, 1]",200,28.094768524169922,True,2.6926790496174196,668,0.065234375
1011,3020,"[2, 0, 1]",200,28.10359001159668,False,2.6926790496174196,668,0.065234375
1011,3021,"[2, 0, 1]",200,28.10835838317871,True,2.6926790496174196,668,0.065234375
1011,3022,"[2, 0, 1]",200,28.116464614868164,False,2.6926790496174196,668,0.065234375
1011,3023,"[2, 0, 1]",200,28.1217098236084,True,2.6926790496174196,668,0.065234375
1011,3024,"[2, 0, 1]",200,28.130054473876953,False,2.6926790496174196,668,0.065234375
1011,3025,"[2, 0, 1]",200,28.135061264038086,True,2.6926790496174196,668,0.065234375
1011,3026,"[2, 0, 1]",200,28.143644332885742,False,2.6926790496174196,668,0.065234375
1011,3027,"[2, 0, 1]",200,28.148651123046875,True,2.6926790496174196,668,0.065234375
1011,3028,"[2, 0, 1]",200,28.157472610473633,False,2.6926790496174196,668,0.065234375
1011,3029,"[2, 0, 1]",200,28.162479400634766,True,2.6926790496174196,668,0.065234375
1011,3030,"[2, 0, 1]",200,28.17082405090332,False,2.6926790496174196,668,0.065234375
1011,3031,"[2, 0, 1]",200,28.17559242248535,True,2.6926790496174196,668,0.065234375
1011,3032,"[2, 0, 1]",200,28.200149536132812,False,2.6926790496174196,668,0.065234375
1011,3033,"[2, 0, 1]",200,28.21826934814453,True,2.6926790496174196,668,0.065234375
1011,3034,"[2, 0, 1]",200,28.235435485839844,False,2.6926790496174196,668,0.065234375
1011,3035,"[2, 0, 1]",200,28.242826461791992,True,2.6926790496174196,668,0.065234375
1011,3036,"[2, 0, 1]",200,28.254270553588867,False,2.6926790496174196,668,0.065234375
1011,3037,"[2, 0, 1]",200,28.260231018066406,True,2.6926790496174196,668,0.065234375
1011,3038,"[2, 0, 1]",200,28.26976776123047,False,2.6926790496174196,668,0.065234375
1011,3039,"[2, 0, 1]",200,28.27930450439453,True,2.6926790496174196,668,0.065234375
1011,3040,"[2, 0, 1]",200,28.28836441040039,False,2.6926790496174196,668,0.065234375
1011,3041,"[2, 0, 1]",200,28.293609619140625,True,2.6926790496174196,668,0.065234375
1011,3042,"[2, 0, 1]",200,28.302907943725586,False,2.6926790496174196,668,0.065234375
1011,3043,"[2, 0, 1]",200,28.308391571044922,True,2.6926790496174196,668,0.065234375
1011,3044,"[2, 0, 1]",200,28.316974639892578,False,2.6926790496174196,668,0.065234375
1011,3045,"[2, 0, 1]",200,28.322458267211914,True,2.6926790496174196,668,0.065234375
1011,3046,"[2, 0, 1]",200,28.33104133605957,False,2.6926790496174196,668,0.065234375
1011,3047,"[2, 0, 1]",200,28.337717056274414,True,2.6926790496174196,668,0.065234375
1011,3048,"[2, 0, 1]",200,28.34773063659668,False,2.6926790496174196,668,0.065234375
1011,3049,"[2, 0, 1]",200,28.352975845336914,True,2.6926790496174196,668,0.065234375
1011,3050,"[2, 0, 1]",200,28.36155891418457,False,2.6926790496174196,668,0.065234375
1011,3051,"[2, 0, 1]",200,28.3663272857666,True,2.6926790496174196,668,0.065234375
1011,3052,"[2, 0, 1]",200,28.37514877319336,False,2.6926790496174196,668,0.065234375
1011,3053,"[2, 0, 1]",200,28.37967872619629,True,2.6926790496174196,668,0.065234375
1011,3054,"[2, 0, 1]",200,28.388500213623047,False,2.6926790496174196,668,0.065234375
1011,3055,"[2, 0, 1]",200,28.39350700378418,True,2.6926790496174196,668,0.065234375
1011,3056,"[2, 0, 1]",200,28.402090072631836,False,2.6926790496174196,668,0.065234375
1011,3057,"[2, 0, 1]",200,28.40709686279297,True,2.6926790496174196,668,0.065234375
1011,3058,"[2, 0, 1]",200,28.419971466064453,False,2.6926790496174196,668,0.065234375
1011,3059,"[2, 0, 1]",200,28.42879295349121,True,2.6926790496174196,668,0.065234375
1011,3060,"[2, 0, 1]",200,28.438329696655273,False,2.6926790496174196,668,0.065234375
1011,3061,"[2, 0, 1]",200,28.444290161132812,True,2.6926790496174196,668,0.065234375
1011,3062,"[2, 0, 1]",200,28.45311164855957,False,2.6926790496174196,668,0.065234375
1011,3063,"[2, 0, 1]",200,28.458356857299805,True,2.6926790496174196,668,0.065234375
1011,3064,"[2, 0, 1]",200,28.46693992614746,False,2.6926790496174196,668,0.065234375
1011,3065,"[2, 0, 1]",200,28.472185134887695,True,2.6926790496174196,668,0.065234375
1011,3066,"[2, 0, 1]",200,28.48052978515625,False,2.6926790496174196,668,0.065234375
1011,3067,"[2, 0, 1]",200,28.485536575317383,True,2.6926790496174196,668,0.065234375
1011,3068,"[2, 0, 1]",200,28.493881225585938,False,2.6926790496174196,668,0.065234375
1011,3069,"[2, 0, 1]",200,28.49864959716797,True,2.6926790496174196,668,0.065234375
1011,3070,"[2, 0, 1]",200,28.507232666015625,False,2.6926790496174196,668,0.065234375
1011,3071,"[2, 0, 1]",200,28.512001037597656,True,2.6926790496174196,668,0.065234375
1011,3072,"[2, 0, 1]",200,28.52034568786621,False,2.6926790496174196,668,0.065234375
1011,3073,"[2, 0, 1]",200,28.525114059448242,True,2.6926790496174196,668,0.065234375
1011,3074,"[2, 0, 1]",200,28.533935546875,False,2.6926790496174196,668,0.065234375
1011,3075,"[2, 0, 1]",200,28.53870391845703,True,2.6926790496174196,668,0.065234375
1011,3076,"[2, 0, 1]",200,28.547048568725586,False,2.6926790496174196,668,0.065234375
1011,3077,"[2, 0, 1]",200,28.55205535888672,True,2.6926790496174196,668,0.065234375
1011,3078,"[2, 0, 1]",200,28.560161590576172,False,2.6926790496174196,668,0.065234375
1011,3079,"[2, 0, 1]",200,28.565168380737305,True,2.6926790496174196,668,0.065234375
1011,3080,"[2, 0, 1]",200,28.57351303100586,False,2.6926790496174196,668,0.065234375
1011,3081,"[2, 0, 1]",200,28.58138084411621,True,2.6926790496174196,668,0.065234375
1011,3082,"[2, 0, 1]",200,28.589725494384766,False,2.6926790496174196,668,0.065234375
1011,3083,"[2, 0, 1]",200,28.5947322845459,True,2.6926790496174196,668,0.065234375
1011,3084,"[2, 0, 1]",200,28.603076934814453,False,2.6926790496174196,668,0.065234375
1011,3085,"[2, 0, 1]",200,28.608083724975586,True,2.6926790496174196,668,0.065234375
1011,3086,"[2, 0, 1]",200,28.61618995666504,False,2.6926790496174196,668,0.065234375
1011,3087,"[2, 0, 1]",200,28.621435165405273,True,2.6926790496174196,668,0.065234375
1011,3088,"[2, 0, 1]",200,28.629541397094727,False,2.6926790496174196,668,0.065234375
1011,3089,"[2, 0, 1]",200,28.63478660583496,True,2.6926790496174196,668,0.065234375
1011,3090,"[2, 0, 1]",200,28.642892837524414,False,2.6926790496174196,668,0.065234375
1011,3091,"[2, 0, 1]",200,28.647661209106445,True,2.6926790496174196,668,0.065234375
1011,3092,"[2, 0, 1]",200,28.6562442779541,False,2.6926790496174196,668,0.065234375
1011,3093,"[2, 0, 1]",200,28.661012649536133,True,2.6926790496174196,668,0.065234375
1011,3094,"[2, 0, 1]",200,28.669357299804688,False,2.6926790496174196,668,0.065234375
1011,3095,"[2, 0, 1]",200,28.67412567138672,True,2.6926790496174196,668,0.065234375
1011,3096,"[2, 0, 1]",200,28.682231903076172,False,2.6926790496174196,668,0.065234375
1011,3097,"[2, 0, 1]",200,28.687238693237305,True,2.6926790496174196,668,0.065234375
1011,3098,"[2, 0, 1]",200,28.695344924926758,False,2.6926790496174196,668,0.065234375
1011,3099,"[2, 0, 1]",200,28.70011329650879,True,2.6926790496174196,668,0.065234375
1011,3100,"[2, 0, 1]",200,28.708696365356445,False,2.6926790496174196,668,0.065234375
1011,3101,"[2, 0, 1]",200,28.719425201416016,True,2.6926790496174196,668,0.065234375
1011,3102,"[2, 0, 1]",200,28.728485107421875,False,2.6926790496174196,668,0.065234375
1011,3103,"[2, 0, 1]",200,28.733253479003906,True,2.6926790496174196,668,0.065234375
1011,3104,"[2, 0, 1]",200,28.74159812927246,False,2.6926790496174196,668,0.065234375
1011,3105,"[2, 0, 1]",200,28.746604919433594,True,2.6926790496174196,668,0.065234375
1011,3106,"[2, 0, 1]",200,28.754711151123047,False,2.6926790496174196,668,0.065234375
1011,3107,"[2, 0, 1]",200,28.75971794128418,True,2.6926790496174196,668,0.065234375
1011,3108,"[2, 0, 1]",200,28.767824172973633,False,2.6926790496174196,668,0.065234375
1011,3109,"[2, 0, 1]",200,28.772592544555664,True,2.6926790496174196,668,0.065234375
1011,3110,"[2, 0, 1]",200,28.78117561340332,False,2.6926790496174196,668,0.065234375
1011,3111,"[2, 0, 1]",200,28.78594398498535,True,2.6926790496174196,668,0.065234375
1011,3112,"[2, 0, 1]",200,28.794527053833008,False,2.6926790496174196,668,0.065234375
1011,3113,"[2, 0, 1]",200,28.79953384399414,True,2.6926790496174196,668,0.065234375
1011,3114,"[2, 0, 1]",200,28.807640075683594,False,2.6926790496174196,668,0.065234375
1011,3115,"[2, 0, 1]",200,28.812885284423828,True,2.6926790496174196,668,0.065234375
1011,3116,"[2, 0, 1]",200,28.82099151611328,False,2.6926790496174196,668,0.065234375
1011,3117,"[2, 0, 1]",200,28.825998306274414,True,2.6926790496174196,668,0.065234375
1011,3118,"[2, 0, 1]",200,28.834104537963867,False,2.6926790496174196,668,0.065234375
1011,3119,"[2, 0, 1]",200,28.8388729095459,True,2.6926790496174196,668,0.065234375
1011,3120,"[2, 0, 1]",200,28.847217559814453,False,2.6926790496174196,668,0.065234375
1011,3121,"[2, 0, 1]",200,28.852224349975586,True,2.6926790496174196,668,0.065234375
1011,3122,"[2, 0, 1]",200,28.86056900024414,False,2.6926790496174196,668,0.065234375
1011,3123,"[2, 0, 1]",200,28.868675231933594,True,2.6926790496174196,668,0.065234375
1011,3124,"[2, 0, 1]",200,28.878211975097656,False,2.6926790496174196,668,0.065234375
1011,3125,"[2, 0, 1]",200,28.882980346679688,True,2.6926790496174196,668,0.065234375
1011,3126,"[2, 0, 1]",200,28.891563415527344,False,2.6926790496174196,668,0.065234375
1011,3127,"[2, 0, 1]",200,28.896331787109375,True,2.6926790496174196,668,0.065234375
1011,3128,"[2, 0, 1]",200,28.90467643737793,False,2.6926790496174196,668,0.065234375
1011,3129,"[2, 0, 1]",200,28.909683227539062,True,2.6926790496174196,668,0.065234375
1011,3130,"[2, 0, 1]",200,28.917789459228516,False,2.6926790496174196,668,0.065234375
1011,3131,"[2, 0, 1]",200,28.92279624938965,True,2.6926790496174196,668,0.065234375
1011,3132,"[2, 0, 1]",200,28.9309024810791,False,2.6926790496174196,668,0.065234375
1011,3133,"[2, 0, 1]",200,28.935670852661133,True,2.6926790496174196,668,0.065234375
1011,3134,"[2, 0, 1]",200,28.94425392150879,False,2.6926790496174196,668,0.065234375
1011,3135,"[2, 0, 1]",200,28.949260711669922,True,2.6926790496174196,668,0.065234375
1011,3136,"[2, 0, 1]",200,28.957605361938477,False,2.6926790496174196,668,0.065234375
1011,3137,"[2, 0, 1]",200,28.96261215209961,True,2.6926790496174196,668,0.065234375
1011,3138,"[2, 0, 1]",200,28.970718383789062,False,2.6926790496174196,668,0.065234375
1011,3139,"[2, 0, 1]",200,28.975963592529297,True,2.6926790496174196,668,0.065234375
1011,3140,"[2, 0, 1]",200,28.98430824279785,False,2.6926790496174196,668,0.065234375
1011,3141,"[2, 0, 1]",200,28.989315032958984,True,2.6926790496174196,668,0.065234375
1011,3142,"[2, 0, 1]",200,29.00075912475586,False,2.6926790496174196,668,0.065234375
1011,3143,"[2, 0, 1]",200,29.008865356445312,True,2.6926790496174196,668,0.065234375
1011,3144,"[2, 0, 1]",200,29.017925262451172,False,2.6926790496174196,668,0.065234375
1011,3145,"[2, 0, 1]",200,29.022932052612305,True,2.6926790496174196,668,0.065234375
1011,3146,"[2, 0, 1]",200,29.031991958618164,False,2.6926790496174196,668,0.065234375
1011,3147,"[2, 0, 1]",200,29.036760330200195,True,2.6926790496174196,668,0.065234375
1011,3148,"[2, 0, 1]",200,29.04534339904785,False,2.6926790496174196,668,0.065234375
1011,3149,"[2, 0, 1]",200,29.050111770629883,True,2.6926790496174196,668,0.065234375
1011,3150,"[2, 0, 1]",200,29.05869483947754,False,2.6926790496174196,668,0.065234375
1011,3151,"[2, 0, 1]",200,29.06346321105957,True,2.6926790496174196,668,0.065234375
1011,3152,"[2, 0, 1]",200,29.071569442749023,False,2.6926790496174196,668,0.065234375
1011,3153,"[2, 0, 1]",200,29.076576232910156,True,2.6926790496174196,668,0.065234375
1011,3154,"[2, 0, 1]",200,29.085159301757812,False,2.6926790496174196,668,0.065234375
1011,3155,"[2, 0, 1]",200,29.11067008972168,True,2.6926790496174196,668,0.065234375
1011,3156,"[2, 0, 1]",200,29.119014739990234,False,2.6926790496174196,668,0.065234375
1011,3157,"[2, 0, 1]",200,29.12449836730957,True,2.6926790496174196,668,0.065234375
1011,3158,"[2, 0, 1]",200,29.132604598999023,False,2.6926790496174196,668,0.065234375
1011,3159,"[2, 0, 1]",200,29.137611389160156,True,2.6926790496174196,668,0.065234375
1011,3160,"[2, 0, 1]",200,29.146909713745117,False,2.6926790496174196,668,0.065234375
1011,3161,"[2, 0, 1]",200,29.152393341064453,True,2.6926790496174196,668,0.065234375
1011,3162,"[2, 0, 1]",200,29.160737991333008,False,2.6926790496174196,668,0.065234375
1011,3163,"[2, 0, 1]",200,29.165983200073242,True,2.6926790496174196,668,0.065234375
1011,3164,"[2, 0, 1]",200,29.1745662689209,False,2.6926790496174196,668,0.065234375
1011,3165,"[2, 0, 1]",200,29.183149337768555,True,2.6926790496174196,668,0.065234375
1011,3166,"[2, 0, 1]",200,29.19173240661621,False,2.6926790496174196,668,0.065234375
1011,3167,"[2, 0, 1]",200,29.196500778198242,True,2.6926790496174196,668,0.065234375
1011,3168,"[2, 0, 1]",200,29.2050838470459,False,2.6926790496174196,668,0.065234375
1011,3169,"[2, 0, 1]",200,29.20985221862793,True,2.6926790496174196,668,0.065234375
1011,3170,"[2, 0, 1]",200,29.218196868896484,False,2.6926790496174196,668,0.065234375
1011,3171,"[2, 0, 1]",200,29.223203659057617,True,2.6926790496174196,668,0.065234375
1011,3172,"[2, 0, 1]",200,29.231786727905273,False,2.6926790496174196,668,0.065234375
1011,3173,"[2, 0, 1]",200,29.236793518066406,True,2.6926790496174196,668,0.065234375
1011,3174,"[2, 0, 1]",200,29.24513816833496,False,2.6926790496174196,668,0.065234375
1011,3175,"[2, 0, 1]",200,29.250144958496094,True,2.6926790496174196,668,0.065234375
1011,3176,"[2, 0, 1]",200,29.25848960876465,False,2.6926790496174196,668,0.065234375
1011,3177,"[2, 0, 1]",200,29.26349639892578,True,2.6926790496174196,668,0.065234375
1011,3178,"[2, 0, 1]",200,29.271841049194336,False,2.6926790496174196,668,0.065234375
1011,3179,"[2, 0, 1]",200,29.27708625793457,True,2.6926790496174196,668,0.065234375
1011,3180,"[2, 0, 1]",200,29.285192489624023,False,2.6926790496174196,668,0.065234375
1011,3181,"[2, 0, 1]",200,29.289960861206055,True,2.6926790496174196,668,0.065234375
1011,3182,"[2, 0, 1]",200,29.29854393005371,False,2.6926790496174196,668,0.065234375
1011,3183,"[2, 0, 1]",200,29.303312301635742,True,2.6926790496174196,668,0.065234375
1011,3184,"[2, 0, 1]",200,29.3118953704834,False,2.6926790496174196,668,0.065234375
1011,3185,"[2, 0, 1]",200,29.356718063354492,True,2.6926790496174196,668,0.065234375
1011,3186,"[2, 0, 1]",200,29.399394989013672,False,2.6926790496174196,668,0.065234375
1011,3187,"[2, 0, 1]",200,29.405593872070312,True,2.6926790496174196,668,0.065234375
1011,3188,"[2, 0, 1]",200,29.413938522338867,False,2.6926790496174196,668,0.065234375
1011,3189,"[2, 0, 1]",200,29.4191837310791,True,2.6926790496174196,668,0.065234375
1011,3190,"[2, 0, 1]",200,29.427289962768555,False,2.6926790496174196,668,0.065234375
1011,3191,"[2, 0, 1]",200,29.432058334350586,True,2.6926790496174196,668,0.065234375
1011,3192,"[2, 0, 1]",200,29.44040298461914,False,2.6926790496174196,668,0.065234375
1011,3193,"[2, 0, 1]",200,29.445171356201172,True,2.6926790496174196,668,0.065234375
1011,3194,"[2, 0, 1]",200,29.453516006469727,False,2.6926790496174196,668,0.065234375
1011,3195,"[2, 0, 1]",200,29.45852279663086,True,2.6926790496174196,668,0.065234375
1011,3196,"[2, 0, 1]",200,29.466867446899414,False,2.6926790496174196,668,0.065234375
1011,3197,"[2, 0, 1]",200,29.471874237060547,True,2.6926790496174196,668,0.065234375
1011,3198,"[2, 0, 1]",200,29.47998046875,False,2.6926790496174196,668,0.065234375
1011,3199,"[2, 0, 1]",200,29.48474884033203,True,2.6926790496174196,668,0.065234375
1011,3200,"[2, 0, 1]",200,29.493331909179688,False,2.6926790496174196,668,0.065234375
1011,3201,"[2, 0, 1]",200,29.514789581298828,True,2.6926790496174196,668,0.065234375
1011,3202,"[2, 0, 1]",200,29.523611068725586,False,2.6926790496174196,668,0.065234375
1011,3203,"[2, 0, 1]",200,29.52861785888672,True,2.6926790496174196,668,0.065234375
1011,3204,"[2, 0, 1]",200,29.537200927734375,False,2.6926790496174196,668,0.065234375
1011,3205,"[2, 0, 1]",200,29.54244613647461,True,2.6926790496174196,668,0.065234375
1011,3206,"[2, 0, 1]",200,29.550790786743164,False,2.6926790496174196,668,0.065234375
1011,3207,"[2, 0, 1]",200,29.558897018432617,True,2.6926790496174196,668,0.065234375
1011,3208,"[2, 0, 1]",200,29.567241668701172,False,2.6926790496174196,668,0.065234375
1011,3209,"[2, 0, 1]",200,29.572486877441406,True,2.6926790496174196,668,0.065234375
1011,3210,"[2, 0, 1]",200,29.58083152770996,False,2.6926790496174196,668,0.065234375
1011,3211,"[2, 0, 1]",200,29.586076736450195,True,2.6926790496174196,668,0.065234375
1011,3212,"[2, 0, 1]",200,29.59418296813965,False,2.6926790496174196,668,0.065234375
1011,3213,"[2, 0, 1]",200,29.59895133972168,True,2.6926790496174196,668,0.065234375
1011,3214,"[2, 0, 1]",200,29.607534408569336,False,2.6926790496174196,668,0.065234375
1011,3215,"[2, 0, 1]",200,29.61254119873047,True,2.6926790496174196,668,0.065234375
1011,3216,"[2, 0, 1]",200,29.620885848999023,False,2.6926790496174196,668,0.065234375
1011,3217,"[2, 0, 1]",200,29.625892639160156,True,2.6926790496174196,668,0.065234375
1011,3218,"[2, 0, 1]",200,29.63399887084961,False,2.6926790496174196,668,0.065234375
1011,3219,"[2, 0, 1]",200,29.639005661010742,True,2.6926790496174196,668,0.065234375
1011,3220,"[2, 0, 1]",200,29.647111892700195,False,2.6926790496174196,668,0.065234375
1011,3221,"[2, 0, 1]",200,29.652118682861328,True,2.6926790496174196,668,0.065234375
1011,3222,"[2, 0, 1]",200,29.66022491455078,False,2.6926790496174196,668,0.065234375
1011,3223,"[2, 0, 1]",200,29.665231704711914,True,2.6926790496174196,668,0.065234375
1011,3224,"[2, 0, 1]",200,29.67381477355957,False,2.6926790496174196,668,0.065234375
1011,3225,"[2, 0, 1]",200,29.678821563720703,True,2.6926790496174196,668,0.065234375
1011,3226,"[2, 0, 1]",200,29.69074249267578,False,2.6926790496174196,668,0.065234375
1011,3227,"[2, 0, 1]",200,29.699087142944336,True,2.6926790496174196,668,0.065234375
1011,3228,"[2, 0, 1]",200,29.708385467529297,False,2.6926790496174196,668,0.065234375
1011,3229,"[2, 0, 1]",200,29.71339225769043,True,2.6926790496174196,668,0.065234375
1011,3230,"[2, 0, 1]",200,29.721975326538086,False,2.6926790496174196,668,0.065234375
1011,3231,"[2, 0, 1]",200,29.726743698120117,True,2.6926790496174196,668,0.065234375
1011,3232,"[2, 0, 1]",200,29.735326766967773,False,2.6926790496174196,668,0.065234375
1011,3233,"[2, 0, 1]",200,29.740095138549805,True,2.6926790496174196,668,0.065234375
1011,3234,"[2, 0, 1]",200,29.748201370239258,False,2.6926790496174196,668,0.065234375
1011,3235,"[2, 0, 1]",200,29.75320816040039,True,2.6926790496174196,668,0.065234375
1011,3236,"[2, 0, 1]",200,29.761552810668945,False,2.6926790496174196,668,0.065234375
1011,3237,"[2, 0, 1]",200,29.766559600830078,True,2.6926790496174196,668,0.065234375
1011,3238,"[2, 0, 1]",200,29.775142669677734,False,2.6926790496174196,668,0.065234375
1011,3239,"[2, 0, 1]",200,29.779911041259766,True,2.6926790496174196,668,0.065234375
1011,3240,"[2, 0, 1]",200,29.78825569152832,False,2.6926790496174196,668,0.065234375
1011,3241,"[2, 0, 1]",200,29.79302406311035,True,2.6926790496174196,668,0.065234375
1011,3242,"[2, 0, 1]",200,29.801607131958008,False,2.6926790496174196,668,0.065234375
1011,3243,"[2, 0, 1]",200,29.80637550354004,True,2.6926790496174196,668,0.065234375
1011,3244,"[2, 0, 1]",200,29.814958572387695,False,2.6926790496174196,668,0.065234375
1011,3245,"[2, 0, 1]",200,29.819726943969727,True,2.6926790496174196,668,0.065234375
1011,3246,"[2, 0, 1]",200,29.828310012817383,False,2.6926790496174196,668,0.065234375
1011,3247,"[2, 0, 1]",200,29.833316802978516,True,2.6926790496174196,668,0.065234375
1011,3248,"[2, 0, 1]",200,29.86621856689453,False,2.6926790496174196,668,0.065234375
1011,3249,"[2, 0, 1]",200,29.883384704589844,True,2.6926790496174196,668,0.065234375
1011,3250,"[2, 0, 1]",200,29.89959716796875,False,2.6926790496174196,668,0.065234375
1011,3251,"[2, 0, 1]",200,29.906749725341797,True,2.6926790496174196,668,0.065234375
1011,3252,"[2, 0, 1]",200,29.917478561401367,False,2.6926790496174196,668,0.065234375
1011,3253,"[2, 0, 1]",200,29.923439025878906,True,2.6926790496174196,668,0.065234375
1011,3254,"[2, 0, 1]",200,29.932498931884766,False,2.6926790496174196,668,0.065234375
1011,3255,"[2, 0, 1]",200,29.9379825592041,True,2.6926790496174196,668,0.065234375
1011,3256,"[2, 0, 1]",200,29.946565628051758,False,2.6926790496174196,668,0.065234375
1011,3257,"[2, 0, 1]",200,29.951810836791992,True,2.6926790496174196,668,0.065234375
1011,3258,"[2, 0, 1]",200,29.959917068481445,False,2.6926790496174196,668,0.065234375
1011,3259,"[2, 0, 1]",200,29.966354370117188,True,2.6926790496174196,668,0.065234375
1011,3260,"[2, 0, 1]",200,29.976606369018555,False,2.6926790496174196,668,0.065234375
1011,3261,"[2, 0, 1]",200,29.982328414916992,True,2.6926790496174196,668,0.065234375
1011,3262,"[2, 0, 1]",200,29.99114990234375,False,2.6926790496174196,668,0.065234375
1011,3263,"[2, 0, 1]",200,29.996395111083984,True,2.6926790496174196,668,0.065234375
1011,3264,"[2, 0, 1]",200,30.005216598510742,False,2.6926790496174196,668,0.065234375
1011,3265,"[2, 0, 1]",200,30.010700225830078,True,2.6926790496174196,668,0.065234375
1011,3266,"[2, 0, 1]",200,30.019044876098633,False,2.6926790496174196,668,0.065234375
1011,3267,"[2, 0, 1]",200,30.024290084838867,True,2.6926790496174196,668,0.065234375
1011,3268,"[2, 0, 1]",200,30.032634735107422,False,2.6926790496174196,668,0.065234375
1011,3269,"[2, 0, 1]",200,30.04169464111328,True,2.6926790496174196,668,0.065234375
1011,3270,"[2, 0, 1]",200,30.05051612854004,False,2.6926790496174196,668,0.065234375
1011,3271,"[2, 0, 1]",200,30.055761337280273,True,2.6926790496174196,668,0.065234375
1011,3272,"[2, 0, 1]",200,30.064105987548828,False,2.6926790496174196,668,0.065234375
1011,3273,"[2, 0, 1]",200,30.06911277770996,True,2.6926790496174196,668,0.065234375
1011,3274,"[2, 0, 1]",200,30.077457427978516,False,2.6926790496174196,668,0.065234375
1011,3275,"[2, 0, 1]",200,30.08270263671875,True,2.6926790496174196,668,0.065234375
1011,3276,"[2, 0, 1]",200,30.091047286987305,False,2.6926790496174196,668,0.065234375
1011,3277,"[2, 0, 1]",200,30.095815658569336,True,2.6926790496174196,668,0.065234375
1011,3278,"[2, 0, 1]",200,30.104637145996094,False,2.6926790496174196,668,0.065234375
1011,3279,"[2, 0, 1]",200,30.109405517578125,True,2.6926790496174196,668,0.065234375
1011,3280,"[2, 0, 1]",200,30.11775016784668,False,2.6926790496174196,668,0.065234375
1011,3281,"[2, 0, 1]",200,30.12251853942871,True,2.6926790496174196,668,0.065234375
1011,3282,"[2, 0, 1]",200,30.13134002685547,False,2.6926790496174196,668,0.065234375
1011,3283,"[2, 0, 1]",200,30.1363468170166,True,2.6926790496174196,668,0.065234375
1011,3284,"[2, 0, 1]",200,30.14516830444336,False,2.6926790496174196,668,0.065234375
1011,3285,"[2, 0, 1]",200,30.14993667602539,True,2.6926790496174196,668,0.065234375
1011,3286,"[2, 0, 1]",200,30.158281326293945,False,2.6926790496174196,668,0.065234375
1011,3287,"[2, 0, 1]",200,30.163288116455078,True,2.6926790496174196,668,0.065234375
1011,3288,"[2, 0, 1]",200,30.171632766723633,False,2.6926790496174196,668,0.065234375
1011,3289,"[2, 0, 1]",200,30.176639556884766,True,2.6926790496174196,668,0.065234375
1011,3290,"[2, 0, 1]",200,30.18474578857422,False,2.6926790496174196,668,0.065234375
1011,3291,"[2, 0, 1]",200,30.192852020263672,True,2.6926790496174196,668,0.065234375
1011,3292,"[2, 0, 1]",200,30.201435089111328,False,2.6926790496174196,668,0.065234375
1011,3293,"[2, 0, 1]",200,30.20644187927246,True,2.6926790496174196,668,0.065234375
1011,3294,"[2, 0, 1]",200,30.214786529541016,False,2.6926790496174196,668,0.065234375
1011,3295,"[2, 0, 1]",200,30.219554901123047,True,2.6926790496174196,668,0.065234375
1011,3296,"[2, 0, 1]",200,30.228137969970703,False,2.6926790496174196,668,0.065234375
1011,3297,"[2, 0, 1]",200,30.233144760131836,True,2.6926790496174196,668,0.065234375
1011,3298,"[2, 0, 1]",200,30.24148941040039,False,2.6926790496174196,668,0.065234375
1011,3299,"[2, 0, 1]",200,30.246734619140625,True,2.6926790496174196,668,0.065234375
1011,3300,"[2, 0, 1]",200,30.25507926940918,False,2.6926790496174196,668,0.065234375
1011,3301,"[2, 0, 1]",200,30.260086059570312,True,2.6926790496174196,668,0.065234375
1011,3302,"[2, 0, 1]",200,30.26866912841797,False,2.6926790496174196,668,0.065234375
1011,3303,"[2, 0, 1]",200,30.2736759185791,True,2.6926790496174196,668,0.065234375
1011,3304,"[2, 0, 1]",200,30.282020568847656,False,2.6926790496174196,668,0.065234375
1011,3305,"[2, 0, 1]",200,30.286550521850586,True,2.6926790496174196,668,0.065234375
1011,3306,"[2, 0, 1]",200,30.295133590698242,False,2.6926790496174196,668,0.065234375
1011,3307,"[2, 0, 1]",200,30.299901962280273,True,2.6926790496174196,668,0.065234375
1011,3308,"[2, 0, 1]",200,30.308246612548828,False,2.6926790496174196,668,0.065234375
1011,3309,"[2, 0, 1]",200,30.31301498413086,True,2.6926790496174196,668,0.065234375
1011,3310,"[2, 0, 1]",200,30.324935913085938,False,2.6926790496174196,668,0.065234375
1011,3311,"[2, 0, 1]",200,30.333518981933594,True,2.6926790496174196,668,0.065234375
1011,3312,"[2, 0, 1]",200,30.343055725097656,False,2.6926790496174196,668,0.065234375
1011,3313,"[2, 0, 1]",200,30.34830093383789,True,2.6926790496174196,668,0.065234375
1011,3314,"[2, 0, 1]",200,30.35712242126465,False,2.6926790496174196,668,0.065234375
1011,3315,"[2, 0, 1]",200,30.36189079284668,True,2.6926790496174196,668,0.065234375
1011,3316,"[2, 0, 1]",200,30.370712280273438,False,2.6926790496174196,668,0.065234375
1011,3317,"[2, 0, 1]",200,30.37548065185547,True,2.6926790496174196,668,0.065234375
1011,3318,"[2, 0, 1]",200,30.383586883544922,False,2.6926790496174196,668,0.065234375
1011,3319,"[2, 0, 1]",200,30.388832092285156,True,2.6926790496174196,668,0.065234375
1011,3320,"[2, 0, 1]",200,30.39693832397461,False,2.6926790496174196,668,0.065234375
1011,3321,"[2, 0, 1]",200,30.401945114135742,True,2.6926790496174196,668,0.065234375
1011,3322,"[2, 0, 1]",200,30.410289764404297,False,2.6926790496174196,668,0.065234375
1011,3323,"[2, 0, 1]",200,30.415058135986328,True,2.6926790496174196,668,0.065234375
1011,3324,"[2, 0, 1]",200,30.423402786254883,False,2.6926790496174196,668,0.065234375
1011,3325,"[2, 0, 1]",200,30.428409576416016,True,2.6926790496174196,668,0.065234375
1011,3326,"[2, 0, 1]",200,30.43675422668457,False,2.6926790496174196,668,0.065234375
1011,3327,"[2, 0, 1]",200,30.4415225982666,True,2.6926790496174196,668,0.065234375
1011,3328,"[2, 0, 1]",200,30.454158782958984,False,2.6926790496174196,668,0.065234375
1011,3329,"[2, 0, 1]",200,30.459165573120117,True,2.6926790496174196,668,0.065234375
1011,3330,"[2, 0, 1]",200,30.467748641967773,False,2.6926790496174196,668,0.065234375
1011,3331,"[2, 0, 1]",200,30.472517013549805,True,2.6926790496174196,668,0.065234375
1011,3332,"[2, 0, 1]",200,30.48086166381836,False,2.6926790496174196,668,0.065234375
1011,3333,"[2, 0, 1]",200,30.48872947692871,True,2.6926790496174196,668,0.065234375
1011,3334,"[2, 0, 1]",200,30.497074127197266,False,2.6926790496174196,668,0.065234375
1011,3335,"[2, 0, 1]",200,30.502796173095703,True,2.6926790496174196,668,0.065234375
1011,3336,"[2, 0, 1]",200,30.511140823364258,False,2.6926790496174196,668,0.065234375
1011,3337,"[2, 0, 1]",200,30.516386032104492,True,2.6926790496174196,668,0.065234375
1011,3338,"[2, 0, 1]",200,30.524730682373047,False,2.6926790496174196,668,0.065234375
1011,3339,"[2, 0, 1]",200,30.529499053955078,True,2.6926790496174196,668,0.065234375
1011,3340,"[2, 0, 1]",200,30.538082122802734,False,2.6926790496174196,668,0.065234375
1011,3341,"[2, 0, 1]",200,30.542850494384766,True,2.6926790496174196,668,0.065234375
1011,3342,"[2, 0, 1]",200,30.551671981811523,False,2.6926790496174196,668,0.065234375
1011,3343,"[2, 0, 1]",200,30.556440353393555,True,2.6926790496174196,668,0.065234375
1011,3344,"[2, 0, 1]",200,30.56502342224121,False,2.6926790496174196,668,0.065234375
1011,3345,"[2, 0, 1]",200,30.570030212402344,True,2.6926790496174196,668,0.065234375
1011,3346,"[2, 0, 1]",200,30.579090118408203,False,2.6926790496174196,668,0.065234375
1011,3347,"[2, 0, 1]",200,30.583858489990234,True,2.6926790496174196,668,0.065234375
1011,3348,"[2, 0, 1]",200,30.59220314025879,False,2.6926790496174196,668,0.065234375
1011,3349,"[2, 0, 1]",200,30.597209930419922,True,2.6926790496174196,668,0.065234375
1011,3350,"[2, 0, 1]",200,30.605554580688477,False,2.6926790496174196,668,0.065234375
1011,3351,"[2, 0, 1]",200,30.61079978942871,True,2.6926790496174196,668,0.065234375
1011,3352,"[2, 0, 1]",200,30.619144439697266,False,2.6926790496174196,668,0.065234375
1011,3353,"[2, 0, 1]",200,30.62725067138672,True,2.6926790496174196,668,0.065234375
1011,3354,"[2, 0, 1]",200,30.635833740234375,False,2.6926790496174196,668,0.065234375
1011,3355,"[2, 0, 1]",200,30.640602111816406,True,2.6926790496174196,668,0.065234375
1011,3356,"[2, 0, 1]",200,30.649185180664062,False,2.6926790496174196,668,0.065234375
1011,3357,"[2, 0, 1]",200,30.653953552246094,True,2.6926790496174196,668,0.065234375
1011,3358,"[2, 0, 1]",200,30.66253662109375,False,2.6926790496174196,668,0.065234375
1011,3359,"[2, 0, 1]",200,30.66730499267578,True,2.6926790496174196,668,0.065234375
1011,3360,"[2, 0, 1]",200,30.675888061523438,False,2.6926790496174196,668,0.065234375
1011,3361,"[2, 0, 1]",200,30.68065643310547,True,2.6926790496174196,668,0.065234375
1011,3362,"[2, 0, 1]",200,30.689001083374023,False,2.6926790496174196,668,0.065234375
1011,3363,"[2, 0, 1]",200,30.69448471069336,True,2.6926790496174196,668,0.065234375
1011,3364,"[2, 0, 1]",200,30.703067779541016,False,2.6926790496174196,668,0.065234375
1011,3365,"[2, 0, 1]",200,30.70831298828125,True,2.6926790496174196,668,0.065234375
1011,3366,"[2, 0, 1]",200,30.716657638549805,False,2.6926790496174196,668,0.065234375
1011,3367,"[2, 0, 1]",200,30.72190284729004,True,2.6926790496174196,668,0.065234375
1011,3368,"[2, 0, 1]",200,30.730247497558594,False,2.6926790496174196,668,0.065234375
1011,3369,"[2, 0, 1]",200,30.738353729248047,True,2.6926790496174196,668,0.065234375
1011,3370,"[2, 0, 1]",200,30.7466983795166,False,2.6926790496174196,668,0.065234375
1011,3371,"[2, 0, 1]",200,30.75242042541504,True,2.6926790496174196,668,0.065234375
1011,3372,"[2, 0, 1]",200,30.760765075683594,False,2.6926790496174196,668,0.065234375
1011,3373,"[2, 0, 1]",200,30.76624870300293,True,2.6926790496174196,668,0.065234375
1011,3374,"[2, 0, 1]",200,30.775070190429688,False,2.6926790496174196,668,0.065234375
1011,3375,"[2, 0, 1]",200,30.78293800354004,True,2.6926790496174196,668,0.065234375
1011,3376,"[2, 0, 1]",200,30.791759490966797,False,2.6926790496174196,668,0.065234375
1011,3377,"[2, 0, 1]",200,30.796527862548828,True,2.6926790496174196,668,0.065234375
1011,3378,"[2, 0, 1]",200,30.805349349975586,False,2.6926790496174196,668,0.065234375
1011,3379,"[2, 0, 1]",200,30.809879302978516,True,2.6926790496174196,668,0.065234375
1011,3380,"[2, 0, 1]",200,30.818462371826172,False,2.6926790496174196,668,0.065234375
1011,3381,"[2, 0, 1]",200,30.823469161987305,True,2.6926790496174196,668,0.065234375
1011,3382,"[2, 0, 1]",200,30.83181381225586,False,2.6926790496174196,668,0.065234375
1011,3383,"[2, 0, 1]",200,30.836820602416992,True,2.6926790496174196,668,0.065234375
1011,3384,"[2, 0, 1]",200,30.84540367126465,False,2.6926790496174196,668,0.065234375
1011,3385,"[2, 0, 1]",200,30.850648880004883,True,2.6926790496174196,668,0.065234375
1011,3386,"[2, 0, 1]",200,30.858993530273438,False,2.6926790496174196,668,0.065234375
1011,3387,"[2, 0, 1]",200,30.864238739013672,True,2.6926790496174196,668,0.065234375
1011,3388,"[2, 0, 1]",200,30.872583389282227,False,2.6926790496174196,668,0.065234375
1011,3389,"[2, 0, 1]",200,30.87759017944336,True,2.6926790496174196,668,0.065234375
1011,3390,"[2, 0, 1]",200,30.885934829711914,False,2.6926790496174196,668,0.065234375
1011,3391,"[2, 0, 1]",200,30.890703201293945,True,2.6926790496174196,668,0.065234375
1011,3392,"[2, 0, 1]",200,30.8992862701416,False,2.6926790496174196,668,0.065234375
1011,3393,"[2, 0, 1]",200,30.904054641723633,True,2.6926790496174196,668,0.065234375
1011,3394,"[2, 0, 1]",200,30.919313430786133,False,2.6926790496174196,668,0.065234375
1011,3395,"[2, 0, 1]",200,30.927419662475586,True,2.6926790496174196,668,0.065234375
1011,3396,"[2, 0, 1]",200,30.936479568481445,False,2.6926790496174196,668,0.065234375
1011,3397,"[2, 0, 1]",200,30.941486358642578,True,2.6926790496174196,668,0.065234375
1011,3398,"[2, 0, 1]",200,30.950307846069336,False,2.6926790496174196,668,0.065234375
1011,3399,"[2, 0, 1]",200,30.955076217651367,True,2.6926790496174196,668,0.065234375
1011,3400,"[2, 0, 1]",200,30.963420867919922,False,2.6926790496174196,668,0.065234375
1011,3401,"[2, 0, 1]",200,30.968427658081055,True,2.6926790496174196,668,0.065234375
1011,3402,"[2, 0, 1]",200,30.976533889770508,False,2.6926790496174196,668,0.065234375
1011,3403,"[2, 0, 1]",200,30.981779098510742,True,2.6926790496174196,668,0.065234375
1011,3404,"[2, 0, 1]",200,30.990123748779297,False,2.6926790496174196,668,0.065234375
1011,3405,"[2, 0, 1]",200,30.99536895751953,True,2.6926790496174196,668,0.065234375
1011,3406,"[2, 0, 1]",200,31.003475189208984,False,2.6926790496174196,668,0.065234375
1011,3407,"[2, 0, 1]",200,31.00872039794922,True,2.6926790496174196,668,0.065234375
1011,3408,"[2, 0, 1]",200,31.017303466796875,False,2.6926790496174196,668,0.065234375
1011,3409,"[2, 0, 1]",200,31.022310256958008,True,2.6926790496174196,668,0.065234375
1011,3410,"[2, 0, 1]",200,31.030893325805664,False,2.6926790496174196,668,0.065234375
1011,3411,"[2, 0, 1]",200,31.035661697387695,True,2.6926790496174196,668,0.065234375
1011,3412,"[2, 0, 1]",200,31.044483184814453,False,2.6926790496174196,668,0.065234375
1011,3413,"[2, 0, 1]",200,31.049489974975586,True,2.6926790496174196,668,0.065234375
1011,3414,"[2, 0, 1]",200,31.05783462524414,False,2.6926790496174196,668,0.065234375
1011,3415,"[2, 0, 1]",200,31.062841415405273,True,2.6926790496174196,668,0.065234375
1011,3416,"[2, 0, 1]",200,31.070947647094727,False,2.6926790496174196,668,0.065234375
1011,3417,"[2, 0, 1]",200,31.07905387878418,True,2.6926790496174196,668,0.065234375
1011,3418,"[2, 0, 1]",200,31.087636947631836,False,2.6926790496174196,668,0.065234375
1011,3419,"[2, 0, 1]",200,31.09288215637207,True,2.6926790496174196,668,0.065234375
1011,3420,"[2, 0, 1]",200,31.101226806640625,False,2.6926790496174196,668,0.065234375
1011,3421,"[2, 0, 1]",200,31.105995178222656,True,2.6926790496174196,668,0.065234375
1011,3422,"[2, 0, 1]",200,31.114578247070312,False,2.6926790496174196,668,0.065234375
1011,3423,"[2, 0, 1]",200,31.119346618652344,True,2.6926790496174196,668,0.065234375
1011,3424,"[2, 0, 1]",200,31.1279296875,False,2.6926790496174196,668,0.065234375
1011,3425,"[2, 0, 1]",200,31.13269805908203,True,2.6926790496174196,668,0.065234375
1011,3426,"[2, 0, 1]",200,31.14151954650879,False,2.6926790496174196,668,0.065234375
1011,3427,"[2, 0, 1]",200,31.14628791809082,True,2.6926790496174196,668,0.065234375
1011,3428,"[2, 0, 1]",200,31.154632568359375,False,2.6926790496174196,668,0.065234375
1011,3429,"[2, 0, 1]",200,31.15987777709961,True,2.6926790496174196,668,0.065234375
1011,3430,"[2, 0, 1]",200,31.167984008789062,False,2.6926790496174196,668,0.065234375
1011,3431,"[2, 0, 1]",200,31.173229217529297,True,2.6926790496174196,668,0.065234375
1011,3432,"[2, 0, 1]",200,31.181812286376953,False,2.6926790496174196,668,0.065234375
1011,3433,"[2, 0, 1]",200,31.187057495117188,True,2.6926790496174196,668,0.065234375
1011,3434,"[2, 0, 1]",200,31.195402145385742,False,2.6926790496174196,668,0.065234375
1011,3435,"[2, 0, 1]",200,31.200408935546875,True,2.6926790496174196,668,0.065234375
1011,3436,"[2, 0, 1]",200,31.20875358581543,False,2.6926790496174196,668,0.065234375
1011,3437,"[2, 0, 1]",200,31.216859817504883,True,2.6926790496174196,668,0.065234375
1011,3438,"[2, 0, 1]",200,31.22568130493164,False,2.6926790496174196,668,0.065234375
1011,3439,"[2, 0, 1]",200,31.230449676513672,True,2.6926790496174196,668,0.065234375
1011,3440,"[2, 0, 1]",200,31.239032745361328,False,2.6926790496174196,668,0.065234375
1011,3441,"[2, 0, 1]",200,31.24380111694336,True,2.6926790496174196,668,0.065234375
1011,3442,"[2, 0, 1]",200,31.252384185791016,False,2.6926790496174196,668,0.065234375
1011,3443,"[2, 0, 1]",200,31.25739097595215,True,2.6926790496174196,668,0.065234375
1011,3444,"[2, 0, 1]",200,31.265735626220703,False,2.6926790496174196,668,0.065234375
1011,3445,"[2, 0, 1]",200,31.270742416381836,True,2.6926790496174196,668,0.065234375
1011,3446,"[2, 0, 1]",200,31.27908706665039,False,2.6926790496174196,668,0.065234375
1011,3447,"[2, 0, 1]",200,31.284332275390625,True,2.6926790496174196,668,0.065234375
1011,3448,"[2, 0, 1]",200,31.29267692565918,False,2.6926790496174196,668,0.065234375
1011,3449,"[2, 0, 1]",200,31.297922134399414,True,2.6926790496174196,668,0.065234375
1011,3450,"[2, 0, 1]",200,31.306028366088867,False,2.6926790496174196,668,0.065234375
1011,3451,"[2, 0, 1]",200,31.3112735748291,True,2.6926790496174196,668,0.065234375
1011,3452,"[2, 0, 1]",200,31.319618225097656,False,2.6926790496174196,668,0.065234375
1011,3453,"[2, 0, 1]",200,31.324386596679688,True,2.6926790496174196,668,0.065234375
1011,3454,"[2, 0, 1]",200,31.332731246948242,False,2.6926790496174196,668,0.065234375
1011,3455,"[2, 0, 1]",200,31.337738037109375,True,2.6926790496174196,668,0.065234375
1011,3456,"[2, 0, 1]",200,31.34632110595703,False,2.6926790496174196,668,0.065234375
1011,3457,"[2, 0, 1]",200,31.351089477539062,True,2.6926790496174196,668,0.065234375
1011,3458,"[2, 0, 1]",200,31.359434127807617,False,2.6926790496174196,668,0.065234375
1011,3459,"[2, 0, 1]",200,31.36730194091797,True,2.6926790496174196,668,0.065234375
1011,3460,"[2, 0, 1]",200,31.375646591186523,False,2.6926790496174196,668,0.065234375
1011,3461,"[2, 0, 1]",200,31.380891799926758,True,2.6926790496174196,668,0.065234375
1011,3462,"[2, 0, 1]",200,31.38899803161621,False,2.6926790496174196,668,0.065234375
1011,3463,"[2, 0, 1]",200,31.393766403198242,True,2.6926790496174196,668,0.065234375
1011,3464,"[2, 0, 1]",200,31.4023494720459,False,2.6926790496174196,668,0.065234375
1011,3465,"[2, 0, 1]",200,31.40711784362793,True,2.6926790496174196,668,0.065234375
1011,3466,"[2, 0, 1]",200,31.415462493896484,False,2.6926790496174196,668,0.065234375
1011,3467,"[2, 0, 1]",200,31.420469284057617,True,2.6926790496174196,668,0.065234375
1011,3468,"[2, 0, 1]",200,31.42857551574707,False,2.6926790496174196,668,0.065234375
1011,3469,"[2, 0, 1]",200,31.433582305908203,True,2.6926790496174196,668,0.065234375
1011,3470,"[2, 0, 1]",200,31.441926956176758,False,2.6926790496174196,668,0.065234375
1011,3471,"[2, 0, 1]",200,31.44693374633789,True,2.6926790496174196,668,0.065234375
1011,3472,"[2, 0, 1]",200,31.455039978027344,False,2.6926790496174196,668,0.065234375
1011,3473,"[2, 0, 1]",200,31.459808349609375,True,2.6926790496174196,668,0.065234375
1011,3474,"[2, 0, 1]",200,31.46815299987793,False,2.6926790496174196,668,0.065234375
1011,3475,"[2, 0, 1]",200,31.473159790039062,True,2.6926790496174196,668,0.065234375
1011,3476,"[2, 0, 1]",200,31.481504440307617,False,2.6926790496174196,668,0.065234375
1011,3477,"[2, 0, 1]",200,31.48627281188965,True,2.6926790496174196,668,0.065234375
1011,3478,"[2, 0, 1]",200,31.497955322265625,False,2.6926790496174196,668,0.065234375
1011,3479,"[2, 0, 1]",200,31.50629997253418,True,2.6926790496174196,668,0.065234375
1011,3480,"[2, 0, 1]",200,31.526565551757812,False,2.6926790496174196,668,0.065234375
1011,3481,"[2, 0, 1]",200,31.531810760498047,True,2.6926790496174196,668,0.065234375
1011,3482,"[2, 0, 1]",200,31.54611587524414,False,2.6926790496174196,668,0.065234375
1011,3483,"[2, 0, 1]",200,31.5554141998291,True,2.6926790496174196,668,0.065234375
1011,3484,"[2, 0, 1]",200,31.566143035888672,False,2.6926790496174196,668,0.065234375
1011,3485,"[2, 0, 1]",200,31.571149826049805,True,2.6926790496174196,668,0.065234375
1011,3486,"[2, 0, 1]",200,31.57973289489746,False,2.6926790496174196,668,0.065234375
1011,3487,"[2, 0, 1]",200,31.584501266479492,True,2.6926790496174196,668,0.065234375
1011,3488,"[2, 0, 1]",200,31.59332275390625,False,2.6926790496174196,668,0.065234375
1011,3489,"[2, 0, 1]",200,31.59809112548828,True,2.6926790496174196,668,0.065234375
1011,3490,"[2, 0, 1]",200,31.606674194335938,False,2.6926790496174196,668,0.065234375
1011,3491,"[2, 0, 1]",200,31.61144256591797,True,2.6926790496174196,668,0.065234375
1011,3492,"[2, 0, 1]",200,31.620264053344727,False,2.6926790496174196,668,0.065234375
1011,3493,"[2, 0, 1]",200,31.625032424926758,True,2.6926790496174196,668,0.065234375
1011,3494,"[2, 0, 1]",200,31.633615493774414,False,2.6926790496174196,668,0.065234375
1011,3495,"[2, 0, 1]",200,31.638622283935547,True,2.6926790496174196,668,0.065234375
1011,3496,"[2, 0, 1]",200,31.646728515625,False,2.6926790496174196,668,0.065234375
1011,3497,"[2, 0, 1]",200,31.651735305786133,True,2.6926790496174196,668,0.065234375
1011,3498,"[2, 0, 1]",200,31.660079956054688,False,2.6926790496174196,668,0.065234375
1011,3499,"[2, 0, 1]",200,31.665325164794922,True,2.6926790496174196,668,0.065234375
1011,3500,"[2, 0, 1]",200,31.673431396484375,False,2.6926790496174196,668,0.065234375
1011,3501,"[2, 0, 1]",200,31.682252883911133,True,2.6926790496174196,668,0.065234375
1011,3502,"[2, 0, 1]",200,31.691551208496094,False,2.6926790496174196,668,0.065234375
1011,3503,"[2, 0, 1]",200,31.717538833618164,True,2.6926790496174196,668,0.065234375
1011,3504,"[2, 0, 1]",200,31.72612190246582,False,2.6926790496174196,668,0.065234375
1011,3505,"[2, 0, 1]",200,31.731843948364258,True,2.6926790496174196,668,0.065234375
1011,3506,"[2, 0, 1]",200,31.740188598632812,False,2.6926790496174196,668,0.065234375
1011,3507,"[2, 0, 1]",200,31.745195388793945,True,2.6926790496174196,668,0.065234375
1011,3508,"[2, 0, 1]",200,31.7535400390625,False,2.6926790496174196,668,0.065234375
1011,3509,"[2, 0, 1]",200,31.75830841064453,True,2.6926790496174196,668,0.065234375
1011,3510,"[2, 0, 1]",200,31.766653060913086,False,2.6926790496174196,668,0.065234375
1011,3511,"[2, 0, 1]",200,31.77165985107422,True,2.6926790496174196,668,0.065234375
1011,3512,"[2, 0, 1]",200,31.780242919921875,False,2.6926790496174196,668,0.065234375
1011,3513,"[2, 0, 1]",200,31.785249710083008,True,2.6926790496174196,668,0.065234375
1011,3514,"[2, 0, 1]",200,31.793832778930664,False,2.6926790496174196,668,0.065234375
1011,3515,"[2, 0, 1]",200,31.798839569091797,True,2.6926790496174196,668,0.065234375
1011,3516,"[2, 0, 1]",200,31.807661056518555,False,2.6926790496174196,668,0.065234375
1011,3517,"[2, 0, 1]",200,31.812429428100586,True,2.6926790496174196,668,0.065234375
1011,3518,"[2, 0, 1]",200,31.82077407836914,False,2.6926790496174196,668,0.065234375
1011,3519,"[2, 0, 1]",200,31.826019287109375,True,2.6926790496174196,668,0.065234375
1011,3520,"[2, 0, 1]",200,31.834125518798828,False,2.6926790496174196,668,0.065234375
1011,3521,"[2, 0, 1]",200,31.842470169067383,True,2.6926790496174196,668,0.065234375
1011,3522,"[2, 0, 1]",200,31.85105323791504,False,2.6926790496174196,668,0.065234375
1011,3523,"[2, 0, 1]",200,31.86964988708496,True,2.6926790496174196,668,0.065234375
1011,3524,"[2, 0, 1]",200,31.894922256469727,False,2.6926790496174196,668,0.065234375
1011,3525,"[2, 0, 1]",200,31.9058895111084,True,2.6926790496174196,668,0.065234375
1011,3526,"[2, 0, 1]",200,31.918764114379883,False,2.6926790496174196,668,0.065234375
1011,3527,"[2, 0, 1]",200,31.924962997436523,True,2.6926790496174196,668,0.065234375
1011,3528,"[2, 0, 1]",200,31.93497657775879,False,2.6926790496174196,668,0.065234375
1011,3529,"[2, 0, 1]",200,31.940698623657227,True,2.6926790496174196,668,0.065234375
1011,3530,"[2, 0, 1]",200,31.949520111083984,False,2.6926790496174196,668,0.065234375
1011,3531,"[2, 0, 1]",200,31.95476531982422,True,2.6926790496174196,668,0.065234375
1011,3532,"[2, 0, 1]",200,31.963109970092773,False,2.6926790496174196,668,0.065234375
1011,3533,"[2, 0, 1]",200,31.968116760253906,True,2.6926790496174196,668,0.065234375
1011,3534,"[2, 0, 1]",200,31.97646141052246,False,2.6926790496174196,668,0.065234375
1011,3535,"[2, 0, 1]",200,31.981706619262695,True,2.6926790496174196,668,0.065234375
1011,3536,"[2, 0, 1]",200,31.99005126953125,False,2.6926790496174196,668,0.065234375
1011,3537,"[2, 0, 1]",200,32.00268745422363,True,2.6926790496174196,668,0.065234375
1011,3538,"[2, 0, 1]",200,32.0131778717041,False,2.6926790496174196,668,0.065234375
1011,3539,"[2, 0, 1]",200,32.01937675476074,True,2.6926790496174196,668,0.065234375
1011,3540,"[2, 0, 1]",200,32.0281982421875,False,2.6926790496174196,668,0.065234375
1011,3541,"[2, 0, 1]",200,32.03392028808594,True,2.6926790496174196,668,0.065234375
1011,3542,"[2, 0, 1]",200,32.042503356933594,False,2.6926790496174196,668,0.065234375
1011,3543,"[2, 0, 1]",200,32.05132484436035,True,2.6926790496174196,668,0.065234375
1011,3544,"[2, 0, 1]",200,32.06014633178711,False,2.6926790496174196,668,0.065234375
1011,3545,"[2, 0, 1]",200,32.065391540527344,True,2.6926790496174196,668,0.065234375
1011,3546,"[2, 0, 1]",200,32.0742130279541,False,2.6926790496174196,668,0.065234375
1011,3547,"[2, 0, 1]",200,32.079458236694336,True,2.6926790496174196,668,0.065234375
1011,3548,"[2, 0, 1]",200,32.08804130554199,False,2.6926790496174196,668,0.065234375
1011,3549,"[2, 0, 1]",200,32.09328651428223,True,2.6926790496174196,668,0.065234375
1011,3550,"[2, 0, 1]",200,32.10139274597168,False,2.6926790496174196,668,0.065234375
1011,3551,"[2, 0, 1]",200,32.10639953613281,True,2.6926790496174196,668,0.065234375
1011,3552,"[2, 0, 1]",200,32.11474418640137,False,2.6926790496174196,668,0.065234375
1011,3553,"[2, 0, 1]",200,32.1195125579834,True,2.6926790496174196,668,0.065234375
1011,3554,"[2, 0, 1]",200,32.128095626831055,False,2.6926790496174196,668,0.065234375
1011,3555,"[2, 0, 1]",200,32.132863998413086,True,2.6926790496174196,668,0.065234375
1011,3556,"[2, 0, 1]",200,32.14144706726074,False,2.6926790496174196,668,0.065234375
1011,3557,"[2, 0, 1]",200,32.146453857421875,True,2.6926790496174196,668,0.065234375
1011,3558,"[2, 0, 1]",200,32.15503692626953,False,2.6926790496174196,668,0.065234375
1011,3559,"[2, 0, 1]",200,32.16052055358887,True,2.6926790496174196,668,0.065234375
1011,3560,"[2, 0, 1]",200,32.16981887817383,False,2.6926790496174196,668,0.065234375
1011,3561,"[2, 0, 1]",200,32.17506408691406,True,2.6926790496174196,668,0.065234375
1011,3562,"[2, 0, 1]",200,32.18793869018555,False,2.6926790496174196,668,0.065234375
1011,3563,"[2, 0, 1]",200,32.196760177612305,True,2.6926790496174196,668,0.065234375
1011,3564,"[2, 0, 1]",200,32.20653533935547,False,2.6926790496174196,668,0.065234375
1011,3565,"[2, 0, 1]",200,32.212257385253906,True,2.6926790496174196,668,0.065234375
1011,3566,"[2, 0, 1]",200,32.22155570983887,False,2.6926790496174196,668,0.065234375
1011,3567,"[2, 0, 1]",200,32.2268009185791,True,2.6926790496174196,668,0.065234375
1011,3568,"[2, 0, 1]",200,32.23562240600586,False,2.6926790496174196,668,0.065234375
1011,3569,"[2, 0, 1]",200,32.24039077758789,True,2.6926790496174196,668,0.065234375
1011,3570,"[2, 0, 1]",200,32.248735427856445,False,2.6926790496174196,668,0.065234375
1011,3571,"[2, 0, 1]",200,32.25374221801758,True,2.6926790496174196,668,0.065234375
1011,3572,"[2, 0, 1]",200,32.26208686828613,False,2.6926790496174196,668,0.065234375
1011,3573,"[2, 0, 1]",200,32.267093658447266,True,2.6926790496174196,668,0.065234375
1011,3574,"[2, 0, 1]",200,32.27543830871582,False,2.6926790496174196,668,0.065234375
1011,3575,"[2, 0, 1]",200,32.28044509887695,True,2.6926790496174196,668,0.065234375
1011,3576,"[2, 0, 1]",200,32.28878974914551,False,2.6926790496174196,668,0.065234375
1011,3577,"[2, 0, 1]",200,32.29403495788574,True,2.6926790496174196,668,0.065234375
1011,3578,"[2, 0, 1]",200,32.302141189575195,False,2.6926790496174196,668,0.065234375
1011,3579,"[2, 0, 1]",200,32.30714797973633,True,2.6926790496174196,668,0.065234375
1011,3580,"[2, 0, 1]",200,32.315731048583984,False,2.6926790496174196,668,0.065234375
1011,3581,"[2, 0, 1]",200,32.320499420166016,True,2.6926790496174196,668,0.065234375
1011,3582,"[2, 0, 1]",200,32.32908248901367,False,2.6926790496174196,668,0.065234375
1011,3583,"[2, 0, 1]",200,32.3338508605957,True,2.6926790496174196,668,0.065234375
1011,3584,"[2, 0, 1]",200,32.34267234802246,False,2.6926790496174196,668,0.065234375
1011,3585,"[2, 0, 1]",200,32.35054016113281,True,2.6926790496174196,668,0.065234375
1011,3586,"[2, 0, 1]",200,32.35888481140137,False,2.6926790496174196,668,0.065234375
1011,3587,"[2, 0, 1]",200,32.3641300201416,True,2.6926790496174196,668,0.065234375
1011,3588,"[2, 0, 1]",200,32.372474670410156,False,2.6926790496174196,668,0.065234375
1011,3589,"[2, 0, 1]",200,32.37748146057129,True,2.6926790496174196,668,0.065234375
1011,3590,"[2, 0, 1]",200,32.38558769226074,False,2.6926790496174196,668,0.065234375
1011,3591,"[2, 0, 1]",200,32.39083290100098,True,2.6926790496174196,668,0.065234375
1011,3592,"[2, 0, 1]",200,32.39917755126953,False,2.6926790496174196,668,0.065234375
1011,3593,"[2, 0, 1]",200,32.40394592285156,True,2.6926790496174196,668,0.065234375
1011,3594,"[2, 0, 1]",200,32.41252899169922,False,2.6926790496174196,668,0.065234375
1011,3595,"[2, 0, 1]",200,32.41729736328125,True,2.6926790496174196,668,0.065234375
1011,3596,"[2, 0, 1]",200,32.425880432128906,False,2.6926790496174196,668,0.065234375
1011,3597,"[2, 0, 1]",200,32.43064880371094,True,2.6926790496174196,668,0.065234375
1011,3598,"[2, 0, 1]",200,32.43899345397949,False,2.6926790496174196,668,0.065234375
1011,3599,"[2, 0, 1]",200,32.44447708129883,True,2.6926790496174196,668,0.065234375
1011,3600,"[2, 0, 1]",200,32.45258331298828,False,2.6926790496174196,668,0.065234375
1011,3601,"[2, 0, 1]",200,32.457828521728516,True,2.6926790496174196,668,0.065234375
1011,3602,"[2, 0, 1]",200,32.46617317199707,False,2.6926790496174196,668,0.065234375
1011,3603,"[2, 0, 1]",200,32.4711799621582,True,2.6926790496174196,668,0.065234375
1011,3604,"[2, 0, 1]",200,32.47952461242676,False,2.6926790496174196,668,0.065234375
1011,3605,"[2, 0, 1]",200,32.48763084411621,True,2.6926790496174196,668,0.065234375
1011,3606,"[2, 0, 1]",200,32.49621391296387,False,2.6926790496174196,668,0.065234375
1011,3607,"[2, 0, 1]",200,32.501220703125,True,2.6926790496174196,668,0.065234375
1011,3608,"[2, 0, 1]",200,32.509565353393555,False,2.6926790496174196,668,0.065234375
1011,3609,"[2, 0, 1]",200,32.51457214355469,True,2.6926790496174196,668,0.065234375
1011,3610,"[2, 0, 1]",200,32.52291679382324,False,2.6926790496174196,668,0.065234375
1011,3611,"[2, 0, 1]",200,32.52768516540527,True,2.6926790496174196,668,0.065234375
1011,3612,"[2, 0, 1]",200,32.53602981567383,False,2.6926790496174196,668,0.065234375
1011,3613,"[2, 0, 1]",200,32.54127502441406,True,2.6926790496174196,668,0.065234375
1011,3614,"[2, 0, 1]",200,32.54985809326172,False,2.6926790496174196,668,0.065234375
1011,3615,"[2, 0, 1]",200,32.55486488342285,True,2.6926790496174196,668,0.065234375
1011,3616,"[2, 0, 1]",200,32.562971115112305,False,2.6926790496174196,668,0.065234375
1011,3617,"[2, 0, 1]",200,32.56821632385254,True,2.6926790496174196,668,0.065234375
1011,3618,"[2, 0, 1]",200,32.576560974121094,False,2.6926790496174196,668,0.065234375
1011,3619,"[2, 0, 1]",200,32.581329345703125,True,2.6926790496174196,668,0.065234375
1011,3620,"[2, 0, 1]",200,32.58991241455078,False,2.6926790496174196,668,0.065234375
1011,3621,"[2, 0, 1]",200,32.59468078613281,True,2.6926790496174196,668,0.065234375
1011,3622,"[2, 0, 1]",200,32.60302543640137,False,2.6926790496174196,668,0.065234375
1011,3623,"[2, 0, 1]",200,32.6080322265625,True,2.6926790496174196,668,0.065234375
1011,3624,"[2, 0, 1]",200,32.61613845825195,False,2.6926790496174196,668,0.065234375
1011,3625,"[2, 0, 1]",200,32.62138366699219,True,2.6926790496174196,668,0.065234375
1011,3626,"[2, 0, 1]",200,32.62972831726074,False,2.6926790496174196,668,0.065234375
1011,3627,"[2, 0, 1]",200,32.64045715332031,True,2.6926790496174196,668,0.065234375
1011,3628,"[2, 0, 1]",200,32.64927864074707,False,2.6926790496174196,668,0.065234375
1011,3629,"[2, 0, 1]",200,32.6540470123291,True,2.6926790496174196,668,0.065234375
1011,3630,"[2, 0, 1]",200,32.66263008117676,False,2.6926790496174196,668,0.065234375
1011,3631,"[2, 0, 1]",200,32.66763687133789,True,2.6926790496174196,668,0.065234375
1011,3632,"[2, 0, 1]",200,32.67645835876465,False,2.6926790496174196,668,0.065234375
1011,3633,"[2, 0, 1]",200,32.68146514892578,True,2.6926790496174196,668,0.065234375
1011,3634,"[2, 0, 1]",200,32.69004821777344,False,2.6926790496174196,668,0.065234375
1011,3635,"[2, 0, 1]",200,32.69481658935547,True,2.6926790496174196,668,0.065234375
1011,3636,"[2, 0, 1]",200,32.703399658203125,False,2.6926790496174196,668,0.065234375
1011,3637,"[2, 0, 1]",200,32.70840644836426,True,2.6926790496174196,668,0.065234375
1011,3638,"[2, 0, 1]",200,32.71651268005371,False,2.6926790496174196,668,0.065234375
1011,3639,"[2, 0, 1]",200,32.721757888793945,True,2.6926790496174196,668,0.065234375
1011,3640,"[2, 0, 1]",200,32.7298641204834,False,2.6926790496174196,668,0.065234375
1011,3641,"[2, 0, 1]",200,32.73487091064453,True,2.6926790496174196,668,0.065234375
1011,3642,"[2, 0, 1]",200,32.743215560913086,False,2.6926790496174196,668,0.065234375
1011,3643,"[2, 0, 1]",200,32.74798393249512,True,2.6926790496174196,668,0.065234375
1011,3644,"[2, 0, 1]",200,32.75656700134277,False,2.6926790496174196,668,0.065234375
1011,3645,"[2, 0, 1]",200,32.761335372924805,True,2.6926790496174196,668,0.065234375
1011,3646,"[2, 0, 1]",200,32.773494720458984,False,2.6926790496174196,668,0.065234375
1011,3647,"[2, 0, 1]",200,32.78160095214844,True,2.6926790496174196,668,0.065234375
1011,3648,"[2, 0, 1]",200,32.7908992767334,False,2.6926790496174196,668,0.065234375
1011,3649,"[2, 0, 1]",200,32.79590606689453,True,2.6926790496174196,668,0.065234375
1011,3650,"[2, 0, 1]",200,32.80472755432129,False,2.6926790496174196,668,0.065234375
1011,3651,"[2, 0, 1]",200,32.80949592590332,True,2.6926790496174196,668,0.065234375
1011,3652,"[2, 0, 1]",200,32.81807899475098,False,2.6926790496174196,668,0.065234375
1011,3653,"[2, 0, 1]",200,32.82284736633301,True,2.6926790496174196,668,0.065234375
1011,3654,"[2, 0, 1]",200,32.83119201660156,False,2.6926790496174196,668,0.065234375
1011,3655,"[2, 0, 1]",200,32.836198806762695,True,2.6926790496174196,668,0.065234375
1011,3656,"[2, 0, 1]",200,32.84430503845215,False,2.6926790496174196,668,0.065234375
1011,3657,"[2, 0, 1]",200,32.84955024719238,True,2.6926790496174196,668,0.065234375
1011,3658,"[2, 0, 1]",200,32.857656478881836,False,2.6926790496174196,668,0.065234375
1011,3659,"[2, 0, 1]",200,32.86242485046387,True,2.6926790496174196,668,0.065234375
1011,3660,"[2, 0, 1]",200,32.87100791931152,False,2.6926790496174196,668,0.065234375
1011,3661,"[2, 0, 1]",200,32.876014709472656,True,2.6926790496174196,668,0.065234375
1011,3662,"[2, 0, 1]",200,32.88459777832031,False,2.6926790496174196,668,0.065234375
1011,3663,"[2, 0, 1]",200,32.889366149902344,True,2.6926790496174196,668,0.065234375
1011,3664,"[2, 0, 1]",200,32.89794921875,False,2.6926790496174196,668,0.065234375
1011,3665,"[2, 0, 1]",200,32.90271759033203,True,2.6926790496174196,668,0.065234375
1011,3666,"[2, 0, 1]",200,32.910823822021484,False,2.6926790496174196,668,0.065234375
1011,3667,"[2, 0, 1]",200,32.91583061218262,True,2.6926790496174196,668,0.065234375
1011,3668,"[2, 0, 1]",200,32.92393684387207,False,2.6926790496174196,668,0.065234375
1011,3669,"[2, 0, 1]",200,32.93180465698242,True,2.6926790496174196,668,0.065234375
1011,3670,"[2, 0, 1]",200,32.94062614440918,False,2.6926790496174196,668,0.065234375
1011,3671,"[2, 0, 1]",200,32.94563293457031,True,2.6926790496174196,668,0.065234375
1011,3672,"[2, 0, 1]",200,32.95397758483887,False,2.6926790496174196,668,0.065234375
1011,3673,"[2, 0, 1]",200,32.958984375,True,2.6926790496174196,668,0.065234375
1011,3674,"[2, 0, 1]",200,32.967567443847656,False,2.6926790496174196,668,0.065234375
1011,3675,"[2, 0, 1]",200,32.97233581542969,True,2.6926790496174196,668,0.065234375
1011,3676,"[2, 0, 1]",200,32.98044204711914,False,2.6926790496174196,668,0.065234375
1011,3677,"[2, 0, 1]",200,32.98544883728027,True,2.6926790496174196,668,0.065234375
1011,3678,"[2, 0, 1]",200,32.99379348754883,False,2.6926790496174196,668,0.065234375
1011,3679,"[2, 0, 1]",200,32.99880027770996,True,2.6926790496174196,668,0.065234375
1011,3680,"[2, 0, 1]",200,33.007144927978516,False,2.6926790496174196,668,0.065234375
1011,3681,"[2, 0, 1]",200,33.01191329956055,True,2.6926790496174196,668,0.065234375
1011,3682,"[2, 0, 1]",200,33.0204963684082,False,2.6926790496174196,668,0.065234375
1011,3683,"[2, 0, 1]",200,33.025264739990234,True,2.6926790496174196,668,0.065234375
1011,3684,"[2, 0, 1]",200,33.03360939025879,False,2.6926790496174196,668,0.065234375
1011,3685,"[2, 0, 1]",200,33.03861618041992,True,2.6926790496174196,668,0.065234375
1011,3686,"[2, 0, 1]",200,33.04743766784668,False,2.6926790496174196,668,0.065234375
1011,3687,"[2, 0, 1]",200,33.05220603942871,True,2.6926790496174196,668,0.065234375
1011,3688,"[2, 0, 1]",200,33.060550689697266,False,2.6926790496174196,668,0.065234375
1011,3689,"[2, 0, 1]",200,33.06937217712402,True,2.6926790496174196,668,0.065234375
1011,3690,"[2, 0, 1]",200,33.07771682739258,False,2.6926790496174196,668,0.065234375
1011,3691,"[2, 0, 1]",200,33.08296203613281,True,2.6926790496174196,668,0.065234375
1011,3692,"[2, 0, 1]",200,33.09130668640137,False,2.6926790496174196,668,0.065234375
1011,3693,"[2, 0, 1]",200,33.0963134765625,True,2.6926790496174196,668,0.065234375
1011,3694,"[2, 0, 1]",200,33.104658126831055,False,2.6926790496174196,668,0.065234375
1011,3695,"[2, 0, 1]",200,33.10966491699219,True,2.6926790496174196,668,0.065234375
1011,3696,"[2, 0, 1]",200,33.11800956726074,False,2.6926790496174196,668,0.065234375
1011,3697,"[2, 0, 1]",200,33.12277793884277,True,2.6926790496174196,668,0.065234375
1011,3698,"[2, 0, 1]",200,33.13136100769043,False,2.6926790496174196,668,0.065234375
1011,3699,"[2, 0, 1]",200,33.13636779785156,True,2.6926790496174196,668,0.065234375
1011,3700,"[2, 0, 1]",200,33.14495086669922,False,2.6926790496174196,668,0.065234375
1011,3701,"[2, 0, 1]",200,33.14995765686035,True,2.6926790496174196,668,0.065234375
1011,3702,"[2, 0, 1]",200,33.15854072570801,False,2.6926790496174196,668,0.065234375
1011,3703,"[2, 0, 1]",200,33.16354751586914,True,2.6926790496174196,668,0.065234375
1011,3704,"[2, 0, 1]",200,33.171653747558594,False,2.6926790496174196,668,0.065234375
1011,3705,"[2, 0, 1]",200,33.17999839782715,True,2.6926790496174196,668,0.065234375
1011,3706,"[2, 0, 1]",200,33.188581466674805,False,2.6926790496174196,668,0.065234375
1011,3707,"[2, 0, 1]",200,33.19406509399414,True,2.6926790496174196,668,0.065234375
1011,3708,"[2, 0, 1]",200,33.202409744262695,False,2.6926790496174196,668,0.065234375
1011,3709,"[2, 0, 1]",200,33.20789337158203,True,2.6926790496174196,668,0.065234375
1011,3710,"[2, 0, 1]",200,33.216238021850586,False,2.6926790496174196,668,0.065234375
1011,3711,"[2, 0, 1]",200,33.22458267211914,True,2.6926790496174196,668,0.065234375
1011,3712,"[2, 0, 1]",200,33.232927322387695,False,2.6926790496174196,668,0.065234375
1011,3713,"[2, 0, 1]",200,33.23793411254883,True,2.6926790496174196,668,0.065234375
1011,3714,"[2, 0, 1]",200,33.24627876281738,False,2.6926790496174196,668,0.065234375
1011,3715,"[2, 0, 1]",200,33.251047134399414,True,2.6926790496174196,668,0.065234375
1011,3716,"[2, 0, 1]",200,33.25986862182617,False,2.6926790496174196,668,0.065234375
1011,3717,"[2, 0, 1]",200,33.2646369934082,True,2.6926790496174196,668,0.065234375
1011,3718,"[2, 0, 1]",200,33.27345848083496,False,2.6926790496174196,668,0.065234375
1011,3719,"[2, 0, 1]",200,33.278465270996094,True,2.6926790496174196,668,0.065234375
1011,3720,"[2, 0, 1]",200,33.28704833984375,False,2.6926790496174196,668,0.065234375
1011,3721,"[2, 0, 1]",200,33.29181671142578,True,2.6926790496174196,668,0.065234375
1011,3722,"[2, 0, 1]",200,33.299922943115234,False,2.6926790496174196,668,0.065234375
1011,3723,"[2, 0, 1]",200,33.30516815185547,True,2.6926790496174196,668,0.065234375
1011,3724,"[2, 0, 1]",200,33.31327438354492,False,2.6926790496174196,668,0.065234375
1011,3725,"[2, 0, 1]",200,33.318281173706055,True,2.6926790496174196,668,0.065234375
1011,3726,"[2, 0, 1]",200,33.32638740539551,False,2.6926790496174196,668,0.065234375
1011,3727,"[2, 0, 1]",200,33.33163261413574,True,2.6926790496174196,668,0.065234375
1011,3728,"[2, 0, 1]",200,33.3399772644043,False,2.6926790496174196,668,0.065234375
1011,3729,"[2, 0, 1]",200,33.34474563598633,True,2.6926790496174196,668,0.065234375
1011,3730,"[2, 0, 1]",200,33.356428146362305,False,2.6926790496174196,668,0.065234375
1011,3731,"[2, 0, 1]",200,33.36453437805176,True,2.6926790496174196,668,0.065234375
1011,3732,"[2, 0, 1]",200,33.37359428405762,False,2.6926790496174196,668,0.065234375
1011,3733,"[2, 0, 1]",200,33.37836265563965,True,2.6926790496174196,668,0.065234375
1011,3734,"[2, 0, 1]",200,33.38742256164551,False,2.6926790496174196,668,0.065234375
1011,3735,"[2, 0, 1]",200,33.39219093322754,True,2.6926790496174196,668,0.065234375
1011,3736,"[2, 0, 1]",200,33.400774002075195,False,2.6926790496174196,668,0.065234375
1011,3737,"[2, 0, 1]",200,33.40578079223633,True,2.6926790496174196,668,0.065234375
1011,3738,"[2, 0, 1]",200,33.41412544250488,False,2.6926790496174196,668,0.065234375
1011,3739,"[2, 0, 1]",200,33.419132232666016,True,2.6926790496174196,668,0.065234375
1011,3740,"[2, 0, 1]",200,33.42747688293457,False,2.6926790496174196,668,0.065234375
1011,3741,"[2, 0, 1]",200,33.432722091674805,True,2.6926790496174196,668,0.065234375
1011,3742,"[2, 0, 1]",200,33.44106674194336,False,2.6926790496174196,668,0.065234375
1011,3743,"[2, 0, 1]",200,33.44583511352539,True,2.6926790496174196,668,0.065234375
1011,3744,"[2, 0, 1]",200,33.45441818237305,False,2.6926790496174196,668,0.065234375
1011,3745,"[2, 0, 1]",200,33.45918655395508,True,2.6926790496174196,668,0.065234375
1011,3746,"[2, 0, 1]",200,33.468008041381836,False,2.6926790496174196,668,0.065234375
1011,3747,"[2, 0, 1]",200,33.47277641296387,True,2.6926790496174196,668,0.065234375
1011,3748,"[2, 0, 1]",200,33.48112106323242,False,2.6926790496174196,668,0.065234375
1011,3749,"[2, 0, 1]",200,33.48588943481445,True,2.6926790496174196,668,0.065234375
1011,3750,"[2, 0, 1]",200,33.49423408508301,False,2.6926790496174196,668,0.065234375
1011,3751,"[2, 0, 1]",200,33.49924087524414,True,2.6926790496174196,668,0.065234375
1011,3752,"[2, 0, 1]",200,33.507585525512695,False,2.6926790496174196,668,0.065234375
1011,3753,"[2, 0, 1]",200,33.515214920043945,True,2.6926790496174196,668,0.065234375
1011,3754,"[2, 0, 1]",200,33.524274826049805,False,2.6926790496174196,668,0.065234375
1011,3755,"[2, 0, 1]",200,33.52952003479004,True,2.6926790496174196,668,0.065234375
1011,3756,"[2, 0, 1]",200,33.537864685058594,False,2.6926790496174196,668,0.065234375
1011,3757,"[2, 0, 1]",200,33.542633056640625,True,2.6926790496174196,668,0.065234375
1011,3758,"[2, 0, 1]",200,33.551692962646484,False,2.6926790496174196,668,0.065234375
1011,3759,"[2, 0, 1]",200,33.55669975280762,True,2.6926790496174196,668,0.065234375
1011,3760,"[2, 0, 1]",200,33.56528282165527,False,2.6926790496174196,668,0.065234375
1011,3761,"[2, 0, 1]",200,33.570289611816406,True,2.6926790496174196,668,0.065234375
1011,3762,"[2, 0, 1]",200,33.57887268066406,False,2.6926790496174196,668,0.065234375
1011,3763,"[2, 0, 1]",200,33.583641052246094,True,2.6926790496174196,668,0.065234375
1011,3764,"[2, 0, 1]",200,33.59246253967285,False,2.6926790496174196,668,0.065234375
1011,3765,"[2, 0, 1]",200,33.59794616699219,True,2.6926790496174196,668,0.065234375
1011,3766,"[2, 0, 1]",200,33.606767654418945,False,2.6926790496174196,668,0.065234375
1011,3767,"[2, 0, 1]",200,33.61201286315918,True,2.6926790496174196,668,0.065234375
1011,3768,"[2, 0, 1]",200,33.62131118774414,False,2.6926790496174196,668,0.065234375
1011,3769,"[2, 0, 1]",200,33.62679481506348,True,2.6926790496174196,668,0.065234375
1011,3770,"[2, 0, 1]",200,33.63537788391113,False,2.6926790496174196,668,0.065234375
1011,3771,"[2, 0, 1]",200,33.64109992980957,True,2.6926790496174196,668,0.065234375
1011,3772,"[2, 0, 1]",200,33.649444580078125,False,2.6926790496174196,668,0.065234375
1011,3773,"[2, 0, 1]",200,33.65802764892578,True,2.6926790496174196,668,0.065234375
1011,3774,"[2, 0, 1]",200,33.66661071777344,False,2.6926790496174196,668,0.065234375
1011,3775,"[2, 0, 1]",200,33.67209434509277,True,2.6926790496174196,668,0.065234375
1011,3776,"[2, 0, 1]",200,33.68043899536133,False,2.6926790496174196,668,0.065234375
1011,3777,"[2, 0, 1]",200,33.68544578552246,True,2.6926790496174196,668,0.065234375
1011,3778,"[2, 0, 1]",200,33.69402885437012,False,2.6926790496174196,668,0.065234375
1011,3779,"[2, 0, 1]",200,33.69903564453125,True,2.6926790496174196,668,0.065234375
1011,3780,"[2, 0, 1]",200,33.707618713378906,False,2.6926790496174196,668,0.065234375
1011,3781,"[2, 0, 1]",200,33.71262550354004,True,2.6926790496174196,668,0.065234375
1011,3782,"[2, 0, 1]",200,33.721208572387695,False,2.6926790496174196,668,0.065234375
1011,3783,"[2, 0, 1]",200,33.72621536254883,True,2.6926790496174196,668,0.065234375
1011,3784,"[2, 0, 1]",200,33.735036849975586,False,2.6926790496174196,668,0.065234375
1011,3785,"[2, 0, 1]",200,33.73980522155762,True,2.6926790496174196,668,0.065234375
1011,3786,"[2, 0, 1]",200,33.74838829040527,False,2.6926790496174196,668,0.065234375
1011,3787,"[2, 0, 1]",200,33.753156661987305,True,2.6926790496174196,668,0.065234375
1011,3788,"[2, 0, 1]",200,33.76173973083496,False,2.6926790496174196,668,0.065234375
1011,3789,"[2, 0, 1]",200,33.766984939575195,True,2.6926790496174196,668,0.065234375
1011,3790,"[2, 0, 1]",200,33.77532958984375,False,2.6926790496174196,668,0.065234375
1011,3791,"[2, 0, 1]",200,33.780574798583984,True,2.6926790496174196,668,0.065234375
1011,3792,"[2, 0, 1]",200,33.78891944885254,False,2.6926790496174196,668,0.065234375
1011,3793,"[2, 0, 1]",200,33.79392623901367,True,2.6926790496174196,668,0.065234375
1011,3794,"[2, 0, 1]",200,33.80227088928223,False,2.6926790496174196,668,0.065234375
1011,3795,"[2, 0, 1]",200,33.81085395812988,True,2.6926790496174196,668,0.065234375
1011,3796,"[2, 0, 1]",200,33.81919860839844,False,2.6926790496174196,668,0.065234375
1011,3797,"[2, 0, 1]",200,33.82420539855957,True,2.6926790496174196,668,0.065234375
1011,3798,"[2, 0, 1]",200,33.83278846740723,False,2.6926790496174196,668,0.065234375
1011,3799,"[2, 0, 1]",200,33.83755683898926,True,2.6926790496174196,668,0.065234375
1011,3800,"[2, 0, 1]",200,33.846139907836914,False,2.6926790496174196,668,0.065234375
1011,3801,"[2, 0, 1]",200,33.85114669799805,True,2.6926790496174196,668,0.065234375
1011,3802,"[2, 0, 1]",200,33.8597297668457,False,2.6926790496174196,668,0.065234375
1011,3803,"[2, 0, 1]",200,33.864736557006836,True,2.6926790496174196,668,0.065234375
1011,3804,"[2, 0, 1]",200,33.873558044433594,False,2.6926790496174196,668,0.065234375
1011,3805,"[2, 0, 1]",200,33.90312194824219,True,2.6926790496174196,668,0.065234375
1011,3806,"[2, 0, 1]",200,33.924102783203125,False,2.6926790496174196,668,0.065234375
1011,3807,"[2, 0, 1]",200,33.931732177734375,True,2.6926790496174196,668,0.065234375
1011,3808,"[2, 0, 1]",200,33.944129943847656,False,2.6926790496174196,668,0.065234375
1011,3809,"[2, 0, 1]",200,33.9503288269043,True,2.6926790496174196,668,0.065234375
1011,3810,"[2, 0, 1]",200,33.95962715148926,False,2.6926790496174196,668,0.065234375
1011,3811,"[2, 0, 1]",200,33.96487236022949,True,2.6926790496174196,668,0.065234375
1011,3812,"[2, 0, 1]",200,33.974409103393555,False,2.6926790496174196,668,0.065234375
1011,3813,"[2, 0, 1]",200,33.97941589355469,True,2.6926790496174196,668,0.065234375
1011,3814,"[2, 0, 1]",200,33.99538993835449,False,2.6926790496174196,668,0.065234375
1011,3815,"[2, 0, 1]",200,34.005165100097656,True,2.6926790496174196,668,0.065234375
1011,3816,"[2, 0, 1]",200,34.01517868041992,False,2.6926790496174196,668,0.065234375
1011,3817,"[2, 0, 1]",200,34.02066230773926,True,2.6926790496174196,668,0.065234375
1011,3818,"[2, 0, 1]",200,34.03019905090332,False,2.6926790496174196,668,0.065234375
1011,3819,"[2, 0, 1]",200,34.03520584106445,True,2.6926790496174196,668,0.065234375
1011,3820,"[2, 0, 1]",200,34.04402732849121,False,2.6926790496174196,668,0.065234375
1011,3821,"[2, 0, 1]",200,34.049272537231445,True,2.6926790496174196,668,0.065234375
1011,3822,"[2, 0, 1]",200,34.0578556060791,False,2.6926790496174196,668,0.065234375
1011,3823,"[2, 0, 1]",200,34.062862396240234,True,2.6926790496174196,668,0.065234375
1011,3824,"[2, 0, 1]",200,34.07573699951172,False,2.6926790496174196,668,0.065234375
1011,3825,"[2, 0, 1]",200,34.08074378967285,True,2.6926790496174196,668,0.065234375
1011,3826,"[2, 0, 1]",200,34.08932685852051,False,2.6926790496174196,668,0.065234375
1011,3827,"[2, 0, 1]",200,34.09409523010254,True,2.6926790496174196,668,0.065234375
1011,3828,"[2, 0, 1]",200,34.1031551361084,False,2.6926790496174196,668,0.065234375
1011,3829,"[2, 0, 1]",200,34.10816192626953,True,2.6926790496174196,668,0.065234375
1011,3830,"[2, 0, 1]",200,34.12127494812012,False,2.6926790496174196,668,0.065234375
1011,3831,"[2, 0, 1]",200,34.13033485412598,True,2.6926790496174196,668,0.065234375
1011,3832,"[2, 0, 1]",200,34.14416313171387,False,2.6926790496174196,668,0.065234375
1011,3833,"[2, 0, 1]",200,34.15179252624512,True,2.6926790496174196,668,0.065234375
1011,3834,"[2, 0, 1]",200,34.165143966674805,False,2.6926790496174196,668,0.065234375
1011,3835,"[2, 0, 1]",200,34.174442291259766,True,2.6926790496174196,668,0.065234375
1011,3836,"[2, 0, 1]",200,34.19160842895508,False,2.6926790496174196,668,0.065234375
1011,3837,"[2, 0, 1]",200,34.20686721801758,True,2.6926790496174196,668,0.065234375
1011,3838,"[2, 0, 1]",200,34.223318099975586,False,2.6926790496174196,668,0.065234375
1011,3839,"[2, 0, 1]",200,34.22951698303223,True,2.6926790496174196,668,0.065234375
1011,3840,"[2, 0, 1]",200,34.238576889038086,False,2.6926790496174196,668,0.065234375
1011,3841,"[2, 0, 1]",200,34.24382209777832,True,2.6926790496174196,668,0.065234375
1011,3842,"[2, 0, 1]",200,34.25288200378418,False,2.6926790496174196,668,0.065234375
1011,3843,"[2, 0, 1]",200,34.25788879394531,True,2.6926790496174196,668,0.065234375
1011,3844,"[2, 0, 1]",200,34.26671028137207,False,2.6926790496174196,668,0.065234375
1011,3845,"[2, 0, 1]",200,34.2717170715332,True,2.6926790496174196,668,0.065234375
1011,3846,"[2, 0, 1]",200,34.28077697753906,False,2.6926790496174196,668,0.065234375
1011,3847,"[2, 0, 1]",200,34.285783767700195,True,2.6926790496174196,668,0.065234375
1011,3848,"[2, 0, 1]",200,34.295082092285156,False,2.6926790496174196,668,0.065234375
1011,3849,"[2, 0, 1]",200,34.29985046386719,True,2.6926790496174196,668,0.065234375
1011,3850,"[2, 0, 1]",200,34.308671951293945,False,2.6926790496174196,668,0.065234375
1011,3851,"[2, 0, 1]",200,34.36017036437988,True,2.6926790496174196,668,0.065234375
1011,3852,"[2, 0, 1]",200,34.38234329223633,False,2.6926790496174196,668,0.065234375
1011,3853,"[2, 0, 1]",200,34.392595291137695,True,2.6926790496174196,668,0.065234375
1011,3854,"[2, 0, 1]",200,34.42239761352539,False,2.6926790496174196,668,0.065234375
1011,3855,"[2, 0, 1]",200,34.435272216796875,True,2.6926790496174196,668,0.065234375
1011,3856,"[2, 0, 1]",200,34.44957733154297,False,2.6926790496174196,668,0.065234375
1011,3857,"[2, 0, 1]",200,34.46602821350098,True,2.6926790496174196,668,0.065234375
1011,3858,"[2, 0, 1]",200,34.47771072387695,False,2.6926790496174196,668,0.065234375
1011,3859,"[2, 0, 1]",200,34.48343276977539,True,2.6926790496174196,668,0.065234375
1011,3860,"[2, 0, 1]",200,34.49296951293945,False,2.6926790496174196,668,0.065234375
1011,3861,"[2, 0, 1]",200,34.49892997741699,True,2.6926790496174196,668,0.065234375
1011,3862,"[2, 0, 1]",200,34.50798988342285,False,2.6926790496174196,668,0.065234375
1011,3863,"[2, 0, 1]",200,34.51347351074219,True,2.6926790496174196,668,0.065234375
1011,3864,"[2, 0, 1]",200,34.52253341674805,False,2.6926790496174196,668,0.065234375
1011,3865,"[2, 0, 1]",200,34.52754020690918,True,2.6926790496174196,668,0.065234375
1011,3866,"[2, 0, 1]",200,34.53636169433594,False,2.6926790496174196,668,0.065234375
1011,3867,"[2, 0, 1]",200,34.54136848449707,True,2.6926790496174196,668,0.065234375
1011,3868,"[2, 0, 1]",200,34.55042839050293,False,2.6926790496174196,668,0.065234375
1011,3869,"[2, 0, 1]",200,34.55543518066406,True,2.6926790496174196,668,0.065234375
1011,3870,"[2, 0, 1]",200,34.56425666809082,False,2.6926790496174196,668,0.065234375
1011,3871,"[2, 0, 1]",200,34.569501876831055,True,2.6926790496174196,668,0.065234375
1011,3872,"[2, 0, 1]",200,34.57832336425781,False,2.6926790496174196,668,0.065234375
1011,3873,"[2, 0, 1]",200,34.58738327026367,True,2.6926790496174196,668,0.065234375
1011,3874,"[2, 0, 1]",200,34.59620475769043,False,2.6926790496174196,668,0.065234375
1011,3875,"[2, 0, 1]",200,34.601688385009766,True,2.6926790496174196,668,0.065234375
1011,3876,"[2, 0, 1]",200,34.610748291015625,False,2.6926790496174196,668,0.065234375
1011,3877,"[2, 0, 1]",200,34.61647033691406,True,2.6926790496174196,668,0.065234375
1011,3878,"[2, 0, 1]",200,34.62576866149902,False,2.6926790496174196,668,0.065234375
1011,3879,"[2, 0, 1]",200,34.635305404663086,True,2.6926790496174196,668,0.065234375
1011,3880,"[2, 0, 1]",200,34.644365310668945,False,2.6926790496174196,668,0.065234375
1011,3881,"[2, 0, 1]",200,34.64961051940918,True,2.6926790496174196,668,0.065234375
1011,3882,"[2, 0, 1]",200,34.658193588256836,False,2.6926790496174196,668,0.065234375
1011,3883,"[2, 0, 1]",200,34.66320037841797,True,2.6926790496174196,668,0.065234375
1011,3884,"[2, 0, 1]",200,34.67202186584473,False,2.6926790496174196,668,0.065234375
1011,3885,"[2, 0, 1]",200,34.67702865600586,True,2.6926790496174196,668,0.065234375
1011,3886,"[2, 0, 1]",200,34.685611724853516,False,2.6926790496174196,668,0.065234375
1011,3887,"[2, 0, 1]",200,34.69085693359375,True,2.6926790496174196,668,0.065234375
1011,3888,"[2, 0, 1]",200,34.69967842102051,False,2.6926790496174196,668,0.065234375
1011,3889,"[2, 0, 1]",200,34.70444679260254,True,2.6926790496174196,668,0.065234375
1011,3890,"[2, 0, 1]",200,34.7135066986084,False,2.6926790496174196,668,0.065234375
1011,3891,"[2, 0, 1]",200,34.71875190734863,True,2.6926790496174196,668,0.065234375
1011,3892,"[2, 0, 1]",200,34.728288650512695,False,2.6926790496174196,668,0.065234375
1011,3893,"[2, 0, 1]",200,34.73305702209473,True,2.6926790496174196,668,0.065234375
1011,3894,"[2, 0, 1]",200,34.742116928100586,False,2.6926790496174196,668,0.065234375
1011,3895,"[2, 0, 1]",200,34.74712371826172,True,2.6926790496174196,668,0.065234375
1011,3896,"[2, 0, 1]",200,34.75618362426758,False,2.6926790496174196,668,0.065234375
1011,3897,"[2, 0, 1]",200,34.76119041442871,True,2.6926790496174196,668,0.065234375
1011,3898,"[2, 0, 1]",200,34.77358818054199,False,2.6926790496174196,668,0.065234375
1011,3899,"[2, 0, 1]",200,34.78240966796875,True,2.6926790496174196,668,0.065234375
1011,3900,"[2, 0, 1]",200,34.79337692260742,False,2.6926790496174196,668,0.065234375
1011,3901,"[2, 0, 1]",200,34.798622131347656,True,2.6926790496174196,668,0.065234375
1011,3902,"[2, 0, 1]",200,34.80839729309082,False,2.6926790496174196,668,0.065234375
1011,3903,"[2, 0, 1]",200,34.81340408325195,True,2.6926790496174196,668,0.065234375
1011,3904,"[2, 0, 1]",200,34.822940826416016,False,2.6926790496174196,668,0.065234375
1011,3905,"[2, 0, 1]",200,34.82818603515625,True,2.6926790496174196,668,0.065234375
1011,3906,"[2, 0, 1]",200,34.83748435974121,False,2.6926790496174196,668,0.065234375
1011,3907,"[2, 0, 1]",200,34.842729568481445,True,2.6926790496174196,668,0.065234375
1011,3908,"[2, 0, 1]",200,34.8515510559082,False,2.6926790496174196,668,0.065234375
1011,3909,"[2, 0, 1]",200,34.85679626464844,True,2.6926790496174196,668,0.065234375
1011,3910,"[2, 0, 1]",200,34.86514091491699,False,2.6926790496174196,668,0.065234375
1011,3911,"[2, 0, 1]",200,34.87038612365723,True,2.6926790496174196,668,0.065234375
1011,3912,"[2, 0, 1]",200,34.87873077392578,False,2.6926790496174196,668,0.065234375
1011,3913,"[2, 0, 1]",200,34.88421440124512,True,2.6926790496174196,668,0.065234375
1011,3914,"[2, 0, 1]",200,34.89279747009277,False,2.6926790496174196,668,0.065234375
1011,3915,"[2, 0, 1]",200,34.89828109741211,True,2.6926790496174196,668,0.065234375
1011,3916,"[2, 0, 1]",200,34.906625747680664,False,2.6926790496174196,668,0.065234375
1011,3917,"[2, 0, 1]",200,34.9118709564209,True,2.6926790496174196,668,0.065234375
1011,3918,"[2, 0, 1]",200,34.920454025268555,False,2.6926790496174196,668,0.065234375
1011,3919,"[2, 0, 1]",200,34.92593765258789,True,2.6926790496174196,668,0.065234375
1011,3920,"[2, 0, 1]",200,34.934282302856445,False,2.6926790496174196,668,0.065234375
1011,3921,"[2, 0, 1]",200,34.942626953125,True,2.6926790496174196,668,0.065234375
1011,3922,"[2, 0, 1]",200,34.95144844055176,False,2.6926790496174196,668,0.065234375
1011,3923,"[2, 0, 1]",200,34.95669364929199,True,2.6926790496174196,668,0.065234375
1011,3924,"[2, 0, 1]",200,34.96551513671875,False,2.6926790496174196,668,0.065234375
1011,3925,"[2, 0, 1]",200,34.970760345458984,True,2.6926790496174196,668,0.065234375
1011,3926,"[2, 0, 1]",200,34.97934341430664,False,2.6926790496174196,668,0.065234375
1011,3927,"[2, 0, 1]",200,34.98482704162598,True,2.6926790496174196,668,0.065234375
1011,3928,"[2, 0, 1]",200,34.99341011047363,False,2.6926790496174196,668,0.065234375
1011,3929,"[2, 0, 1]",200,34.99865531921387,True,2.6926790496174196,668,0.065234375
1011,3930,"[2, 0, 1]",200,35.00938415527344,False,2.6926790496174196,668,0.065234375
1011,3931,"[2, 0, 1]",200,35.017967224121094,True,2.6926790496174196,668,0.065234375
1011,3932,"[2, 0, 1]",200,35.03131866455078,False,2.6926790496174196,668,0.065234375
1011,3933,"[2, 0, 1]",200,35.03870964050293,True,2.6926790496174196,668,0.065234375
1011,3934,"[2, 0, 1]",200,35.05301475524902,False,2.6926790496174196,668,0.065234375
1011,3935,"[2, 0, 1]",200,35.062313079833984,True,2.6926790496174196,668,0.065234375
1011,3936,"[2, 0, 1]",200,35.07876396179199,False,2.6926790496174196,668,0.065234375
1011,3937,"[2, 0, 1]",200,35.08734703063965,True,2.6926790496174196,668,0.065234375
1011,3938,"[2, 0, 1]",200,35.10117530822754,False,2.6926790496174196,668,0.065234375
1011,3939,"[2, 0, 1]",200,35.10904312133789,True,2.6926790496174196,668,0.065234375
1011,3940,"[2, 0, 1]",200,35.12406349182129,False,2.6926790496174196,668,0.065234375
1011,3941,"[2, 0, 1]",200,35.1405143737793,True,2.6926790496174196,668,0.065234375
1011,3942,"[2, 0, 1]",200,35.160064697265625,False,2.6926790496174196,668,0.065234375
1011,3943,"[2, 0, 1]",200,35.17031669616699,True,2.6926790496174196,668,0.065234375
1011,3944,"[2, 0, 1]",200,35.1865291595459,False,2.6926790496174196,668,0.065234375
1011,3945,"[2, 0, 1]",200,35.19463539123535,True,2.6926790496174196,668,0.065234375
1011,3946,"[2, 0, 1]",200,35.21013259887695,False,2.6926790496174196,668,0.065234375
1011,3947,"[2, 0, 1]",200,35.218000411987305,True,2.6926790496174196,668,0.065234375
1011,3948,"[2, 0, 1]",200,35.233259201049805,False,2.6926790496174196,668,0.065234375
1011,3949,"[2, 0, 1]",200,35.242319107055664,True,2.6926790496174196,668,0.065234375
1011,3950,"[2, 0, 1]",200,35.25876998901367,False,2.6926790496174196,668,0.065234375
1011,3951,"[2, 0, 1]",200,35.26711463928223,True,2.6926790496174196,668,0.065234375
1011,3952,"[2, 0, 1]",200,35.283803939819336,False,2.6926790496174196,668,0.065234375
1011,3953,"[2, 0, 1]",200,35.2933406829834,True,2.6926790496174196,668,0.065234375
1011,3954,"[2, 0, 1]",200,35.309553146362305,False,2.6926790496174196,668,0.065234375
1011,3955,"[2, 0, 1]",200,35.31789779663086,True,2.6926790496174196,668,0.065234375
1011,3956,"[2, 0, 1]",200,35.33291816711426,False,2.6926790496174196,668,0.065234375
1011,3957,"[2, 0, 1]",200,35.34197807312012,True,2.6926790496174196,668,0.065234375
1011,3958,"[2, 0, 1]",200,35.36248207092285,False,2.6926790496174196,668,0.065234375
1011,3959,"[2, 0, 1]",200,35.372257232666016,True,2.6926790496174196,668,0.065234375
1011,3960,"[2, 0, 1]",200,35.38823127746582,False,2.6926790496174196,668,0.065234375
1011,3961,"[2, 0, 1]",200,35.39419174194336,True,2.6926790496174196,668,0.065234375
1011,3962,"[2, 0, 1]",200,35.40301322937012,False,2.6926790496174196,668,0.065234375
1011,3963,"[2, 0, 1]",200,35.460472106933594,True,2.6926790496174196,668,0.065234375
1011,3964,"[2, 0, 1]",200,35.47024726867676,False,2.6926790496174196,668,0.065234375
1011,3965,"[2, 0, 1]",200,35.47549247741699,True,2.6926790496174196,668,0.065234375
1011,3966,"[2, 0, 1]",200,35.48431396484375,False,2.6926790496174196,668,0.065234375
1011,3967,"[2, 0, 1]",200,35.48932075500488,True,2.6926790496174196,668,0.065234375
1011,3968,"[2, 0, 1]",200,35.49838066101074,False,2.6926790496174196,668,0.065234375
1011,3969,"[2, 0, 1]",200,35.503387451171875,True,2.6926790496174196,668,0.065234375
1011,3970,"[2, 0, 1]",200,35.56084632873535,False,2.6926790496174196,668,0.065234375
1011,3971,"[2, 0, 1]",200,35.566091537475586,True,2.6926790496174196,668,0.065234375
1011,3972,"[2, 0, 1]",200,35.575151443481445,False,2.6926790496174196,668,0.065234375
1011,3973,"[2, 0, 1]",200,35.58039665222168,True,2.6926790496174196,668,0.065234375
1011,3974,"[2, 0, 1]",200,35.58921813964844,False,2.6926790496174196,668,0.065234375
1011,3975,"[2, 0, 1]",200,35.59398651123047,True,2.6926790496174196,668,0.065234375
1011,3976,"[2, 0, 1]",200,35.60280799865723,False,2.6926790496174196,668,0.065234375
1011,3977,"[2, 0, 1]",200,35.60805320739746,True,2.6926790496174196,668,0.065234375
1011,3978,"[2, 0, 1]",200,35.61711311340332,False,2.6926790496174196,668,0.065234375
1011,3979,"[2, 0, 1]",200,35.62211990356445,True,2.6926790496174196,668,0.065234375
1011,3980,"[2, 0, 1]",200,35.63117980957031,False,2.6926790496174196,668,0.065234375
1011,3981,"[2, 0, 1]",200,35.63642501831055,True,2.6926790496174196,668,0.065234375
1011,3982,"[2, 0, 1]",200,35.65239906311035,False,2.6926790496174196,668,0.065234375
1011,3983,"[2, 0, 1]",200,35.66288948059082,True,2.6926790496174196,668,0.065234375
1011,3984,"[2, 0, 1]",200,35.67218780517578,False,2.6926790496174196,668,0.065234375
1011,3985,"[2, 0, 1]",200,35.677433013916016,True,2.6926790496174196,668,0.065234375
1011,3986,"[2, 0, 1]",200,35.68720817565918,False,2.6926790496174196,668,0.065234375
1011,3987,"[2, 0, 1]",200,35.692453384399414,True,2.6926790496174196,668,0.065234375
1011,3988,"[2, 0, 1]",200,35.70103645324707,False,2.6926790496174196,668,0.065234375
1011,3989,"[2, 0, 1]",200,35.706281661987305,True,2.6926790496174196,668,0.065234375
1011,3990,"[2, 0, 1]",200,35.71510314941406,False,2.6926790496174196,668,0.065234375
1011,3991,"[2, 0, 1]",200,35.7208251953125,True,2.6926790496174196,668,0.065234375
1011,3992,"[2, 0, 1]",200,35.729408264160156,False,2.6926790496174196,668,0.065234375
1011,3993,"[2, 0, 1]",200,35.73465347290039,True,2.6926790496174196,668,0.065234375
1011,3994,"[2, 0, 1]",200,35.74323654174805,False,2.6926790496174196,668,0.065234375
1011,3995,"[2, 0, 1]",200,35.74848175048828,True,2.6926790496174196,668,0.065234375
1011,3996,"[2, 0, 1]",200,35.75754165649414,False,2.6926790496174196,668,0.065234375
1011,3997,"[2, 0, 1]",200,35.76326370239258,True,2.6926790496174196,668,0.065234375
1011,3998,"[2, 0, 1]",200,35.77232360839844,False,2.6926790496174196,668,0.065234375
1011,3999,"[2, 0, 1]",200,35.77733039855957,True,2.6926790496174196,668,0.065234375
1011,4000,"[2, 0, 1]",200,35.78805923461914,False,2.6926790496174196,668,0.065234375
1011,4001,"[2, 0, 1]",200,35.793304443359375,True,2.6926790496174196,668,0.065234375
1011,4002,"[2, 0, 1]",200,35.80164909362793,False,2.6926790496174196,668,0.065234375
1011,4003,"[2, 0, 1]",200,35.80641746520996,True,2.6926790496174196,668,0.065234375
1011,4004,"[2, 0, 1]",200,35.81547737121582,False,2.6926790496174196,668,0.065234375
1011,4005,"[2, 0, 1]",200,35.82572937011719,True,2.6926790496174196,668,0.065234375
1011,4006,"[2, 0, 1]",200,35.834312438964844,False,2.6926790496174196,668,0.065234375
1011,4007,"[2, 0, 1]",200,35.83955764770508,True,2.6926790496174196,668,0.065234375
1011,4008,"[2, 0, 1]",200,35.84933280944824,False,2.6926790496174196,668,0.065234375
1011,4009,"[2, 0, 1]",200,35.854339599609375,True,2.6926790496174196,668,0.065234375
1011,4010,"[2, 0, 1]",200,35.863637924194336,False,2.6926790496174196,668,0.065234375
1011,4011,"[2, 0, 1]",200,35.86840629577637,True,2.6926790496174196,668,0.065234375
1011,4012,"[2, 0, 1]",200,35.87818145751953,False,2.6926790496174196,668,0.065234375
1011,4013,"[2, 0, 1]",200,35.88294982910156,True,2.6926790496174196,668,0.065234375
1011,4014,"[2, 0, 1]",200,35.89153289794922,False,2.6926790496174196,668,0.065234375
1011,4015,"[2, 0, 1]",200,35.93611717224121,True,2.6926790496174196,668,0.065234375
1011,4016,"[2, 0, 1]",200,35.95900535583496,False,2.6926790496174196,668,0.065234375
1011,4017,"[2, 0, 1]",200,35.96687316894531,True,2.6926790496174196,668,0.065234375
1011,4018,"[2, 0, 1]",200,35.9799861907959,False,2.6926790496174196,668,0.065234375
1011,4019,"[2, 0, 1]",200,35.98642349243164,True,2.6926790496174196,668,0.065234375
1011,4020,"[2, 0, 1]",200,35.996437072753906,False,2.6926790496174196,668,0.065234375
1011,4021,"[2, 0, 1]",200,36.002159118652344,True,2.6926790496174196,668,0.065234375
1011,4022,"[2, 0, 1]",200,36.012887954711914,False,2.6926790496174196,668,0.065234375
1011,4023,"[2, 0, 1]",200,36.01861000061035,True,2.6926790496174196,668,0.065234375
1011,4024,"[2, 0, 1]",200,36.02766990661621,False,2.6926790496174196,668,0.065234375
1011,4025,"[2, 0, 1]",200,36.041975021362305,True,2.6926790496174196,668,0.065234375
1011,4026,"[2, 0, 1]",200,36.05175018310547,False,2.6926790496174196,668,0.065234375
1011,4027,"[2, 0, 1]",200,36.0569953918457,True,2.6926790496174196,668,0.065234375
1011,4028,"[2, 0, 1]",200,36.066532135009766,False,2.6926790496174196,668,0.065234375
1011,4029,"[2, 0, 1]",200,36.0715389251709,True,2.6926790496174196,668,0.065234375
1011,4030,"[2, 0, 1]",200,36.080360412597656,False,2.6926790496174196,668,0.065234375
1011,4031,"[2, 0, 1]",200,36.086082458496094,True,2.6926790496174196,668,0.065234375
1011,4032,"[2, 0, 1]",200,36.09514236450195,False,2.6926790496174196,668,0.065234375
1011,4033,"[2, 0, 1]",200,36.099910736083984,True,2.6926790496174196,668,0.065234375
1011,4034,"[2, 0, 1]",200,36.10825538635254,False,2.6926790496174196,668,0.065234375
1011,4035,"[2, 0, 1]",200,36.113739013671875,True,2.6926790496174196,668,0.065234375
1011,4036,"[2, 0, 1]",200,36.123037338256836,False,2.6926790496174196,668,0.065234375
1011,4037,"[2, 0, 1]",200,36.12828254699707,True,2.6926790496174196,668,0.065234375
1011,4038,"[2, 0, 1]",200,36.13781929016113,False,2.6926790496174196,668,0.065234375
1011,4039,"[2, 0, 1]",200,36.142826080322266,True,2.6926790496174196,668,0.065234375
1011,4040,"[2, 0, 1]",200,36.15236282348633,False,2.6926790496174196,668,0.065234375
1011,4041,"[2, 0, 1]",200,36.1628532409668,True,2.6926790496174196,668,0.065234375
1011,4042,"[2, 0, 1]",200,36.17238998413086,False,2.6926790496174196,668,0.065234375
1011,4043,"[2, 0, 1]",200,36.177635192871094,True,2.6926790496174196,668,0.065234375
1011,4044,"[2, 0, 1]",200,36.18669509887695,False,2.6926790496174196,668,0.065234375
1011,4045,"[2, 0, 1]",200,36.19217872619629,True,2.6926790496174196,668,0.065234375
1011,4046,"[2, 0, 1]",200,36.20100021362305,False,2.6926790496174196,668,0.065234375
1011,4047,"[2, 0, 1]",200,36.29875183105469,True,2.6926790496174196,668,0.065234375
1011,4048,"[2, 0, 1]",200,36.32187843322754,False,2.6926790496174196,668,0.065234375
1011,4049,"[2, 0, 1]",200,36.32974624633789,True,2.6926790496174196,668,0.065234375
1011,4050,"[2, 0, 1]",200,36.342620849609375,False,2.6926790496174196,668,0.065234375
1011,4051,"[2, 0, 1]",200,36.34905815124512,True,2.6926790496174196,668,0.065234375
1011,4052,"[2, 0, 1]",200,36.35978698730469,False,2.6926790496174196,668,0.065234375
1011,4053,"[2, 0, 1]",200,36.36598587036133,True,2.6926790496174196,668,0.065234375
1011,4054,"[2, 0, 1]",200,36.374807357788086,False,2.6926790496174196,668,0.065234375
1011,4055,"[2, 0, 1]",200,36.38029098510742,True,2.6926790496174196,668,0.065234375
1011,4056,"[2, 0, 1]",200,36.38911247253418,False,2.6926790496174196,668,0.065234375
1011,4057,"[2, 0, 1]",200,36.39411926269531,True,2.6926790496174196,668,0.065234375
1011,4058,"[2, 0, 1]",200,36.40341758728027,False,2.6926790496174196,668,0.065234375
1011,4059,"[2, 0, 1]",200,36.409616470336914,True,2.6926790496174196,668,0.065234375
1101,4060,"[1, 0, 2]",15,36.42582893371582,False,1.3831906496271777,666,0.0650390625
1101,4061,"[1, 0, 2]",15,36.432504653930664,True,1.3831906496271777,666,0.0650390625
1101,4062,"[1, 0, 2]",15,36.44251823425293,False,1.3831906496271777,666,0.0650390625
1101,4063,"[1, 0, 2]",15,36.44824028015137,True,1.3831906496271777,666,0.0650390625
1101,4064,"[1, 0, 2]",15,36.457061767578125,False,1.3831906496271777,666,0.0650390625
1101,4065,"[1, 0, 2]",15,36.46230697631836,True,1.3831906496271777,666,0.0650390625
1101,4066,"[1, 0, 2]",15,36.477088928222656,False,1.3831906496271777,666,0.0650390625
1101,4067,"[1, 0, 2]",15,36.48233413696289,True,1.3831906496271777,666,0.0650390625
1101,4068,"[1, 0, 2]",15,36.50236129760742,False,1.3831906496271777,666,0.0650390625
1101,4069,"[1, 0, 2]",15,36.50784492492676,True,1.3831906496271777,666,0.0650390625
1101,4070,"[1, 0, 2]",15,36.51690483093262,False,1.3831906496271777,666,0.0650390625
1101,4071,"[1, 0, 2]",15,36.522626876831055,True,1.3831906496271777,666,0.0650390625
1101,4072,"[1, 0, 2]",15,36.53144836425781,False,1.3831906496271777,666,0.0650390625
1101,4073,"[1, 0, 2]",15,36.53669357299805,True,1.3831906496271777,666,0.0650390625
1101,4074,"[1, 0, 2]",15,36.545753479003906,False,1.3831906496271777,666,0.0650390625
1101,4075,"[1, 0, 2]",15,36.55099868774414,True,1.3831906496271777,666,0.0650390625
1101,4076,"[1, 0, 2]",15,36.5595817565918,False,1.3831906496271777,666,0.0650390625
1101,4077,"[1, 0, 2]",15,36.56482696533203,True,1.3831906496271777,666,0.0650390625
1101,4078,"[1, 0, 2]",15,36.57364845275879,False,1.3831906496271777,666,0.0650390625
1101,4079,"[1, 0, 2]",15,36.57865524291992,True,1.3831906496271777,666,0.0650390625
1101,4080,"[1, 0, 2]",15,36.58747673034668,False,1.3831906496271777,666,0.0650390625
1101,4081,"[1, 0, 2]",15,36.592721939086914,True,1.3831906496271777,666,0.0650390625
1101,4082,"[1, 0, 2]",15,36.60154342651367,False,1.3831906496271777,666,0.0650390625
1101,4083,"[1, 0, 2]",15,36.60750389099121,True,1.3831906496271777,666,0.0650390625
1101,4084,"[1, 0, 2]",15,36.61680221557617,False,1.3831906496271777,666,0.0650390625
1101,4085,"[1, 0, 2]",15,36.62276268005371,True,1.3831906496271777,666,0.0650390625
1101,4086,"[1, 0, 2]",15,36.63134574890137,False,1.3831906496271777,666,0.0650390625
1101,4087,"[1, 0, 2]",15,36.6365909576416,True,1.3831906496271777,666,0.0650390625
1101,4088,"[1, 0, 2]",15,36.64517402648926,False,1.3831906496271777,666,0.0650390625
1101,4089,"[1, 0, 2]",15,36.65471076965332,True,1.3831906496271777,666,0.0650390625
1101,4090,"[1, 0, 2]",15,36.66353225708008,False,1.3831906496271777,666,0.0650390625
1101,4091,"[1, 0, 2]",15,36.669015884399414,True,1.3831906496271777,666,0.0650390625
1101,4092,"[1, 0, 2]",15,36.67783737182617,False,1.3831906496271777,666,0.0650390625
1101,4093,"[1, 0, 2]",15,36.682844161987305,True,1.3831906496271777,666,0.0650390625
1101,4094,"[1, 0, 2]",15,36.69142723083496,False,1.3831906496271777,666,0.0650390625
1101,4095,"[1, 0, 2]",15,36.696434020996094,True,1.3831906496271777,666,0.0650390625
1101,4096,"[1, 0, 2]",15,36.70501708984375,False,1.3831906496271777,666,0.0650390625
1101,4097,"[1, 0, 2]",15,36.710262298583984,True,1.3831906496271777,666,0.0650390625
1101,4098,"[1, 0, 2]",15,36.71884536743164,False,1.3831906496271777,666,0.0650390625
1101,4099,"[1, 0, 2]",15,36.72385215759277,True,1.3831906496271777,666,0.0650390625
1101,4100,"[1, 0, 2]",15,36.73243522644043,False,1.3831906496271777,666,0.0650390625
1101,4101,"[1, 0, 2]",15,36.737680435180664,True,1.3831906496271777,666,0.0650390625
1101,4102,"[1, 0, 2]",15,36.74626350402832,False,1.3831906496271777,666,0.0650390625
1101,4103,"[1, 0, 2]",15,36.751747131347656,True,1.3831906496271777,666,0.0650390625
1101,4104,"[1, 0, 2]",15,36.76009178161621,False,1.3831906496271777,666,0.0650390625
1101,4105,"[1, 0, 2]",15,36.765336990356445,True,1.3831906496271777,666,0.0650390625
1101,4106,"[1, 0, 2]",15,36.773681640625,False,1.3831906496271777,666,0.0650390625
1101,4107,"[1, 0, 2]",15,36.778926849365234,True,1.3831906496271777,666,0.0650390625
1101,4108,"[1, 0, 2]",15,36.787986755371094,False,1.3831906496271777,666,0.0650390625
1101,4109,"[1, 0, 2]",15,36.79299354553223,True,1.3831906496271777,666,0.0650390625
1101,4110,"[1, 0, 2]",15,36.80539131164551,False,1.3831906496271777,666,0.0650390625
1101,4111,"[1, 0, 2]",15,36.810874938964844,True,1.3831906496271777,666,0.0650390625
1101,4112,"[1, 0, 2]",15,36.8194580078125,False,1.3831906496271777,666,0.0650390625
1101,4113,"[1, 0, 2]",15,36.82446479797363,True,1.3831906496271777,666,0.0650390625
1101,4114,"[1, 0, 2]",15,36.83304786682129,False,1.3831906496271777,666,0.0650390625
1101,4115,"[1, 0, 2]",15,36.83805465698242,True,1.3831906496271777,666,0.0650390625
1101,4116,"[1, 0, 2]",15,36.84663772583008,False,1.3831906496271777,666,0.0650390625
1101,4117,"[1, 0, 2]",15,36.85140609741211,True,1.3831906496271777,666,0.0650390625
1101,4118,"[1, 0, 2]",15,36.86022758483887,False,1.3831906496271777,666,0.0650390625
1101,4119,"[1, 0, 2]",15,36.865234375,True,1.3831906496271777,666,0.0650390625
1101,4120,"[1, 0, 2]",15,36.87405586242676,False,1.3831906496271777,666,0.0650390625
1101,4121,"[1, 0, 2]",15,36.87906265258789,True,1.3831906496271777,666,0.0650390625
1101,4122,"[1, 0, 2]",15,36.88836097717285,False,1.3831906496271777,666,0.0650390625
1101,4123,"[1, 0, 2]",15,36.89312934875488,True,1.3831906496271777,666,0.0650390625
1101,4124,"[1, 0, 2]",15,36.902427673339844,False,1.3831906496271777,666,0.0650390625
1101,4125,"[1, 0, 2]",15,36.90743446350098,True,1.3831906496271777,666,0.0650390625
1101,4126,"[1, 0, 2]",15,36.916255950927734,False,1.3831906496271777,666,0.0650390625
1101,4127,"[1, 0, 2]",15,36.92150115966797,True,1.3831906496271777,666,0.0650390625
1101,4128,"[1, 0, 2]",15,36.930084228515625,False,1.3831906496271777,666,0.0650390625
1101,4129,"[1, 0, 2]",15,36.93509101867676,True,1.3831906496271777,666,0.0650390625
1101,4130,"[1, 0, 2]",15,36.94415092468262,False,1.3831906496271777,666,0.0650390625
1101,4131,"[1, 0, 2]",15,36.95392608642578,True,1.3831906496271777,666,0.0650390625
1101,4132,"[1, 0, 2]",15,36.96298599243164,False,1.3831906496271777,666,0.0650390625
1101,4133,"[1, 0, 2]",15,36.96775436401367,True,1.3831906496271777,666,0.0650390625
1101,4134,"[1, 0, 2]",15,36.97633743286133,False,1.3831906496271777,666,0.0650390625
1101,4135,"[1, 0, 2]",15,36.982059478759766,True,1.3831906496271777,666,0.0650390625
1101,4136,"[1, 0, 2]",15,36.99088096618652,False,1.3831906496271777,666,0.0650390625
1101,4137,"[1, 0, 2]",15,36.995887756347656,True,1.3831906496271777,666,0.0650390625
1101,4138,"[1, 0, 2]",15,37.00423240661621,False,1.3831906496271777,666,0.0650390625
1101,4139,"[1, 0, 2]",15,37.009477615356445,True,1.3831906496271777,666,0.0650390625
1101,4140,"[1, 0, 2]",15,37.018537521362305,False,1.3831906496271777,666,0.0650390625
1101,4141,"[1, 0, 2]",15,37.023305892944336,True,1.3831906496271777,666,0.0650390625
1101,4142,"[1, 0, 2]",15,37.03165054321289,False,1.3831906496271777,666,0.0650390625
1101,4143,"[1, 0, 2]",15,37.03761100769043,True,1.3831906496271777,666,0.0650390625
1101,4144,"[1, 0, 2]",15,37.04643249511719,False,1.3831906496271777,666,0.0650390625
1101,4145,"[1, 0, 2]",15,37.05120086669922,True,1.3831906496271777,666,0.0650390625
1101,4146,"[1, 0, 2]",15,37.059783935546875,False,1.3831906496271777,666,0.0650390625
1101,4147,"[1, 0, 2]",15,37.06502914428711,True,1.3831906496271777,666,0.0650390625
1101,4148,"[1, 0, 2]",15,37.073612213134766,False,1.3831906496271777,666,0.0650390625
1101,4149,"[1, 0, 2]",15,37.0786190032959,True,1.3831906496271777,666,0.0650390625
1101,4150,"[1, 0, 2]",15,37.091970443725586,False,1.3831906496271777,666,0.0650390625
1101,4151,"[1, 0, 2]",15,37.09697723388672,True,1.3831906496271777,666,0.0650390625
1101,4152,"[1, 0, 2]",15,37.16635704040527,False,1.3831906496271777,666,0.0650390625
1101,4153,"[1, 0, 2]",15,37.17184066772461,True,1.3831906496271777,666,0.0650390625
1101,4154,"[1, 0, 2]",15,37.18066215515137,False,1.3831906496271777,666,0.0650390625
1101,4155,"[1, 0, 2]",15,37.1861457824707,True,1.3831906496271777,666,0.0650390625
1101,4156,"[1, 0, 2]",15,37.19496726989746,False,1.3831906496271777,666,0.0650390625
1101,4157,"[1, 0, 2]",15,37.199974060058594,True,1.3831906496271777,666,0.0650390625
1101,4158,"[1, 0, 2]",15,37.20855712890625,False,1.3831906496271777,666,0.0650390625
1101,4159,"[1, 0, 2]",15,37.213802337646484,True,1.3831906496271777,666,0.0650390625
1101,4160,"[1, 0, 2]",15,37.22214698791504,False,1.3831906496271777,666,0.0650390625
1101,4161,"[1, 0, 2]",15,37.22739219665527,True,1.3831906496271777,666,0.0650390625
1101,4162,"[1, 0, 2]",15,37.23573684692383,False,1.3831906496271777,666,0.0650390625
1101,4163,"[1, 0, 2]",15,37.24074363708496,True,1.3831906496271777,666,0.0650390625
1101,4164,"[1, 0, 2]",15,37.249088287353516,False,1.3831906496271777,666,0.0650390625
1101,4165,"[1, 0, 2]",15,37.25409507751465,True,1.3831906496271777,666,0.0650390625
1101,4166,"[1, 0, 2]",15,37.262916564941406,False,1.3831906496271777,666,0.0650390625
1101,4167,"[1, 0, 2]",15,37.26792335510254,True,1.3831906496271777,666,0.0650390625
1101,4168,"[1, 0, 2]",15,37.2767448425293,False,1.3831906496271777,666,0.0650390625
1101,4169,"[1, 0, 2]",15,37.28151321411133,True,1.3831906496271777,666,0.0650390625
1101,4170,"[1, 0, 2]",15,37.290334701538086,False,1.3831906496271777,666,0.0650390625
1101,4171,"[1, 0, 2]",15,37.29510307312012,True,1.3831906496271777,666,0.0650390625
1101,4172,"[1, 0, 2]",15,37.30463981628418,False,1.3831906496271777,666,0.0650390625
1101,4173,"[1, 0, 2]",15,37.31417655944824,True,1.3831906496271777,666,0.0650390625
1101,4174,"[1, 0, 2]",15,37.3232364654541,False,1.3831906496271777,666,0.0650390625
1101,4175,"[1, 0, 2]",15,37.32872009277344,True,1.3831906496271777,666,0.0650390625
1101,4176,"[1, 0, 2]",15,37.337303161621094,False,1.3831906496271777,666,0.0650390625
1101,4177,"[1, 0, 2]",15,37.34230995178223,True,1.3831906496271777,666,0.0650390625
1101,4178,"[1, 0, 2]",15,37.35089302062988,False,1.3831906496271777,666,0.0650390625
1101,4179,"[1, 0, 2]",15,37.35637664794922,True,1.3831906496271777,666,0.0650390625
1101,4180,"[1, 0, 2]",15,37.364959716796875,False,1.3831906496271777,666,0.0650390625
1101,4181,"[1, 0, 2]",15,37.37020492553711,True,1.3831906496271777,666,0.0650390625
1101,4182,"[1, 0, 2]",15,37.37902641296387,False,1.3831906496271777,666,0.0650390625
1101,4183,"[1, 0, 2]",15,37.3842716217041,True,1.3831906496271777,666,0.0650390625
1101,4184,"[1, 0, 2]",15,37.39285469055176,False,1.3831906496271777,666,0.0650390625
1101,4185,"[1, 0, 2]",15,37.39786148071289,True,1.3831906496271777,666,0.0650390625
1101,4186,"[1, 0, 2]",15,37.40644454956055,False,1.3831906496271777,666,0.0650390625
1101,4187,"[1, 0, 2]",15,37.41168975830078,True,1.3831906496271777,666,0.0650390625
1101,4188,"[1, 0, 2]",15,37.42074966430664,False,1.3831906496271777,666,0.0650390625
1101,4189,"[1, 0, 2]",15,37.425994873046875,True,1.3831906496271777,666,0.0650390625
1101,4190,"[1, 0, 2]",15,37.43457794189453,False,1.3831906496271777,666,0.0650390625
1101,4191,"[1, 0, 2]",15,37.439823150634766,True,1.3831906496271777,666,0.0650390625
1101,4192,"[1, 0, 2]",15,37.44840621948242,False,1.3831906496271777,666,0.0650390625
1101,4193,"[1, 0, 2]",15,37.453651428222656,True,1.3831906496271777,666,0.0650390625
1101,4194,"[1, 0, 2]",15,37.46652603149414,False,1.3831906496271777,666,0.0650390625
1101,4195,"[1, 0, 2]",15,37.47153282165527,True,1.3831906496271777,666,0.0650390625
1101,4196,"[1, 0, 2]",15,37.48059272766113,False,1.3831906496271777,666,0.0650390625
1101,4197,"[1, 0, 2]",15,37.485361099243164,True,1.3831906496271777,666,0.0650390625
1101,4198,"[1, 0, 2]",15,37.49442100524902,False,1.3831906496271777,666,0.0650390625
1101,4199,"[1, 0, 2]",15,37.499427795410156,True,1.3831906496271777,666,0.0650390625
1101,4200,"[1, 0, 2]",15,37.508487701416016,False,1.3831906496271777,666,0.0650390625
1101,4201,"[1, 0, 2]",15,37.567853927612305,True,1.3831906496271777,666,0.0650390625
1101,4202,"[1, 0, 2]",15,37.576913833618164,False,1.3831906496271777,666,0.0650390625
1101,4203,"[1, 0, 2]",15,37.5821590423584,True,1.3831906496271777,666,0.0650390625
1101,4204,"[1, 0, 2]",15,37.59145736694336,False,1.3831906496271777,666,0.0650390625
1101,4205,"[1, 0, 2]",15,37.59646415710449,True,1.3831906496271777,666,0.0650390625
1101,4206,"[1, 0, 2]",15,37.60480880737305,False,1.3831906496271777,666,0.0650390625
1101,4207,"[1, 0, 2]",15,37.61029243469238,True,1.3831906496271777,666,0.0650390625
1101,4208,"[1, 0, 2]",15,37.61863708496094,False,1.3831906496271777,666,0.0650390625
1101,4209,"[1, 0, 2]",15,37.6279354095459,True,1.3831906496271777,666,0.0650390625
1101,4210,"[1, 0, 2]",15,37.636518478393555,False,1.3831906496271777,666,0.0650390625
1101,4211,"[1, 0, 2]",15,37.64176368713379,True,1.3831906496271777,666,0.0650390625
1101,4212,"[1, 0, 2]",15,37.65058517456055,False,1.3831906496271777,666,0.0650390625
1101,4213,"[1, 0, 2]",15,37.65606880187988,True,1.3831906496271777,666,0.0650390625
1101,4214,"[1, 0, 2]",15,37.66489028930664,False,1.3831906496271777,666,0.0650390625
1101,4215,"[1, 0, 2]",15,37.6739501953125,True,1.3831906496271777,666,0.0650390625
1101,4216,"[1, 0, 2]",15,37.68277168273926,False,1.3831906496271777,666,0.0650390625
1101,4217,"[1, 0, 2]",15,37.68777847290039,True,1.3831906496271777,666,0.0650390625
1101,4218,"[1, 0, 2]",15,37.69636154174805,False,1.3831906496271777,666,0.0650390625
1101,4219,"[1, 0, 2]",15,37.70136833190918,True,1.3831906496271777,666,0.0650390625
1101,4220,"[1, 0, 2]",15,37.71042823791504,False,1.3831906496271777,666,0.0650390625
1101,4221,"[1, 0, 2]",15,37.71543502807617,True,1.3831906496271777,666,0.0650390625
1101,4222,"[1, 0, 2]",15,37.72401809692383,False,1.3831906496271777,666,0.0650390625
1101,4223,"[1, 0, 2]",15,37.72902488708496,True,1.3831906496271777,666,0.0650390625
1101,4224,"[1, 0, 2]",15,37.73784637451172,False,1.3831906496271777,666,0.0650390625
1101,4225,"[1, 0, 2]",15,37.74261474609375,True,1.3831906496271777,666,0.0650390625
1101,4226,"[1, 0, 2]",15,37.75167465209961,False,1.3831906496271777,666,0.0650390625
1101,4227,"[1, 0, 2]",15,37.75668144226074,True,1.3831906496271777,666,0.0650390625
1101,4228,"[1, 0, 2]",15,37.7657413482666,False,1.3831906496271777,666,0.0650390625
1101,4229,"[1, 0, 2]",15,37.770748138427734,True,1.3831906496271777,666,0.0650390625
1101,4230,"[1, 0, 2]",15,37.77956962585449,False,1.3831906496271777,666,0.0650390625
1101,4231,"[1, 0, 2]",15,37.784576416015625,True,1.3831906496271777,666,0.0650390625
1101,4232,"[1, 0, 2]",15,37.79315948486328,False,1.3831906496271777,666,0.0650390625
1101,4233,"[1, 0, 2]",15,37.798166275024414,True,1.3831906496271777,666,0.0650390625
1101,4234,"[1, 0, 2]",15,37.81628608703613,False,1.3831906496271777,666,0.0650390625
1101,4235,"[1, 0, 2]",15,37.82224655151367,True,1.3831906496271777,666,0.0650390625
1101,4236,"[1, 0, 2]",15,37.83464431762695,False,1.3831906496271777,666,0.0650390625
1101,4237,"[1, 0, 2]",15,37.839651107788086,True,1.3831906496271777,666,0.0650390625
1101,4238,"[1, 0, 2]",15,37.848472595214844,False,1.3831906496271777,666,0.0650390625
1101,4239,"[1, 0, 2]",15,37.85371780395508,True,1.3831906496271777,666,0.0650390625
1101,4240,"[1, 0, 2]",15,37.86277770996094,False,1.3831906496271777,666,0.0650390625
1101,4241,"[1, 0, 2]",15,37.86778450012207,True,1.3831906496271777,666,0.0650390625
1101,4242,"[1, 0, 2]",15,37.87660598754883,False,1.3831906496271777,666,0.0650390625
1101,4243,"[1, 0, 2]",15,37.88161277770996,True,1.3831906496271777,666,0.0650390625
1101,4244,"[1, 0, 2]",15,37.89067268371582,False,1.3831906496271777,666,0.0650390625
1101,4245,"[1, 0, 2]",15,37.89544105529785,True,1.3831906496271777,666,0.0650390625
1101,4246,"[1, 0, 2]",15,37.90426254272461,False,1.3831906496271777,666,0.0650390625
1101,4247,"[1, 0, 2]",15,37.90926933288574,True,1.3831906496271777,666,0.0650390625
1101,4248,"[1, 0, 2]",15,37.9180908203125,False,1.3831906496271777,666,0.0650390625
1101,4249,"[1, 0, 2]",15,37.92309761047363,True,1.3831906496271777,666,0.0650390625
1101,4250,"[1, 0, 2]",15,37.96553611755371,False,1.3831906496271777,666,0.0650390625
1101,4251,"[1, 0, 2]",15,37.976980209350586,True,1.3831906496271777,666,0.0650390625
1101,4252,"[1, 0, 2]",15,37.99080848693848,False,1.3831906496271777,666,0.0650390625
1101,4253,"[1, 0, 2]",15,37.99772262573242,True,1.3831906496271777,666,0.0650390625
1101,4254,"[1, 0, 2]",15,38.00845146179199,False,1.3831906496271777,666,0.0650390625
1101,4255,"[1, 0, 2]",15,38.01417350769043,True,1.3831906496271777,666,0.0650390625
1101,4256,"[1, 0, 2]",15,38.02347183227539,False,1.3831906496271777,666,0.0650390625
1101,4257,"[1, 0, 2]",15,38.034915924072266,True,1.3831906496271777,666,0.0650390625
1101,4258,"[1, 0, 2]",15,38.04421424865723,False,1.3831906496271777,666,0.0650390625
1101,4259,"[1, 0, 2]",15,38.050174713134766,True,1.3831906496271777,666,0.0650390625
1101,4260,"[1, 0, 2]",15,38.05947303771973,False,1.3831906496271777,666,0.0650390625
1101,4261,"[1, 0, 2]",15,38.06495666503906,True,1.3831906496271777,666,0.0650390625
1101,4262,"[1, 0, 2]",15,38.07377815246582,False,1.3831906496271777,666,0.0650390625
1101,4263,"[1, 0, 2]",15,38.079023361206055,True,1.3831906496271777,666,0.0650390625
1101,4264,"[1, 0, 2]",15,38.08736801147461,False,1.3831906496271777,666,0.0650390625
1101,4265,"[1, 0, 2]",15,38.092851638793945,True,1.3831906496271777,666,0.0650390625
1101,4266,"[1, 0, 2]",15,38.1011962890625,False,1.3831906496271777,666,0.0650390625
1101,4267,"[1, 0, 2]",15,38.106679916381836,True,1.3831906496271777,666,0.0650390625
1101,4268,"[1, 0, 2]",15,38.1159782409668,False,1.3831906496271777,666,0.0650390625
1101,4269,"[1, 0, 2]",15,38.12265396118164,True,1.3831906496271777,666,0.0650390625
1101,4270,"[1, 0, 2]",15,38.13314437866211,False,1.3831906496271777,666,0.0650390625
1101,4271,"[1, 0, 2]",15,38.138628005981445,True,1.3831906496271777,666,0.0650390625
1101,4272,"[1, 0, 2]",15,38.14864158630371,False,1.3831906496271777,666,0.0650390625
1101,4273,"[1, 0, 2]",15,38.15412521362305,True,1.3831906496271777,666,0.0650390625
1101,4274,"[1, 0, 2]",15,38.1627082824707,False,1.3831906496271777,666,0.0650390625
1101,4275,"[1, 0, 2]",15,38.16795349121094,True,1.3831906496271777,666,0.0650390625
1101,4276,"[1, 0, 2]",15,38.176536560058594,False,1.3831906496271777,666,0.0650390625
1101,4277,"[1, 0, 2]",15,38.18178176879883,True,1.3831906496271777,666,0.0650390625
1101,4278,"[1, 0, 2]",15,38.194894790649414,False,1.3831906496271777,666,0.0650390625
1101,4279,"[1, 0, 2]",15,38.20013999938965,True,1.3831906496271777,666,0.0650390625
1101,4280,"[1, 0, 2]",15,38.208723068237305,False,1.3831906496271777,666,0.0650390625
1101,4281,"[1, 0, 2]",15,38.21372985839844,True,1.3831906496271777,666,0.0650390625
1101,4282,"[1, 0, 2]",15,38.22207450866699,False,1.3831906496271777,666,0.0650390625
1101,4283,"[1, 0, 2]",15,38.227081298828125,True,1.3831906496271777,666,0.0650390625
1101,4284,"[1, 0, 2]",15,38.23590278625488,False,1.3831906496271777,666,0.0650390625
1101,4285,"[1, 0, 2]",15,38.240909576416016,True,1.3831906496271777,666,0.0650390625
1101,4286,"[1, 0, 2]",15,38.24973106384277,False,1.3831906496271777,666,0.0650390625
1101,4287,"[1, 0, 2]",15,38.25497627258301,True,1.3831906496271777,666,0.0650390625
1101,4288,"[1, 0, 2]",15,38.26332092285156,False,1.3831906496271777,666,0.0650390625
1101,4289,"[1, 0, 2]",15,38.2688045501709,True,1.3831906496271777,666,0.0650390625
1101,4290,"[1, 0, 2]",15,38.27714920043945,False,1.3831906496271777,666,0.0650390625
1101,4291,"[1, 0, 2]",15,38.28263282775879,True,1.3831906496271777,666,0.0650390625
1101,4292,"[1, 0, 2]",15,38.290977478027344,False,1.3831906496271777,666,0.0650390625
1101,4293,"[1, 0, 2]",15,38.29598426818848,True,1.3831906496271777,666,0.0650390625
1101,4294,"[1, 0, 2]",15,38.30456733703613,False,1.3831906496271777,666,0.0650390625
1101,4295,"[1, 0, 2]",15,38.309335708618164,True,1.3831906496271777,666,0.0650390625
1101,4296,"[1, 0, 2]",15,38.31815719604492,False,1.3831906496271777,666,0.0650390625
1101,4297,"[1, 0, 2]",15,38.323163986206055,True,1.3831906496271777,666,0.0650390625
1101,4298,"[1, 0, 2]",15,38.332223892211914,False,1.3831906496271777,666,0.0650390625
1101,4299,"[1, 0, 2]",15,38.341522216796875,True,1.3831906496271777,666,0.0650390625
1101,4300,"[1, 0, 2]",15,38.35034370422363,False,1.3831906496271777,666,0.0650390625
1101,4301,"[1, 0, 2]",15,38.35558891296387,True,1.3831906496271777,666,0.0650390625
1101,4302,"[1, 0, 2]",15,38.36417198181152,False,1.3831906496271777,666,0.0650390625
1101,4303,"[1, 0, 2]",15,38.36965560913086,True,1.3831906496271777,666,0.0650390625
1101,4304,"[1, 0, 2]",15,38.378238677978516,False,1.3831906496271777,666,0.0650390625
1101,4305,"[1, 0, 2]",15,38.38348388671875,True,1.3831906496271777,666,0.0650390625
1101,4306,"[1, 0, 2]",15,38.392066955566406,False,1.3831906496271777,666,0.0650390625
1101,4307,"[1, 0, 2]",15,38.39731216430664,True,1.3831906496271777,666,0.0650390625
1101,4308,"[1, 0, 2]",15,38.405656814575195,False,1.3831906496271777,666,0.0650390625
1101,4309,"[1, 0, 2]",15,38.41066360473633,True,1.3831906496271777,666,0.0650390625
1101,4310,"[1, 0, 2]",15,38.419246673583984,False,1.3831906496271777,666,0.0650390625
1101,4311,"[1, 0, 2]",15,38.42449188232422,True,1.3831906496271777,666,0.0650390625
1101,4312,"[1, 0, 2]",15,38.433074951171875,False,1.3831906496271777,666,0.0650390625
1101,4313,"[1, 0, 2]",15,38.437843322753906,True,1.3831906496271777,666,0.0650390625
1101,4314,"[1, 0, 2]",15,38.44642639160156,False,1.3831906496271777,666,0.0650390625
1101,4315,"[1, 0, 2]",15,38.451433181762695,True,1.3831906496271777,666,0.0650390625
1101,4316,"[1, 0, 2]",15,38.46025466918945,False,1.3831906496271777,666,0.0650390625
1101,4317,"[1, 0, 2]",15,38.465261459350586,True,1.3831906496271777,666,0.0650390625
1101,4318,"[1, 0, 2]",15,38.4824275970459,False,1.3831906496271777,666,0.0650390625
1101,4319,"[1, 0, 2]",15,38.488149642944336,True,1.3831906496271777,666,0.0650390625
1101,4320,"[1, 0, 2]",15,38.50102424621582,False,1.3831906496271777,666,0.0650390625
1101,4321,"[1, 0, 2]",15,38.506507873535156,True,1.3831906496271777,666,0.0650390625
1101,4322,"[1, 0, 2]",15,38.515329360961914,False,1.3831906496271777,666,0.0650390625
1101,4323,"[1, 0, 2]",15,38.520097732543945,True,1.3831906496271777,666,0.0650390625
1101,4324,"[1, 0, 2]",15,38.529157638549805,False,1.3831906496271777,666,0.0650390625
1101,4325,"[1, 0, 2]",15,38.533926010131836,True,1.3831906496271777,666,0.0650390625
1101,4326,"[1, 0, 2]",15,38.542747497558594,False,1.3831906496271777,666,0.0650390625
1101,4327,"[1, 0, 2]",15,38.54775428771973,True,1.3831906496271777,666,0.0650390625
1101,4328,"[1, 0, 2]",15,38.55633735656738,False,1.3831906496271777,666,0.0650390625
1101,4329,"[1, 0, 2]",15,38.561344146728516,True,1.3831906496271777,666,0.0650390625
1101,4330,"[1, 0, 2]",15,38.56968879699707,False,1.3831906496271777,666,0.0650390625
1101,4331,"[1, 0, 2]",15,38.5746955871582,True,1.3831906496271777,666,0.0650390625
1101,4332,"[1, 0, 2]",15,38.58351707458496,False,1.3831906496271777,666,0.0650390625
1101,4333,"[1, 0, 2]",15,38.588523864746094,True,1.3831906496271777,666,0.0650390625
1101,4334,"[1, 0, 2]",15,38.59710693359375,False,1.3831906496271777,666,0.0650390625
1101,4335,"[1, 0, 2]",15,38.602352142333984,True,1.3831906496271777,666,0.0650390625
1101,4336,"[1, 0, 2]",15,38.61069679260254,False,1.3831906496271777,666,0.0650390625
1101,4337,"[1, 0, 2]",15,38.61594200134277,True,1.3831906496271777,666,0.0650390625
1101,4338,"[1, 0, 2]",15,38.62428665161133,False,1.3831906496271777,666,0.0650390625
1101,4339,"[1, 0, 2]",15,38.62929344177246,True,1.3831906496271777,666,0.0650390625
1101,4340,"[1, 0, 2]",15,38.637638092041016,False,1.3831906496271777,666,0.0650390625
1101,4341,"[1, 0, 2]",15,38.646697998046875,True,1.3831906496271777,666,0.0650390625
1101,4342,"[1, 0, 2]",15,38.65528106689453,False,1.3831906496271777,666,0.0650390625
1101,4343,"[1, 0, 2]",15,38.66076469421387,True,1.3831906496271777,666,0.0650390625
1101,4344,"[1, 0, 2]",15,38.66910934448242,False,1.3831906496271777,666,0.0650390625
1101,4345,"[1, 0, 2]",15,38.674354553222656,True,1.3831906496271777,666,0.0650390625
1101,4346,"[1, 0, 2]",15,38.68269920349121,False,1.3831906496271777,666,0.0650390625
1101,4347,"[1, 0, 2]",15,38.687705993652344,True,1.3831906496271777,666,0.0650390625
1101,4348,"[1, 0, 2]",15,38.6967658996582,False,1.3831906496271777,666,0.0650390625
1101,4349,"[1, 0, 2]",15,38.701772689819336,True,1.3831906496271777,666,0.0650390625
1101,4350,"[1, 0, 2]",15,38.7110710144043,False,1.3831906496271777,666,0.0650390625
1101,4351,"[1, 0, 2]",15,38.71655464172363,True,1.3831906496271777,666,0.0650390625
1101,4352,"[1, 0, 2]",15,38.72513771057129,False,1.3831906496271777,666,0.0650390625
1101,4353,"[1, 0, 2]",15,38.73038291931152,True,1.3831906496271777,666,0.0650390625
1101,4354,"[1, 0, 2]",15,38.73920440673828,False,1.3831906496271777,666,0.0650390625
1101,4355,"[1, 0, 2]",15,38.744211196899414,True,1.3831906496271777,666,0.0650390625
1101,4356,"[1, 0, 2]",15,38.75255584716797,False,1.3831906496271777,666,0.0650390625
1101,4357,"[1, 0, 2]",15,38.7578010559082,True,1.3831906496271777,666,0.0650390625
1101,4358,"[1, 0, 2]",15,38.76614570617676,False,1.3831906496271777,666,0.0650390625
1101,4359,"[1, 0, 2]",15,38.77115249633789,True,1.3831906496271777,666,0.0650390625
1101,4360,"[1, 0, 2]",15,38.77973556518555,False,1.3831906496271777,666,0.0650390625
1101,4361,"[1, 0, 2]",15,38.78474235534668,True,1.3831906496271777,666,0.0650390625
1101,4362,"[1, 0, 2]",15,38.797616958618164,False,1.3831906496271777,666,0.0650390625
1101,4363,"[1, 0, 2]",15,38.8028621673584,True,1.3831906496271777,666,0.0650390625
1101,4364,"[1, 0, 2]",15,38.81216049194336,False,1.3831906496271777,666,0.0650390625
1101,4365,"[1, 0, 2]",15,38.81716728210449,True,1.3831906496271777,666,0.0650390625
1101,4366,"[1, 0, 2]",15,38.82551193237305,False,1.3831906496271777,666,0.0650390625
1101,4367,"[1, 0, 2]",15,38.83075714111328,True,1.3831906496271777,666,0.0650390625
1101,4368,"[1, 0, 2]",15,38.839101791381836,False,1.3831906496271777,666,0.0650390625
1101,4369,"[1, 0, 2]",15,38.84387016296387,True,1.3831906496271777,666,0.0650390625
1101,4370,"[1, 0, 2]",15,38.85293006896973,False,1.3831906496271777,666,0.0650390625
1101,4371,"[1, 0, 2]",15,38.85769844055176,True,1.3831906496271777,666,0.0650390625
1101,4372,"[1, 0, 2]",15,38.866519927978516,False,1.3831906496271777,666,0.0650390625
1101,4373,"[1, 0, 2]",15,38.87128829956055,True,1.3831906496271777,666,0.0650390625
1101,4374,"[1, 0, 2]",15,38.8798713684082,False,1.3831906496271777,666,0.0650390625
1101,4375,"[1, 0, 2]",15,38.88511657714844,True,1.3831906496271777,666,0.0650390625
1101,4376,"[1, 0, 2]",15,38.8941764831543,False,1.3831906496271777,666,0.0650390625
1101,4377,"[1, 0, 2]",15,38.90275955200195,True,1.3831906496271777,666,0.0650390625
1101,4378,"[1, 0, 2]",15,38.91158103942871,False,1.3831906496271777,666,0.0650390625
1101,4379,"[1, 0, 2]",15,38.91754150390625,True,1.3831906496271777,666,0.0650390625
1101,4380,"[1, 0, 2]",15,38.92660140991211,False,1.3831906496271777,666,0.0650390625
1101,4381,"[1, 0, 2]",15,38.932085037231445,True,1.3831906496271777,666,0.0650390625
1101,4382,"[1, 0, 2]",15,38.9406681060791,False,1.3831906496271777,666,0.0650390625
1101,4383,"[1, 0, 2]",15,38.950443267822266,True,1.3831906496271777,666,0.0650390625
1101,4384,"[1, 0, 2]",15,38.95926475524902,False,1.3831906496271777,666,0.0650390625
1101,4385,"[1, 0, 2]",15,38.964271545410156,True,1.3831906496271777,666,0.0650390625
1101,4386,"[1, 0, 2]",15,38.97356986999512,False,1.3831906496271777,666,0.0650390625
1101,4387,"[1, 0, 2]",15,38.97881507873535,True,1.3831906496271777,666,0.0650390625
1101,4388,"[1, 0, 2]",15,38.98763656616211,False,1.3831906496271777,666,0.0650390625
1101,4389,"[1, 0, 2]",15,38.99264335632324,True,1.3831906496271777,666,0.0650390625
1101,4390,"[1, 0, 2]",15,39.0017032623291,False,1.3831906496271777,666,0.0650390625
1101,4391,"[1, 0, 2]",15,39.006948471069336,True,1.3831906496271777,666,0.0650390625
1101,4392,"[1, 0, 2]",15,39.015769958496094,False,1.3831906496271777,666,0.0650390625
1101,4393,"[1, 0, 2]",15,39.02077674865723,True,1.3831906496271777,666,0.0650390625
1101,4394,"[1, 0, 2]",15,39.029836654663086,False,1.3831906496271777,666,0.0650390625
1101,4395,"[1, 0, 2]",15,39.03460502624512,True,1.3831906496271777,666,0.0650390625
1101,4396,"[1, 0, 2]",15,39.04366493225098,False,1.3831906496271777,666,0.0650390625
1101,4397,"[1, 0, 2]",15,39.04843330383301,True,1.3831906496271777,666,0.0650390625
1101,4398,"[1, 0, 2]",15,39.05749320983887,False,1.3831906496271777,666,0.0650390625
1101,4399,"[1, 0, 2]",15,39.063215255737305,True,1.3831906496271777,666,0.0650390625
1101,4400,"[1, 0, 2]",15,39.07155990600586,False,1.3831906496271777,666,0.0650390625
1101,4401,"[1, 0, 2]",15,39.07656669616699,True,1.3831906496271777,666,0.0650390625
1101,4402,"[1, 0, 2]",15,39.08944129943848,False,1.3831906496271777,666,0.0650390625
1101,4403,"[1, 0, 2]",15,39.09492492675781,True,1.3831906496271777,666,0.0650390625
1101,4404,"[1, 0, 2]",15,39.10708427429199,False,1.3831906496271777,666,0.0650390625
1101,4405,"[1, 0, 2]",15,39.11232948303223,True,1.3831906496271777,666,0.0650390625
1101,4406,"[1, 0, 2]",15,39.12091255187988,False,1.3831906496271777,666,0.0650390625
1101,4407,"[1, 0, 2]",15,39.125919342041016,True,1.3831906496271777,666,0.0650390625
1101,4408,"[1, 0, 2]",15,39.13450241088867,False,1.3831906496271777,666,0.0650390625
1101,4409,"[1, 0, 2]",15,39.139747619628906,True,1.3831906496271777,666,0.0650390625
1101,4410,"[1, 0, 2]",15,39.14809226989746,False,1.3831906496271777,666,0.0650390625
1101,4411,"[1, 0, 2]",15,39.1535758972168,True,1.3831906496271777,666,0.0650390625
1101,4412,"[1, 0, 2]",15,39.16215896606445,False,1.3831906496271777,666,0.0650390625
1101,4413,"[1, 0, 2]",15,39.16740417480469,True,1.3831906496271777,666,0.0650390625
1101,4414,"[1, 0, 2]",15,39.17574882507324,False,1.3831906496271777,666,0.0650390625
1101,4415,"[1, 0, 2]",15,39.180755615234375,True,1.3831906496271777,666,0.0650390625
1101,4416,"[1, 0, 2]",15,39.18957710266113,False,1.3831906496271777,666,0.0650390625
1101,4417,"[1, 0, 2]",15,39.194583892822266,True,1.3831906496271777,666,0.0650390625
1101,4418,"[1, 0, 2]",15,39.203643798828125,False,1.3831906496271777,666,0.0650390625
1101,4419,"[1, 0, 2]",15,39.20865058898926,True,1.3831906496271777,666,0.0650390625
1101,4420,"[1, 0, 2]",15,39.217472076416016,False,1.3831906496271777,666,0.0650390625
1101,4421,"[1, 0, 2]",15,39.22224044799805,True,1.3831906496271777,666,0.0650390625
1101,4422,"[1, 0, 2]",15,39.231061935424805,False,1.3831906496271777,666,0.0650390625
1101,4423,"[1, 0, 2]",15,39.23606872558594,True,1.3831906496271777,666,0.0650390625
1101,4424,"[1, 0, 2]",15,39.244890213012695,False,1.3831906496271777,666,0.0650390625
1101,4425,"[1, 0, 2]",15,39.25466537475586,True,1.3831906496271777,666,0.0650390625
1101,4426,"[1, 0, 2]",15,39.263248443603516,False,1.3831906496271777,666,0.0650390625
1101,4427,"[1, 0, 2]",15,39.26849365234375,True,1.3831906496271777,666,0.0650390625
1101,4428,"[1, 0, 2]",15,39.27731513977051,False,1.3831906496271777,666,0.0650390625
1101,4429,"[1, 0, 2]",15,39.28232192993164,True,1.3831906496271777,666,0.0650390625
1101,4430,"[1, 0, 2]",15,39.2909049987793,False,1.3831906496271777,666,0.0650390625
1101,4431,"[1, 0, 2]",15,39.29615020751953,True,1.3831906496271777,666,0.0650390625
1101,4432,"[1, 0, 2]",15,39.30473327636719,False,1.3831906496271777,666,0.0650390625
1101,4433,"[1, 0, 2]",15,39.30974006652832,True,1.3831906496271777,666,0.0650390625
1101,4434,"[1, 0, 2]",15,39.31832313537598,False,1.3831906496271777,666,0.0650390625
1101,4435,"[1, 0, 2]",15,39.32309150695801,True,1.3831906496271777,666,0.0650390625
1101,4436,"[1, 0, 2]",15,39.331912994384766,False,1.3831906496271777,666,0.0650390625
1101,4437,"[1, 0, 2]",15,39.3366813659668,True,1.3831906496271777,666,0.0650390625
1101,4438,"[1, 0, 2]",15,39.345502853393555,False,1.3831906496271777,666,0.0650390625
1101,4439,"[1, 0, 2]",15,39.350271224975586,True,1.3831906496271777,666,0.0650390625
1101,4440,"[1, 0, 2]",15,39.359092712402344,False,1.3831906496271777,666,0.0650390625
1101,4441,"[1, 0, 2]",15,39.36409950256348,True,1.3831906496271777,666,0.0650390625
1101,4442,"[1, 0, 2]",15,39.372920989990234,False,1.3831906496271777,666,0.0650390625
1101,4443,"[1, 0, 2]",15,39.377689361572266,True,1.3831906496271777,666,0.0650390625
1101,4444,"[1, 0, 2]",15,39.38651084899902,False,1.3831906496271777,666,0.0650390625
1101,4445,"[1, 0, 2]",15,39.391517639160156,True,1.3831906496271777,666,0.0650390625
1101,4446,"[1, 0, 2]",15,39.40582275390625,False,1.3831906496271777,666,0.0650390625
1101,4447,"[1, 0, 2]",15,39.411306381225586,True,1.3831906496271777,666,0.0650390625
1101,4448,"[1, 0, 2]",15,39.41941261291504,False,1.3831906496271777,666,0.0650390625
1101,4449,"[1, 0, 2]",15,39.42465782165527,True,1.3831906496271777,666,0.0650390625
1101,4450,"[1, 0, 2]",15,39.43276405334473,False,1.3831906496271777,666,0.0650390625
1101,4451,"[1, 0, 2]",15,39.43777084350586,True,1.3831906496271777,666,0.0650390625
1101,4452,"[1, 0, 2]",15,39.44659233093262,False,1.3831906496271777,666,0.0650390625
1101,4453,"[1, 0, 2]",15,39.45136070251465,True,1.3831906496271777,666,0.0650390625
1101,4454,"[1, 0, 2]",15,39.459943771362305,False,1.3831906496271777,666,0.0650390625
1101,4455,"[1, 0, 2]",15,39.46495056152344,True,1.3831906496271777,666,0.0650390625
1101,4456,"[1, 0, 2]",15,39.473533630371094,False,1.3831906496271777,666,0.0650390625
1101,4457,"[1, 0, 2]",15,39.47854042053223,True,1.3831906496271777,666,0.0650390625
1101,4458,"[1, 0, 2]",15,39.487361907958984,False,1.3831906496271777,666,0.0650390625
1101,4459,"[1, 0, 2]",15,39.49236869812012,True,1.3831906496271777,666,0.0650390625
1101,4460,"[1, 0, 2]",15,39.50142860412598,False,1.3831906496271777,666,0.0650390625
1101,4461,"[1, 0, 2]",15,39.50643539428711,True,1.3831906496271777,666,0.0650390625
1101,4462,"[1, 0, 2]",15,39.5970344543457,False,1.3831906496271777,666,0.0650390625
1101,4463,"[1, 0, 2]",15,39.609432220458984,True,1.3831906496271777,666,0.0650390625
1101,4464,"[1, 0, 2]",15,39.62349891662598,False,1.3831906496271777,666,0.0650390625
1101,4465,"[1, 0, 2]",15,39.63041305541992,True,1.3831906496271777,666,0.0650390625
1101,4466,"[1, 0, 2]",15,39.64114189147949,False,1.3831906496271777,666,0.0650390625
1101,4467,"[1, 0, 2]",15,39.65449333190918,True,1.3831906496271777,666,0.0650390625
1101,4468,"[1, 0, 2]",15,39.664268493652344,False,1.3831906496271777,666,0.0650390625
1101,4469,"[1, 0, 2]",15,39.66975212097168,True,1.3831906496271777,666,0.0650390625
1101,4470,"[1, 0, 2]",15,39.67881202697754,False,1.3831906496271777,666,0.0650390625
1101,4471,"[1, 0, 2]",15,39.68405723571777,True,1.3831906496271777,666,0.0650390625
1101,4472,"[1, 0, 2]",15,39.693593978881836,False,1.3831906496271777,666,0.0650390625
1101,4473,"[1, 0, 2]",15,39.69907760620117,True,1.3831906496271777,666,0.0650390625
1101,4474,"[1, 0, 2]",15,39.70789909362793,False,1.3831906496271777,666,0.0650390625
1101,4475,"[1, 0, 2]",15,39.713144302368164,True,1.3831906496271777,666,0.0650390625
1101,4476,"[1, 0, 2]",15,39.72172737121582,False,1.3831906496271777,666,0.0650390625
1101,4477,"[1, 0, 2]",15,39.726972579956055,True,1.3831906496271777,666,0.0650390625
1101,4478,"[1, 0, 2]",15,39.73531723022461,False,1.3831906496271777,666,0.0650390625
1101,4479,"[1, 0, 2]",15,39.740562438964844,True,1.3831906496271777,666,0.0650390625
1101,4480,"[1, 0, 2]",15,39.7491455078125,False,1.3831906496271777,666,0.0650390625
1101,4481,"[1, 0, 2]",15,39.75415229797363,True,1.3831906496271777,666,0.0650390625
1101,4482,"[1, 0, 2]",15,39.76273536682129,False,1.3831906496271777,666,0.0650390625
1101,4483,"[1, 0, 2]",15,39.76750373840332,True,1.3831906496271777,666,0.0650390625
1101,4484,"[1, 0, 2]",15,39.77632522583008,False,1.3831906496271777,666,0.0650390625
1101,4485,"[1, 0, 2]",15,39.78133201599121,True,1.3831906496271777,666,0.0650390625
1101,4486,"[1, 0, 2]",15,39.7944450378418,False,1.3831906496271777,666,0.0650390625
1101,4487,"[1, 0, 2]",15,39.79969024658203,True,1.3831906496271777,666,0.0650390625
1101,4488,"[1, 0, 2]",15,39.81304168701172,False,1.3831906496271777,666,0.0650390625
1101,4489,"[1, 0, 2]",15,39.81804847717285,True,1.3831906496271777,666,0.0650390625
1101,4490,"[1, 0, 2]",15,39.82663154602051,False,1.3831906496271777,666,0.0650390625
1101,4491,"[1, 0, 2]",15,39.83163833618164,True,1.3831906496271777,666,0.0650390625
1101,4492,"[1, 0, 2]",15,39.8409366607666,False,1.3831906496271777,666,0.0650390625
1101,4493,"[1, 0, 2]",15,39.84570503234863,True,1.3831906496271777,666,0.0650390625
1101,4494,"[1, 0, 2]",15,39.85404968261719,False,1.3831906496271777,666,0.0650390625
1101,4495,"[1, 0, 2]",15,39.85929489135742,True,1.3831906496271777,666,0.0650390625
1101,4496,"[1, 0, 2]",15,39.86787796020508,False,1.3831906496271777,666,0.0650390625
1101,4497,"[1, 0, 2]",15,39.87288475036621,True,1.3831906496271777,666,0.0650390625
1101,4498,"[1, 0, 2]",15,39.881229400634766,False,1.3831906496271777,666,0.0650390625
1101,4499,"[1, 0, 2]",15,39.886474609375,True,1.3831906496271777,666,0.0650390625
1101,4500,"[1, 0, 2]",15,39.894819259643555,False,1.3831906496271777,666,0.0650390625
1101,4501,"[1, 0, 2]",15,39.89982604980469,True,1.3831906496271777,666,0.0650390625
1101,4502,"[1, 0, 2]",15,39.908409118652344,False,1.3831906496271777,666,0.0650390625
1101,4503,"[1, 0, 2]",15,39.91389274597168,True,1.3831906496271777,666,0.0650390625
1101,4504,"[1, 0, 2]",15,39.922475814819336,False,1.3831906496271777,666,0.0650390625
1101,4505,"[1, 0, 2]",15,39.92772102355957,True,1.3831906496271777,666,0.0650390625
1101,4506,"[1, 0, 2]",15,39.936065673828125,False,1.3831906496271777,666,0.0650390625
1101,4507,"[1, 0, 2]",15,39.940834045410156,True,1.3831906496271777,666,0.0650390625
1101,4508,"[1, 0, 2]",15,39.97373580932617,False,1.3831906496271777,666,0.0650390625
1101,4509,"[1, 0, 2]",15,39.99161720275879,True,1.3831906496271777,666,0.0650390625
1101,4510,"[1, 0, 2]",15,40.0080680847168,False,1.3831906496271777,666,0.0650390625
1101,4511,"[1, 0, 2]",15,40.015220642089844,True,1.3831906496271777,666,0.0650390625
1101,4512,"[1, 0, 2]",15,40.02642631530762,False,1.3831906496271777,666,0.0650390625
1101,4513,"[1, 0, 2]",15,40.032386779785156,True,1.3831906496271777,666,0.0650390625
1101,4514,"[1, 0, 2]",15,40.04168510437012,False,1.3831906496271777,666,0.0650390625
1101,4515,"[1, 0, 2]",15,40.04716873168945,True,1.3831906496271777,666,0.0650390625
1101,4516,"[1, 0, 2]",15,40.05622863769531,False,1.3831906496271777,666,0.0650390625
1101,4517,"[1, 0, 2]",15,40.06147384643555,True,1.3831906496271777,666,0.0650390625
1101,4518,"[1, 0, 2]",15,40.0700569152832,False,1.3831906496271777,666,0.0650390625
1101,4519,"[1, 0, 2]",15,40.07554054260254,True,1.3831906496271777,666,0.0650390625
1101,4520,"[1, 0, 2]",15,40.0846004486084,False,1.3831906496271777,666,0.0650390625
1101,4521,"[1, 0, 2]",15,40.08960723876953,True,1.3831906496271777,666,0.0650390625
1101,4522,"[1, 0, 2]",15,40.09842872619629,False,1.3831906496271777,666,0.0650390625
1101,4523,"[1, 0, 2]",15,40.10343551635742,True,1.3831906496271777,666,0.0650390625
1101,4524,"[1, 0, 2]",15,40.11249542236328,False,1.3831906496271777,666,0.0650390625
1101,4525,"[1, 0, 2]",15,40.117502212524414,True,1.3831906496271777,666,0.0650390625
1101,4526,"[1, 0, 2]",15,40.12608528137207,False,1.3831906496271777,666,0.0650390625
1101,4527,"[1, 0, 2]",15,40.1310920715332,True,1.3831906496271777,666,0.0650390625
1101,4528,"[1, 0, 2]",15,40.13991355895996,False,1.3831906496271777,666,0.0650390625
1101,4529,"[1, 0, 2]",15,40.144920349121094,True,1.3831906496271777,666,0.0650390625
1101,4530,"[1, 0, 2]",15,40.15851020812988,False,1.3831906496271777,666,0.0650390625
1101,4531,"[1, 0, 2]",15,40.16399383544922,True,1.3831906496271777,666,0.0650390625
1101,4532,"[1, 0, 2]",15,40.17233848571777,False,1.3831906496271777,666,0.0650390625
1101,4533,"[1, 0, 2]",15,40.17758369445801,True,1.3831906496271777,666,0.0650390625
1101,4534,"[1, 0, 2]",15,40.18592834472656,False,1.3831906496271777,666,0.0650390625
1101,4535,"[1, 0, 2]",15,40.190935134887695,True,1.3831906496271777,666,0.0650390625
1101,4536,"[1, 0, 2]",15,40.19951820373535,False,1.3831906496271777,666,0.0650390625
1101,4537,"[1, 0, 2]",15,40.204524993896484,True,1.3831906496271777,666,0.0650390625
1101,4538,"[1, 0, 2]",15,40.21286964416504,False,1.3831906496271777,666,0.0650390625
1101,4539,"[1, 0, 2]",15,40.21787643432617,True,1.3831906496271777,666,0.0650390625
1101,4540,"[1, 0, 2]",15,40.22693634033203,False,1.3831906496271777,666,0.0650390625
1101,4541,"[1, 0, 2]",15,40.23170471191406,True,1.3831906496271777,666,0.0650390625
1101,4542,"[1, 0, 2]",15,40.24052619934082,False,1.3831906496271777,666,0.0650390625
1101,4543,"[1, 0, 2]",15,40.24553298950195,True,1.3831906496271777,666,0.0650390625
1101,4544,"[1, 0, 2]",15,40.25435447692871,False,1.3831906496271777,666,0.0650390625
1101,4545,"[1, 0, 2]",15,40.26651382446289,True,1.3831906496271777,666,0.0650390625
1101,4546,"[1, 0, 2]",15,40.27557373046875,False,1.3831906496271777,666,0.0650390625
1101,4547,"[1, 0, 2]",15,40.280818939208984,True,1.3831906496271777,666,0.0650390625
1101,4548,"[1, 0, 2]",15,40.28964042663574,False,1.3831906496271777,666,0.0650390625
1101,4549,"[1, 0, 2]",15,40.32278060913086,True,1.3831906496271777,666,0.0650390625
1101,4550,"[1, 0, 2]",15,40.33184051513672,False,1.3831906496271777,666,0.0650390625
1101,4551,"[1, 0, 2]",15,40.34113883972168,True,1.3831906496271777,666,0.0650390625
1101,4552,"[1, 0, 2]",15,40.34996032714844,False,1.3831906496271777,666,0.0650390625
1101,4553,"[1, 0, 2]",15,40.35520553588867,True,1.3831906496271777,666,0.0650390625
1101,4554,"[1, 0, 2]",15,40.36378860473633,False,1.3831906496271777,666,0.0650390625
1101,4555,"[1, 0, 2]",15,40.36903381347656,True,1.3831906496271777,666,0.0650390625
1101,4556,"[1, 0, 2]",15,40.37761688232422,False,1.3831906496271777,666,0.0650390625
1101,4557,"[1, 0, 2]",15,40.38286209106445,True,1.3831906496271777,666,0.0650390625
1101,4558,"[1, 0, 2]",15,40.39120674133301,False,1.3831906496271777,666,0.0650390625
1101,4559,"[1, 0, 2]",15,40.39645195007324,True,1.3831906496271777,666,0.0650390625
1101,4560,"[1, 0, 2]",15,40.4050350189209,False,1.3831906496271777,666,0.0650390625
1101,4561,"[1, 0, 2]",15,40.40980339050293,True,1.3831906496271777,666,0.0650390625
1101,4562,"[1, 0, 2]",15,40.41862487792969,False,1.3831906496271777,666,0.0650390625
1101,4563,"[1, 0, 2]",15,40.42363166809082,True,1.3831906496271777,666,0.0650390625
1101,4564,"[1, 0, 2]",15,40.43245315551758,False,1.3831906496271777,666,0.0650390625
1101,4565,"[1, 0, 2]",15,40.43722152709961,True,1.3831906496271777,666,0.0650390625
1101,4566,"[1, 0, 2]",15,40.44604301452637,False,1.3831906496271777,666,0.0650390625
1101,4567,"[1, 0, 2]",15,40.4510498046875,True,1.3831906496271777,666,0.0650390625
1101,4568,"[1, 0, 2]",15,40.45987129211426,False,1.3831906496271777,666,0.0650390625
1101,4569,"[1, 0, 2]",15,40.46511650085449,True,1.3831906496271777,666,0.0650390625
1101,4570,"[1, 0, 2]",15,40.477752685546875,False,1.3831906496271777,666,0.0650390625
1101,4571,"[1, 0, 2]",15,40.48275947570801,True,1.3831906496271777,666,0.0650390625
1101,4572,"[1, 0, 2]",15,40.495872497558594,False,1.3831906496271777,666,0.0650390625
1101,4573,"[1, 0, 2]",15,40.50111770629883,True,1.3831906496271777,666,0.0650390625
1101,4574,"[1, 0, 2]",15,40.509700775146484,False,1.3831906496271777,666,0.0650390625
1101,4575,"[1, 0, 2]",15,40.51518440246582,True,1.3831906496271777,666,0.0650390625
1101,4576,"[1, 0, 2]",15,40.52376747131348,False,1.3831906496271777,666,0.0650390625
1101,4577,"[1, 0, 2]",15,40.52877426147461,True,1.3831906496271777,666,0.0650390625
1101,4578,"[1, 0, 2]",15,40.537357330322266,False,1.3831906496271777,666,0.0650390625
1101,4579,"[1, 0, 2]",15,40.5423641204834,True,1.3831906496271777,666,0.0650390625
1101,4580,"[1, 0, 2]",15,40.551185607910156,False,1.3831906496271777,666,0.0650390625
1101,4581,"[1, 0, 2]",15,40.55643081665039,True,1.3831906496271777,666,0.0650390625
1101,4582,"[1, 0, 2]",15,40.56501388549805,False,1.3831906496271777,666,0.0650390625
1101,4583,"[1, 0, 2]",15,40.59267044067383,True,1.3831906496271777,666,0.0650390625
1101,4584,"[1, 0, 2]",15,40.61555862426758,False,1.3831906496271777,666,0.0650390625
1101,4585,"[1, 0, 2]",15,40.625572204589844,True,1.3831906496271777,666,0.0650390625
1101,4586,"[1, 0, 2]",15,40.637969970703125,False,1.3831906496271777,666,0.0650390625
1101,4587,"[1, 0, 2]",15,40.64536094665527,True,1.3831906496271777,666,0.0650390625
1101,4588,"[1, 0, 2]",15,40.65561294555664,False,1.3831906496271777,666,0.0650390625
1101,4589,"[1, 0, 2]",15,40.66181182861328,True,1.3831906496271777,666,0.0650390625
1101,4590,"[1, 0, 2]",15,40.67564010620117,False,1.3831906496271777,666,0.0650390625
1101,4591,"[1, 0, 2]",15,41.02206230163574,True,1.3831906496271777,666,0.0650390625
1101,4592,"[1, 0, 2]",15,41.086673736572266,False,1.3831906496271777,666,0.0650390625
1101,4593,"[1, 0, 2]",15,41.1076545715332,True,1.3831906496271777,666,0.0650390625
1101,4594,"[1, 0, 2]",15,41.123151779174805,False,1.3831906496271777,666,0.0650390625
1101,4595,"[1, 0, 2]",15,41.13030433654785,True,1.3831906496271777,666,0.0650390625
1101,4596,"[1, 0, 2]",15,41.14103317260742,False,1.3831906496271777,666,0.0650390625
1101,4597,"[1, 0, 2]",15,41.14675521850586,True,1.3831906496271777,666,0.0650390625
1101,4598,"[1, 0, 2]",15,41.15557670593262,False,1.3831906496271777,666,0.0650390625
1101,4599,"[1, 0, 2]",15,41.161298751831055,True,1.3831906496271777,666,0.0650390625
1101,4600,"[1, 0, 2]",15,41.17012023925781,False,1.3831906496271777,666,0.0650390625
1101,4601,"[1, 0, 2]",15,41.17536544799805,True,1.3831906496271777,666,0.0650390625
1101,4602,"[1, 0, 2]",15,41.1839485168457,False,1.3831906496271777,666,0.0650390625
1101,4603,"[1, 0, 2]",15,41.18919372558594,True,1.3831906496271777,666,0.0650390625
1101,4604,"[1, 0, 2]",15,41.1982536315918,False,1.3831906496271777,666,0.0650390625
1101,4605,"[1, 0, 2]",15,41.20326042175293,True,1.3831906496271777,666,0.0650390625
1101,4606,"[1, 0, 2]",15,41.21208190917969,False,1.3831906496271777,666,0.0650390625
1101,4607,"[1, 0, 2]",15,41.21685028076172,True,1.3831906496271777,666,0.0650390625
1101,4608,"[1, 0, 2]",15,41.225433349609375,False,1.3831906496271777,666,0.0650390625
1101,4609,"[1, 0, 2]",15,41.23044013977051,True,1.3831906496271777,666,0.0650390625
1101,4610,"[1, 0, 2]",15,41.239023208618164,False,1.3831906496271777,666,0.0650390625
1101,4611,"[1, 0, 2]",15,41.2442684173584,True,1.3831906496271777,666,0.0650390625
1101,4612,"[1, 0, 2]",15,41.252851486206055,False,1.3831906496271777,666,0.0650390625
1101,4613,"[1, 0, 2]",15,41.25809669494629,True,1.3831906496271777,666,0.0650390625
1101,4614,"[1, 0, 2]",15,41.27168655395508,False,1.3831906496271777,666,0.0650390625
1101,4615,"[1, 0, 2]",15,41.27669334411621,True,1.3831906496271777,666,0.0650390625
1101,4616,"[1, 0, 2]",15,41.28575325012207,False,1.3831906496271777,666,0.0650390625
1101,4617,"[1, 0, 2]",15,41.2907600402832,True,1.3831906496271777,666,0.0650390625
1101,4618,"[1, 0, 2]",15,41.29934310913086,False,1.3831906496271777,666,0.0650390625
1101,4619,"[1, 0, 2]",15,41.30434989929199,True,1.3831906496271777,666,0.0650390625
1101,4620,"[1, 0, 2]",15,41.31317138671875,False,1.3831906496271777,666,0.0650390625
1101,4621,"[1, 0, 2]",15,41.31817817687988,True,1.3831906496271777,666,0.0650390625
1101,4622,"[1, 0, 2]",15,41.32676124572754,False,1.3831906496271777,666,0.0650390625
1101,4623,"[1, 0, 2]",15,41.33200645446777,True,1.3831906496271777,666,0.0650390625
1101,4624,"[1, 0, 2]",15,41.34058952331543,False,1.3831906496271777,666,0.0650390625
1101,4625,"[1, 0, 2]",15,41.34535789489746,True,1.3831906496271777,666,0.0650390625
1101,4626,"[1, 0, 2]",15,41.35394096374512,False,1.3831906496271777,666,0.0650390625
1101,4627,"[1, 0, 2]",15,41.35918617248535,True,1.3831906496271777,666,0.0650390625
1101,4628,"[1, 0, 2]",15,41.367530822753906,False,1.3831906496271777,666,0.0650390625
1101,4629,"[1, 0, 2]",15,41.37277603149414,True,1.3831906496271777,666,0.0650390625
1101,4630,"[1, 0, 2]",15,41.381120681762695,False,1.3831906496271777,666,0.0650390625
1101,4631,"[1, 0, 2]",15,41.38636589050293,True,1.3831906496271777,666,0.0650390625
1101,4632,"[1, 0, 2]",15,41.394948959350586,False,1.3831906496271777,666,0.0650390625
1101,4633,"[1, 0, 2]",15,41.4280891418457,True,1.3831906496271777,666,0.0650390625
1101,4634,"[1, 0, 2]",15,41.44930839538574,False,1.3831906496271777,666,0.0650390625
1101,4635,"[1, 0, 2]",15,41.463375091552734,True,1.3831906496271777,666,0.0650390625
1101,4636,"[1, 0, 2]",15,41.47648811340332,False,1.3831906496271777,666,0.0650390625
1101,4637,"[1, 0, 2]",15,41.48292541503906,True,1.3831906496271777,666,0.0650390625
1101,4638,"[1, 0, 2]",15,41.49293899536133,False,1.3831906496271777,666,0.0650390625
1101,4639,"[1, 0, 2]",15,41.49889945983887,True,1.3831906496271777,666,0.0650390625
1101,4640,"[1, 0, 2]",15,41.50843620300293,False,1.3831906496271777,666,0.0650390625
1101,4641,"[1, 0, 2]",15,41.513681411743164,True,1.3831906496271777,666,0.0650390625
1101,4642,"[1, 0, 2]",15,41.52274131774902,False,1.3831906496271777,666,0.0650390625
1101,4643,"[1, 0, 2]",15,41.52822494506836,True,1.3831906496271777,666,0.0650390625
1101,4644,"[1, 0, 2]",15,41.536569595336914,False,1.3831906496271777,666,0.0650390625
1101,4645,"[1, 0, 2]",15,41.54157638549805,True,1.3831906496271777,666,0.0650390625
1101,4646,"[1, 0, 2]",15,41.550397872924805,False,1.3831906496271777,666,0.0650390625
1101,4647,"[1, 0, 2]",15,41.55588150024414,True,1.3831906496271777,666,0.0650390625
1101,4648,"[1, 0, 2]",15,41.564226150512695,False,1.3831906496271777,666,0.0650390625
1101,4649,"[1, 0, 2]",15,41.56970977783203,True,1.3831906496271777,666,0.0650390625
1101,4650,"[1, 0, 2]",15,41.578054428100586,False,1.3831906496271777,666,0.0650390625
1101,4651,"[1, 0, 2]",15,41.58306121826172,True,1.3831906496271777,666,0.0650390625
1101,4652,"[1, 0, 2]",15,41.59188270568848,False,1.3831906496271777,666,0.0650390625
1101,4653,"[1, 0, 2]",15,41.59688949584961,True,1.3831906496271777,666,0.0650390625
1101,4654,"[1, 0, 2]",15,41.610002517700195,False,1.3831906496271777,666,0.0650390625
1101,4655,"[1, 0, 2]",15,41.61572456359863,True,1.3831906496271777,666,0.0650390625
1101,4656,"[1, 0, 2]",15,41.631460189819336,False,1.3831906496271777,666,0.0650390625
1101,4657,"[1, 0, 2]",15,41.63670539855957,True,1.3831906496271777,666,0.0650390625
1101,4658,"[1, 0, 2]",15,41.64576530456543,False,1.3831906496271777,666,0.0650390625
1101,4659,"[1, 0, 2]",15,41.65077209472656,True,1.3831906496271777,666,0.0650390625
1101,4660,"[1, 0, 2]",15,41.65959358215332,False,1.3831906496271777,666,0.0650390625
1101,4661,"[1, 0, 2]",15,41.664838790893555,True,1.3831906496271777,666,0.0650390625
1101,4662,"[1, 0, 2]",15,41.67342185974121,False,1.3831906496271777,666,0.0650390625
1101,4663,"[1, 0, 2]",15,41.678428649902344,True,1.3831906496271777,666,0.0650390625
1101,4664,"[1, 0, 2]",15,41.687965393066406,False,1.3831906496271777,666,0.0650390625
1101,4665,"[1, 0, 2]",15,41.69297218322754,True,1.3831906496271777,666,0.0650390625
1101,4666,"[1, 0, 2]",15,41.7017936706543,False,1.3831906496271777,666,0.0650390625
1101,4667,"[1, 0, 2]",15,41.70680046081543,True,1.3831906496271777,666,0.0650390625
1101,4668,"[1, 0, 2]",15,41.71586036682129,False,1.3831906496271777,666,0.0650390625
1101,4669,"[1, 0, 2]",15,41.72086715698242,True,1.3831906496271777,666,0.0650390625
1101,4670,"[1, 0, 2]",15,41.72992706298828,False,1.3831906496271777,666,0.0650390625
1101,4671,"[1, 0, 2]",15,41.734933853149414,True,1.3831906496271777,666,0.0650390625
1101,4672,"[1, 0, 2]",15,41.74399375915527,False,1.3831906496271777,666,0.0650390625
1101,4673,"[1, 0, 2]",15,41.749000549316406,True,1.3831906496271777,666,0.0650390625
1101,4674,"[1, 0, 2]",15,41.75758361816406,False,1.3831906496271777,666,0.0650390625
1101,4675,"[1, 0, 2]",15,41.762590408325195,True,1.3831906496271777,666,0.0650390625
1101,4676,"[1, 0, 2]",15,41.77141189575195,False,1.3831906496271777,666,0.0650390625
1101,4677,"[1, 0, 2]",15,41.78023338317871,True,1.3831906496271777,666,0.0650390625
1101,4678,"[1, 0, 2]",15,41.78929328918457,False,1.3831906496271777,666,0.0650390625
1101,4679,"[1, 0, 2]",15,41.7943000793457,True,1.3831906496271777,666,0.0650390625
1101,4680,"[1, 0, 2]",15,41.80312156677246,False,1.3831906496271777,666,0.0650390625
1101,4681,"[1, 0, 2]",15,41.808128356933594,True,1.3831906496271777,666,0.0650390625
1101,4682,"[1, 0, 2]",15,41.81671142578125,False,1.3831906496271777,666,0.0650390625
1101,4683,"[1, 0, 2]",15,41.82147979736328,True,1.3831906496271777,666,0.0650390625
1101,4684,"[1, 0, 2]",15,41.83030128479004,False,1.3831906496271777,666,0.0650390625
1101,4685,"[1, 0, 2]",15,41.83506965637207,True,1.3831906496271777,666,0.0650390625
1101,4686,"[1, 0, 2]",15,41.84365272521973,False,1.3831906496271777,666,0.0650390625
1101,4687,"[1, 0, 2]",15,41.84889793395996,True,1.3831906496271777,666,0.0650390625
1101,4688,"[1, 0, 2]",15,41.857242584228516,False,1.3831906496271777,666,0.0650390625
1101,4689,"[1, 0, 2]",15,41.86224937438965,True,1.3831906496271777,666,0.0650390625
1101,4690,"[1, 0, 2]",15,41.870832443237305,False,1.3831906496271777,666,0.0650390625
1101,4691,"[1, 0, 2]",15,41.87607765197754,True,1.3831906496271777,666,0.0650390625
1101,4692,"[1, 0, 2]",15,41.884422302246094,False,1.3831906496271777,666,0.0650390625
1101,4693,"[1, 0, 2]",15,41.88966751098633,True,1.3831906496271777,666,0.0650390625
1101,4694,"[1, 0, 2]",15,41.898250579833984,False,1.3831906496271777,666,0.0650390625
1101,4695,"[1, 0, 2]",15,41.90349578857422,True,1.3831906496271777,666,0.0650390625
1101,4696,"[1, 0, 2]",15,41.912078857421875,False,1.3831906496271777,666,0.0650390625
1101,4697,"[1, 0, 2]",15,41.91732406616211,True,1.3831906496271777,666,0.0650390625
1101,4698,"[1, 0, 2]",15,41.92972183227539,False,1.3831906496271777,666,0.0650390625
1101,4699,"[1, 0, 2]",15,41.934967041015625,True,1.3831906496271777,666,0.0650390625
1101,4700,"[1, 0, 2]",15,41.94378852844238,False,1.3831906496271777,666,0.0650390625
1101,4701,"[1, 0, 2]",15,41.948795318603516,True,1.3831906496271777,666,0.0650390625
1101,4702,"[1, 0, 2]",15,41.95761680603027,False,1.3831906496271777,666,0.0650390625
1101,4703,"[1, 0, 2]",15,41.96286201477051,True,1.3831906496271777,666,0.0650390625
1101,4704,"[1, 0, 2]",15,41.97120666503906,False,1.3831906496271777,666,0.0650390625
1101,4705,"[1, 0, 2]",15,41.976213455200195,True,1.3831906496271777,666,0.0650390625
1101,4706,"[1, 0, 2]",15,41.98479652404785,False,1.3831906496271777,666,0.0650390625
1101,4707,"[1, 0, 2]",15,41.989803314208984,True,1.3831906496271777,666,0.0650390625
1101,4708,"[1, 0, 2]",15,41.99814796447754,False,1.3831906496271777,666,0.0650390625
1101,4709,"[1, 0, 2]",15,42.00291633605957,True,1.3831906496271777,666,0.0650390625
1101,4710,"[1, 0, 2]",15,42.01149940490723,False,1.3831906496271777,666,0.0650390625
1101,4711,"[1, 0, 2]",15,42.01650619506836,True,1.3831906496271777,666,0.0650390625
1101,4712,"[1, 0, 2]",15,42.02532768249512,False,1.3831906496271777,666,0.0650390625
1101,4713,"[1, 0, 2]",15,42.03391075134277,True,1.3831906496271777,666,0.0650390625
1101,4714,"[1, 0, 2]",15,42.04273223876953,False,1.3831906496271777,666,0.0650390625
1101,4715,"[1, 0, 2]",15,42.047977447509766,True,1.3831906496271777,666,0.0650390625
1101,4716,"[1, 0, 2]",15,42.05727577209473,False,1.3831906496271777,666,0.0650390625
1101,4717,"[1, 0, 2]",15,42.06275939941406,True,1.3831906496271777,666,0.0650390625
1101,4718,"[1, 0, 2]",15,42.07134246826172,False,1.3831906496271777,666,0.0650390625
1101,4719,"[1, 0, 2]",15,42.08064079284668,True,1.3831906496271777,666,0.0650390625
1101,4720,"[1, 0, 2]",15,42.08946228027344,False,1.3831906496271777,666,0.0650390625
1101,4721,"[1, 0, 2]",15,42.09446907043457,True,1.3831906496271777,666,0.0650390625
1101,4722,"[1, 0, 2]",15,42.10305213928223,False,1.3831906496271777,666,0.0650390625
1101,4723,"[1, 0, 2]",15,42.10829734802246,True,1.3831906496271777,666,0.0650390625
1101,4724,"[1, 0, 2]",15,42.11711883544922,False,1.3831906496271777,666,0.0650390625
1101,4725,"[1, 0, 2]",15,42.12236404418945,True,1.3831906496271777,666,0.0650390625
1101,4726,"[1, 0, 2]",15,42.13094711303711,False,1.3831906496271777,666,0.0650390625
1101,4727,"[1, 0, 2]",15,42.136430740356445,True,1.3831906496271777,666,0.0650390625
1101,4728,"[1, 0, 2]",15,42.144775390625,False,1.3831906496271777,666,0.0650390625
1101,4729,"[1, 0, 2]",15,42.14978218078613,True,1.3831906496271777,666,0.0650390625
1101,4730,"[1, 0, 2]",15,42.15812683105469,False,1.3831906496271777,666,0.0650390625
1101,4731,"[1, 0, 2]",15,42.16337203979492,True,1.3831906496271777,666,0.0650390625
1101,4732,"[1, 0, 2]",15,42.17195510864258,False,1.3831906496271777,666,0.0650390625
1101,4733,"[1, 0, 2]",15,42.17720031738281,True,1.3831906496271777,666,0.0650390625
1101,4734,"[1, 0, 2]",15,42.18602180480957,False,1.3831906496271777,666,0.0650390625
1101,4735,"[1, 0, 2]",15,42.191267013549805,True,1.3831906496271777,666,0.0650390625
1101,4736,"[1, 0, 2]",15,42.19961166381836,False,1.3831906496271777,666,0.0650390625
1101,4737,"[1, 0, 2]",15,42.20461845397949,True,1.3831906496271777,666,0.0650390625
1101,4738,"[1, 0, 2]",15,42.217254638671875,False,1.3831906496271777,666,0.0650390625
1101,4739,"[1, 0, 2]",15,42.22249984741211,True,1.3831906496271777,666,0.0650390625
1101,4740,"[1, 0, 2]",15,42.2358512878418,False,1.3831906496271777,666,0.0650390625
1101,4741,"[1, 0, 2]",15,42.24085807800293,True,1.3831906496271777,666,0.0650390625
1101,4742,"[1, 0, 2]",15,42.249441146850586,False,1.3831906496271777,666,0.0650390625
1101,4743,"[1, 0, 2]",15,42.25492477416992,True,1.3831906496271777,666,0.0650390625
1101,4744,"[1, 0, 2]",15,42.26326942443848,False,1.3831906496271777,666,0.0650390625
1101,4745,"[1, 0, 2]",15,42.26851463317871,True,1.3831906496271777,666,0.0650390625
1101,4746,"[1, 0, 2]",15,42.276859283447266,False,1.3831906496271777,666,0.0650390625
1101,4747,"[1, 0, 2]",15,42.2821044921875,True,1.3831906496271777,666,0.0650390625
1101,4748,"[1, 0, 2]",15,42.290687561035156,False,1.3831906496271777,666,0.0650390625
1101,4749,"[1, 0, 2]",15,42.29593276977539,True,1.3831906496271777,666,0.0650390625
1101,4750,"[1, 0, 2]",15,42.30451583862305,False,1.3831906496271777,666,0.0650390625
1101,4751,"[1, 0, 2]",15,42.30952262878418,True,1.3831906496271777,666,0.0650390625
1101,4752,"[1, 0, 2]",15,42.318105697631836,False,1.3831906496271777,666,0.0650390625
1101,4753,"[1, 0, 2]",15,42.32311248779297,True,1.3831906496271777,666,0.0650390625
1101,4754,"[1, 0, 2]",15,42.33145713806152,False,1.3831906496271777,666,0.0650390625
1101,4755,"[1, 0, 2]",15,42.336463928222656,True,1.3831906496271777,666,0.0650390625
1101,4756,"[1, 0, 2]",15,42.34504699707031,False,1.3831906496271777,666,0.0650390625
1101,4757,"[1, 0, 2]",15,42.349815368652344,True,1.3831906496271777,666,0.0650390625
1101,4758,"[1, 0, 2]",15,42.3588752746582,False,1.3831906496271777,666,0.0650390625
1101,4759,"[1, 0, 2]",15,42.363882064819336,True,1.3831906496271777,666,0.0650390625
1101,4760,"[1, 0, 2]",15,42.372703552246094,False,1.3831906496271777,666,0.0650390625
1101,4761,"[1, 0, 2]",15,42.38486289978027,True,1.3831906496271777,666,0.0650390625
1101,4762,"[1, 0, 2]",15,42.39368438720703,False,1.3831906496271777,666,0.0650390625
1101,4763,"[1, 0, 2]",15,42.398691177368164,True,1.3831906496271777,666,0.0650390625
1101,4764,"[1, 0, 2]",15,42.40751266479492,False,1.3831906496271777,666,0.0650390625
1101,4765,"[1, 0, 2]",15,42.412519454956055,True,1.3831906496271777,666,0.0650390625
1101,4766,"[1, 0, 2]",15,42.42134094238281,False,1.3831906496271777,666,0.0650390625
1101,4767,"[1, 0, 2]",15,42.426347732543945,True,1.3831906496271777,666,0.0650390625
1101,4768,"[1, 0, 2]",15,42.4351692199707,False,1.3831906496271777,666,0.0650390625
1101,4769,"[1, 0, 2]",15,42.440176010131836,True,1.3831906496271777,666,0.0650390625
1101,4770,"[1, 0, 2]",15,42.45162010192871,False,1.3831906496271777,666,0.0650390625
1101,4771,"[1, 0, 2]",15,42.456626892089844,True,1.3831906496271777,666,0.0650390625
1101,4772,"[1, 0, 2]",15,42.4654483795166,False,1.3831906496271777,666,0.0650390625
1101,4773,"[1, 0, 2]",15,42.47021675109863,True,1.3831906496271777,666,0.0650390625
1101,4774,"[1, 0, 2]",15,42.47856140136719,False,1.3831906496271777,666,0.0650390625
1101,4775,"[1, 0, 2]",15,42.48380661010742,True,1.3831906496271777,666,0.0650390625
1101,4776,"[1, 0, 2]",15,42.49215126037598,False,1.3831906496271777,666,0.0650390625
1101,4777,"[1, 0, 2]",15,42.49739646911621,True,1.3831906496271777,666,0.0650390625
1101,4778,"[1, 0, 2]",15,42.505741119384766,False,1.3831906496271777,666,0.0650390625
1101,4779,"[1, 0, 2]",15,42.5107479095459,True,1.3831906496271777,666,0.0650390625
1101,4780,"[1, 0, 2]",15,42.519569396972656,False,1.3831906496271777,666,0.0650390625
1101,4781,"[1, 0, 2]",15,42.52457618713379,True,1.3831906496271777,666,0.0650390625
1101,4782,"[1, 0, 2]",15,42.53697395324707,False,1.3831906496271777,666,0.0650390625
1101,4783,"[1, 0, 2]",15,42.542219161987305,True,1.3831906496271777,666,0.0650390625
1101,4784,"[1, 0, 2]",15,42.55080223083496,False,1.3831906496271777,666,0.0650390625
1101,4785,"[1, 0, 2]",15,42.556047439575195,True,1.3831906496271777,666,0.0650390625
1101,4786,"[1, 0, 2]",15,42.56463050842285,False,1.3831906496271777,666,0.0650390625
1101,4787,"[1, 0, 2]",15,42.569637298583984,True,1.3831906496271777,666,0.0650390625
1101,4788,"[1, 0, 2]",15,42.57845878601074,False,1.3831906496271777,666,0.0650390625
1101,4789,"[1, 0, 2]",15,42.58418083190918,True,1.3831906496271777,666,0.0650390625
1101,4790,"[1, 0, 2]",15,42.595863342285156,False,1.3831906496271777,666,0.0650390625
1101,4791,"[1, 0, 2]",15,42.60110855102539,True,1.3831906496271777,666,0.0650390625
1101,4792,"[1, 0, 2]",15,42.609453201293945,False,1.3831906496271777,666,0.0650390625
1101,4793,"[1, 0, 2]",15,42.61469841003418,True,1.3831906496271777,666,0.0650390625
1101,4794,"[1, 0, 2]",15,42.623281478881836,False,1.3831906496271777,666,0.0650390625
1101,4795,"[1, 0, 2]",15,42.62852668762207,True,1.3831906496271777,666,0.0650390625
1101,4796,"[1, 0, 2]",15,42.63758659362793,False,1.3831906496271777,666,0.0650390625
1101,4797,"[1, 0, 2]",15,42.642831802368164,True,1.3831906496271777,666,0.0650390625
1101,4798,"[1, 0, 2]",15,42.65141487121582,False,1.3831906496271777,666,0.0650390625
1101,4799,"[1, 0, 2]",15,42.656660079956055,True,1.3831906496271777,666,0.0650390625
1101,4800,"[1, 0, 2]",15,42.66500473022461,False,1.3831906496271777,666,0.0650390625
1101,4801,"[1, 0, 2]",15,42.66977310180664,True,1.3831906496271777,666,0.0650390625
1101,4802,"[1, 0, 2]",15,42.6788330078125,False,1.3831906496271777,666,0.0650390625
1101,4803,"[1, 0, 2]",15,42.68789291381836,True,1.3831906496271777,666,0.0650390625
1101,4804,"[1, 0, 2]",15,42.696237564086914,False,1.3831906496271777,666,0.0650390625
1101,4805,"[1, 0, 2]",15,42.70148277282715,True,1.3831906496271777,666,0.0650390625
1101,4806,"[1, 0, 2]",15,42.710065841674805,False,1.3831906496271777,666,0.0650390625
1101,4807,"[1, 0, 2]",15,42.71531105041504,True,1.3831906496271777,666,0.0650390625
1101,4808,"[1, 0, 2]",15,42.723894119262695,False,1.3831906496271777,666,0.0650390625
1101,4809,"[1, 0, 2]",15,42.72866249084473,True,1.3831906496271777,666,0.0650390625
1101,4810,"[1, 0, 2]",15,42.73724555969238,False,1.3831906496271777,666,0.0650390625
1101,4811,"[1, 0, 2]",15,42.742252349853516,True,1.3831906496271777,666,0.0650390625
1101,4812,"[1, 0, 2]",15,42.75107383728027,False,1.3831906496271777,666,0.0650390625
1101,4813,"[1, 0, 2]",15,42.755842208862305,True,1.3831906496271777,666,0.0650390625
1101,4814,"[1, 0, 2]",15,42.78254508972168,False,1.3831906496271777,666,0.0650390625
1101,4815,"[1, 0, 2]",15,42.78755187988281,True,1.3831906496271777,666,0.0650390625
1101,4816,"[1, 0, 2]",15,42.79589653015137,False,1.3831906496271777,666,0.0650390625
1101,4817,"[1, 0, 2]",15,42.8009033203125,True,1.3831906496271777,666,0.0650390625
1101,4818,"[1, 0, 2]",15,42.809486389160156,False,1.3831906496271777,666,0.0650390625
1101,4819,"[1, 0, 2]",15,42.81425476074219,True,1.3831906496271777,666,0.0650390625
1101,4820,"[1, 0, 2]",15,42.82259941101074,False,1.3831906496271777,666,0.0650390625
1101,4821,"[1, 0, 2]",15,42.82784461975098,True,1.3831906496271777,666,0.0650390625
1101,4822,"[1, 0, 2]",15,42.83952713012695,False,1.3831906496271777,666,0.0650390625
1101,4823,"[1, 0, 2]",15,42.84501075744629,True,1.3831906496271777,666,0.0650390625
1101,4824,"[1, 0, 2]",15,42.856693267822266,False,1.3831906496271777,666,0.0650390625
1101,4825,"[1, 0, 2]",15,42.8619384765625,True,1.3831906496271777,666,0.0650390625
1101,4826,"[1, 0, 2]",15,42.870283126831055,False,1.3831906496271777,666,0.0650390625
1101,4827,"[1, 0, 2]",15,42.87552833557129,True,1.3831906496271777,666,0.0650390625
1101,4828,"[1, 0, 2]",15,42.88434982299805,False,1.3831906496271777,666,0.0650390625
1101,4829,"[1, 0, 2]",15,42.88935661315918,True,1.3831906496271777,666,0.0650390625
1101,4830,"[1, 0, 2]",15,42.897701263427734,False,1.3831906496271777,666,0.0650390625
1101,4831,"[1, 0, 2]",15,42.902469635009766,True,1.3831906496271777,666,0.0650390625
1101,4832,"[1, 0, 2]",15,42.91105270385742,False,1.3831906496271777,666,0.0650390625
1101,4833,"[1, 0, 2]",15,42.91582107543945,True,1.3831906496271777,666,0.0650390625
1101,4834,"[1, 0, 2]",15,42.92464256286621,False,1.3831906496271777,666,0.0650390625
1101,4835,"[1, 0, 2]",15,42.92941093444824,True,1.3831906496271777,666,0.0650390625
1101,4836,"[1, 0, 2]",15,42.9379940032959,False,1.3831906496271777,666,0.0650390625
1101,4837,"[1, 0, 2]",15,42.94276237487793,True,1.3831906496271777,666,0.0650390625
1101,4838,"[1, 0, 2]",15,42.951345443725586,False,1.3831906496271777,666,0.0650390625
1101,4839,"[1, 0, 2]",15,42.95611381530762,True,1.3831906496271777,666,0.0650390625
1101,4840,"[1, 0, 2]",15,42.96445846557617,False,1.3831906496271777,666,0.0650390625
1101,4841,"[1, 0, 2]",15,42.969703674316406,True,1.3831906496271777,666,0.0650390625
1101,4842,"[1, 0, 2]",15,42.97804832458496,False,1.3831906496271777,666,0.0650390625
1101,4843,"[1, 0, 2]",15,42.983293533325195,True,1.3831906496271777,666,0.0650390625
1101,4844,"[1, 0, 2]",15,42.99163818359375,False,1.3831906496271777,666,0.0650390625
1101,4845,"[1, 0, 2]",15,43.04170608520508,True,1.3831906496271777,666,0.0650390625
1101,4846,"[1, 0, 2]",15,43.06340217590332,False,1.3831906496271777,666,0.0650390625
1101,4847,"[1, 0, 2]",15,43.07126998901367,True,1.3831906496271777,666,0.0650390625
1101,4848,"[1, 0, 2]",15,43.084144592285156,False,1.3831906496271777,666,0.0650390625
1101,4849,"[1, 0, 2]",15,43.0905818939209,True,1.3831906496271777,666,0.0650390625
1101,4850,"[1, 0, 2]",15,43.10035705566406,False,1.3831906496271777,666,0.0650390625
1101,4851,"[1, 0, 2]",15,43.1060791015625,True,1.3831906496271777,666,0.0650390625
1101,4852,"[1, 0, 2]",15,43.11513900756836,False,1.3831906496271777,666,0.0650390625
1101,4853,"[1, 0, 2]",15,43.120384216308594,True,1.3831906496271777,666,0.0650390625
1101,4854,"[1, 0, 2]",15,43.12944412231445,False,1.3831906496271777,666,0.0650390625
1101,4855,"[1, 0, 2]",15,43.13468933105469,True,1.3831906496271777,666,0.0650390625
1101,4856,"[1, 0, 2]",15,43.143510818481445,False,1.3831906496271777,666,0.0650390625
1101,4857,"[1, 0, 2]",15,43.14875602722168,True,1.3831906496271777,666,0.0650390625
1101,4858,"[1, 0, 2]",15,43.157339096069336,False,1.3831906496271777,666,0.0650390625
1101,4859,"[1, 0, 2]",15,43.16234588623047,True,1.3831906496271777,666,0.0650390625
1101,4860,"[1, 0, 2]",15,43.17116737365723,False,1.3831906496271777,666,0.0650390625
1101,4861,"[1, 0, 2]",15,43.17593574523926,True,1.3831906496271777,666,0.0650390625
1101,4862,"[1, 0, 2]",15,43.184757232666016,False,1.3831906496271777,666,0.0650390625
1101,4863,"[1, 0, 2]",15,43.18976402282715,True,1.3831906496271777,666,0.0650390625
1101,4864,"[1, 0, 2]",15,43.198585510253906,False,1.3831906496271777,666,0.0650390625
1101,4865,"[1, 0, 2]",15,43.20383071899414,True,1.3831906496271777,666,0.0650390625
1101,4866,"[1, 0, 2]",15,43.21718215942383,False,1.3831906496271777,666,0.0650390625
1101,4867,"[1, 0, 2]",15,43.222665786743164,True,1.3831906496271777,666,0.0650390625
1101,4868,"[1, 0, 2]",15,43.23101043701172,False,1.3831906496271777,666,0.0650390625
1101,4869,"[1, 0, 2]",15,43.23625564575195,True,1.3831906496271777,666,0.0650390625
1101,4870,"[1, 0, 2]",15,43.24483871459961,False,1.3831906496271777,666,0.0650390625
1101,4871,"[1, 0, 2]",15,43.24960708618164,True,1.3831906496271777,666,0.0650390625
1101,4872,"[1, 0, 2]",15,43.2581901550293,False,1.3831906496271777,666,0.0650390625
1101,4873,"[1, 0, 2]",15,43.26319694519043,True,1.3831906496271777,666,0.0650390625
1101,4874,"[1, 0, 2]",15,43.271780014038086,False,1.3831906496271777,666,0.0650390625
1101,4875,"[1, 0, 2]",15,43.27678680419922,True,1.3831906496271777,666,0.0650390625
1101,4876,"[1, 0, 2]",15,43.28560829162598,False,1.3831906496271777,666,0.0650390625
1101,4877,"[1, 0, 2]",15,43.29061508178711,True,1.3831906496271777,666,0.0650390625
1101,4878,"[1, 0, 2]",15,43.299198150634766,False,1.3831906496271777,666,0.0650390625
1101,4879,"[1, 0, 2]",15,43.304443359375,True,1.3831906496271777,666,0.0650390625
1101,4880,"[1, 0, 2]",15,43.313026428222656,False,1.3831906496271777,666,0.0650390625
1101,4881,"[1, 0, 2]",15,43.32160949707031,True,1.3831906496271777,666,0.0650390625
1101,4882,"[1, 0, 2]",15,43.33090782165527,False,1.3831906496271777,666,0.0650390625
1101,4883,"[1, 0, 2]",15,43.33615303039551,True,1.3831906496271777,666,0.0650390625
1101,4884,"[1, 0, 2]",15,43.344974517822266,False,1.3831906496271777,666,0.0650390625
1101,4885,"[1, 0, 2]",15,43.3506965637207,True,1.3831906496271777,666,0.0650390625
1101,4886,"[1, 0, 2]",15,43.35975646972656,False,1.3831906496271777,666,0.0650390625
1101,4887,"[1, 0, 2]",15,43.36810111999512,True,1.3831906496271777,666,0.0650390625
1101,4888,"[1, 0, 2]",15,43.37668418884277,False,1.3831906496271777,666,0.0650390625
1101,4889,"[1, 0, 2]",15,43.38192939758301,True,1.3831906496271777,666,0.0650390625
1101,4890,"[1, 0, 2]",15,43.39027404785156,False,1.3831906496271777,666,0.0650390625
1101,4891,"[1, 0, 2]",15,43.395280838012695,True,1.3831906496271777,666,0.0650390625
1101,4892,"[1, 0, 2]",15,43.40410232543945,False,1.3831906496271777,666,0.0650390625
1101,4893,"[1, 0, 2]",15,43.408870697021484,True,1.3831906496271777,666,0.0650390625
1101,4894,"[1, 0, 2]",15,43.41745376586914,False,1.3831906496271777,666,0.0650390625
1101,4895,"[1, 0, 2]",15,43.44534873962402,True,1.3831906496271777,666,0.0650390625
1101,4896,"[1, 0, 2]",15,43.46609115600586,False,1.3831906496271777,666,0.0650390625
1101,4897,"[1, 0, 2]",15,43.49875450134277,True,1.3831906496271777,666,0.0650390625
1101,4898,"[1, 0, 2]",15,43.55287551879883,False,1.3831906496271777,666,0.0650390625
1101,4899,"[1, 0, 2]",15,43.57028007507324,True,1.3831906496271777,666,0.0650390625
1101,4900,"[1, 0, 2]",15,43.592214584350586,False,1.3831906496271777,666,0.0650390625
1101,4901,"[1, 0, 2]",15,43.60055923461914,True,1.3831906496271777,666,0.0650390625
1101,4902,"[1, 0, 2]",15,43.61295700073242,False,1.3831906496271777,666,0.0650390625
1101,4903,"[1, 0, 2]",15,43.62010955810547,True,1.3831906496271777,666,0.0650390625
1101,4904,"[1, 0, 2]",15,43.630361557006836,False,1.3831906496271777,666,0.0650390625
1101,4905,"[1, 0, 2]",15,43.636322021484375,True,1.3831906496271777,666,0.0650390625
1101,4906,"[1, 0, 2]",15,43.651580810546875,False,1.3831906496271777,666,0.0650390625
1101,4907,"[1, 0, 2]",15,43.657779693603516,True,1.3831906496271777,666,0.0650390625
1101,4908,"[1, 0, 2]",15,43.6708927154541,False,1.3831906496271777,666,0.0650390625
1101,4909,"[1, 0, 2]",15,43.67661476135254,True,1.3831906496271777,666,0.0650390625
1101,4910,"[1, 0, 2]",15,43.6856746673584,False,1.3831906496271777,666,0.0650390625
1101,4911,"[1, 0, 2]",15,43.691158294677734,True,1.3831906496271777,666,0.0650390625
1101,4912,"[1, 0, 2]",15,43.69974136352539,False,1.3831906496271777,666,0.0650390625
1101,4913,"[1, 0, 2]",15,43.704986572265625,True,1.3831906496271777,666,0.0650390625
1101,4914,"[1, 0, 2]",15,43.71356964111328,False,1.3831906496271777,666,0.0650390625
1101,4915,"[1, 0, 2]",15,43.718814849853516,True,1.3831906496271777,666,0.0650390625
1101,4916,"[1, 0, 2]",15,43.72715950012207,False,1.3831906496271777,666,0.0650390625
1101,4917,"[1, 0, 2]",15,43.7319278717041,True,1.3831906496271777,666,0.0650390625
1101,4918,"[1, 0, 2]",15,43.74051094055176,False,1.3831906496271777,666,0.0650390625
1101,4919,"[1, 0, 2]",15,43.74551773071289,True,1.3831906496271777,666,0.0650390625
1101,4920,"[1, 0, 2]",15,43.75410079956055,False,1.3831906496271777,666,0.0650390625
1101,4921,"[1, 0, 2]",15,43.75934600830078,True,1.3831906496271777,666,0.0650390625
1101,4922,"[1, 0, 2]",15,43.76792907714844,False,1.3831906496271777,666,0.0650390625
1101,4923,"[1, 0, 2]",15,43.77317428588867,True,1.3831906496271777,666,0.0650390625
1101,4924,"[1, 0, 2]",15,43.78199577331543,False,1.3831906496271777,666,0.0650390625
1101,4925,"[1, 0, 2]",15,43.78676414489746,True,1.3831906496271777,666,0.0650390625
1101,4926,"[1, 0, 2]",15,43.79534721374512,False,1.3831906496271777,666,0.0650390625
1101,4927,"[1, 0, 2]",15,43.80011558532715,True,1.3831906496271777,666,0.0650390625
1101,4928,"[1, 0, 2]",15,43.8082218170166,False,1.3831906496271777,666,0.0650390625
1101,4929,"[1, 0, 2]",15,43.81680488586426,True,1.3831906496271777,666,0.0650390625
1101,4930,"[1, 0, 2]",15,43.825626373291016,False,1.3831906496271777,666,0.0650390625
1101,4931,"[1, 0, 2]",15,43.83063316345215,True,1.3831906496271777,666,0.0650390625
1101,4932,"[1, 0, 2]",15,43.8389778137207,False,1.3831906496271777,666,0.0650390625
1101,4933,"[1, 0, 2]",15,43.843984603881836,True,1.3831906496271777,666,0.0650390625
1101,4934,"[1, 0, 2]",15,43.85232925415039,False,1.3831906496271777,666,0.0650390625
1101,4935,"[1, 0, 2]",15,43.85709762573242,True,1.3831906496271777,666,0.0650390625
1101,4936,"[1, 0, 2]",15,43.86568069458008,False,1.3831906496271777,666,0.0650390625
1101,4937,"[1, 0, 2]",15,43.87044906616211,True,1.3831906496271777,666,0.0650390625
1101,4938,"[1, 0, 2]",15,43.879032135009766,False,1.3831906496271777,666,0.0650390625
1101,4939,"[1, 0, 2]",15,43.8838005065918,True,1.3831906496271777,666,0.0650390625
1101,4940,"[1, 0, 2]",15,43.892621994018555,False,1.3831906496271777,666,0.0650390625
1101,4941,"[1, 0, 2]",15,43.897390365600586,True,1.3831906496271777,666,0.0650390625
1101,4942,"[1, 0, 2]",15,43.93315315246582,False,1.3831906496271777,666,0.0650390625
1101,4943,"[1, 0, 2]",15,43.938398361206055,True,1.3831906496271777,666,0.0650390625
1101,4944,"[1, 0, 2]",15,43.94650459289551,False,1.3831906496271777,666,0.0650390625
1101,4945,"[1, 0, 2]",15,43.95151138305664,True,1.3831906496271777,666,0.0650390625
1101,4946,"[1, 0, 2]",15,43.9600944519043,False,1.3831906496271777,666,0.0650390625
1101,4947,"[1, 0, 2]",15,43.96533966064453,True,1.3831906496271777,666,0.0650390625
1101,4948,"[1, 0, 2]",15,43.97392272949219,False,1.3831906496271777,666,0.0650390625
1101,4949,"[1, 0, 2]",15,43.97892951965332,True,1.3831906496271777,666,0.0650390625
1101,4950,"[1, 0, 2]",15,43.9910888671875,False,1.3831906496271777,666,0.0650390625
1101,4951,"[1, 0, 2]",15,43.996572494506836,True,1.3831906496271777,666,0.0650390625
1101,4952,"[1, 0, 2]",15,44.00491714477539,False,1.3831906496271777,666,0.0650390625
1101,4953,"[1, 0, 2]",15,44.00968551635742,True,1.3831906496271777,666,0.0650390625
1101,4954,"[1, 0, 2]",15,44.01850700378418,False,1.3831906496271777,666,0.0650390625
1101,4955,"[1, 0, 2]",15,44.02327537536621,True,1.3831906496271777,666,0.0650390625
1101,4956,"[1, 0, 2]",15,44.03209686279297,False,1.3831906496271777,666,0.0650390625
1101,4957,"[1, 0, 2]",15,44.0371036529541,True,1.3831906496271777,666,0.0650390625
1101,4958,"[1, 0, 2]",15,44.04568672180176,False,1.3831906496271777,666,0.0650390625
1101,4959,"[1, 0, 2]",15,44.05069351196289,True,1.3831906496271777,666,0.0650390625
1101,4960,"[1, 0, 2]",15,44.05951499938965,False,1.3831906496271777,666,0.0650390625
1101,4961,"[1, 0, 2]",15,44.06452178955078,True,1.3831906496271777,666,0.0650390625
1101,4962,"[1, 0, 2]",15,44.07310485839844,False,1.3831906496271777,666,0.0650390625
1101,4963,"[1, 0, 2]",15,44.07787322998047,True,1.3831906496271777,666,0.0650390625
1101,4964,"[1, 0, 2]",15,44.08621788024902,False,1.3831906496271777,666,0.0650390625
1101,4965,"[1, 0, 2]",15,44.091224670410156,True,1.3831906496271777,666,0.0650390625
1101,4966,"[1, 0, 2]",15,44.09980773925781,False,1.3831906496271777,666,0.0650390625
1101,4967,"[1, 0, 2]",15,44.104814529418945,True,1.3831906496271777,666,0.0650390625
1101,4968,"[1, 0, 2]",15,44.1133975982666,False,1.3831906496271777,666,0.0650390625
1101,4969,"[1, 0, 2]",15,44.118404388427734,True,1.3831906496271777,666,0.0650390625
1101,4970,"[1, 0, 2]",15,44.12698745727539,False,1.3831906496271777,666,0.0650390625
1101,4971,"[1, 0, 2]",15,44.13604736328125,True,1.3831906496271777,666,0.0650390625
1101,4972,"[1, 0, 2]",15,44.14486885070801,False,1.3831906496271777,666,0.0650390625
1101,4973,"[1, 0, 2]",15,44.14987564086914,True,1.3831906496271777,666,0.0650390625
1101,4974,"[1, 0, 2]",15,44.158220291137695,False,1.3831906496271777,666,0.0650390625
1101,4975,"[1, 0, 2]",15,44.16370391845703,True,1.3831906496271777,666,0.0650390625
1101,4976,"[1, 0, 2]",15,44.172048568725586,False,1.3831906496271777,666,0.0650390625
1101,4977,"[1, 0, 2]",15,44.17705535888672,True,1.3831906496271777,666,0.0650390625
1101,4978,"[1, 0, 2]",15,44.185638427734375,False,1.3831906496271777,666,0.0650390625
1101,4979,"[1, 0, 2]",15,44.19088363647461,True,1.3831906496271777,666,0.0650390625
1101,4980,"[1, 0, 2]",15,44.199466705322266,False,1.3831906496271777,666,0.0650390625
1101,4981,"[1, 0, 2]",15,44.2047119140625,True,1.3831906496271777,666,0.0650390625
1101,4982,"[1, 0, 2]",15,44.213294982910156,False,1.3831906496271777,666,0.0650390625
1101,4983,"[1, 0, 2]",15,44.21854019165039,True,1.3831906496271777,666,0.0650390625
1101,4984,"[1, 0, 2]",15,44.226884841918945,False,1.3831906496271777,666,0.0650390625
1101,4985,"[1, 0, 2]",15,44.23189163208008,True,1.3831906496271777,666,0.0650390625
1101,4986,"[1, 0, 2]",15,44.240474700927734,False,1.3831906496271777,666,0.0650390625
1101,4987,"[1, 0, 2]",15,44.245243072509766,True,1.3831906496271777,666,0.0650390625
1101,4988,"[1, 0, 2]",15,44.254302978515625,False,1.3831906496271777,666,0.0650390625
1101,4989,"[1, 0, 2]",15,44.25930976867676,True,1.3831906496271777,666,0.0650390625
1101,4990,"[1, 0, 2]",15,44.27218437194824,False,1.3831906496271777,666,0.0650390625
1101,4991,"[1, 0, 2]",15,44.27766799926758,True,1.3831906496271777,666,0.0650390625
1101,4992,"[1, 0, 2]",15,44.29364204406738,False,1.3831906496271777,666,0.0650390625
1101,4993,"[1, 0, 2]",15,44.29888725280762,True,1.3831906496271777,666,0.0650390625
1101,4994,"[1, 0, 2]",15,44.30747032165527,False,1.3831906496271777,666,0.0650390625
1101,4995,"[1, 0, 2]",15,44.31271553039551,True,1.3831906496271777,666,0.0650390625
1101,4996,"[1, 0, 2]",15,44.32106018066406,False,1.3831906496271777,666,0.0650390625
1101,4997,"[1, 0, 2]",15,44.326066970825195,True,1.3831906496271777,666,0.0650390625
1101,4998,"[1, 0, 2]",15,44.33441162109375,False,1.3831906496271777,666,0.0650390625
1101,4999,"[1, 0, 2]",15,44.33941841125488,True,1.3831906496271777,666,0.0650390625
1101,5000,"[1, 0, 2]",15,44.34800148010254,False,1.3831906496271777,666,0.0650390625
1101,5001,"[1, 0, 2]",15,44.35276985168457,True,1.3831906496271777,666,0.0650390625
1101,5002,"[1, 0, 2]",15,44.361114501953125,False,1.3831906496271777,666,0.0650390625
1101,5003,"[1, 0, 2]",15,44.36612129211426,True,1.3831906496271777,666,0.0650390625
1101,5004,"[1, 0, 2]",15,44.37541961669922,False,1.3831906496271777,666,0.0650390625
1101,5005,"[1, 0, 2]",15,44.38042640686035,True,1.3831906496271777,666,0.0650390625
1101,5006,"[1, 0, 2]",15,44.389963150024414,False,1.3831906496271777,666,0.0650390625
1101,5007,"[1, 0, 2]",15,44.39496994018555,True,1.3831906496271777,666,0.0650390625
1101,5008,"[1, 0, 2]",15,44.40426826477051,False,1.3831906496271777,666,0.0650390625
1101,5009,"[1, 0, 2]",15,44.40903663635254,True,1.3831906496271777,666,0.0650390625
1101,5010,"[1, 0, 2]",15,44.4185733795166,False,1.3831906496271777,666,0.0650390625
1101,5011,"[1, 0, 2]",15,44.423580169677734,True,1.3831906496271777,666,0.0650390625
1101,5012,"[1, 0, 2]",15,44.43168640136719,False,1.3831906496271777,666,0.0650390625
1101,5013,"[1, 0, 2]",15,44.44074630737305,True,1.3831906496271777,666,0.0650390625
1101,5014,"[1, 0, 2]",15,44.4493293762207,False,1.3831906496271777,666,0.0650390625
1101,5015,"[1, 0, 2]",15,44.45457458496094,True,1.3831906496271777,666,0.0650390625
1101,5016,"[1, 0, 2]",15,44.46291923522949,False,1.3831906496271777,666,0.0650390625
1101,5017,"[1, 0, 2]",15,44.46768760681152,True,1.3831906496271777,666,0.0650390625
1101,5018,"[1, 0, 2]",15,44.47650909423828,False,1.3831906496271777,666,0.0650390625
1101,5019,"[1, 0, 2]",15,44.481515884399414,True,1.3831906496271777,666,0.0650390625
1101,5020,"[1, 0, 2]",15,44.49033737182617,False,1.3831906496271777,666,0.0650390625
1101,5021,"[1, 0, 2]",15,44.4951057434082,True,1.3831906496271777,666,0.0650390625
1101,5022,"[1, 0, 2]",15,44.50368881225586,False,1.3831906496271777,666,0.0650390625
1101,5023,"[1, 0, 2]",15,44.508934020996094,True,1.3831906496271777,666,0.0650390625
1101,5024,"[1, 0, 2]",15,44.51751708984375,False,1.3831906496271777,666,0.0650390625
1101,5025,"[1, 0, 2]",15,44.52228546142578,True,1.3831906496271777,666,0.0650390625
1101,5026,"[1, 0, 2]",15,44.530630111694336,False,1.3831906496271777,666,0.0650390625
1101,5027,"[1, 0, 2]",15,44.53563690185547,True,1.3831906496271777,666,0.0650390625
1101,5028,"[1, 0, 2]",15,44.54398155212402,False,1.3831906496271777,666,0.0650390625
1101,5029,"[1, 0, 2]",15,44.54922676086426,True,1.3831906496271777,666,0.0650390625
1101,5030,"[1, 0, 2]",15,44.55757141113281,False,1.3831906496271777,666,0.0650390625
1101,5031,"[1, 0, 2]",15,44.562578201293945,True,1.3831906496271777,666,0.0650390625
1101,5032,"[1, 0, 2]",15,44.5713996887207,False,1.3831906496271777,666,0.0650390625
1101,5033,"[1, 0, 2]",15,44.576406478881836,True,1.3831906496271777,666,0.0650390625
1101,5034,"[1, 0, 2]",15,44.62623596191406,False,1.3831906496271777,666,0.0650390625
1101,5035,"[1, 0, 2]",15,44.63815689086914,True,1.3831906496271777,666,0.0650390625
1101,5036,"[1, 0, 2]",15,44.65293884277344,False,1.3831906496271777,666,0.0650390625
1101,5037,"[1, 0, 2]",15,44.65985298156738,True,1.3831906496271777,666,0.0650390625
1101,5038,"[1, 0, 2]",15,44.670820236206055,False,1.3831906496271777,666,0.0650390625
1101,5039,"[1, 0, 2]",15,44.676780700683594,True,1.3831906496271777,666,0.0650390625
1101,5040,"[1, 0, 2]",15,44.686317443847656,False,1.3831906496271777,666,0.0650390625
1101,5041,"[1, 0, 2]",15,44.692039489746094,True,1.3831906496271777,666,0.0650390625
1101,5042,"[1, 0, 2]",15,44.70109939575195,False,1.3831906496271777,666,0.0650390625
1101,5043,"[1, 0, 2]",15,44.706106185913086,True,1.3831906496271777,666,0.0650390625
1101,5044,"[1, 0, 2]",15,44.715166091918945,False,1.3831906496271777,666,0.0650390625
1101,5045,"[1, 0, 2]",15,44.72041130065918,True,1.3831906496271777,666,0.0650390625
1101,5046,"[1, 0, 2]",15,44.72970962524414,False,1.3831906496271777,666,0.0650390625
1101,5047,"[1, 0, 2]",15,44.734954833984375,True,1.3831906496271777,666,0.0650390625
1101,5048,"[1, 0, 2]",15,44.744014739990234,False,1.3831906496271777,666,0.0650390625
1101,5049,"[1, 0, 2]",15,44.754981994628906,True,1.3831906496271777,666,0.0650390625
1101,5050,"[1, 0, 2]",15,44.76571083068848,False,1.3831906496271777,666,0.0650390625
1101,5051,"[1, 0, 2]",15,44.77238655090332,True,1.3831906496271777,666,0.0650390625
1101,5052,"[1, 0, 2]",15,44.782161712646484,False,1.3831906496271777,666,0.0650390625
1101,5053,"[1, 0, 2]",15,44.78812217712402,True,1.3831906496271777,666,0.0650390625
1101,5054,"[1, 0, 2]",15,44.79789733886719,False,1.3831906496271777,666,0.0650390625
1101,5055,"[1, 0, 2]",15,44.80791091918945,True,1.3831906496271777,666,0.0650390625
1101,5056,"[1, 0, 2]",15,44.817209243774414,False,1.3831906496271777,666,0.0650390625
1101,5057,"[1, 0, 2]",15,44.82269287109375,True,1.3831906496271777,666,0.0650390625
1101,5058,"[1, 0, 2]",15,44.83151435852051,False,1.3831906496271777,666,0.0650390625
1101,5059,"[1, 0, 2]",15,44.83675956726074,True,1.3831906496271777,666,0.0650390625
1101,5060,"[1, 0, 2]",15,44.8451042175293,False,1.3831906496271777,666,0.0650390625
1101,5061,"[1, 0, 2]",15,44.85034942626953,True,1.3831906496271777,666,0.0650390625
1101,5062,"[1, 0, 2]",15,44.85893249511719,False,1.3831906496271777,666,0.0650390625
1101,5063,"[1, 0, 2]",15,44.86441612243652,True,1.3831906496271777,666,0.0650390625
1101,5064,"[1, 0, 2]",15,44.87299919128418,False,1.3831906496271777,666,0.0650390625
1101,5065,"[1, 0, 2]",15,44.878244400024414,True,1.3831906496271777,666,0.0650390625
1101,5066,"[1, 0, 2]",15,44.88658905029297,False,1.3831906496271777,666,0.0650390625
1101,5067,"[1, 0, 2]",15,44.8915958404541,True,1.3831906496271777,666,0.0650390625
1101,5068,"[1, 0, 2]",15,44.90041732788086,False,1.3831906496271777,666,0.0650390625
1101,5069,"[1, 0, 2]",15,44.90542411804199,True,1.3831906496271777,666,0.0650390625
1101,5070,"[1, 0, 2]",15,44.91400718688965,False,1.3831906496271777,666,0.0650390625
1101,5071,"[1, 0, 2]",15,44.91925239562988,True,1.3831906496271777,666,0.0650390625
1101,5072,"[1, 0, 2]",15,44.92783546447754,False,1.3831906496271777,666,0.0650390625
1101,5073,"[1, 0, 2]",15,44.93284225463867,True,1.3831906496271777,666,0.0650390625
1101,5074,"[1, 0, 2]",15,44.945478439331055,False,1.3831906496271777,666,0.0650390625
1101,5075,"[1, 0, 2]",15,44.95096206665039,True,1.3831906496271777,666,0.0650390625
1101,5076,"[1, 0, 2]",15,44.96359825134277,False,1.3831906496271777,666,0.0650390625
1101,5077,"[1, 0, 2]",15,44.96908187866211,True,1.3831906496271777,666,0.0650390625
1101,5078,"[1, 0, 2]",15,44.977664947509766,False,1.3831906496271777,666,0.0650390625
1101,5079,"[1, 0, 2]",15,44.9831485748291,True,1.3831906496271777,666,0.0650390625
1101,5080,"[1, 0, 2]",15,44.99197006225586,False,1.3831906496271777,666,0.0650390625
1101,5081,"[1, 0, 2]",15,44.99697685241699,True,1.3831906496271777,666,0.0650390625
1101,5082,"[1, 0, 2]",15,45.00532150268555,False,1.3831906496271777,666,0.0650390625
1101,5083,"[1, 0, 2]",15,45.01032829284668,True,1.3831906496271777,666,0.0650390625
1101,5084,"[1, 0, 2]",15,45.018911361694336,False,1.3831906496271777,666,0.0650390625
1101,5085,"[1, 0, 2]",15,45.02415657043457,True,1.3831906496271777,666,0.0650390625
1101,5086,"[1, 0, 2]",15,45.032501220703125,False,1.3831906496271777,666,0.0650390625
1101,5087,"[1, 0, 2]",15,45.03774642944336,True,1.3831906496271777,666,0.0650390625
1101,5088,"[1, 0, 2]",15,45.046091079711914,False,1.3831906496271777,666,0.0650390625
1101,5089,"[1, 0, 2]",15,45.050859451293945,True,1.3831906496271777,666,0.0650390625
1101,5090,"[1, 0, 2]",15,45.0596809387207,False,1.3831906496271777,666,0.0650390625
1101,5091,"[1, 0, 2]",15,45.064449310302734,True,1.3831906496271777,666,0.0650390625
1101,5092,"[1, 0, 2]",15,45.07327079772949,False,1.3831906496271777,666,0.0650390625
1101,5093,"[1, 0, 2]",15,45.07803916931152,True,1.3831906496271777,666,0.0650390625
1101,5094,"[1, 0, 2]",15,45.08662223815918,False,1.3831906496271777,666,0.0650390625
1101,5095,"[1, 0, 2]",15,45.09162902832031,True,1.3831906496271777,666,0.0650390625
1101,5096,"[1, 0, 2]",15,45.10045051574707,False,1.3831906496271777,666,0.0650390625
1101,5097,"[1, 0, 2]",15,45.10974884033203,True,1.3831906496271777,666,0.0650390625
1101,5098,"[1, 0, 2]",15,45.11880874633789,False,1.3831906496271777,666,0.0650390625
1101,5099,"[1, 0, 2]",15,45.12381553649902,True,1.3831906496271777,666,0.0650390625
1101,5100,"[1, 0, 2]",15,45.16410827636719,False,1.3831906496271777,666,0.0650390625
1101,5101,"[1, 0, 2]",15,45.16911506652832,True,1.3831906496271777,666,0.0650390625
1101,5102,"[1, 0, 2]",15,45.17769813537598,False,1.3831906496271777,666,0.0650390625
1101,5103,"[1, 0, 2]",15,45.18270492553711,True,1.3831906496271777,666,0.0650390625
1101,5104,"[1, 0, 2]",15,45.191287994384766,False,1.3831906496271777,666,0.0650390625
1101,5105,"[1, 0, 2]",15,45.1962947845459,True,1.3831906496271777,666,0.0650390625
1101,5106,"[1, 0, 2]",15,45.20463943481445,False,1.3831906496271777,666,0.0650390625
1101,5107,"[1, 0, 2]",15,45.209646224975586,True,1.3831906496271777,666,0.0650390625
1101,5108,"[1, 0, 2]",15,45.21799087524414,False,1.3831906496271777,666,0.0650390625
1101,5109,"[1, 0, 2]",15,45.22299766540527,True,1.3831906496271777,666,0.0650390625
1101,5110,"[1, 0, 2]",15,45.23134231567383,False,1.3831906496271777,666,0.0650390625
1101,5111,"[1, 0, 2]",15,45.23658752441406,True,1.3831906496271777,666,0.0650390625
1101,5112,"[1, 0, 2]",15,45.24493217468262,False,1.3831906496271777,666,0.0650390625
1101,5113,"[1, 0, 2]",15,45.25017738342285,True,1.3831906496271777,666,0.0650390625
1101,5114,"[1, 0, 2]",15,45.258283615112305,False,1.3831906496271777,666,0.0650390625
1101,5115,"[1, 0, 2]",15,45.26352882385254,True,1.3831906496271777,666,0.0650390625
1101,5116,"[1, 0, 2]",15,45.271873474121094,False,1.3831906496271777,666,0.0650390625
1101,5117,"[1, 0, 2]",15,45.276641845703125,True,1.3831906496271777,666,0.0650390625
1101,5118,"[1, 0, 2]",15,45.3031063079834,False,1.3831906496271777,666,0.0650390625
1101,5119,"[1, 0, 2]",15,45.30811309814453,True,1.3831906496271777,666,0.0650390625
1101,5120,"[1, 0, 2]",15,45.31669616699219,False,1.3831906496271777,666,0.0650390625
1101,5121,"[1, 0, 2]",15,45.32146453857422,True,1.3831906496271777,666,0.0650390625
1101,5122,"[1, 0, 2]",15,45.33052444458008,False,1.3831906496271777,666,0.0650390625
1101,5123,"[1, 0, 2]",15,45.33529281616211,True,1.3831906496271777,666,0.0650390625
1101,5124,"[1, 0, 2]",15,45.343875885009766,False,1.3831906496271777,666,0.0650390625
1101,5125,"[1, 0, 2]",15,45.3486442565918,True,1.3831906496271777,666,0.0650390625
1101,5126,"[1, 0, 2]",15,45.35722732543945,False,1.3831906496271777,666,0.0650390625
1101,5127,"[1, 0, 2]",15,45.362234115600586,True,1.3831906496271777,666,0.0650390625
1101,5128,"[1, 0, 2]",15,45.37034034729004,False,1.3831906496271777,666,0.0650390625
1101,5129,"[1, 0, 2]",15,45.37534713745117,True,1.3831906496271777,666,0.0650390625
1101,5130,"[1, 0, 2]",15,45.38369178771973,False,1.3831906496271777,666,0.0650390625
1101,5131,"[1, 0, 2]",15,45.38893699645996,True,1.3831906496271777,666,0.0650390625
1101,5132,"[1, 0, 2]",15,45.397043228149414,False,1.3831906496271777,666,0.0650390625
1101,5133,"[1, 0, 2]",15,45.40228843688965,True,1.3831906496271777,666,0.0650390625
1101,5134,"[1, 0, 2]",15,45.410871505737305,False,1.3831906496271777,666,0.0650390625
1101,5135,"[1, 0, 2]",15,45.415639877319336,True,1.3831906496271777,666,0.0650390625
1101,5136,"[1, 0, 2]",15,45.42422294616699,False,1.3831906496271777,666,0.0650390625
1101,5137,"[1, 0, 2]",15,45.429229736328125,True,1.3831906496271777,666,0.0650390625
1101,5138,"[1, 0, 2]",15,45.452117919921875,False,1.3831906496271777,666,0.0650390625
1101,5139,"[1, 0, 2]",15,45.480966567993164,True,1.3831906496271777,666,0.0650390625
1101,5140,"[1, 0, 2]",15,45.5012321472168,False,1.3831906496271777,666,0.0650390625
1101,5141,"[1, 0, 2]",15,45.508623123168945,True,1.3831906496271777,666,0.0650390625
1101,5142,"[1, 0, 2]",15,45.52054405212402,False,1.3831906496271777,666,0.0650390625
1101,5143,"[1, 0, 2]",15,45.52626609802246,True,1.3831906496271777,666,0.0650390625
1101,5144,"[1, 0, 2]",15,45.53580284118652,False,1.3831906496271777,666,0.0650390625
1101,5145,"[1, 0, 2]",15,45.540571212768555,True,1.3831906496271777,666,0.0650390625
1101,5146,"[1, 0, 2]",15,45.54939270019531,False,1.3831906496271777,666,0.0650390625
1101,5147,"[1, 0, 2]",15,45.554399490356445,True,1.3831906496271777,666,0.0650390625
1101,5148,"[1, 0, 2]",15,45.5632209777832,False,1.3831906496271777,666,0.0650390625
1101,5149,"[1, 0, 2]",15,45.568227767944336,True,1.3831906496271777,666,0.0650390625
1101,5150,"[1, 0, 2]",15,45.57681083679199,False,1.3831906496271777,666,0.0650390625
1101,5151,"[1, 0, 2]",15,45.581817626953125,True,1.3831906496271777,666,0.0650390625
1101,5152,"[1, 0, 2]",15,45.59040069580078,False,1.3831906496271777,666,0.0650390625
1101,5153,"[1, 0, 2]",15,45.59516906738281,True,1.3831906496271777,666,0.0650390625
1101,5154,"[1, 0, 2]",15,45.60399055480957,False,1.3831906496271777,666,0.0650390625
1101,5155,"[1, 0, 2]",15,45.609235763549805,True,1.3831906496271777,666,0.0650390625
1101,5156,"[1, 0, 2]",15,45.61781883239746,False,1.3831906496271777,666,0.0650390625
1101,5157,"[1, 0, 2]",15,45.622825622558594,True,1.3831906496271777,666,0.0650390625
1101,5158,"[1, 0, 2]",15,45.63546180725098,False,1.3831906496271777,666,0.0650390625
1101,5159,"[1, 0, 2]",15,45.64070701599121,True,1.3831906496271777,666,0.0650390625
1101,5160,"[1, 0, 2]",15,45.653343200683594,False,1.3831906496271777,666,0.0650390625
1101,5161,"[1, 0, 2]",15,45.65858840942383,True,1.3831906496271777,666,0.0650390625
1101,5162,"[1, 0, 2]",15,45.66788673400879,False,1.3831906496271777,666,0.0650390625
1101,5163,"[1, 0, 2]",15,45.673370361328125,True,1.3831906496271777,666,0.0650390625
1101,5164,"[1, 0, 2]",15,45.68219184875488,False,1.3831906496271777,666,0.0650390625
1101,5165,"[1, 0, 2]",15,45.687198638916016,True,1.3831906496271777,666,0.0650390625
1101,5166,"[1, 0, 2]",15,45.69554328918457,False,1.3831906496271777,666,0.0650390625
1101,5167,"[1, 0, 2]",15,45.7005500793457,True,1.3831906496271777,666,0.0650390625
1101,5168,"[1, 0, 2]",15,45.70937156677246,False,1.3831906496271777,666,0.0650390625
1101,5169,"[1, 0, 2]",15,45.714378356933594,True,1.3831906496271777,666,0.0650390625
1101,5170,"[1, 0, 2]",15,45.72319984436035,False,1.3831906496271777,666,0.0650390625
1101,5171,"[1, 0, 2]",15,45.72796821594238,True,1.3831906496271777,666,0.0650390625
1101,5172,"[1, 0, 2]",15,45.73655128479004,False,1.3831906496271777,666,0.0650390625
1101,5173,"[1, 0, 2]",15,45.74131965637207,True,1.3831906496271777,666,0.0650390625
1101,5174,"[1, 0, 2]",15,45.74990272521973,False,1.3831906496271777,666,0.0650390625
1101,5175,"[1, 0, 2]",15,45.75467109680176,True,1.3831906496271777,666,0.0650390625
1101,5176,"[1, 0, 2]",15,45.76277732849121,False,1.3831906496271777,666,0.0650390625
1101,5177,"[1, 0, 2]",15,45.767784118652344,True,1.3831906496271777,666,0.0650390625
1101,5178,"[1, 0, 2]",15,45.7761287689209,False,1.3831906496271777,666,0.0650390625
1101,5179,"[1, 0, 2]",15,45.78113555908203,True,1.3831906496271777,666,0.0650390625
1101,5180,"[1, 0, 2]",15,45.78971862792969,False,1.3831906496271777,666,0.0650390625
1101,5181,"[1, 0, 2]",15,45.79806327819824,True,1.3831906496271777,666,0.0650390625
1101,5182,"[1, 0, 2]",15,45.8071231842041,False,1.3831906496271777,666,0.0650390625
1101,5183,"[1, 0, 2]",15,45.812129974365234,True,1.3831906496271777,666,0.0650390625
1101,5184,"[1, 0, 2]",15,45.82095146179199,False,1.3831906496271777,666,0.0650390625
1101,5185,"[1, 0, 2]",15,45.82619667053223,True,1.3831906496271777,666,0.0650390625
1101,5186,"[1, 0, 2]",15,45.83454132080078,False,1.3831906496271777,666,0.0650390625
1101,5187,"[1, 0, 2]",15,45.83930969238281,True,1.3831906496271777,666,0.0650390625
1101,5188,"[1, 0, 2]",15,45.84813117980957,False,1.3831906496271777,666,0.0650390625
1101,5189,"[1, 0, 2]",15,45.853614807128906,True,1.3831906496271777,666,0.0650390625
1101,5190,"[1, 0, 2]",15,45.862674713134766,False,1.3831906496271777,666,0.0650390625
1101,5191,"[1, 0, 2]",15,45.867919921875,True,1.3831906496271777,666,0.0650390625
1101,5192,"[1, 0, 2]",15,45.87697982788086,False,1.3831906496271777,666,0.0650390625
1101,5193,"[1, 0, 2]",15,45.882225036621094,True,1.3831906496271777,666,0.0650390625
1101,5194,"[1, 0, 2]",15,45.89056968688965,False,1.3831906496271777,666,0.0650390625
1101,5195,"[1, 0, 2]",15,45.89581489562988,True,1.3831906496271777,666,0.0650390625
1101,5196,"[1, 0, 2]",15,45.90439796447754,False,1.3831906496271777,666,0.0650390625
1101,5197,"[1, 0, 2]",15,45.90964317321777,True,1.3831906496271777,666,0.0650390625
1101,5198,"[1, 0, 2]",15,45.91846466064453,False,1.3831906496271777,666,0.0650390625
1101,5199,"[1, 0, 2]",15,45.92418670654297,True,1.3831906496271777,666,0.0650390625
1101,5200,"[1, 0, 2]",15,45.93300819396973,False,1.3831906496271777,666,0.0650390625
1101,5201,"[1, 0, 2]",15,45.93849182128906,True,1.3831906496271777,666,0.0650390625
1101,5202,"[1, 0, 2]",15,45.95041275024414,False,1.3831906496271777,666,0.0650390625
1101,5203,"[1, 0, 2]",15,45.95589637756348,True,1.3831906496271777,666,0.0650390625
1101,5204,"[1, 0, 2]",15,45.964717864990234,False,1.3831906496271777,666,0.0650390625
1101,5205,"[1, 0, 2]",15,45.969486236572266,True,1.3831906496271777,666,0.0650390625
1101,5206,"[1, 0, 2]",15,45.97806930541992,False,1.3831906496271777,666,0.0650390625
1101,5207,"[1, 0, 2]",15,45.983314514160156,True,1.3831906496271777,666,0.0650390625
1101,5208,"[1, 0, 2]",15,45.99165916442871,False,1.3831906496271777,666,0.0650390625
1101,5209,"[1, 0, 2]",15,45.996665954589844,True,1.3831906496271777,666,0.0650390625
1101,5210,"[1, 0, 2]",15,46.0052490234375,False,1.3831906496271777,666,0.0650390625
1101,5211,"[1, 0, 2]",15,46.01025581359863,True,1.3831906496271777,666,0.0650390625
1101,5212,"[1, 0, 2]",15,46.01860046386719,False,1.3831906496271777,666,0.0650390625
1101,5213,"[1, 0, 2]",15,46.02384567260742,True,1.3831906496271777,666,0.0650390625
1101,5214,"[1, 0, 2]",15,46.03219032287598,False,1.3831906496271777,666,0.0650390625
1101,5215,"[1, 0, 2]",15,46.03719711303711,True,1.3831906496271777,666,0.0650390625
1101,5216,"[1, 0, 2]",15,46.045541763305664,False,1.3831906496271777,666,0.0650390625
1101,5217,"[1, 0, 2]",15,46.05388641357422,True,1.3831906496271777,666,0.0650390625
1101,5218,"[1, 0, 2]",15,46.062469482421875,False,1.3831906496271777,666,0.0650390625
1101,5219,"[1, 0, 2]",15,46.06771469116211,True,1.3831906496271777,666,0.0650390625
1101,5220,"[1, 0, 2]",15,46.076297760009766,False,1.3831906496271777,666,0.0650390625
1101,5221,"[1, 0, 2]",15,46.08154296875,True,1.3831906496271777,666,0.0650390625
1101,5222,"[1, 0, 2]",15,46.090126037597656,False,1.3831906496271777,666,0.0650390625
1101,5223,"[1, 0, 2]",15,46.10133171081543,True,1.3831906496271777,666,0.0650390625
1101,5224,"[1, 0, 2]",15,46.109914779663086,False,1.3831906496271777,666,0.0650390625
1101,5225,"[1, 0, 2]",15,46.11515998840332,True,1.3831906496271777,666,0.0650390625
1101,5226,"[1, 0, 2]",15,46.12398147583008,False,1.3831906496271777,666,0.0650390625
1101,5227,"[1, 0, 2]",15,46.12898826599121,True,1.3831906496271777,666,0.0650390625
1101,5228,"[1, 0, 2]",15,46.137332916259766,False,1.3831906496271777,666,0.0650390625
1101,5229,"[1, 0, 2]",15,46.1423397064209,True,1.3831906496271777,666,0.0650390625
1101,5230,"[1, 0, 2]",15,46.151161193847656,False,1.3831906496271777,666,0.0650390625
1101,5231,"[1, 0, 2]",15,46.15640640258789,True,1.3831906496271777,666,0.0650390625
1101,5232,"[1, 0, 2]",15,46.16498947143555,False,1.3831906496271777,666,0.0650390625
1101,5233,"[1, 0, 2]",15,46.16999626159668,True,1.3831906496271777,666,0.0650390625
1101,5234,"[1, 0, 2]",15,46.178340911865234,False,1.3831906496271777,666,0.0650390625
1101,5235,"[1, 0, 2]",15,46.18358612060547,True,1.3831906496271777,666,0.0650390625
1101,5236,"[1, 0, 2]",15,46.19193077087402,False,1.3831906496271777,666,0.0650390625
1101,5237,"[1, 0, 2]",15,46.196937561035156,True,1.3831906496271777,666,0.0650390625
1101,5238,"[1, 0, 2]",15,46.20528221130371,False,1.3831906496271777,666,0.0650390625
1101,5239,"[1, 0, 2]",15,46.210289001464844,True,1.3831906496271777,666,0.0650390625
1101,5240,"[1, 0, 2]",15,46.2186336517334,False,1.3831906496271777,666,0.0650390625
1101,5241,"[1, 0, 2]",15,46.22364044189453,True,1.3831906496271777,666,0.0650390625
1101,5242,"[1, 0, 2]",15,46.23579978942871,False,1.3831906496271777,666,0.0650390625
1101,5243,"[1, 0, 2]",15,46.240806579589844,True,1.3831906496271777,666,0.0650390625
1101,5244,"[1, 0, 2]",15,46.253204345703125,False,1.3831906496271777,666,0.0650390625
1101,5245,"[1, 0, 2]",15,46.282052993774414,True,1.3831906496271777,666,0.0650390625
1101,5246,"[1, 0, 2]",15,46.29111289978027,False,1.3831906496271777,666,0.0650390625
1101,5247,"[1, 0, 2]",15,46.29635810852051,True,1.3831906496271777,666,0.0650390625
1101,5248,"[1, 0, 2]",15,46.304941177368164,False,1.3831906496271777,666,0.0650390625
1101,5249,"[1, 0, 2]",15,46.309709548950195,True,1.3831906496271777,666,0.0650390625
1101,5250,"[1, 0, 2]",15,46.31805419921875,False,1.3831906496271777,666,0.0650390625
1101,5251,"[1, 0, 2]",15,46.32306098937988,True,1.3831906496271777,666,0.0650390625
1101,5252,"[1, 0, 2]",15,46.33164405822754,False,1.3831906496271777,666,0.0650390625
1101,5253,"[1, 0, 2]",15,46.33665084838867,True,1.3831906496271777,666,0.0650390625
1101,5254,"[1, 0, 2]",15,46.34547233581543,False,1.3831906496271777,666,0.0650390625
1101,5255,"[1, 0, 2]",15,46.35047912597656,True,1.3831906496271777,666,0.0650390625
1101,5256,"[1, 0, 2]",15,46.358585357666016,False,1.3831906496271777,666,0.0650390625
1101,5257,"[1, 0, 2]",15,46.36359214782715,True,1.3831906496271777,666,0.0650390625
1101,5258,"[1, 0, 2]",15,46.372175216674805,False,1.3831906496271777,666,0.0650390625
1101,5259,"[1, 0, 2]",15,46.37718200683594,True,1.3831906496271777,666,0.0650390625
1101,5260,"[1, 0, 2]",15,46.3862419128418,False,1.3831906496271777,666,0.0650390625
1101,5261,"[1, 0, 2]",15,46.39124870300293,True,1.3831906496271777,666,0.0650390625
1101,5262,"[1, 0, 2]",15,46.399593353271484,False,1.3831906496271777,666,0.0650390625
1101,5263,"[1, 0, 2]",15,46.40483856201172,True,1.3831906496271777,666,0.0650390625
1101,5264,"[1, 0, 2]",15,46.41318321228027,False,1.3831906496271777,666,0.0650390625
1101,5265,"[1, 0, 2]",15,46.42128944396973,True,1.3831906496271777,666,0.0650390625
1101,5266,"[1, 0, 2]",15,46.430110931396484,False,1.3831906496271777,666,0.0650390625
1101,5267,"[1, 0, 2]",15,46.43511772155762,True,1.3831906496271777,666,0.0650390625
1101,5268,"[1, 0, 2]",15,46.44346237182617,False,1.3831906496271777,666,0.0650390625
1101,5269,"[1, 0, 2]",15,46.448707580566406,True,1.3831906496271777,666,0.0650390625
1101,5270,"[1, 0, 2]",15,46.45705223083496,False,1.3831906496271777,666,0.0650390625
1101,5271,"[1, 0, 2]",15,46.462297439575195,True,1.3831906496271777,666,0.0650390625
1101,5272,"[1, 0, 2]",15,46.47040367126465,False,1.3831906496271777,666,0.0650390625
1101,5273,"[1, 0, 2]",15,46.47564888000488,True,1.3831906496271777,666,0.0650390625
1101,5274,"[1, 0, 2]",15,46.48399353027344,False,1.3831906496271777,666,0.0650390625
1101,5275,"[1, 0, 2]",15,46.48900032043457,True,1.3831906496271777,666,0.0650390625
1101,5276,"[1, 0, 2]",15,46.497344970703125,False,1.3831906496271777,666,0.0650390625
1101,5277,"[1, 0, 2]",15,46.502113342285156,True,1.3831906496271777,666,0.0650390625
1101,5278,"[1, 0, 2]",15,46.51069641113281,False,1.3831906496271777,666,0.0650390625
1101,5279,"[1, 0, 2]",15,46.515703201293945,True,1.3831906496271777,666,0.0650390625
1101,5280,"[1, 0, 2]",15,46.524763107299805,False,1.3831906496271777,666,0.0650390625
1101,5281,"[1, 0, 2]",15,46.52976989746094,True,1.3831906496271777,666,0.0650390625
1101,5282,"[1, 0, 2]",15,46.538591384887695,False,1.3831906496271777,666,0.0650390625
1101,5283,"[1, 0, 2]",15,46.54359817504883,True,1.3831906496271777,666,0.0650390625
1101,5284,"[1, 0, 2]",15,46.552419662475586,False,1.3831906496271777,666,0.0650390625
1101,5285,"[1, 0, 2]",15,46.55718803405762,True,1.3831906496271777,666,0.0650390625
1101,5286,"[1, 0, 2]",15,46.568870544433594,False,1.3831906496271777,666,0.0650390625
1101,5287,"[1, 0, 2]",15,46.57387733459473,True,1.3831906496271777,666,0.0650390625
1101,5288,"[1, 0, 2]",15,46.58222198486328,False,1.3831906496271777,666,0.0650390625
1101,5289,"[1, 0, 2]",15,46.587228775024414,True,1.3831906496271777,666,0.0650390625
1101,5290,"[1, 0, 2]",15,46.59557342529297,False,1.3831906496271777,666,0.0650390625
1101,5291,"[1, 0, 2]",15,46.6005802154541,True,1.3831906496271777,666,0.0650390625
1101,5292,"[1, 0, 2]",15,46.60940170288086,False,1.3831906496271777,666,0.0650390625
1101,5293,"[1, 0, 2]",15,46.614646911621094,True,1.3831906496271777,666,0.0650390625
1101,5294,"[1, 0, 2]",15,46.63538932800293,False,1.3831906496271777,666,0.0650390625
1101,5295,"[1, 0, 2]",15,46.654462814331055,True,1.3831906496271777,666,0.0650390625
1101,5296,"[1, 0, 2]",15,46.67329788208008,False,1.3831906496271777,666,0.0650390625
1101,5297,"[1, 0, 2]",15,46.68068885803223,True,1.3831906496271777,666,0.0650390625
1101,5298,"[1, 0, 2]",15,46.6923713684082,False,1.3831906496271777,666,0.0650390625
1101,5299,"[1, 0, 2]",15,46.69904708862305,True,1.3831906496271777,666,0.0650390625
1101,5300,"[1, 0, 2]",15,46.70977592468262,False,1.3831906496271777,666,0.0650390625
1101,5301,"[1, 0, 2]",15,46.71597480773926,True,1.3831906496271777,666,0.0650390625
1101,5302,"[1, 0, 2]",15,46.72503471374512,False,1.3831906496271777,666,0.0650390625
1101,5303,"[1, 0, 2]",15,46.73027992248535,True,1.3831906496271777,666,0.0650390625
1101,5304,"[1, 0, 2]",15,46.73910140991211,False,1.3831906496271777,666,0.0650390625
1101,5305,"[1, 0, 2]",15,46.744346618652344,True,1.3831906496271777,666,0.0650390625
1101,5306,"[1, 0, 2]",15,46.7529296875,False,1.3831906496271777,666,0.0650390625
1101,5307,"[1, 0, 2]",15,46.76318168640137,True,1.3831906496271777,666,0.0650390625
1101,5308,"[1, 0, 2]",15,46.772003173828125,False,1.3831906496271777,666,0.0650390625
1101,5309,"[1, 0, 2]",15,46.77724838256836,True,1.3831906496271777,666,0.0650390625
1101,5310,"[1, 0, 2]",15,46.785831451416016,False,1.3831906496271777,666,0.0650390625
1101,5311,"[1, 0, 2]",15,46.79107666015625,True,1.3831906496271777,666,0.0650390625
1101,5312,"[1, 0, 2]",15,46.799421310424805,False,1.3831906496271777,666,0.0650390625
1101,5313,"[1, 0, 2]",15,46.80442810058594,True,1.3831906496271777,666,0.0650390625
1101,5314,"[1, 0, 2]",15,46.813249588012695,False,1.3831906496271777,666,0.0650390625
1101,5315,"[1, 0, 2]",15,46.81873321533203,True,1.3831906496271777,666,0.0650390625
1101,5316,"[1, 0, 2]",15,46.82731628417969,False,1.3831906496271777,666,0.0650390625
1101,5317,"[1, 0, 2]",15,46.83256149291992,True,1.3831906496271777,666,0.0650390625
1101,5318,"[1, 0, 2]",15,46.840667724609375,False,1.3831906496271777,666,0.0650390625
1101,5319,"[1, 0, 2]",15,46.845436096191406,True,1.3831906496271777,666,0.0650390625
1101,5320,"[1, 0, 2]",15,46.85401916503906,False,1.3831906496271777,666,0.0650390625
1101,5321,"[1, 0, 2]",15,46.8592643737793,True,1.3831906496271777,666,0.0650390625
1101,5322,"[1, 0, 2]",15,46.86784744262695,False,1.3831906496271777,666,0.0650390625
1101,5323,"[1, 0, 2]",15,46.872854232788086,True,1.3831906496271777,666,0.0650390625
1101,5324,"[1, 0, 2]",15,46.88143730163574,False,1.3831906496271777,666,0.0650390625
1101,5325,"[1, 0, 2]",15,46.88668251037598,True,1.3831906496271777,666,0.0650390625
1101,5326,"[1, 0, 2]",15,46.898603439331055,False,1.3831906496271777,666,0.0650390625
1101,5327,"[1, 0, 2]",15,46.90384864807129,True,1.3831906496271777,666,0.0650390625
1101,5328,"[1, 0, 2]",15,46.91624641418457,False,1.3831906496271777,666,0.0650390625
1101,5329,"[1, 0, 2]",15,46.921491622924805,True,1.3831906496271777,666,0.0650390625
1101,5330,"[1, 0, 2]",15,46.93102836608887,False,1.3831906496271777,666,0.0650390625
1101,5331,"[1, 0, 2]",15,46.93603515625,True,1.3831906496271777,666,0.0650390625
1101,5332,"[1, 0, 2]",15,46.94485664367676,False,1.3831906496271777,666,0.0650390625
1101,5333,"[1, 0, 2]",15,46.94962501525879,True,1.3831906496271777,666,0.0650390625
1101,5334,"[1, 0, 2]",15,46.958208084106445,False,1.3831906496271777,666,0.0650390625
1101,5335,"[1, 0, 2]",15,46.96297645568848,True,1.3831906496271777,666,0.0650390625
1101,5336,"[1, 0, 2]",15,46.97155952453613,False,1.3831906496271777,666,0.0650390625
1101,5337,"[1, 0, 2]",15,46.976327896118164,True,1.3831906496271777,666,0.0650390625
1101,5338,"[1, 0, 2]",15,46.98467254638672,False,1.3831906496271777,666,0.0650390625
1101,5339,"[1, 0, 2]",15,46.98967933654785,True,1.3831906496271777,666,0.0650390625
1101,5340,"[1, 0, 2]",15,46.998023986816406,False,1.3831906496271777,666,0.0650390625
1101,5341,"[1, 0, 2]",15,47.00326919555664,True,1.3831906496271777,666,0.0650390625
1101,5342,"[1, 0, 2]",15,47.011375427246094,False,1.3831906496271777,666,0.0650390625
1101,5343,"[1, 0, 2]",15,47.016143798828125,True,1.3831906496271777,666,0.0650390625
1101,5344,"[1, 0, 2]",15,47.02472686767578,False,1.3831906496271777,666,0.0650390625
1101,5345,"[1, 0, 2]",15,47.02949523925781,True,1.3831906496271777,666,0.0650390625
1101,5346,"[1, 0, 2]",15,47.03807830810547,False,1.3831906496271777,666,0.0650390625
1101,5347,"[1, 0, 2]",15,47.0430850982666,True,1.3831906496271777,666,0.0650390625
1101,5348,"[1, 0, 2]",15,47.05166816711426,False,1.3831906496271777,666,0.0650390625
1101,5349,"[1, 0, 2]",15,47.05977439880371,True,1.3831906496271777,666,0.0650390625
1101,5350,"[1, 0, 2]",15,47.068119049072266,False,1.3831906496271777,666,0.0650390625
1101,5351,"[1, 0, 2]",15,47.0733642578125,True,1.3831906496271777,666,0.0650390625
1101,5352,"[1, 0, 2]",15,47.08147048950195,False,1.3831906496271777,666,0.0650390625
1101,5353,"[1, 0, 2]",15,47.086477279663086,True,1.3831906496271777,666,0.0650390625
1101,5354,"[1, 0, 2]",15,47.09482192993164,False,1.3831906496271777,666,0.0650390625
1101,5355,"[1, 0, 2]",15,47.09959030151367,True,1.3831906496271777,666,0.0650390625
1101,5356,"[1, 0, 2]",15,47.10817337036133,False,1.3831906496271777,666,0.0650390625
1101,5357,"[1, 0, 2]",15,47.11294174194336,True,1.3831906496271777,666,0.0650390625
1101,5358,"[1, 0, 2]",15,47.121524810791016,False,1.3831906496271777,666,0.0650390625
1101,5359,"[1, 0, 2]",15,47.12629318237305,True,1.3831906496271777,666,0.0650390625
1101,5360,"[1, 0, 2]",15,47.135114669799805,False,1.3831906496271777,666,0.0650390625
1101,5361,"[1, 0, 2]",15,47.14012145996094,True,1.3831906496271777,666,0.0650390625
1101,5362,"[1, 0, 2]",15,47.148704528808594,False,1.3831906496271777,666,0.0650390625
1101,5363,"[1, 0, 2]",15,47.153472900390625,True,1.3831906496271777,666,0.0650390625
1101,5364,"[1, 0, 2]",15,47.16181755065918,False,1.3831906496271777,666,0.0650390625
1101,5365,"[1, 0, 2]",15,47.16682434082031,True,1.3831906496271777,666,0.0650390625
1101,5366,"[1, 0, 2]",15,47.17564582824707,False,1.3831906496271777,666,0.0650390625
1101,5367,"[1, 0, 2]",15,47.180891036987305,True,1.3831906496271777,666,0.0650390625
1101,5368,"[1, 0, 2]",15,47.18899726867676,False,1.3831906496271777,666,0.0650390625
1101,5369,"[1, 0, 2]",15,47.19424247741699,True,1.3831906496271777,666,0.0650390625
1101,5370,"[1, 0, 2]",15,47.20568656921387,False,1.3831906496271777,666,0.0650390625
1101,5371,"[1, 0, 2]",15,47.2104549407959,True,1.3831906496271777,666,0.0650390625
1101,5372,"[1, 0, 2]",15,47.21951484680176,False,1.3831906496271777,666,0.0650390625
1101,5373,"[1, 0, 2]",15,47.2254753112793,True,1.3831906496271777,666,0.0650390625
1101,5374,"[1, 0, 2]",15,47.23405838012695,False,1.3831906496271777,666,0.0650390625
1101,5375,"[1, 0, 2]",15,47.23930358886719,True,1.3831906496271777,666,0.0650390625
1101,5376,"[1, 0, 2]",15,47.247886657714844,False,1.3831906496271777,666,0.0650390625
1101,5377,"[1, 0, 2]",15,47.25313186645508,True,1.3831906496271777,666,0.0650390625
1101,5378,"[1, 0, 2]",15,47.26147651672363,False,1.3831906496271777,666,0.0650390625
1101,5379,"[1, 0, 2]",15,47.26719856262207,True,1.3831906496271777,666,0.0650390625
1101,5380,"[1, 0, 2]",15,47.27602005004883,False,1.3831906496271777,666,0.0650390625
1101,5381,"[1, 0, 2]",15,47.28126525878906,True,1.3831906496271777,666,0.0650390625
1101,5382,"[1, 0, 2]",15,47.28960990905762,False,1.3831906496271777,666,0.0650390625
1101,5383,"[1, 0, 2]",15,47.29509353637695,True,1.3831906496271777,666,0.0650390625
1101,5384,"[1, 0, 2]",15,47.30343818664551,False,1.3831906496271777,666,0.0650390625
1101,5385,"[1, 0, 2]",15,47.31178283691406,True,1.3831906496271777,666,0.0650390625
1101,5386,"[1, 0, 2]",15,47.32012748718262,False,1.3831906496271777,666,0.0650390625
1101,5387,"[1, 0, 2]",15,47.325849533081055,True,1.3831906496271777,666,0.0650390625
1101,5388,"[1, 0, 2]",15,47.33443260192871,False,1.3831906496271777,666,0.0650390625
1101,5389,"[1, 0, 2]",15,47.34015464782715,True,1.3831906496271777,666,0.0650390625
1101,5390,"[1, 0, 2]",15,47.3484992980957,False,1.3831906496271777,666,0.0650390625
1101,5391,"[1, 0, 2]",15,47.35684394836426,True,1.3831906496271777,666,0.0650390625
0100,5392,"[1, 2, 0]",300,47.36661911010742,False,2.3831906496271777,658,0.0642578125
0100,5393,"[1, 0, 2]",15,47.37257957458496,True,2.3831906496271777,658,0.0642578125
0100,5394,"[1, 2, 0]",300,47.38187789916992,False,2.3831906496271777,658,0.0642578125
0100,5395,"[1, 0, 2]",15,47.38736152648926,True,2.3831906496271777,658,0.0642578125
0100,5396,"[1, 2, 0]",300,47.395944595336914,False,2.3831906496271777,658,0.0642578125
0100,5397,"[1, 0, 2]",15,47.40095138549805,True,2.3831906496271777,658,0.0642578125
0100,5398,"[1, 2, 0]",300,47.409772872924805,False,2.3831906496271777,658,0.0642578125
0100,5399,"[1, 0, 2]",15,47.414541244506836,True,2.3831906496271777,658,0.0642578125
0100,5400,"[1, 2, 0]",300,47.42312431335449,False,2.3831906496271777,658,0.0642578125
0100,5401,"[1, 0, 2]",15,47.428131103515625,True,2.3831906496271777,658,0.0642578125
0100,5402,"[1, 2, 0]",300,47.43623733520508,False,2.3831906496271777,658,0.0642578125
0100,5403,"[1, 0, 2]",15,47.44148254394531,True,2.3831906496271777,658,0.0642578125
0100,5404,"[1, 2, 0]",300,47.44982719421387,False,2.3831906496271777,658,0.0642578125
0100,5405,"[1, 0, 2]",15,47.454833984375,True,2.3831906496271777,658,0.0642578125
0100,5406,"[1, 2, 0]",300,47.49727249145508,False,2.3831906496271777,658,0.0642578125
0100,5407,"[1, 0, 2]",15,47.51896858215332,True,2.3831906496271777,658,0.0642578125
0100,5408,"[1, 2, 0]",300,47.533512115478516,False,2.3831906496271777,658,0.0642578125
0100,5409,"[1, 0, 2]",15,47.541141510009766,True,2.3831906496271777,658,0.0642578125
0100,5410,"[1, 2, 0]",300,47.551631927490234,False,2.3831906496271777,658,0.0642578125
0100,5411,"[1, 0, 2]",15,47.55711555480957,True,2.3831906496271777,658,0.0642578125
0100,5412,"[1, 2, 0]",300,47.569990158081055,False,2.3831906496271777,658,0.0642578125
0100,5413,"[1, 0, 2]",15,47.57547378540039,True,2.3831906496271777,658,0.0642578125
0100,5414,"[1, 2, 0]",300,47.58405685424805,False,2.3831906496271777,658,0.0642578125
0100,5415,"[1, 0, 2]",15,47.58954048156738,True,2.3831906496271777,658,0.0642578125
0100,5416,"[1, 2, 0]",300,47.59788513183594,False,2.3831906496271777,658,0.0642578125
0100,5417,"[1, 0, 2]",15,47.60289192199707,True,2.3831906496271777,658,0.0642578125
0100,5418,"[1, 2, 0]",300,47.61147499084473,False,2.3831906496271777,658,0.0642578125
0100,5419,"[1, 0, 2]",15,47.61648178100586,True,2.3831906496271777,658,0.0642578125
0100,5420,"[1, 2, 0]",300,47.62530326843262,False,2.3831906496271777,658,0.0642578125
0100,5421,"[1, 0, 2]",15,47.63007164001465,True,2.3831906496271777,658,0.0642578125
0100,5422,"[1, 2, 0]",300,47.638654708862305,False,2.3831906496271777,658,0.0642578125
0100,5423,"[1, 0, 2]",15,47.64366149902344,True,2.3831906496271777,658,0.0642578125
0100,5424,"[1, 2, 0]",300,47.6527214050293,False,2.3831906496271777,658,0.0642578125
0100,5425,"[1, 0, 2]",15,47.65796661376953,True,2.3831906496271777,658,0.0642578125
0100,5426,"[1, 2, 0]",300,47.66654968261719,False,2.3831906496271777,658,0.0642578125
0100,5427,"[1, 0, 2]",15,47.67155647277832,True,2.3831906496271777,658,0.0642578125
0100,5428,"[1, 2, 0]",300,47.68013954162598,False,2.3831906496271777,658,0.0642578125
0100,5429,"[1, 0, 2]",15,47.68538475036621,True,2.3831906496271777,658,0.0642578125
0100,5430,"[1, 2, 0]",300,47.69444465637207,False,2.3831906496271777,658,0.0642578125
0100,5431,"[1, 0, 2]",15,47.6994514465332,True,2.3831906496271777,658,0.0642578125
0100,5432,"[1, 2, 0]",300,47.70827293395996,False,2.3831906496271777,658,0.0642578125
0100,5433,"[1, 0, 2]",15,47.716617584228516,True,2.3831906496271777,658,0.0642578125
0100,5434,"[1, 2, 0]",300,47.725677490234375,False,2.3831906496271777,658,0.0642578125
0100,5435,"[1, 0, 2]",15,47.73092269897461,True,2.3831906496271777,658,0.0642578125
0100,5436,"[1, 2, 0]",300,47.73998260498047,False,2.3831906496271777,658,0.0642578125
0100,5437,"[1, 0, 2]",15,47.7449893951416,True,2.3831906496271777,658,0.0642578125
0100,5438,"[1, 2, 0]",300,47.75357246398926,False,2.3831906496271777,658,0.0642578125
0100,5439,"[1, 0, 2]",15,47.75857925415039,True,2.3831906496271777,658,0.0642578125
0100,5440,"[1, 2, 0]",300,47.76740074157715,False,2.3831906496271777,658,0.0642578125
0100,5441,"[1, 0, 2]",15,47.77240753173828,True,2.3831906496271777,658,0.0642578125
0100,5442,"[1, 2, 0]",300,47.780752182006836,False,2.3831906496271777,658,0.0642578125
0100,5443,"[1, 0, 2]",15,47.78575897216797,True,2.3831906496271777,658,0.0642578125
0100,5444,"[1, 2, 0]",300,47.794342041015625,False,2.3831906496271777,658,0.0642578125
0100,5445,"[1, 0, 2]",15,47.79934883117676,True,2.3831906496271777,658,0.0642578125
0100,5446,"[1, 2, 0]",300,47.80769348144531,False,2.3831906496271777,658,0.0642578125
0100,5447,"[1, 0, 2]",15,47.81293869018555,True,2.3831906496271777,658,0.0642578125
0100,5448,"[1, 2, 0]",300,47.821044921875,False,2.3831906496271777,658,0.0642578125
0100,5449,"[1, 0, 2]",15,47.826290130615234,True,2.3831906496271777,658,0.0642578125
0100,5450,"[1, 2, 0]",300,47.83463478088379,False,2.3831906496271777,658,0.0642578125
0100,5451,"[1, 0, 2]",15,47.83987998962402,True,2.3831906496271777,658,0.0642578125
0100,5452,"[1, 2, 0]",300,47.84822463989258,False,2.3831906496271777,658,0.0642578125
0100,5453,"[1, 0, 2]",15,47.85346984863281,True,2.3831906496271777,658,0.0642578125
0100,5454,"[1, 2, 0]",300,47.86801338195801,False,2.3831906496271777,658,0.0642578125
0100,5455,"[1, 0, 2]",15,47.87302017211914,True,2.3831906496271777,658,0.0642578125
0100,5456,"[1, 2, 0]",300,47.8818416595459,False,2.3831906496271777,658,0.0642578125
0100,5457,"[1, 0, 2]",15,47.88684844970703,True,2.3831906496271777,658,0.0642578125
0100,5458,"[1, 2, 0]",300,47.89543151855469,False,2.3831906496271777,658,0.0642578125
0100,5459,"[1, 0, 2]",15,47.90043830871582,True,2.3831906496271777,658,0.0642578125
0100,5460,"[1, 2, 0]",300,47.90973663330078,False,2.3831906496271777,658,0.0642578125
0100,5461,"[1, 0, 2]",15,47.91522026062012,True,2.3831906496271777,658,0.0642578125
0100,5462,"[1, 2, 0]",300,47.924041748046875,False,2.3831906496271777,658,0.0642578125
0100,5463,"[1, 0, 2]",15,47.92904853820801,True,2.3831906496271777,658,0.0642578125
0100,5464,"[1, 2, 0]",300,47.937631607055664,False,2.3831906496271777,658,0.0642578125
0100,5465,"[1, 0, 2]",15,47.942399978637695,True,2.3831906496271777,658,0.0642578125
0100,5466,"[1, 2, 0]",300,47.95122146606445,False,2.3831906496271777,658,0.0642578125
0100,5467,"[1, 0, 2]",15,47.956228256225586,True,2.3831906496271777,658,0.0642578125
0100,5468,"[1, 2, 0]",300,47.968387603759766,False,2.3831906496271777,658,0.0642578125
0100,5469,"[1, 0, 2]",15,47.9741096496582,True,2.3831906496271777,658,0.0642578125
0100,5470,"[1, 2, 0]",300,47.983407974243164,False,2.3831906496271777,658,0.0642578125
0100,5471,"[1, 0, 2]",15,47.9891300201416,True,2.3831906496271777,658,0.0642578125
0100,5472,"[1, 2, 0]",300,47.99771308898926,False,2.3831906496271777,658,0.0642578125
0100,5473,"[1, 0, 2]",15,48.003196716308594,True,2.3831906496271777,658,0.0642578125
0100,5474,"[1, 2, 0]",300,48.01130294799805,False,2.3831906496271777,658,0.0642578125
0100,5475,"[1, 0, 2]",15,48.0194091796875,True,2.3831906496271777,658,0.0642578125
0100,5476,"[1, 2, 0]",300,48.027992248535156,False,2.3831906496271777,658,0.0642578125
0100,5477,"[1, 0, 2]",15,48.03299903869629,True,2.3831906496271777,658,0.0642578125
0100,5478,"[1, 2, 0]",300,48.041582107543945,False,2.3831906496271777,658,0.0642578125
0100,5479,"[1, 0, 2]",15,48.04658889770508,True,2.3831906496271777,658,0.0642578125
0100,5480,"[1, 2, 0]",300,48.05493354797363,False,2.3831906496271777,658,0.0642578125
0100,5481,"[1, 0, 2]",15,48.059701919555664,True,2.3831906496271777,658,0.0642578125
0100,5482,"[1, 2, 0]",300,48.06804656982422,False,2.3831906496271777,658,0.0642578125
0100,5483,"[1, 0, 2]",15,48.07329177856445,True,2.3831906496271777,658,0.0642578125
0100,5484,"[1, 2, 0]",300,48.08235168457031,False,2.3831906496271777,658,0.0642578125
0100,5485,"[1, 0, 2]",15,48.087120056152344,True,2.3831906496271777,658,0.0642578125
0100,5486,"[1, 2, 0]",300,48.0954647064209,False,2.3831906496271777,658,0.0642578125
0100,5487,"[1, 0, 2]",15,48.10070991516113,True,2.3831906496271777,658,0.0642578125
0100,5488,"[1, 2, 0]",300,48.10905456542969,False,2.3831906496271777,658,0.0642578125
0100,5489,"[1, 0, 2]",15,48.11406135559082,True,2.3831906496271777,658,0.0642578125
0100,5490,"[1, 2, 0]",300,48.12216758728027,False,2.3831906496271777,658,0.0642578125
0100,5491,"[1, 0, 2]",15,48.127174377441406,True,2.3831906496271777,658,0.0642578125
0100,5492,"[1, 2, 0]",300,48.13551902770996,False,2.3831906496271777,658,0.0642578125
0100,5493,"[1, 0, 2]",15,48.140525817871094,True,2.3831906496271777,658,0.0642578125
0100,5494,"[1, 2, 0]",300,48.14887046813965,False,2.3831906496271777,658,0.0642578125
0100,5495,"[1, 0, 2]",15,48.15363883972168,True,2.3831906496271777,658,0.0642578125
0100,5496,"[1, 2, 0]",300,48.165082931518555,False,2.3831906496271777,658,0.0642578125
0100,5497,"[1, 0, 2]",15,48.17032814025879,True,2.3831906496271777,658,0.0642578125
0100,5498,"[1, 2, 0]",300,48.17843437194824,False,2.3831906496271777,658,0.0642578125
0100,5499,"[1, 0, 2]",15,48.18367958068848,True,2.3831906496271777,658,0.0642578125
0100,5500,"[1, 2, 0]",300,48.19226264953613,False,2.3831906496271777,658,0.0642578125
0100,5501,"[1, 0, 2]",15,48.19750785827637,True,2.3831906496271777,658,0.0642578125
0100,5502,"[1, 2, 0]",300,48.20585250854492,False,2.3831906496271777,658,0.0642578125
0100,5503,"[1, 0, 2]",15,48.211097717285156,True,2.3831906496271777,658,0.0642578125
0100,5504,"[1, 2, 0]",300,48.21920394897461,False,2.3831906496271777,658,0.0642578125
0100,5505,"[1, 0, 2]",15,48.22421073913574,True,2.3831906496271777,658,0.0642578125
0100,5506,"[1, 2, 0]",300,48.2327938079834,False,2.3831906496271777,658,0.0642578125
0100,5507,"[1, 0, 2]",15,48.23756217956543,True,2.3831906496271777,658,0.0642578125
0100,5508,"[1, 2, 0]",300,48.245906829833984,False,2.3831906496271777,658,0.0642578125
0100,5509,"[1, 0, 2]",15,48.25091361999512,True,2.3831906496271777,658,0.0642578125
0100,5510,"[1, 2, 0]",300,48.25949668884277,False,2.3831906496271777,658,0.0642578125
0100,5511,"[1, 0, 2]",15,48.264265060424805,True,2.3831906496271777,658,0.0642578125
0100,5512,"[1, 2, 0]",300,48.27237129211426,False,2.3831906496271777,658,0.0642578125
0100,5513,"[1, 0, 2]",15,48.27761650085449,True,2.3831906496271777,658,0.0642578125
0100,5514,"[1, 2, 0]",300,48.285722732543945,False,2.3831906496271777,658,0.0642578125
0100,5515,"[1, 0, 2]",15,48.29096794128418,True,2.3831906496271777,658,0.0642578125
0100,5516,"[1, 2, 0]",300,48.299312591552734,False,2.3831906496271777,658,0.0642578125
0100,5517,"[1, 0, 2]",15,48.30741882324219,True,2.3831906496271777,658,0.0642578125
0100,5518,"[1, 2, 0]",300,48.316240310668945,False,2.3831906496271777,658,0.0642578125
0100,5519,"[1, 0, 2]",15,48.32124710083008,True,2.3831906496271777,658,0.0642578125
0100,5520,"[1, 2, 0]",300,48.32959175109863,False,2.3831906496271777,658,0.0642578125
0100,5521,"[1, 0, 2]",15,48.334360122680664,True,2.3831906496271777,658,0.0642578125
0100,5522,"[1, 2, 0]",300,48.34318161010742,False,2.3831906496271777,658,0.0642578125
0100,5523,"[1, 0, 2]",15,48.348188400268555,True,2.3831906496271777,658,0.0642578125
0100,5524,"[1, 2, 0]",300,48.35677146911621,False,2.3831906496271777,658,0.0642578125
0100,5525,"[1, 0, 2]",15,48.36153984069824,True,2.3831906496271777,658,0.0642578125
0100,5526,"[1, 2, 0]",300,48.369646072387695,False,2.3831906496271777,658,0.0642578125
0100,5527,"[1, 0, 2]",15,48.37465286254883,True,2.3831906496271777,658,0.0642578125
0100,5528,"[1, 2, 0]",300,48.38299751281738,False,2.3831906496271777,658,0.0642578125
0100,5529,"[1, 0, 2]",15,48.38824272155762,True,2.3831906496271777,658,0.0642578125
0100,5530,"[1, 2, 0]",300,48.39658737182617,False,2.3831906496271777,658,0.0642578125
0100,5531,"[1, 0, 2]",15,48.401832580566406,True,2.3831906496271777,658,0.0642578125
0100,5532,"[1, 2, 0]",300,48.41327667236328,False,2.3831906496271777,658,0.0642578125
0100,5533,"[1, 0, 2]",15,48.418521881103516,True,2.3831906496271777,658,0.0642578125
0100,5534,"[1, 2, 0]",300,48.42710494995117,False,2.3831906496271777,658,0.0642578125
0100,5535,"[1, 0, 2]",15,48.432111740112305,True,2.3831906496271777,658,0.0642578125
0100,5536,"[1, 2, 0]",300,48.44069480895996,False,2.3831906496271777,658,0.0642578125
0100,5537,"[1, 0, 2]",15,48.445701599121094,True,2.3831906496271777,658,0.0642578125
0100,5538,"[1, 2, 0]",300,48.45738410949707,False,2.3831906496271777,658,0.0642578125
0100,5539,"[1, 0, 2]",15,48.4623908996582,True,2.3831906496271777,658,0.0642578125
0100,5540,"[1, 2, 0]",300,48.47073554992676,False,2.3831906496271777,658,0.0642578125
0100,5541,"[1, 0, 2]",15,48.47598075866699,True,2.3831906496271777,658,0.0642578125
0100,5542,"[1, 2, 0]",300,48.484086990356445,False,2.3831906496271777,658,0.0642578125
0100,5543,"[1, 0, 2]",15,48.48933219909668,True,2.3831906496271777,658,0.0642578125
0100,5544,"[1, 2, 0]",300,48.497676849365234,False,2.3831906496271777,658,0.0642578125
0100,5545,"[1, 0, 2]",15,48.50268363952637,True,2.3831906496271777,658,0.0642578125
0100,5546,"[1, 2, 0]",300,48.51078987121582,False,2.3831906496271777,658,0.0642578125
0100,5547,"[1, 0, 2]",15,48.51579666137695,True,2.3831906496271777,658,0.0642578125
0100,5548,"[1, 2, 0]",300,48.52414131164551,False,2.3831906496271777,658,0.0642578125
0100,5549,"[1, 0, 2]",15,48.52890968322754,True,2.3831906496271777,658,0.0642578125
0100,5550,"[1, 2, 0]",300,48.5377311706543,False,2.3831906496271777,658,0.0642578125
0100,5551,"[1, 0, 2]",15,48.54273796081543,True,2.3831906496271777,658,0.0642578125
0100,5552,"[1, 2, 0]",300,48.55155944824219,False,2.3831906496271777,658,0.0642578125
0100,5553,"[1, 0, 2]",15,48.55966567993164,True,2.3831906496271777,658,0.0642578125
0100,5554,"[1, 2, 0]",300,48.572540283203125,False,2.3831906496271777,658,0.0642578125
0100,5555,"[1, 0, 2]",15,48.57802391052246,True,2.3831906496271777,658,0.0642578125
0100,5556,"[1, 2, 0]",300,48.58660697937012,False,2.3831906496271777,658,0.0642578125
0100,5557,"[1, 0, 2]",15,48.59185218811035,True,2.3831906496271777,658,0.0642578125
0100,5558,"[1, 2, 0]",300,48.60043525695801,False,2.3831906496271777,658,0.0642578125
0100,5559,"[1, 0, 2]",15,48.60854148864746,True,2.3831906496271777,658,0.0642578125
0100,5560,"[1, 2, 0]",300,48.61712455749512,False,2.3831906496271777,658,0.0642578125
0100,5561,"[1, 0, 2]",15,48.62213134765625,True,2.3831906496271777,658,0.0642578125
0100,5562,"[1, 2, 0]",300,48.630475997924805,False,2.3831906496271777,658,0.0642578125
0100,5563,"[1, 0, 2]",15,48.63572120666504,True,2.3831906496271777,658,0.0642578125
0100,5564,"[1, 2, 0]",300,48.644065856933594,False,2.3831906496271777,658,0.0642578125
0100,5565,"[1, 0, 2]",15,48.64931106567383,True,2.3831906496271777,658,0.0642578125
0100,5566,"[1, 2, 0]",300,48.65741729736328,False,2.3831906496271777,658,0.0642578125
0100,5567,"[1, 0, 2]",15,48.662662506103516,True,2.3831906496271777,658,0.0642578125
0100,5568,"[1, 2, 0]",300,48.67100715637207,False,2.3831906496271777,658,0.0642578125
0100,5569,"[1, 0, 2]",15,48.676490783691406,True,2.3831906496271777,658,0.0642578125
0100,5570,"[1, 2, 0]",300,48.68483543395996,False,2.3831906496271777,658,0.0642578125
0100,5571,"[1, 0, 2]",15,48.690080642700195,True,2.3831906496271777,658,0.0642578125
0100,5572,"[1, 2, 0]",300,48.69866371154785,False,2.3831906496271777,658,0.0642578125
0100,5573,"[1, 0, 2]",15,48.70414733886719,True,2.3831906496271777,658,0.0642578125
0100,5574,"[1, 2, 0]",300,48.71249198913574,False,2.3831906496271777,658,0.0642578125
0100,5575,"[1, 0, 2]",15,48.71726036071777,True,2.3831906496271777,658,0.0642578125
0100,5576,"[1, 2, 0]",300,48.72608184814453,False,2.3831906496271777,658,0.0642578125
0100,5577,"[1, 0, 2]",15,48.731088638305664,True,2.3831906496271777,658,0.0642578125
0100,5578,"[1, 2, 0]",300,48.73967170715332,False,2.3831906496271777,658,0.0642578125
0100,5579,"[1, 0, 2]",15,48.74467849731445,True,2.3831906496271777,658,0.0642578125
0100,5580,"[1, 2, 0]",300,48.75612258911133,False,2.3831906496271777,658,0.0642578125
0100,5581,"[1, 0, 2]",15,48.76112937927246,True,2.3831906496271777,658,0.0642578125
0100,5582,"[1, 2, 0]",300,48.76971244812012,False,2.3831906496271777,658,0.0642578125
0100,5583,"[1, 0, 2]",15,48.77448081970215,True,2.3831906496271777,658,0.0642578125
0100,5584,"[1, 2, 0]",300,48.783063888549805,False,2.3831906496271777,658,0.0642578125
0100,5585,"[1, 0, 2]",15,48.78807067871094,True,2.3831906496271777,658,0.0642578125
0100,5586,"[1, 2, 0]",300,48.79641532897949,False,2.3831906496271777,658,0.0642578125
0100,5587,"[1, 0, 2]",15,48.80166053771973,True,2.3831906496271777,658,0.0642578125
0100,5588,"[1, 2, 0]",300,48.81000518798828,False,2.3831906496271777,658,0.0642578125
0100,5589,"[1, 0, 2]",15,48.815011978149414,True,2.3831906496271777,658,0.0642578125
0100,5590,"[1, 2, 0]",300,48.82359504699707,False,2.3831906496271777,658,0.0642578125
0100,5591,"[1, 0, 2]",15,48.8283634185791,True,2.3831906496271777,658,0.0642578125
0100,5592,"[1, 2, 0]",300,48.83718490600586,False,2.3831906496271777,658,0.0642578125
0100,5593,"[1, 0, 2]",15,49.208879470825195,True,2.3831906496271777,658,0.0642578125
0100,5594,"[1, 2, 0]",300,49.225807189941406,False,2.3831906496271777,658,0.0642578125
0100,5595,"[1, 0, 2]",15,49.23200607299805,True,2.3831906496271777,658,0.0642578125
0100,5596,"[1, 2, 0]",300,49.240827560424805,False,2.3831906496271777,658,0.0642578125
0100,5597,"[1, 0, 2]",15,49.24631118774414,True,2.3831906496271777,658,0.0642578125
0100,5598,"[1, 2, 0]",300,49.254655838012695,False,2.3831906496271777,658,0.0642578125
0100,5599,"[1, 0, 2]",15,49.25966262817383,True,2.3831906496271777,658,0.0642578125
0100,5600,"[1, 2, 0]",300,49.26800727844238,False,2.3831906496271777,658,0.0642578125
0100,5601,"[1, 0, 2]",15,49.276113510131836,True,2.3831906496271777,658,0.0642578125
0100,5602,"[1, 2, 0]",300,49.284934997558594,False,2.3831906496271777,658,0.0642578125
0100,5603,"[1, 0, 2]",15,49.28994178771973,True,2.3831906496271777,658,0.0642578125
0100,5604,"[1, 2, 0]",300,49.29852485656738,False,2.3831906496271777,658,0.0642578125
0100,5605,"[1, 0, 2]",15,49.303531646728516,True,2.3831906496271777,658,0.0642578125
0100,5606,"[1, 2, 0]",300,49.31211471557617,False,2.3831906496271777,658,0.0642578125
0100,5607,"[1, 0, 2]",15,49.317121505737305,True,2.3831906496271777,658,0.0642578125
0100,5608,"[1, 2, 0]",300,49.32546615600586,False,2.3831906496271777,658,0.0642578125
0100,5609,"[1, 0, 2]",15,49.33047294616699,True,2.3831906496271777,658,0.0642578125
0100,5610,"[1, 2, 0]",300,49.338579177856445,False,2.3831906496271777,658,0.0642578125
0100,5611,"[1, 0, 2]",15,49.34382438659668,True,2.3831906496271777,658,0.0642578125
0100,5612,"[1, 2, 0]",300,49.35193061828613,False,2.3831906496271777,658,0.0642578125
0100,5613,"[1, 0, 2]",15,49.35717582702637,True,2.3831906496271777,658,0.0642578125
0100,5614,"[1, 2, 0]",300,49.36552047729492,False,2.3831906496271777,658,0.0642578125
0100,5615,"[1, 0, 2]",15,49.370765686035156,True,2.3831906496271777,658,0.0642578125
0100,5616,"[1, 2, 0]",300,49.37887191772461,False,2.3831906496271777,658,0.0642578125
0100,5617,"[1, 0, 2]",15,49.38387870788574,True,2.3831906496271777,658,0.0642578125
0100,5618,"[1, 2, 0]",300,49.3924617767334,False,2.3831906496271777,658,0.0642578125
0100,5619,"[1, 0, 2]",15,49.39723014831543,True,2.3831906496271777,658,0.0642578125
0100,5620,"[1, 2, 0]",300,49.40605163574219,False,2.3831906496271777,658,0.0642578125
0100,5621,"[1, 0, 2]",15,49.41105842590332,True,2.3831906496271777,658,0.0642578125
0100,5622,"[1, 2, 0]",300,49.4229793548584,False,2.3831906496271777,658,0.0642578125
0100,5623,"[1, 0, 2]",15,49.42798614501953,True,2.3831906496271777,658,0.0642578125
0100,5624,"[1, 2, 0]",300,49.43656921386719,False,2.3831906496271777,658,0.0642578125
0100,5625,"[1, 0, 2]",15,49.44157600402832,True,2.3831906496271777,658,0.0642578125
0100,5626,"[1, 2, 0]",300,49.45015907287598,False,2.3831906496271777,658,0.0642578125
0100,5627,"[1, 0, 2]",15,49.45492744445801,True,2.3831906496271777,658,0.0642578125
0100,5628,"[1, 2, 0]",300,49.46327209472656,False,2.3831906496271777,658,0.0642578125
0100,5629,"[1, 0, 2]",15,49.468278884887695,True,2.3831906496271777,658,0.0642578125
0100,5630,"[1, 2, 0]",300,49.58772659301758,False,2.3831906496271777,658,0.0642578125
0100,5631,"[1, 0, 2]",15,49.61109161376953,True,2.3831906496271777,658,0.0642578125
0100,5632,"[1, 2, 0]",300,49.654483795166016,False,2.3831906496271777,658,0.0642578125
0100,5633,"[1, 0, 2]",15,49.66282844543457,True,2.3831906496271777,658,0.0642578125
0100,5634,"[1, 2, 0]",300,49.67451095581055,False,2.3831906496271777,658,0.0642578125
0100,5635,"[1, 0, 2]",15,49.68142509460449,True,2.3831906496271777,658,0.0642578125
0100,5636,"[1, 2, 0]",300,49.69143867492676,False,2.3831906496271777,658,0.0642578125
0100,5637,"[1, 0, 2]",15,49.6976375579834,True,2.3831906496271777,658,0.0642578125
0100,5638,"[1, 2, 0]",300,49.706220626831055,False,2.3831906496271777,658,0.0642578125
0100,5639,"[1, 0, 2]",15,49.71194267272949,True,2.3831906496271777,658,0.0642578125
0100,5640,"[1, 2, 0]",300,49.72028732299805,False,2.3831906496271777,658,0.0642578125
0100,5641,"[1, 0, 2]",15,49.72577095031738,True,2.3831906496271777,658,0.0642578125
0100,5642,"[1, 2, 0]",300,49.73483085632324,False,2.3831906496271777,658,0.0642578125
0100,5643,"[1, 0, 2]",15,49.75748062133789,True,2.3831906496271777,658,0.0642578125
0100,5644,"[1, 2, 0]",300,49.76677894592285,False,2.3831906496271777,658,0.0642578125
0100,5645,"[1, 0, 2]",15,49.77226257324219,True,2.3831906496271777,658,0.0642578125
0100,5646,"[1, 2, 0]",300,49.78132247924805,False,2.3831906496271777,658,0.0642578125
0100,5647,"[1, 0, 2]",15,49.787044525146484,True,2.3831906496271777,658,0.0642578125
0100,5648,"[1, 2, 0]",300,49.79586601257324,False,2.3831906496271777,658,0.0642578125
0100,5649,"[1, 0, 2]",15,49.80134963989258,True,2.3831906496271777,658,0.0642578125
0100,5650,"[1, 2, 0]",300,49.80969429016113,False,2.3831906496271777,658,0.0642578125
0100,5651,"[1, 0, 2]",15,49.81493949890137,True,2.3831906496271777,658,0.0642578125
0100,5652,"[1, 2, 0]",300,49.82328414916992,False,2.3831906496271777,658,0.0642578125
0100,5653,"[1, 0, 2]",15,49.828529357910156,True,2.3831906496271777,658,0.0642578125
0100,5654,"[1, 2, 0]",300,49.83711242675781,False,2.3831906496271777,658,0.0642578125
0100,5655,"[1, 0, 2]",15,49.84259605407715,True,2.3831906496271777,658,0.0642578125
0100,5656,"[1, 2, 0]",300,49.851179122924805,False,2.3831906496271777,658,0.0642578125
0100,5657,"[1, 0, 2]",15,49.85642433166504,True,2.3831906496271777,658,0.0642578125
0100,5658,"[1, 2, 0]",300,49.86929893493652,False,2.3831906496271777,658,0.0642578125
0100,5659,"[1, 0, 2]",15,49.87478256225586,True,2.3831906496271777,658,0.0642578125
0100,5660,"[1, 2, 0]",300,49.88408088684082,False,2.3831906496271777,658,0.0642578125
0100,5661,"[1, 0, 2]",15,49.88908767700195,True,2.3831906496271777,658,0.0642578125
0100,5662,"[1, 2, 0]",300,49.898386001586914,False,2.3831906496271777,658,0.0642578125
0100,5663,"[1, 0, 2]",15,49.90339279174805,True,2.3831906496271777,658,0.0642578125
0100,5664,"[1, 2, 0]",300,49.919843673706055,False,2.3831906496271777,658,0.0642578125
0100,5665,"[1, 0, 2]",15,49.92532730102539,True,2.3831906496271777,658,0.0642578125
0100,5666,"[1, 2, 0]",300,49.93438720703125,False,2.3831906496271777,658,0.0642578125
0100,5667,"[1, 0, 2]",15,49.939632415771484,True,2.3831906496271777,658,0.0642578125
0100,5668,"[1, 2, 0]",300,49.94821548461914,False,2.3831906496271777,658,0.0642578125
0100,5669,"[1, 0, 2]",15,49.95298385620117,True,2.3831906496271777,658,0.0642578125
0100,5670,"[1, 2, 0]",300,49.96180534362793,False,2.3831906496271777,658,0.0642578125
0100,5671,"[1, 0, 2]",15,49.96657371520996,True,2.3831906496271777,658,0.0642578125
0100,5672,"[1, 2, 0]",300,49.97539520263672,False,2.3831906496271777,658,0.0642578125
0100,5673,"[1, 0, 2]",15,49.98040199279785,True,2.3831906496271777,658,0.0642578125
0100,5674,"[1, 2, 0]",300,49.98898506164551,False,2.3831906496271777,658,0.0642578125
0100,5675,"[1, 0, 2]",15,49.99423027038574,True,2.3831906496271777,658,0.0642578125
0100,5676,"[1, 2, 0]",300,50.0030517578125,False,2.3831906496271777,658,0.0642578125
0100,5677,"[1, 0, 2]",15,50.00805854797363,True,2.3831906496271777,658,0.0642578125
0100,5678,"[1, 2, 0]",300,50.01664161682129,False,2.3831906496271777,658,0.0642578125
0100,5679,"[1, 0, 2]",15,50.02164840698242,True,2.3831906496271777,658,0.0642578125
0100,5680,"[1, 2, 0]",300,50.03023147583008,False,2.3831906496271777,658,0.0642578125
0100,5681,"[1, 0, 2]",15,50.03523826599121,True,2.3831906496271777,658,0.0642578125
0100,5682,"[1, 2, 0]",300,50.04382133483887,False,2.3831906496271777,658,0.0642578125
0100,5683,"[1, 0, 2]",15,50.048828125,True,2.3831906496271777,658,0.0642578125
0100,5684,"[1, 2, 0]",300,50.05764961242676,False,2.3831906496271777,658,0.0642578125
0100,5685,"[1, 0, 2]",15,50.06599426269531,True,2.3831906496271777,658,0.0642578125
0100,5686,"[1, 2, 0]",300,50.07457733154297,False,2.3831906496271777,658,0.0642578125
0100,5687,"[1, 0, 2]",15,50.080060958862305,True,2.3831906496271777,658,0.0642578125
0100,5688,"[1, 2, 0]",300,50.08888244628906,False,2.3831906496271777,658,0.0642578125
0100,5689,"[1, 0, 2]",15,50.093650817871094,True,2.3831906496271777,658,0.0642578125
0100,5690,"[1, 2, 0]",300,50.10175704956055,False,2.3831906496271777,658,0.0642578125
0100,5691,"[1, 0, 2]",15,50.10700225830078,True,2.3831906496271777,658,0.0642578125
0100,5692,"[1, 2, 0]",300,50.11558532714844,False,2.3831906496271777,658,0.0642578125
0100,5693,"[1, 0, 2]",15,50.12083053588867,True,2.3831906496271777,658,0.0642578125
0100,5694,"[1, 2, 0]",300,50.12941360473633,False,2.3831906496271777,658,0.0642578125
0100,5695,"[1, 0, 2]",15,50.135135650634766,True,2.3831906496271777,658,0.0642578125
0100,5696,"[1, 2, 0]",300,50.14395713806152,False,2.3831906496271777,658,0.0642578125
0100,5697,"[1, 0, 2]",15,50.14944076538086,True,2.3831906496271777,658,0.0642578125
0100,5698,"[1, 2, 0]",300,50.158023834228516,False,2.3831906496271777,658,0.0642578125
0100,5699,"[1, 0, 2]",15,50.16326904296875,True,2.3831906496271777,658,0.0642578125
0100,5700,"[1, 2, 0]",300,50.171852111816406,False,2.3831906496271777,658,0.0642578125
0100,5701,"[1, 0, 2]",15,50.17733573913574,True,2.3831906496271777,658,0.0642578125
0100,5702,"[1, 2, 0]",300,50.1856803894043,False,2.3831906496271777,658,0.0642578125
0100,5703,"[1, 0, 2]",15,50.19092559814453,True,2.3831906496271777,658,0.0642578125
0100,5704,"[1, 2, 0]",300,50.19950866699219,False,2.3831906496271777,658,0.0642578125
0100,5705,"[1, 0, 2]",15,50.20475387573242,True,2.3831906496271777,658,0.0642578125
0100,5706,"[1, 2, 0]",300,50.2161979675293,False,2.3831906496271777,658,0.0642578125
0100,5707,"[1, 0, 2]",15,50.22168159484863,True,2.3831906496271777,658,0.0642578125
0100,5708,"[1, 2, 0]",300,50.23026466369629,False,2.3831906496271777,658,0.0642578125
0100,5709,"[1, 0, 2]",15,50.23550987243652,True,2.3831906496271777,658,0.0642578125
0100,5710,"[1, 2, 0]",300,50.24409294128418,False,2.3831906496271777,658,0.0642578125
0100,5711,"[1, 0, 2]",15,50.249338150024414,True,2.3831906496271777,658,0.0642578125
0100,5712,"[1, 2, 0]",300,50.25768280029297,False,2.3831906496271777,658,0.0642578125
0100,5713,"[1, 0, 2]",15,50.2629280090332,True,2.3831906496271777,658,0.0642578125
0100,5714,"[1, 2, 0]",300,50.27174949645996,False,2.3831906496271777,658,0.0642578125
0100,5715,"[1, 0, 2]",15,50.276756286621094,True,2.3831906496271777,658,0.0642578125
0100,5716,"[1, 2, 0]",300,50.28533935546875,False,2.3831906496271777,658,0.0642578125
0100,5717,"[1, 0, 2]",15,50.29034614562988,True,2.3831906496271777,658,0.0642578125
0100,5718,"[1, 2, 0]",300,50.29869079589844,False,2.3831906496271777,658,0.0642578125
0100,5719,"[1, 0, 2]",15,50.30417442321777,True,2.3831906496271777,658,0.0642578125
0100,5720,"[1, 2, 0]",300,50.31633377075195,False,2.3831906496271777,658,0.0642578125
0100,5721,"[1, 0, 2]",15,50.325632095336914,True,2.3831906496271777,658,0.0642578125
0100,5722,"[1, 2, 0]",300,50.334930419921875,False,2.3831906496271777,658,0.0642578125
0100,5723,"[1, 0, 2]",15,50.340890884399414,True,2.3831906496271777,658,0.0642578125
0100,5724,"[1, 2, 0]",300,50.350189208984375,False,2.3831906496271777,658,0.0642578125
0100,5725,"[1, 0, 2]",15,50.35567283630371,True,2.3831906496271777,658,0.0642578125
0100,5726,"[1, 2, 0]",300,50.36497116088867,False,2.3831906496271777,658,0.0642578125
0100,5727,"[1, 0, 2]",15,50.373077392578125,True,2.3831906496271777,658,0.0642578125
0100,5728,"[1, 2, 0]",300,50.382137298583984,False,2.3831906496271777,658,0.0642578125
0100,5729,"[1, 0, 2]",15,50.38762092590332,True,2.3831906496271777,658,0.0642578125
0100,5730,"[1, 2, 0]",300,50.395965576171875,False,2.3831906496271777,658,0.0642578125
0100,5731,"[1, 0, 2]",15,50.40097236633301,True,2.3831906496271777,658,0.0642578125
0100,5732,"[1, 2, 0]",300,50.409793853759766,False,2.3831906496271777,658,0.0642578125
0100,5733,"[1, 0, 2]",15,50.4152774810791,True,2.3831906496271777,658,0.0642578125
0100,5734,"[1, 2, 0]",300,50.423622131347656,False,2.3831906496271777,658,0.0642578125
0100,5735,"[1, 0, 2]",15,50.42862892150879,True,2.3831906496271777,658,0.0642578125
0100,5736,"[1, 2, 0]",300,50.437211990356445,False,2.3831906496271777,658,0.0642578125
0100,5737,"[1, 0, 2]",15,50.44221878051758,True,2.3831906496271777,658,0.0642578125
0100,5738,"[1, 2, 0]",300,50.45056343078613,False,2.3831906496271777,658,0.0642578125
0100,5739,"[1, 0, 2]",15,50.455570220947266,True,2.3831906496271777,658,0.0642578125
0100,5740,"[1, 2, 0]",300,50.46415328979492,False,2.3831906496271777,658,0.0642578125
0100,5741,"[1, 0, 2]",15,50.469398498535156,True,2.3831906496271777,658,0.0642578125
0100,5742,"[1, 2, 0]",300,50.478219985961914,False,2.3831906496271777,658,0.0642578125
0100,5743,"[1, 0, 2]",15,50.48322677612305,True,2.3831906496271777,658,0.0642578125
0100,5744,"[1, 2, 0]",300,50.49467086791992,False,2.3831906496271777,658,0.0642578125
0100,5745,"[1, 0, 2]",15,50.50349235534668,True,2.3831906496271777,658,0.0642578125
0100,5746,"[1, 2, 0]",300,50.51589012145996,False,2.3831906496271777,658,0.0642578125
0100,5747,"[1, 0, 2]",15,50.5216121673584,True,2.3831906496271777,658,0.0642578125
0100,5748,"[1, 2, 0]",300,50.534725189208984,False,2.3831906496271777,658,0.0642578125
0100,5749,"[1, 0, 2]",15,50.54020881652832,True,2.3831906496271777,658,0.0642578125
0100,5750,"[1, 2, 0]",300,50.54879188537598,False,2.3831906496271777,658,0.0642578125
0100,5751,"[1, 0, 2]",15,50.55379867553711,True,2.3831906496271777,658,0.0642578125
0100,5752,"[1, 2, 0]",300,50.562381744384766,False,2.3831906496271777,658,0.0642578125
0100,5753,"[1, 0, 2]",15,50.5673885345459,True,2.3831906496271777,658,0.0642578125
0100,5754,"[1, 2, 0]",300,50.57573318481445,False,2.3831906496271777,658,0.0642578125
0100,5755,"[1, 0, 2]",15,50.580739974975586,True,2.3831906496271777,658,0.0642578125
0100,5756,"[1, 2, 0]",300,50.589561462402344,False,2.3831906496271777,658,0.0642578125
0100,5757,"[1, 0, 2]",15,50.59480667114258,True,2.3831906496271777,658,0.0642578125
0100,5758,"[1, 2, 0]",300,50.60315132141113,False,2.3831906496271777,658,0.0642578125
0100,5759,"[1, 0, 2]",15,50.608158111572266,True,2.3831906496271777,658,0.0642578125
0100,5760,"[1, 2, 0]",300,50.61674118041992,False,2.3831906496271777,658,0.0642578125
0100,5761,"[1, 0, 2]",15,50.621986389160156,True,2.3831906496271777,658,0.0642578125
0100,5762,"[1, 2, 0]",300,50.63056945800781,False,2.3831906496271777,658,0.0642578125
0100,5763,"[1, 0, 2]",15,50.635576248168945,True,2.3831906496271777,658,0.0642578125
0100,5764,"[1, 2, 0]",300,50.6439208984375,False,2.3831906496271777,658,0.0642578125
0100,5765,"[1, 0, 2]",15,50.64892768859863,True,2.3831906496271777,658,0.0642578125
0100,5766,"[1, 2, 0]",300,50.65774917602539,False,2.3831906496271777,658,0.0642578125
0100,5767,"[1, 0, 2]",15,50.662994384765625,True,2.3831906496271777,658,0.0642578125
0100,5768,"[1, 2, 0]",300,50.67157745361328,False,2.3831906496271777,658,0.0642578125
0100,5769,"[1, 0, 2]",15,50.679922103881836,True,2.3831906496271777,658,0.0642578125
0100,5770,"[1, 2, 0]",300,50.688743591308594,False,2.3831906496271777,658,0.0642578125
0100,5771,"[1, 0, 2]",15,50.69375038146973,True,2.3831906496271777,658,0.0642578125
0100,5772,"[1, 2, 0]",300,50.70209503173828,False,2.3831906496271777,658,0.0642578125
0100,5773,"[1, 0, 2]",15,50.707340240478516,True,2.3831906496271777,658,0.0642578125
0100,5774,"[1, 2, 0]",300,50.71592330932617,False,2.3831906496271777,658,0.0642578125
0100,5775,"[1, 0, 2]",15,50.720930099487305,True,2.3831906496271777,658,0.0642578125
0100,5776,"[1, 2, 0]",300,50.72927474975586,False,2.3831906496271777,658,0.0642578125
0100,5777,"[1, 0, 2]",15,50.73404312133789,True,2.3831906496271777,658,0.0642578125
0100,5778,"[1, 2, 0]",300,50.74262619018555,False,2.3831906496271777,658,0.0642578125
0100,5779,"[1, 0, 2]",15,50.74763298034668,True,2.3831906496271777,658,0.0642578125
0100,5780,"[1, 2, 0]",300,50.756216049194336,False,2.3831906496271777,658,0.0642578125
0100,5781,"[1, 0, 2]",15,50.76122283935547,True,2.3831906496271777,658,0.0642578125
0100,5782,"[1, 2, 0]",300,50.76956748962402,False,2.3831906496271777,658,0.0642578125
0100,5783,"[1, 0, 2]",15,50.77481269836426,True,2.3831906496271777,658,0.0642578125
0100,5784,"[1, 2, 0]",300,50.78697204589844,False,2.3831906496271777,658,0.0642578125
0100,5785,"[1, 0, 2]",15,50.79221725463867,True,2.3831906496271777,658,0.0642578125
0100,5786,"[1, 2, 0]",300,50.80103874206543,False,2.3831906496271777,658,0.0642578125
0100,5787,"[1, 0, 2]",15,50.80604553222656,True,2.3831906496271777,658,0.0642578125
0100,5788,"[1, 2, 0]",300,50.81534385681152,False,2.3831906496271777,658,0.0642578125
0100,5789,"[1, 0, 2]",15,50.820350646972656,True,2.3831906496271777,658,0.0642578125
0100,5790,"[1, 2, 0]",300,50.83203315734863,False,2.3831906496271777,658,0.0642578125
0100,5791,"[1, 0, 2]",15,50.83727836608887,True,2.3831906496271777,658,0.0642578125
0100,5792,"[1, 2, 0]",300,50.84586143493652,False,2.3831906496271777,658,0.0642578125
0100,5793,"[1, 0, 2]",15,50.850868225097656,True,2.3831906496271777,658,0.0642578125
0100,5794,"[1, 2, 0]",300,50.859689712524414,False,2.3831906496271777,658,0.0642578125
0100,5795,"[1, 0, 2]",15,50.86493492126465,True,2.3831906496271777,658,0.0642578125
0100,5796,"[1, 2, 0]",300,50.87399482727051,False,2.3831906496271777,658,0.0642578125
0100,5797,"[1, 0, 2]",15,50.87876319885254,True,2.3831906496271777,658,0.0642578125
0100,5798,"[1, 2, 0]",300,50.887346267700195,False,2.3831906496271777,658,0.0642578125
0100,5799,"[1, 0, 2]",15,50.89211463928223,True,2.3831906496271777,658,0.0642578125
0100,5800,"[1, 2, 0]",300,50.90069770812988,False,2.3831906496271777,658,0.0642578125
0100,5801,"[1, 0, 2]",15,50.90641975402832,True,2.3831906496271777,658,0.0642578125
0100,5802,"[1, 2, 0]",300,50.91571807861328,False,2.3831906496271777,658,0.0642578125
0100,5803,"[1, 0, 2]",15,50.920724868774414,True,2.3831906496271777,658,0.0642578125
0100,5804,"[1, 2, 0]",300,50.92930793762207,False,2.3831906496271777,658,0.0642578125
0100,5805,"[1, 0, 2]",15,50.934791564941406,True,2.3831906496271777,658,0.0642578125
0100,5806,"[1, 2, 0]",300,50.94313621520996,False,2.3831906496271777,658,0.0642578125
0100,5807,"[1, 0, 2]",15,50.948143005371094,True,2.3831906496271777,658,0.0642578125
0100,5808,"[1, 2, 0]",300,50.95648765563965,False,2.3831906496271777,658,0.0642578125
0100,5809,"[1, 0, 2]",15,50.962209701538086,True,2.3831906496271777,658,0.0642578125
0100,5810,"[1, 2, 0]",300,50.971031188964844,False,2.3831906496271777,658,0.0642578125
0100,5811,"[1, 0, 2]",15,50.9796142578125,True,2.3831906496271777,658,0.0642578125
0100,5812,"[1, 2, 0]",300,50.98867416381836,False,2.3831906496271777,658,0.0642578125
0100,5813,"[1, 0, 2]",15,50.993919372558594,True,2.3831906496271777,658,0.0642578125
0100,5814,"[1, 2, 0]",300,51.00297927856445,False,2.3831906496271777,658,0.0642578125
0100,5815,"[1, 0, 2]",15,51.007986068725586,True,2.3831906496271777,658,0.0642578125
0100,5816,"[1, 2, 0]",300,51.02133750915527,False,2.3831906496271777,658,0.0642578125
0100,5817,"[1, 0, 2]",15,51.03015899658203,True,2.3831906496271777,658,0.0642578125
0100,5818,"[1, 2, 0]",300,51.05161666870117,False,2.3831906496271777,658,0.0642578125
0100,5819,"[1, 0, 2]",15,51.059722900390625,True,2.3831906496271777,658,0.0642578125
0100,5820,"[1, 2, 0]",300,51.132917404174805,False,2.3831906496271777,658,0.0642578125
0100,5821,"[1, 0, 2]",15,51.14626884460449,True,2.3831906496271777,658,0.0642578125
0100,5822,"[1, 2, 0]",300,51.17034912109375,False,2.3831906496271777,658,0.0642578125
0100,5823,"[1, 0, 2]",15,51.177978515625,True,2.3831906496271777,658,0.0642578125
0100,5824,"[1, 2, 0]",300,51.18966102600098,False,2.3831906496271777,658,0.0642578125
0100,5825,"[1, 0, 2]",15,51.19633674621582,True,2.3831906496271777,658,0.0642578125
0100,5826,"[1, 2, 0]",300,51.20563507080078,False,2.3831906496271777,658,0.0642578125
0100,5827,"[1, 0, 2]",15,51.21111869812012,True,2.3831906496271777,658,0.0642578125
0100,5828,"[1, 2, 0]",300,51.219940185546875,False,2.3831906496271777,658,0.0642578125
0100,5829,"[1, 0, 2]",15,51.22542381286621,True,2.3831906496271777,658,0.0642578125
0100,5830,"[1, 2, 0]",300,51.23424530029297,False,2.3831906496271777,658,0.0642578125
0100,5831,"[1, 0, 2]",15,51.239728927612305,True,2.3831906496271777,658,0.0642578125
0100,5832,"[1, 2, 0]",300,51.276206970214844,False,2.3831906496271777,658,0.0642578125
0100,5833,"[1, 0, 2]",15,51.28955841064453,True,2.3831906496271777,658,0.0642578125
0100,5834,"[1, 2, 0]",300,51.30910873413086,False,2.3831906496271777,658,0.0642578125
0100,5835,"[1, 0, 2]",15,51.31697654724121,True,2.3831906496271777,658,0.0642578125
0100,5836,"[1, 2, 0]",300,51.32937431335449,False,2.3831906496271777,658,0.0642578125
0100,5837,"[1, 0, 2]",15,51.33628845214844,True,2.3831906496271777,658,0.0642578125
0100,5838,"[1, 2, 0]",300,51.34701728820801,False,2.3831906496271777,658,0.0642578125
0100,5839,"[1, 0, 2]",15,51.35297775268555,True,2.3831906496271777,658,0.0642578125
0100,5840,"[1, 2, 0]",300,51.36227607727051,False,2.3831906496271777,658,0.0642578125
0100,5841,"[1, 0, 2]",15,51.36823654174805,True,2.3831906496271777,658,0.0642578125
0100,5842,"[1, 2, 0]",300,51.377296447753906,False,2.3831906496271777,658,0.0642578125
0100,5843,"[1, 0, 2]",15,51.383018493652344,True,2.3831906496271777,658,0.0642578125
0100,5844,"[1, 2, 0]",300,51.3913631439209,False,2.3831906496271777,658,0.0642578125
0100,5845,"[1, 0, 2]",15,51.39660835266113,True,2.3831906496271777,658,0.0642578125
0100,5846,"[1, 2, 0]",300,51.412343978881836,False,2.3831906496271777,658,0.0642578125
0100,5847,"[1, 0, 2]",15,51.41901969909668,True,2.3831906496271777,658,0.0642578125
0100,5848,"[1, 2, 0]",300,51.429033279418945,False,2.3831906496271777,658,0.0642578125
0100,5849,"[1, 0, 2]",15,51.43451690673828,True,2.3831906496271777,658,0.0642578125
0100,5850,"[1, 2, 0]",300,51.444053649902344,False,2.3831906496271777,658,0.0642578125
0100,5851,"[1, 0, 2]",15,51.44977569580078,True,2.3831906496271777,658,0.0642578125
0100,5852,"[1, 2, 0]",300,51.45907402038574,False,2.3831906496271777,658,0.0642578125
0100,5853,"[1, 0, 2]",15,51.4683723449707,True,2.3831906496271777,658,0.0642578125
0100,5854,"[1, 2, 0]",300,51.477670669555664,False,2.3831906496271777,658,0.0642578125
0100,5855,"[1, 0, 2]",15,51.483154296875,True,2.3831906496271777,658,0.0642578125
0100,5856,"[1, 2, 0]",300,51.49221420288086,False,2.3831906496271777,658,0.0642578125
0100,5857,"[1, 0, 2]",15,51.497459411621094,True,2.3831906496271777,658,0.0642578125
0100,5858,"[1, 2, 0]",300,51.50628089904785,False,2.3831906496271777,658,0.0642578125
0100,5859,"[1, 0, 2]",15,51.546335220336914,True,2.3831906496271777,658,0.0642578125
0100,5860,"[1, 2, 0]",300,51.561832427978516,False,2.3831906496271777,658,0.0642578125
0100,5861,"[1, 0, 2]",15,51.56683921813965,True,2.3831906496271777,658,0.0642578125
0100,5862,"[1, 2, 0]",300,51.575660705566406,False,2.3831906496271777,658,0.0642578125
0100,5863,"[1, 0, 2]",15,51.58066749572754,True,2.3831906496271777,658,0.0642578125
0100,5864,"[1, 2, 0]",300,51.5894889831543,False,2.3831906496271777,658,0.0642578125
0100,5865,"[1, 0, 2]",15,51.59449577331543,True,2.3831906496271777,658,0.0642578125
0100,5866,"[1, 2, 0]",300,51.602840423583984,False,2.3831906496271777,658,0.0642578125
0100,5867,"[1, 0, 2]",15,51.60784721374512,True,2.3831906496271777,658,0.0642578125
0100,5868,"[1, 2, 0]",300,51.61643028259277,False,2.3831906496271777,658,0.0642578125
0100,5869,"[1, 0, 2]",15,51.621437072753906,True,2.3831906496271777,658,0.0642578125
0100,5870,"[1, 2, 0]",300,51.630258560180664,False,2.3831906496271777,658,0.0642578125
0100,5871,"[1, 0, 2]",15,51.6352653503418,True,2.3831906496271777,658,0.0642578125
0100,5872,"[1, 2, 0]",300,51.64361000061035,False,2.3831906496271777,658,0.0642578125
0100,5873,"[1, 0, 2]",15,51.64909362792969,True,2.3831906496271777,658,0.0642578125
0100,5874,"[1, 2, 0]",300,51.66220664978027,False,2.3831906496271777,658,0.0642578125
0100,5875,"[1, 0, 2]",15,51.667213439941406,True,2.3831906496271777,658,0.0642578125
0100,5876,"[1, 2, 0]",300,51.676034927368164,False,2.3831906496271777,658,0.0642578125
0100,5877,"[1, 0, 2]",15,51.6810417175293,True,2.3831906496271777,658,0.0642578125
0100,5878,"[1, 2, 0]",300,51.689863204956055,False,2.3831906496271777,658,0.0642578125
0100,5879,"[1, 0, 2]",15,51.694631576538086,True,2.3831906496271777,658,0.0642578125
0100,5880,"[1, 2, 0]",300,51.703453063964844,False,2.3831906496271777,658,0.0642578125
0100,5881,"[1, 0, 2]",15,51.70845985412598,True,2.3831906496271777,658,0.0642578125
0100,5882,"[1, 2, 0]",300,51.71704292297363,False,2.3831906496271777,658,0.0642578125
0100,5883,"[1, 0, 2]",15,51.722049713134766,True,2.3831906496271777,658,0.0642578125
0100,5884,"[1, 2, 0]",300,51.73063278198242,False,2.3831906496271777,658,0.0642578125
0100,5885,"[1, 0, 2]",15,51.73611640930176,True,2.3831906496271777,658,0.0642578125
0100,5886,"[1, 2, 0]",300,51.744937896728516,False,2.3831906496271777,658,0.0642578125
0100,5887,"[1, 0, 2]",15,51.75018310546875,True,2.3831906496271777,658,0.0642578125
0100,5888,"[1, 2, 0]",300,51.758766174316406,False,2.3831906496271777,658,0.0642578125
0100,5889,"[1, 0, 2]",15,51.77116394042969,True,2.3831906496271777,658,0.0642578125
0100,5890,"[1, 2, 0]",300,51.78093910217285,False,2.3831906496271777,658,0.0642578125
0100,5891,"[1, 0, 2]",15,51.78666114807129,True,2.3831906496271777,658,0.0642578125
0100,5892,"[1, 2, 0]",300,51.79548263549805,False,2.3831906496271777,658,0.0642578125
0100,5893,"[1, 0, 2]",15,51.80096626281738,True,2.3831906496271777,658,0.0642578125
0100,5894,"[1, 2, 0]",300,51.80954933166504,False,2.3831906496271777,658,0.0642578125
0100,5895,"[1, 0, 2]",15,51.818132400512695,True,2.3831906496271777,658,0.0642578125
0100,5896,"[1, 2, 0]",300,51.82695388793945,False,2.3831906496271777,658,0.0642578125
0100,5897,"[1, 0, 2]",15,51.83267593383789,True,2.3831906496271777,658,0.0642578125
0100,5898,"[1, 2, 0]",300,51.84125900268555,False,2.3831906496271777,658,0.0642578125
0100,5899,"[1, 0, 2]",15,51.84626579284668,True,2.3831906496271777,658,0.0642578125
0100,5900,"[1, 2, 0]",300,51.85437202453613,False,2.3831906496271777,658,0.0642578125
0100,5901,"[1, 0, 2]",15,51.85961723327637,True,2.3831906496271777,658,0.0642578125
0100,5902,"[1, 2, 0]",300,51.86796188354492,False,2.3831906496271777,658,0.0642578125
0100,5903,"[1, 0, 2]",15,51.87344551086426,True,2.3831906496271777,658,0.0642578125
0100,5904,"[1, 2, 0]",300,51.882028579711914,False,2.3831906496271777,658,0.0642578125
0100,5905,"[1, 0, 2]",15,51.886796951293945,True,2.3831906496271777,658,0.0642578125
0100,5906,"[1, 2, 0]",300,51.895856857299805,False,2.3831906496271777,658,0.0642578125
0100,5907,"[1, 0, 2]",15,51.900625228881836,True,2.3831906496271777,658,0.0642578125
0100,5908,"[1, 2, 0]",300,51.90920829772949,False,2.3831906496271777,658,0.0642578125
0100,5909,"[1, 0, 2]",15,51.914215087890625,True,2.3831906496271777,658,0.0642578125
0100,5910,"[1, 2, 0]",300,51.92756652832031,False,2.3831906496271777,658,0.0642578125
0100,5911,"[1, 0, 2]",15,51.93305015563965,True,2.3831906496271777,658,0.0642578125
0100,5912,"[1, 2, 0]",300,51.941871643066406,False,2.3831906496271777,658,0.0642578125
0100,5913,"[1, 0, 2]",15,51.94711685180664,True,2.3831906496271777,658,0.0642578125
0100,5914,"[1, 2, 0]",300,51.9559383392334,False,2.3831906496271777,658,0.0642578125
0100,5915,"[1, 0, 2]",15,51.96118354797363,True,2.3831906496271777,658,0.0642578125
0100,5916,"[1, 2, 0]",300,51.97262763977051,False,2.3831906496271777,658,0.0642578125
0100,5917,"[1, 0, 2]",15,51.97787284851074,True,2.3831906496271777,658,0.0642578125
0100,5918,"[1, 2, 0]",300,51.9864559173584,False,2.3831906496271777,658,0.0642578125
0100,5919,"[1, 0, 2]",15,51.99170112609863,True,2.3831906496271777,658,0.0642578125
0100,5920,"[1, 2, 0]",300,52.00028419494629,False,2.3831906496271777,658,0.0642578125
0100,5921,"[1, 0, 2]",15,52.00529098510742,True,2.3831906496271777,658,0.0642578125
0100,5922,"[1, 2, 0]",300,52.01387405395508,False,2.3831906496271777,658,0.0642578125
0100,5923,"[1, 0, 2]",15,52.019357681274414,True,2.3831906496271777,658,0.0642578125
0100,5924,"[1, 2, 0]",300,52.02794075012207,False,2.3831906496271777,658,0.0642578125
0100,5925,"[1, 0, 2]",15,52.03390121459961,True,2.3831906496271777,658,0.0642578125
0100,5926,"[1, 2, 0]",300,52.04939842224121,False,2.3831906496271777,658,0.0642578125
0100,5927,"[1, 0, 2]",15,52.05798149108887,True,2.3831906496271777,658,0.0642578125
0100,5928,"[1, 2, 0]",300,52.07061767578125,False,2.3831906496271777,658,0.0642578125
0100,5929,"[1, 0, 2]",15,52.0782470703125,True,2.3831906496271777,658,0.0642578125
0100,5930,"[1, 2, 0]",300,52.09088325500488,False,2.3831906496271777,658,0.0642578125
0100,5931,"[1, 0, 2]",15,52.09970474243164,True,2.3831906496271777,658,0.0642578125
0100,5932,"[1, 2, 0]",300,52.11329460144043,False,2.3831906496271777,658,0.0642578125
0100,5933,"[1, 0, 2]",15,52.11830139160156,True,2.3831906496271777,658,0.0642578125
0100,5934,"[1, 2, 0]",300,52.12759971618652,False,2.3831906496271777,658,0.0642578125
0100,5935,"[1, 0, 2]",15,52.13284492492676,True,2.3831906496271777,658,0.0642578125
0100,5936,"[1, 2, 0]",300,52.14238166809082,False,2.3831906496271777,658,0.0642578125
0100,5937,"[1, 0, 2]",15,52.152156829833984,True,2.3831906496271777,658,0.0642578125
0100,5938,"[1, 2, 0]",300,52.16574668884277,False,2.3831906496271777,658,0.0642578125
0100,5939,"[1, 0, 2]",15,52.17337608337402,True,2.3831906496271777,658,0.0642578125
0100,5940,"[1, 2, 0]",300,52.18982696533203,False,2.3831906496271777,658,0.0642578125
0100,5941,"[1, 0, 2]",15,52.22940444946289,True,2.3831906496271777,658,0.0642578125
0100,5942,"[1, 2, 0]",300,52.24037170410156,False,2.3831906496271777,658,0.0642578125
0100,5943,"[1, 0, 2]",15,52.24609375,True,2.3831906496271777,658,0.0642578125
0100,5944,"[1, 2, 0]",300,52.25563049316406,False,2.3831906496271777,658,0.0642578125
0100,5945,"[1, 0, 2]",15,52.260637283325195,True,2.3831906496271777,658,0.0642578125
0100,5946,"[1, 2, 0]",300,52.269697189331055,False,2.3831906496271777,658,0.0642578125
0100,5947,"[1, 0, 2]",15,52.27470397949219,True,2.3831906496271777,658,0.0642578125
0100,5948,"[1, 2, 0]",300,52.28376388549805,False,2.3831906496271777,658,0.0642578125
0100,5949,"[1, 0, 2]",15,52.28877067565918,True,2.3831906496271777,658,0.0642578125
0100,5950,"[1, 2, 0]",300,52.29759216308594,False,2.3831906496271777,658,0.0642578125
0100,5951,"[1, 0, 2]",15,52.30259895324707,True,2.3831906496271777,658,0.0642578125
0100,5952,"[1, 2, 0]",300,52.31142044067383,False,2.3831906496271777,658,0.0642578125
0100,5953,"[1, 0, 2]",15,52.31666564941406,True,2.3831906496271777,658,0.0642578125
0100,5954,"[1, 2, 0]",300,52.32548713684082,False,2.3831906496271777,658,0.0642578125
0100,5955,"[1, 0, 2]",15,52.33049392700195,True,2.3831906496271777,658,0.0642578125
0100,5956,"[1, 2, 0]",300,52.339792251586914,False,2.3831906496271777,658,0.0642578125
0100,5957,"[1, 0, 2]",15,52.34479904174805,True,2.3831906496271777,658,0.0642578125
0100,5958,"[1, 2, 0]",300,52.36005783081055,False,2.3831906496271777,658,0.0642578125
0100,5959,"[1, 0, 2]",15,52.36506462097168,True,2.3831906496271777,658,0.0642578125
0100,5960,"[1, 2, 0]",300,52.37436294555664,False,2.3831906496271777,658,0.0642578125
0100,5961,"[1, 0, 2]",15,52.37913131713867,True,2.3831906496271777,658,0.0642578125
0100,5962,"[1, 2, 0]",300,52.38819122314453,False,2.3831906496271777,658,0.0642578125
0100,5963,"[1, 0, 2]",15,52.393198013305664,True,2.3831906496271777,658,0.0642578125
0100,5964,"[1, 2, 0]",300,52.40154266357422,False,2.3831906496271777,658,0.0642578125
0100,5965,"[1, 0, 2]",15,52.40654945373535,True,2.3831906496271777,658,0.0642578125
0100,5966,"[1, 2, 0]",300,52.41537094116211,False,2.3831906496271777,658,0.0642578125
0100,5967,"[1, 0, 2]",15,52.420616149902344,True,2.3831906496271777,658,0.0642578125
0100,5968,"[1, 2, 0]",300,52.429914474487305,False,2.3831906496271777,658,0.0642578125
0100,5969,"[1, 0, 2]",15,52.43515968322754,True,2.3831906496271777,658,0.0642578125
0100,5970,"[1, 2, 0]",300,52.443742752075195,False,2.3831906496271777,658,0.0642578125
0100,5971,"[1, 0, 2]",15,52.44898796081543,True,2.3831906496271777,658,0.0642578125
0100,5972,"[1, 2, 0]",300,52.46138572692871,False,2.3831906496271777,658,0.0642578125
0100,5973,"[1, 0, 2]",15,52.46710777282715,True,2.3831906496271777,658,0.0642578125
0100,5974,"[1, 2, 0]",300,52.475929260253906,False,2.3831906496271777,658,0.0642578125
0100,5975,"[1, 0, 2]",15,52.481651306152344,True,2.3831906496271777,658,0.0642578125
0100,5976,"[1, 2, 0]",300,52.490234375,False,2.3831906496271777,658,0.0642578125
0100,5977,"[1, 0, 2]",15,52.495479583740234,True,2.3831906496271777,658,0.0642578125
0100,5978,"[1, 2, 0]",300,52.504777908325195,False,2.3831906496271777,658,0.0642578125
0100,5979,"[1, 0, 2]",15,52.51336097717285,True,2.3831906496271777,658,0.0642578125
0100,5980,"[1, 2, 0]",300,52.52194404602051,False,2.3831906496271777,658,0.0642578125
0100,5981,"[1, 0, 2]",15,52.52718925476074,True,2.3831906496271777,658,0.0642578125
0100,5982,"[1, 2, 0]",300,52.5357723236084,False,2.3831906496271777,658,0.0642578125
0100,5983,"[1, 0, 2]",15,52.54101753234863,True,2.3831906496271777,658,0.0642578125
0100,5984,"[1, 2, 0]",300,52.549123764038086,False,2.3831906496271777,658,0.0642578125
0100,5985,"[1, 0, 2]",15,52.55460739135742,True,2.3831906496271777,658,0.0642578125
0100,5986,"[1, 2, 0]",300,52.56295204162598,False,2.3831906496271777,658,0.0642578125
0100,5987,"[1, 0, 2]",15,52.56843566894531,True,2.3831906496271777,658,0.0642578125
0100,5988,"[1, 2, 0]",300,52.57678031921387,False,2.3831906496271777,658,0.0642578125
0100,5989,"[1, 0, 2]",15,52.5820255279541,True,2.3831906496271777,658,0.0642578125
0100,5990,"[1, 2, 0]",300,52.59060859680176,False,2.3831906496271777,658,0.0642578125
0100,5991,"[1, 0, 2]",15,52.596330642700195,True,2.3831906496271777,658,0.0642578125
0100,5992,"[1, 2, 0]",300,52.60491371154785,False,2.3831906496271777,658,0.0642578125
0100,5993,"[1, 0, 2]",15,52.610158920288086,True,2.3831906496271777,658,0.0642578125
0100,5994,"[1, 2, 0]",300,52.61850357055664,False,2.3831906496271777,658,0.0642578125
0100,5995,"[1, 0, 2]",15,52.623748779296875,True,2.3831906496271777,658,0.0642578125
0100,5996,"[1, 2, 0]",300,52.63185501098633,False,2.3831906496271777,658,0.0642578125
0100,5997,"[1, 0, 2]",15,52.63710021972656,True,2.3831906496271777,658,0.0642578125
0100,5998,"[1, 2, 0]",300,52.64568328857422,False,2.3831906496271777,658,0.0642578125
0100,5999,"[1, 0, 2]",15,52.65092849731445,True,2.3831906496271777,658,0.0642578125
0100,6000,"[1, 2, 0]",300,52.66284942626953,False,2.3831906496271777,658,0.0642578125
0100,6001,"[1, 0, 2]",15,52.667856216430664,True,2.3831906496271777,658,0.0642578125
0100,6002,"[1, 2, 0]",300,52.67643928527832,False,2.3831906496271777,658,0.0642578125
0100,6003,"[1, 0, 2]",15,52.681684494018555,True,2.3831906496271777,658,0.0642578125
0100,6004,"[1, 2, 0]",300,52.69002914428711,False,2.3831906496271777,658,0.0642578125
0100,6005,"[1, 0, 2]",15,52.69503593444824,True,2.3831906496271777,658,0.0642578125
0100,6006,"[1, 2, 0]",300,52.7033805847168,False,2.3831906496271777,658,0.0642578125
0100,6007,"[1, 0, 2]",15,52.70814895629883,True,2.3831906496271777,658,0.0642578125
0100,6008,"[1, 2, 0]",300,52.71649360656738,False,2.3831906496271777,658,0.0642578125
0100,6009,"[1, 0, 2]",15,52.721500396728516,True,2.3831906496271777,658,0.0642578125
0100,6010,"[1, 2, 0]",300,52.72984504699707,False,2.3831906496271777,658,0.0642578125
0100,6011,"[1, 0, 2]",15,52.735090255737305,True,2.3831906496271777,658,0.0642578125
0100,6012,"[1, 2, 0]",300,52.74391174316406,False,2.3831906496271777,658,0.0642578125
0100,6013,"[1, 0, 2]",15,52.748918533325195,True,2.3831906496271777,658,0.0642578125
0100,6014,"[1, 2, 0]",300,52.75726318359375,False,2.3831906496271777,658,0.0642578125
0100,6015,"[1, 0, 2]",15,52.762508392333984,True,2.3831906496271777,658,0.0642578125
0100,6016,"[1, 2, 0]",300,52.77061462402344,False,2.3831906496271777,658,0.0642578125
0100,6017,"[1, 0, 2]",15,52.77538299560547,True,2.3831906496271777,658,0.0642578125
0100,6018,"[1, 2, 0]",300,52.783966064453125,False,2.3831906496271777,658,0.0642578125
0100,6019,"[1, 0, 2]",15,52.788734436035156,True,2.3831906496271777,658,0.0642578125
0100,6020,"[1, 2, 0]",300,52.79731750488281,False,2.3831906496271777,658,0.0642578125
0100,6021,"[1, 0, 2]",15,52.805423736572266,True,2.3831906496271777,658,0.0642578125
0100,6022,"[1, 2, 0]",300,52.81424522399902,False,2.3831906496271777,658,0.0642578125
0100,6023,"[1, 0, 2]",15,52.819252014160156,True,2.3831906496271777,658,0.0642578125
0100,6024,"[1, 2, 0]",300,52.843570709228516,False,2.3831906496271777,658,0.0642578125
0100,6025,"[1, 0, 2]",15,52.85835266113281,True,2.3831906496271777,658,0.0642578125
0100,6026,"[1, 2, 0]",300,52.87742614746094,False,2.3831906496271777,658,0.0642578125
0100,6027,"[1, 0, 2]",15,52.88529396057129,True,2.3831906496271777,658,0.0642578125
0100,6028,"[1, 2, 0]",300,52.896976470947266,False,2.3831906496271777,658,0.0642578125
0100,6029,"[1, 0, 2]",15,52.903175354003906,True,2.3831906496271777,658,0.0642578125
0100,6030,"[1, 2, 0]",300,52.91295051574707,False,2.3831906496271777,658,0.0642578125
0100,6031,"[1, 0, 2]",15,52.91891098022461,True,2.3831906496271777,658,0.0642578125
0100,6032,"[1, 2, 0]",300,52.927494049072266,False,2.3831906496271777,658,0.0642578125
0100,6033,"[1, 0, 2]",15,52.9327392578125,True,2.3831906496271777,658,0.0642578125
0100,6034,"[1, 2, 0]",300,52.94084548950195,False,2.3831906496271777,658,0.0642578125
0100,6035,"[1, 0, 2]",15,52.94609069824219,True,2.3831906496271777,658,0.0642578125
0100,6036,"[1, 2, 0]",300,52.960872650146484,False,2.3831906496271777,658,0.0642578125
0100,6037,"[1, 0, 2]",15,52.96611785888672,True,2.3831906496271777,658,0.0642578125
0100,6038,"[1, 2, 0]",300,52.97517776489258,False,2.3831906496271777,658,0.0642578125
0100,6039,"[1, 0, 2]",15,52.98042297363281,True,2.3831906496271777,658,0.0642578125
0100,6040,"[1, 2, 0]",300,52.98924446105957,False,2.3831906496271777,658,0.0642578125
0100,6041,"[1, 0, 2]",15,52.9942512512207,True,2.3831906496271777,658,0.0642578125
0100,6042,"[1, 2, 0]",300,53.021907806396484,False,2.3831906496271777,658,0.0642578125
0100,6043,"[1, 0, 2]",15,53.02882194519043,True,2.3831906496271777,658,0.0642578125
0100,6044,"[1, 2, 0]",300,53.040266036987305,False,2.3831906496271777,658,0.0642578125
0100,6045,"[1, 0, 2]",15,53.04980278015137,True,2.3831906496271777,658,0.0642578125
0100,6046,"[1, 2, 0]",300,53.06267738342285,False,2.3831906496271777,658,0.0642578125
0100,6047,"[1, 0, 2]",15,53.06839942932129,True,2.3831906496271777,658,0.0642578125
0100,6048,"[1, 2, 0]",300,53.07722091674805,False,2.3831906496271777,658,0.0642578125
0100,6049,"[1, 0, 2]",15,53.08270454406738,True,2.3831906496271777,658,0.0642578125
0100,6050,"[1, 2, 0]",300,53.09128761291504,False,2.3831906496271777,658,0.0642578125
0100,6051,"[1, 0, 2]",15,53.09939384460449,True,2.3831906496271777,658,0.0642578125
0100,6052,"[1, 2, 0]",300,53.10797691345215,False,2.3831906496271777,658,0.0642578125
0100,6053,"[1, 0, 2]",15,53.11322212219238,True,2.3831906496271777,658,0.0642578125
0100,6054,"[1, 2, 0]",300,53.12180519104004,False,2.3831906496271777,658,0.0642578125
0100,6055,"[1, 0, 2]",15,53.12705039978027,True,2.3831906496271777,658,0.0642578125
0100,6056,"[1, 2, 0]",300,53.13563346862793,False,2.3831906496271777,658,0.0642578125
0100,6057,"[1, 0, 2]",15,53.14469337463379,True,2.3831906496271777,658,0.0642578125
0100,6058,"[1, 2, 0]",300,53.153038024902344,False,2.3831906496271777,658,0.0642578125
0100,6059,"[1, 0, 2]",15,53.15876007080078,True,2.3831906496271777,658,0.0642578125
0100,6060,"[1, 2, 0]",300,53.16734313964844,False,2.3831906496271777,658,0.0642578125
0100,6061,"[1, 0, 2]",15,53.17282676696777,True,2.3831906496271777,658,0.0642578125
0100,6062,"[1, 2, 0]",300,53.18140983581543,False,2.3831906496271777,658,0.0642578125
0100,6063,"[1, 0, 2]",15,53.20453643798828,True,2.3831906496271777,658,0.0642578125
0100,6064,"[1, 2, 0]",300,53.21383476257324,False,2.3831906496271777,658,0.0642578125
0100,6065,"[1, 0, 2]",15,53.21860313415527,True,2.3831906496271777,658,0.0642578125
0100,6066,"[1, 2, 0]",300,53.22742462158203,False,2.3831906496271777,658,0.0642578125
0100,6067,"[1, 0, 2]",15,53.23219299316406,True,2.3831906496271777,658,0.0642578125
0100,6068,"[1, 2, 0]",300,53.24077606201172,False,2.3831906496271777,658,0.0642578125
0100,6069,"[1, 0, 2]",15,53.24602127075195,True,2.3831906496271777,658,0.0642578125
0100,6070,"[1, 2, 0]",300,53.25508117675781,False,2.3831906496271777,658,0.0642578125
0100,6071,"[1, 0, 2]",15,53.260087966918945,True,2.3831906496271777,658,0.0642578125
0100,6072,"[1, 2, 0]",300,53.2681941986084,False,2.3831906496271777,658,0.0642578125
0100,6073,"[1, 0, 2]",15,53.288936614990234,True,2.3831906496271777,658,0.0642578125
0100,6074,"[1, 2, 0]",300,53.314208984375,False,2.3831906496271777,658,0.0642578125
0100,6075,"[1, 0, 2]",15,53.32541465759277,True,2.3831906496271777,658,0.0642578125
0100,6076,"[1, 2, 0]",300,53.33852767944336,False,2.3831906496271777,658,0.0642578125
0100,6077,"[1, 0, 2]",15,53.34591865539551,True,2.3831906496271777,658,0.0642578125
0100,6078,"[1, 2, 0]",300,53.35712432861328,False,2.3831906496271777,658,0.0642578125
0100,6079,"[1, 0, 2]",15,53.36427688598633,True,2.3831906496271777,658,0.0642578125
0100,6080,"[1, 2, 0]",300,53.374290466308594,False,2.3831906496271777,658,0.0642578125
0100,6081,"[1, 0, 2]",15,53.38001251220703,True,2.3831906496271777,658,0.0642578125
0100,6082,"[1, 2, 0]",300,53.38859558105469,False,2.3831906496271777,658,0.0642578125
0100,6083,"[1, 0, 2]",15,53.39407920837402,True,2.3831906496271777,658,0.0642578125
0100,6084,"[1, 2, 0]",300,53.40862274169922,False,2.3831906496271777,658,0.0642578125
0100,6085,"[1, 0, 2]",15,53.414106369018555,True,2.3831906496271777,658,0.0642578125
0100,6086,"[1, 2, 0]",300,53.42292785644531,False,2.3831906496271777,658,0.0642578125
0100,6087,"[1, 0, 2]",15,53.427934646606445,True,2.3831906496271777,658,0.0642578125
0100,6088,"[1, 2, 0]",300,53.4365177154541,False,2.3831906496271777,658,0.0642578125
0100,6089,"[1, 0, 2]",15,53.441524505615234,True,2.3831906496271777,658,0.0642578125
0100,6090,"[1, 2, 0]",300,53.44986915588379,False,2.3831906496271777,658,0.0642578125
0100,6091,"[1, 0, 2]",15,53.45487594604492,True,2.3831906496271777,658,0.0642578125
0100,6092,"[1, 2, 0]",300,53.46369743347168,False,2.3831906496271777,658,0.0642578125
0100,6093,"[1, 0, 2]",15,53.46846580505371,True,2.3831906496271777,658,0.0642578125
0100,6094,"[1, 2, 0]",300,53.47728729248047,False,2.3831906496271777,658,0.0642578125
0100,6095,"[1, 0, 2]",15,53.4822940826416,True,2.3831906496271777,658,0.0642578125
0100,6096,"[1, 2, 0]",300,53.490400314331055,False,2.3831906496271777,658,0.0642578125
0100,6097,"[1, 0, 2]",15,53.49564552307129,True,2.3831906496271777,658,0.0642578125
0100,6098,"[1, 2, 0]",300,53.514957427978516,False,2.3831906496271777,658,0.0642578125
0100,6099,"[1, 0, 2]",15,53.520917892456055,True,2.3831906496271777,658,0.0642578125
0100,6100,"[1, 2, 0]",300,53.53045463562012,False,2.3831906496271777,658,0.0642578125
0100,6101,"[1, 0, 2]",15,53.53569984436035,True,2.3831906496271777,658,0.0642578125
0100,6102,"[1, 2, 0]",300,53.54475975036621,False,2.3831906496271777,658,0.0642578125
0100,6103,"[1, 0, 2]",15,53.54952812194824,True,2.3831906496271777,658,0.0642578125
0100,6104,"[1, 2, 0]",300,53.558349609375,False,2.3831906496271777,658,0.0642578125
0100,6105,"[1, 0, 2]",15,53.566694259643555,True,2.3831906496271777,658,0.0642578125
0100,6106,"[1, 2, 0]",300,53.57527732849121,False,2.3831906496271777,658,0.0642578125
0100,6107,"[1, 0, 2]",15,53.58004570007324,True,2.3831906496271777,658,0.0642578125
0100,6108,"[1, 2, 0]",300,53.5891056060791,False,2.3831906496271777,658,0.0642578125
0100,6109,"[1, 0, 2]",15,53.59387397766113,True,2.3831906496271777,658,0.0642578125
0100,6110,"[1, 2, 0]",300,53.60245704650879,False,2.3831906496271777,658,0.0642578125
0100,6111,"[1, 0, 2]",15,53.60746383666992,True,2.3831906496271777,658,0.0642578125
0100,6112,"[1, 2, 0]",300,53.61628532409668,False,2.3831906496271777,658,0.0642578125
0100,6113,"[1, 0, 2]",15,53.621530532836914,True,2.3831906496271777,658,0.0642578125
0100,6114,"[1, 2, 0]",300,53.63011360168457,False,2.3831906496271777,658,0.0642578125
0100,6115,"[1, 0, 2]",15,53.6348819732666,True,2.3831906496271777,658,0.0642578125
0100,6116,"[1, 2, 0]",300,53.643226623535156,False,2.3831906496271777,658,0.0642578125
0100,6117,"[1, 0, 2]",15,53.64823341369629,True,2.3831906496271777,658,0.0642578125
0100,6118,"[1, 2, 0]",300,53.656578063964844,False,2.3831906496271777,658,0.0642578125
0100,6119,"[1, 0, 2]",15,53.66158485412598,True,2.3831906496271777,658,0.0642578125
0100,6120,"[1, 2, 0]",300,53.670406341552734,False,2.3831906496271777,658,0.0642578125
0100,6121,"[1, 0, 2]",15,53.67565155029297,True,2.3831906496271777,658,0.0642578125
0100,6122,"[1, 2, 0]",300,53.68399620056152,False,2.3831906496271777,658,0.0642578125
0100,6123,"[1, 0, 2]",15,53.689002990722656,True,2.3831906496271777,658,0.0642578125
0100,6124,"[1, 2, 0]",300,53.69734764099121,False,2.3831906496271777,658,0.0642578125
0100,6125,"[1, 0, 2]",15,53.70283126831055,True,2.3831906496271777,658,0.0642578125
0100,6126,"[1, 2, 0]",300,53.71427536010742,False,2.3831906496271777,658,0.0642578125
0100,6127,"[1, 0, 2]",15,53.719282150268555,True,2.3831906496271777,658,0.0642578125
0100,6128,"[1, 2, 0]",300,53.72786521911621,False,2.3831906496271777,658,0.0642578125
0100,6129,"[1, 0, 2]",15,53.73263359069824,True,2.3831906496271777,658,0.0642578125
0100,6130,"[1, 2, 0]",300,53.7409782409668,False,2.3831906496271777,658,0.0642578125
0100,6131,"[1, 0, 2]",15,53.74598503112793,True,2.3831906496271777,658,0.0642578125
0100,6132,"[1, 2, 0]",300,53.754568099975586,False,2.3831906496271777,658,0.0642578125
0100,6133,"[1, 0, 2]",15,53.76005172729492,True,2.3831906496271777,658,0.0642578125
0100,6134,"[1, 2, 0]",300,53.768157958984375,False,2.3831906496271777,658,0.0642578125
0100,6135,"[1, 0, 2]",15,53.77340316772461,True,2.3831906496271777,658,0.0642578125
0100,6136,"[1, 2, 0]",300,53.781986236572266,False,2.3831906496271777,658,0.0642578125
0100,6137,"[1, 0, 2]",15,53.7869930267334,True,2.3831906496271777,658,0.0642578125
0100,6138,"[1, 2, 0]",300,53.79533767700195,False,2.3831906496271777,658,0.0642578125
0100,6139,"[1, 0, 2]",15,53.800344467163086,True,2.3831906496271777,658,0.0642578125
0100,6140,"[1, 2, 0]",300,53.80868911743164,False,2.3831906496271777,658,0.0642578125
0100,6141,"[1, 0, 2]",15,53.81345748901367,True,2.3831906496271777,658,0.0642578125
0100,6142,"[1, 2, 0]",300,53.82227897644043,False,2.3831906496271777,658,0.0642578125
0100,6143,"[1, 0, 2]",15,53.82728576660156,True,2.3831906496271777,658,0.0642578125
0100,6144,"[1, 2, 0]",300,53.83610725402832,False,2.3831906496271777,658,0.0642578125
0100,6145,"[1, 0, 2]",15,53.84111404418945,True,2.3831906496271777,658,0.0642578125
0100,6146,"[1, 2, 0]",300,53.85017395019531,False,2.3831906496271777,658,0.0642578125
0100,6147,"[1, 0, 2]",15,53.858280181884766,True,2.3831906496271777,658,0.0642578125
0100,6148,"[1, 2, 0]",300,53.86686325073242,False,2.3831906496271777,658,0.0642578125
0100,6149,"[1, 0, 2]",15,53.871870040893555,True,2.3831906496271777,658,0.0642578125
0100,6150,"[1, 2, 0]",300,53.88069152832031,False,2.3831906496271777,658,0.0642578125
0100,6151,"[1, 0, 2]",15,53.885698318481445,True,2.3831906496271777,658,0.0642578125
0100,6152,"[1, 2, 0]",300,53.89404296875,False,2.3831906496271777,658,0.0642578125
0100,6153,"[1, 0, 2]",15,53.89881134033203,True,2.3831906496271777,658,0.0642578125
0100,6154,"[1, 2, 0]",300,53.90763282775879,False,2.3831906496271777,658,0.0642578125
0100,6155,"[1, 0, 2]",15,53.91240119934082,True,2.3831906496271777,658,0.0642578125
0100,6156,"[1, 2, 0]",300,53.92122268676758,False,2.3831906496271777,658,0.0642578125
0100,6157,"[1, 0, 2]",15,53.92646789550781,True,2.3831906496271777,658,0.0642578125
0100,6158,"[1, 2, 0]",300,53.934574127197266,False,2.3831906496271777,658,0.0642578125
0100,6159,"[1, 0, 2]",15,53.9398193359375,True,2.3831906496271777,658,0.0642578125
0100,6160,"[1, 2, 0]",300,53.948163986206055,False,2.3831906496271777,658,0.0642578125
0100,6161,"[1, 0, 2]",15,53.95317077636719,True,2.3831906496271777,658,0.0642578125
0100,6162,"[1, 2, 0]",300,53.964853286743164,False,2.3831906496271777,658,0.0642578125
0100,6163,"[1, 0, 2]",15,53.9700984954834,True,2.3831906496271777,658,0.0642578125
0100,6164,"[1, 2, 0]",300,53.978919982910156,False,2.3831906496271777,658,0.0642578125
0100,6165,"[1, 0, 2]",15,53.98368835449219,True,2.3831906496271777,658,0.0642578125
0100,6166,"[1, 2, 0]",300,53.992509841918945,False,2.3831906496271777,658,0.0642578125
0100,6167,"[1, 0, 2]",15,53.99751663208008,True,2.3831906496271777,658,0.0642578125
0100,6168,"[1, 2, 0]",300,54.009199142456055,False,2.3831906496271777,658,0.0642578125
0100,6169,"[1, 0, 2]",15,54.01444435119629,True,2.3831906496271777,658,0.0642578125
0100,6170,"[1, 2, 0]",300,54.023027420043945,False,2.3831906496271777,658,0.0642578125
0100,6171,"[1, 0, 2]",15,54.02827262878418,True,2.3831906496271777,658,0.0642578125
0100,6172,"[1, 2, 0]",300,54.03709411621094,False,2.3831906496271777,658,0.0642578125
0100,6173,"[1, 0, 2]",15,54.04210090637207,True,2.3831906496271777,658,0.0642578125
0100,6174,"[1, 2, 0]",300,54.05068397521973,False,2.3831906496271777,658,0.0642578125
0100,6175,"[1, 0, 2]",15,54.05569076538086,True,2.3831906496271777,658,0.0642578125
0100,6176,"[1, 2, 0]",300,54.068803787231445,False,2.3831906496271777,658,0.0642578125
0100,6177,"[1, 0, 2]",15,54.076194763183594,True,2.3831906496271777,658,0.0642578125
0100,6178,"[1, 2, 0]",300,54.08596992492676,False,2.3831906496271777,658,0.0642578125
0100,6179,"[1, 0, 2]",15,54.09097671508789,True,2.3831906496271777,658,0.0642578125
0100,6180,"[1, 2, 0]",300,54.09955978393555,False,2.3831906496271777,658,0.0642578125
0100,6181,"[1, 0, 2]",15,54.10432815551758,True,2.3831906496271777,658,0.0642578125
0100,6182,"[1, 2, 0]",300,54.113149642944336,False,2.3831906496271777,658,0.0642578125
0100,6183,"[1, 0, 2]",15,54.11791801452637,True,2.3831906496271777,658,0.0642578125
0100,6184,"[1, 2, 0]",300,54.12602424621582,False,2.3831906496271777,658,0.0642578125
0100,6185,"[1, 0, 2]",15,54.131269454956055,True,2.3831906496271777,658,0.0642578125
0100,6186,"[1, 2, 0]",300,54.13961410522461,False,2.3831906496271777,658,0.0642578125
0100,6187,"[1, 0, 2]",15,54.145097732543945,True,2.3831906496271777,658,0.0642578125
0100,6188,"[1, 2, 0]",300,54.1534423828125,False,2.3831906496271777,658,0.0642578125
0100,6189,"[1, 0, 2]",15,54.16226387023926,True,2.3831906496271777,658,0.0642578125
0100,6190,"[1, 2, 0]",300,54.170846939086914,False,2.3831906496271777,658,0.0642578125
0100,6191,"[1, 0, 2]",15,54.17609214782715,True,2.3831906496271777,658,0.0642578125
0100,6192,"[1, 2, 0]",300,54.1844367980957,False,2.3831906496271777,658,0.0642578125
0100,6193,"[1, 0, 2]",15,54.189443588256836,True,2.3831906496271777,658,0.0642578125
0100,6194,"[1, 2, 0]",300,54.19802665710449,False,2.3831906496271777,658,0.0642578125
0100,6195,"[1, 0, 2]",15,54.203033447265625,True,2.3831906496271777,658,0.0642578125
0100,6196,"[1, 2, 0]",300,54.21137809753418,False,2.3831906496271777,658,0.0642578125
0100,6197,"[1, 0, 2]",15,54.21614646911621,True,2.3831906496271777,658,0.0642578125
0100,6198,"[1, 2, 0]",300,54.22472953796387,False,2.3831906496271777,658,0.0642578125
0100,6199,"[1, 0, 2]",15,54.229736328125,True,2.3831906496271777,658,0.0642578125
0100,6200,"[1, 2, 0]",300,54.238319396972656,False,2.3831906496271777,658,0.0642578125
0100,6201,"[1, 0, 2]",15,54.24332618713379,True,2.3831906496271777,658,0.0642578125
0100,6202,"[1, 2, 0]",300,54.251909255981445,False,2.3831906496271777,658,0.0642578125
0100,6203,"[1, 0, 2]",15,54.25691604614258,True,2.3831906496271777,658,0.0642578125
0100,6204,"[1, 2, 0]",300,54.265499114990234,False,2.3831906496271777,658,0.0642578125
0100,6205,"[1, 0, 2]",15,54.27050590515137,True,2.3831906496271777,658,0.0642578125
0100,6206,"[1, 2, 0]",300,54.27908897399902,False,2.3831906496271777,658,0.0642578125
0100,6207,"[1, 0, 2]",15,54.28433418273926,True,2.3831906496271777,658,0.0642578125
0100,6208,"[1, 2, 0]",300,54.293155670166016,False,2.3831906496271777,658,0.0642578125
0100,6209,"[1, 0, 2]",15,54.29816246032715,True,2.3831906496271777,658,0.0642578125
0100,6210,"[1, 2, 0]",300,54.31032180786133,False,2.3831906496271777,658,0.0642578125
0100,6211,"[1, 0, 2]",15,54.31532859802246,True,2.3831906496271777,658,0.0642578125
0100,6212,"[1, 2, 0]",300,54.32391166687012,False,2.3831906496271777,658,0.0642578125
0100,6213,"[1, 0, 2]",15,54.32891845703125,True,2.3831906496271777,658,0.0642578125
0100,6214,"[1, 2, 0]",300,54.337501525878906,False,2.3831906496271777,658,0.0642578125
0100,6215,"[1, 0, 2]",15,54.34250831604004,True,2.3831906496271777,658,0.0642578125
0100,6216,"[1, 2, 0]",300,54.35061454772949,False,2.3831906496271777,658,0.0642578125
0100,6217,"[1, 0, 2]",15,54.355621337890625,True,2.3831906496271777,658,0.0642578125
0100,6218,"[1, 2, 0]",300,54.36420440673828,False,2.3831906496271777,658,0.0642578125
0100,6219,"[1, 0, 2]",15,54.369449615478516,True,2.3831906496271777,658,0.0642578125
0100,6220,"[1, 2, 0]",300,54.37827110290527,False,2.3831906496271777,658,0.0642578125
0100,6221,"[1, 0, 2]",15,54.383277893066406,True,2.3831906496271777,658,0.0642578125
0100,6222,"[1, 2, 0]",300,54.39162254333496,False,2.3831906496271777,658,0.0642578125
0100,6223,"[1, 0, 2]",15,54.396629333496094,True,2.3831906496271777,658,0.0642578125
0100,6224,"[1, 2, 0]",300,54.40831184387207,False,2.3831906496271777,658,0.0642578125
0100,6225,"[1, 0, 2]",15,54.41689491271973,True,2.3831906496271777,658,0.0642578125
0100,6226,"[1, 2, 0]",300,54.425954818725586,False,2.3831906496271777,658,0.0642578125
0100,6227,"[1, 0, 2]",15,54.43143844604492,True,2.3831906496271777,658,0.0642578125
0100,6228,"[1, 2, 0]",300,54.44073677062988,False,2.3831906496271777,658,0.0642578125
0100,6229,"[1, 0, 2]",15,54.44669723510742,True,2.3831906496271777,658,0.0642578125
0100,6230,"[1, 2, 0]",300,54.45528030395508,False,2.3831906496271777,658,0.0642578125
0100,6231,"[1, 0, 2]",15,54.464101791381836,True,2.3831906496271777,658,0.0642578125
0100,6232,"[1, 2, 0]",300,54.47268486022949,False,2.3831906496271777,658,0.0642578125
0100,6233,"[1, 0, 2]",15,54.47793006896973,True,2.3831906496271777,658,0.0642578125
0100,6234,"[1, 2, 0]",300,54.48627471923828,False,2.3831906496271777,658,0.0642578125
0100,6235,"[1, 0, 2]",15,54.491281509399414,True,2.3831906496271777,658,0.0642578125
0100,6236,"[1, 2, 0]",300,54.49962615966797,False,2.3831906496271777,658,0.0642578125
0100,6237,"[1, 0, 2]",15,54.50439453125,True,2.3831906496271777,658,0.0642578125
0100,6238,"[1, 2, 0]",300,54.512739181518555,False,2.3831906496271777,658,0.0642578125
0100,6239,"[1, 0, 2]",15,54.51774597167969,True,2.3831906496271777,658,0.0642578125
0100,6240,"[1, 2, 0]",300,54.52609062194824,False,2.3831906496271777,658,0.0642578125
0100,6241,"[1, 0, 2]",15,54.53133583068848,True,2.3831906496271777,658,0.0642578125
0100,6242,"[1, 2, 0]",300,54.53968048095703,False,2.3831906496271777,658,0.0642578125
0100,6243,"[1, 0, 2]",15,54.544687271118164,True,2.3831906496271777,658,0.0642578125
0100,6244,"[1, 2, 0]",300,54.55279350280762,False,2.3831906496271777,658,0.0642578125
0100,6245,"[1, 0, 2]",15,54.55803871154785,True,2.3831906496271777,658,0.0642578125
0100,6246,"[1, 2, 0]",300,54.566144943237305,False,2.3831906496271777,658,0.0642578125
0100,6247,"[1, 0, 2]",15,54.57139015197754,True,2.3831906496271777,658,0.0642578125
0100,6248,"[1, 2, 0]",300,54.57949638366699,False,2.3831906496271777,658,0.0642578125
0100,6249,"[1, 0, 2]",15,54.58474159240723,True,2.3831906496271777,658,0.0642578125
0100,6250,"[1, 2, 0]",300,54.59284782409668,False,2.3831906496271777,658,0.0642578125
0100,6251,"[1, 0, 2]",15,54.59785461425781,True,2.3831906496271777,658,0.0642578125
0100,6252,"[1, 2, 0]",300,54.60953712463379,False,2.3831906496271777,658,0.0642578125
0100,6253,"[1, 0, 2]",15,54.61454391479492,True,2.3831906496271777,658,0.0642578125
0100,6254,"[1, 2, 0]",300,54.62288856506348,False,2.3831906496271777,658,0.0642578125
0100,6255,"[1, 0, 2]",15,54.62789535522461,True,2.3831906496271777,658,0.0642578125
0100,6256,"[1, 2, 0]",300,54.63600158691406,False,2.3831906496271777,658,0.0642578125
0100,6257,"[1, 0, 2]",15,54.6412467956543,True,2.3831906496271777,658,0.0642578125
0100,6258,"[1, 2, 0]",300,54.64959144592285,False,2.3831906496271777,658,0.0642578125
0100,6259,"[1, 0, 2]",15,54.654836654663086,True,2.3831906496271777,658,0.0642578125
0100,6260,"[1, 2, 0]",300,54.66294288635254,False,2.3831906496271777,658,0.0642578125
0100,6261,"[1, 0, 2]",15,54.66818809509277,True,2.3831906496271777,658,0.0642578125
0100,6262,"[1, 2, 0]",300,54.67629432678223,False,2.3831906496271777,658,0.0642578125
0100,6263,"[1, 0, 2]",15,54.68130111694336,True,2.3831906496271777,658,0.0642578125
0100,6264,"[1, 2, 0]",300,54.689884185791016,False,2.3831906496271777,658,0.0642578125
0100,6265,"[1, 0, 2]",15,54.69465255737305,True,2.3831906496271777,658,0.0642578125
0100,6266,"[1, 2, 0]",300,54.7032356262207,False,2.3831906496271777,658,0.0642578125
0100,6267,"[1, 0, 2]",15,54.708242416381836,True,2.3831906496271777,658,0.0642578125
0100,6268,"[1, 2, 0]",300,54.71682548522949,False,2.3831906496271777,658,0.0642578125
0100,6269,"[1, 0, 2]",15,54.72207069396973,True,2.3831906496271777,658,0.0642578125
0100,6270,"[1, 2, 0]",300,54.73041534423828,False,2.3831906496271777,658,0.0642578125
0100,6271,"[1, 0, 2]",15,54.735422134399414,True,2.3831906496271777,658,0.0642578125
0100,6272,"[1, 2, 0]",300,54.74400520324707,False,2.3831906496271777,658,0.0642578125
0100,6273,"[1, 0, 2]",15,54.75187301635742,True,2.3831906496271777,658,0.0642578125
0100,6274,"[1, 2, 0]",300,54.76522445678711,False,2.3831906496271777,658,0.0642578125
0100,6275,"[1, 0, 2]",15,54.779767990112305,True,2.3831906496271777,658,0.0642578125
0100,6276,"[1, 2, 0]",300,54.79836463928223,False,2.3831906496271777,658,0.0642578125
0100,6277,"[1, 0, 2]",15,54.80337142944336,True,2.3831906496271777,658,0.0642578125
0100,6278,"[1, 2, 0]",300,54.811954498291016,False,2.3831906496271777,658,0.0642578125
0100,6279,"[1, 0, 2]",15,54.81767654418945,True,2.3831906496271777,658,0.0642578125
0100,6280,"[1, 2, 0]",300,54.82602119445801,False,2.3831906496271777,658,0.0642578125
0100,6281,"[1, 0, 2]",15,54.83078956604004,True,2.3831906496271777,658,0.0642578125
0100,6282,"[1, 2, 0]",300,54.839372634887695,False,2.3831906496271777,658,0.0642578125
0100,6283,"[1, 0, 2]",15,54.84461784362793,True,2.3831906496271777,658,0.0642578125
0100,6284,"[1, 2, 0]",300,54.85343933105469,False,2.3831906496271777,658,0.0642578125
0100,6285,"[1, 0, 2]",15,54.85820770263672,True,2.3831906496271777,658,0.0642578125
0100,6286,"[1, 2, 0]",300,54.866790771484375,False,2.3831906496271777,658,0.0642578125
0100,6287,"[1, 0, 2]",15,54.87203598022461,True,2.3831906496271777,658,0.0642578125
0100,6288,"[1, 2, 0]",300,54.8858642578125,False,2.3831906496271777,658,0.0642578125
0100,6289,"[1, 0, 2]",15,54.91805076599121,True,2.3831906496271777,658,0.0642578125
0100,6290,"[1, 2, 0]",300,54.92687225341797,False,2.3831906496271777,658,0.0642578125
0100,6291,"[1, 0, 2]",15,54.93283271789551,True,2.3831906496271777,658,0.0642578125
0100,6292,"[1, 2, 0]",300,54.94117736816406,False,2.3831906496271777,658,0.0642578125
0100,6293,"[1, 0, 2]",15,54.9464225769043,True,2.3831906496271777,658,0.0642578125
0100,6294,"[1, 2, 0]",300,54.95953559875488,False,2.3831906496271777,658,0.0642578125
0100,6295,"[1, 0, 2]",15,54.96478080749512,True,2.3831906496271777,658,0.0642578125
0100,6296,"[1, 2, 0]",300,54.97288703918457,False,2.3831906496271777,658,0.0642578125
0100,6297,"[1, 0, 2]",15,54.97908592224121,True,2.3831906496271777,658,0.0642578125
0100,6298,"[1, 2, 0]",300,54.98862266540527,False,2.3831906496271777,658,0.0642578125
0100,6299,"[1, 0, 2]",15,54.993629455566406,True,2.3831906496271777,658,0.0642578125
0100,6300,"[1, 2, 0]",300,55.002450942993164,False,2.3831906496271777,658,0.0642578125
0100,6301,"[1, 0, 2]",15,55.0081729888916,True,2.3831906496271777,658,0.0642578125
0100,6302,"[1, 2, 0]",300,55.01675605773926,False,2.3831906496271777,658,0.0642578125
0100,6303,"[1, 0, 2]",15,55.02200126647949,True,2.3831906496271777,658,0.0642578125
0100,6304,"[1, 2, 0]",300,55.03034591674805,False,2.3831906496271777,658,0.0642578125
0100,6305,"[1, 0, 2]",15,55.03511428833008,True,2.3831906496271777,658,0.0642578125
0100,6306,"[1, 2, 0]",300,55.043935775756836,False,2.3831906496271777,658,0.0642578125
0100,6307,"[1, 0, 2]",15,55.04894256591797,True,2.3831906496271777,658,0.0642578125
0100,6308,"[1, 2, 0]",300,55.057525634765625,False,2.3831906496271777,658,0.0642578125
0100,6309,"[1, 0, 2]",15,55.06253242492676,True,2.3831906496271777,658,0.0642578125
0100,6310,"[1, 2, 0]",300,55.075883865356445,False,2.3831906496271777,658,0.0642578125
0100,6311,"[1, 0, 2]",15,55.08232116699219,True,2.3831906496271777,658,0.0642578125
0100,6312,"[1, 2, 0]",300,55.09161949157715,False,2.3831906496271777,658,0.0642578125
0100,6313,"[1, 0, 2]",15,55.09662628173828,True,2.3831906496271777,658,0.0642578125
0100,6314,"[1, 2, 0]",300,55.106163024902344,False,2.3831906496271777,658,0.0642578125
0100,6315,"[1, 0, 2]",15,55.11975288391113,True,2.3831906496271777,658,0.0642578125
0100,6316,"[1, 2, 0]",300,55.1302433013916,False,2.3831906496271777,658,0.0642578125
0100,6317,"[1, 0, 2]",15,55.13501167297363,True,2.3831906496271777,658,0.0642578125
0100,6318,"[1, 2, 0]",300,55.144309997558594,False,2.3831906496271777,658,0.0642578125
0100,6319,"[1, 0, 2]",15,55.14955520629883,True,2.3831906496271777,658,0.0642578125
0100,6320,"[1, 2, 0]",300,55.15909194946289,False,2.3831906496271777,658,0.0642578125
0100,6321,"[1, 0, 2]",15,55.16457557678223,True,2.3831906496271777,658,0.0642578125
0100,6322,"[1, 2, 0]",300,55.17315864562988,False,2.3831906496271777,658,0.0642578125
0100,6323,"[1, 0, 2]",15,55.17840385437012,True,2.3831906496271777,658,0.0642578125
0100,6324,"[1, 2, 0]",300,55.18698692321777,False,2.3831906496271777,658,0.0642578125
0100,6325,"[1, 0, 2]",15,55.19270896911621,True,2.3831906496271777,658,0.0642578125
0100,6326,"[1, 2, 0]",300,55.20296096801758,False,2.3831906496271777,658,0.0642578125
0100,6327,"[1, 0, 2]",15,55.21798133850098,True,2.3831906496271777,658,0.0642578125
0100,6328,"[1, 2, 0]",300,55.24706840515137,False,2.3831906496271777,658,0.0642578125
0100,6329,"[1, 0, 2]",15,55.261850357055664,True,2.3831906496271777,658,0.0642578125
0100,6330,"[1, 2, 0]",300,55.27853965759277,False,2.3831906496271777,658,0.0642578125
0100,6331,"[1, 0, 2]",15,55.28616905212402,True,2.3831906496271777,658,0.0642578125
0100,6332,"[1, 2, 0]",300,55.329084396362305,False,2.3831906496271777,658,0.0642578125
0100,6333,"[1, 0, 2]",15,55.34219741821289,True,2.3831906496271777,658,0.0642578125
0100,6334,"[1, 2, 0]",300,55.3591251373291,False,2.3831906496271777,658,0.0642578125
0100,6335,"[1, 0, 2]",15,55.367231369018555,True,2.3831906496271777,658,0.0642578125
0100,6336,"[1, 2, 0]",300,55.39059638977051,False,2.3831906496271777,658,0.0642578125
0100,6337,"[1, 0, 2]",15,55.397987365722656,True,2.3831906496271777,658,0.0642578125
0100,6338,"[1, 2, 0]",300,55.40895462036133,False,2.3831906496271777,658,0.0642578125
0100,6339,"[1, 0, 2]",15,55.41491508483887,True,2.3831906496271777,658,0.0642578125
0100,6340,"[1, 2, 0]",300,55.42492866516113,False,2.3831906496271777,658,0.0642578125
0100,6341,"[1, 0, 2]",15,55.43065071105957,True,2.3831906496271777,658,0.0642578125
0100,6342,"[1, 2, 0]",300,55.440425872802734,False,2.3831906496271777,658,0.0642578125
0100,6343,"[1, 0, 2]",15,55.44590950012207,True,2.3831906496271777,658,0.0642578125
0100,6344,"[1, 2, 0]",300,55.45496940612793,False,2.3831906496271777,658,0.0642578125
0100,6345,"[1, 0, 2]",15,55.460214614868164,True,2.3831906496271777,658,0.0642578125
0100,6346,"[1, 2, 0]",300,55.46855926513672,False,2.3831906496271777,658,0.0642578125
0100,6347,"[1, 0, 2]",15,55.47356605529785,True,2.3831906496271777,658,0.0642578125
0100,6348,"[1, 2, 0]",300,55.48238754272461,False,2.3831906496271777,658,0.0642578125
0100,6349,"[1, 0, 2]",15,55.48691749572754,True,2.3831906496271777,658,0.0642578125
0100,6350,"[1, 2, 0]",300,55.50336837768555,False,2.3831906496271777,658,0.0642578125
0100,6351,"[1, 0, 2]",15,55.53030967712402,True,2.3831906496271777,658,0.0642578125
0100,6352,"[1, 2, 0]",300,55.54032325744629,False,2.3831906496271777,658,0.0642578125
0100,6353,"[1, 0, 2]",15,55.54556846618652,True,2.3831906496271777,658,0.0642578125
0100,6354,"[1, 2, 0]",300,55.55438995361328,False,2.3831906496271777,658,0.0642578125
0100,6355,"[1, 0, 2]",15,55.559396743774414,True,2.3831906496271777,658,0.0642578125
0100,6356,"[1, 2, 0]",300,55.56821823120117,False,2.3831906496271777,658,0.0642578125
0100,6357,"[1, 0, 2]",15,55.57823181152344,True,2.3831906496271777,658,0.0642578125
0100,6358,"[1, 2, 0]",300,55.5872917175293,False,2.3831906496271777,658,0.0642578125
0100,6359,"[1, 0, 2]",15,55.59253692626953,True,2.3831906496271777,658,0.0642578125
0100,6360,"[1, 2, 0]",300,55.60135841369629,False,2.3831906496271777,658,0.0642578125
0100,6361,"[1, 0, 2]",15,55.60636520385742,True,2.3831906496271777,658,0.0642578125
0100,6362,"[1, 2, 0]",300,55.61518669128418,False,2.3831906496271777,658,0.0642578125
0100,6363,"[1, 0, 2]",15,55.620431900024414,True,2.3831906496271777,658,0.0642578125
0100,6364,"[1, 2, 0]",300,55.62925338745117,False,2.3831906496271777,658,0.0642578125
0100,6365,"[1, 0, 2]",15,55.634498596191406,True,2.3831906496271777,658,0.0642578125
0100,6366,"[1, 2, 0]",300,55.64308166503906,False,2.3831906496271777,658,0.0642578125
0100,6367,"[1, 0, 2]",15,55.6485652923584,True,2.3831906496271777,658,0.0642578125
0100,6368,"[1, 2, 0]",300,55.657386779785156,False,2.3831906496271777,658,0.0642578125
0100,6369,"[1, 0, 2]",15,55.66215515136719,True,2.3831906496271777,658,0.0642578125
0100,6370,"[1, 2, 0]",300,55.670738220214844,False,2.3831906496271777,658,0.0642578125
0100,6371,"[1, 0, 2]",15,55.67574501037598,True,2.3831906496271777,658,0.0642578125
0100,6372,"[1, 2, 0]",300,55.68408966064453,False,2.3831906496271777,658,0.0642578125
0100,6373,"[1, 0, 2]",15,55.689096450805664,True,2.3831906496271777,658,0.0642578125
0100,6374,"[1, 2, 0]",300,55.69744110107422,False,2.3831906496271777,658,0.0642578125
0100,6375,"[1, 0, 2]",15,55.702924728393555,True,2.3831906496271777,658,0.0642578125
0100,6376,"[1, 2, 0]",300,55.71150779724121,False,2.3831906496271777,658,0.0642578125
0100,6377,"[1, 0, 2]",15,55.716753005981445,True,2.3831906496271777,658,0.0642578125
0100,6378,"[1, 2, 0]",300,55.730342864990234,False,2.3831906496271777,658,0.0642578125
0100,6379,"[1, 0, 2]",15,55.735111236572266,True,2.3831906496271777,658,0.0642578125
0100,6380,"[1, 2, 0]",300,55.744171142578125,False,2.3831906496271777,658,0.0642578125
0100,6381,"[1, 0, 2]",15,55.74917793273926,True,2.3831906496271777,658,0.0642578125
0100,6382,"[1, 2, 0]",300,55.757999420166016,False,2.3831906496271777,658,0.0642578125
0100,6383,"[1, 0, 2]",15,55.76300621032715,True,2.3831906496271777,658,0.0642578125
0100,6384,"[1, 2, 0]",300,55.7713508605957,False,2.3831906496271777,658,0.0642578125
0100,6385,"[1, 0, 2]",15,55.77683448791504,True,2.3831906496271777,658,0.0642578125
0100,6386,"[1, 2, 0]",300,55.788516998291016,False,2.3831906496271777,658,0.0642578125
0100,6387,"[1, 0, 2]",15,55.794477462768555,True,2.3831906496271777,658,0.0642578125
0100,6388,"[1, 2, 0]",300,55.80329895019531,False,2.3831906496271777,658,0.0642578125
0100,6389,"[1, 0, 2]",15,55.808305740356445,True,2.3831906496271777,658,0.0642578125
0100,6390,"[1, 2, 0]",300,55.816650390625,False,2.3831906496271777,658,0.0642578125
0100,6391,"[1, 0, 2]",15,55.821895599365234,True,2.3831906496271777,658,0.0642578125
0100,6392,"[1, 2, 0]",300,55.83024024963379,False,2.3831906496271777,658,0.0642578125
0100,6393,"[1, 0, 2]",15,55.84001541137695,True,2.3831906496271777,658,0.0642578125
0100,6394,"[1, 2, 0]",300,55.84883689880371,False,2.3831906496271777,658,0.0642578125
0100,6395,"[1, 0, 2]",15,55.85432052612305,True,2.3831906496271777,658,0.0642578125
0100,6396,"[1, 2, 0]",300,55.863380432128906,False,2.3831906496271777,658,0.0642578125
0100,6397,"[1, 0, 2]",15,55.86862564086914,True,2.3831906496271777,658,0.0642578125
0100,6398,"[1, 2, 0]",300,55.8774471282959,False,2.3831906496271777,658,0.0642578125
0100,6399,"[1, 0, 2]",15,55.887699127197266,True,2.3831906496271777,658,0.0642578125
0100,6400,"[1, 2, 0]",300,55.89652061462402,False,2.3831906496271777,658,0.0642578125
0100,6401,"[1, 0, 2]",15,55.90176582336426,True,2.3831906496271777,658,0.0642578125
0100,6402,"[1, 2, 0]",300,55.91082572937012,False,2.3831906496271777,658,0.0642578125
0100,6403,"[1, 0, 2]",15,55.91583251953125,True,2.3831906496271777,658,0.0642578125
0100,6404,"[1, 2, 0]",300,55.92489242553711,False,2.3831906496271777,658,0.0642578125
0100,6405,"[1, 0, 2]",15,55.92966079711914,True,2.3831906496271777,658,0.0642578125
0100,6406,"[1, 2, 0]",300,55.9384822845459,False,2.3831906496271777,658,0.0642578125
0100,6407,"[1, 0, 2]",15,55.94348907470703,True,2.3831906496271777,658,0.0642578125
0100,6408,"[1, 2, 0]",300,55.95207214355469,False,2.3831906496271777,658,0.0642578125
0100,6409,"[1, 0, 2]",15,55.95731735229492,True,2.3831906496271777,658,0.0642578125
0100,6410,"[1, 2, 0]",300,55.96590042114258,False,2.3831906496271777,658,0.0642578125
0100,6411,"[1, 0, 2]",15,55.97114562988281,True,2.3831906496271777,658,0.0642578125
0100,6412,"[1, 2, 0]",300,55.98020553588867,False,2.3831906496271777,658,0.0642578125
0100,6413,"[1, 0, 2]",15,55.985212326049805,True,2.3831906496271777,658,0.0642578125
0100,6414,"[1, 2, 0]",300,55.99832534790039,False,2.3831906496271777,658,0.0642578125
0100,6415,"[1, 0, 2]",15,56.003570556640625,True,2.3831906496271777,658,0.0642578125
0100,6416,"[1, 2, 0]",300,56.01239204406738,False,2.3831906496271777,658,0.0642578125
0100,6417,"[1, 0, 2]",15,56.017398834228516,True,2.3831906496271777,658,0.0642578125
0100,6418,"[1, 2, 0]",300,56.02622032165527,False,2.3831906496271777,658,0.0642578125
0100,6419,"[1, 0, 2]",15,56.03146553039551,True,2.3831906496271777,658,0.0642578125
0100,6420,"[1, 2, 0]",300,56.04386329650879,False,2.3831906496271777,658,0.0642578125
0100,6421,"[1, 0, 2]",15,56.04887008666992,True,2.3831906496271777,658,0.0642578125
0100,6422,"[1, 2, 0]",300,56.05816841125488,False,2.3831906496271777,658,0.0642578125
0100,6423,"[1, 0, 2]",15,56.06365203857422,True,2.3831906496271777,658,0.0642578125
0100,6424,"[1, 2, 0]",300,56.07199668884277,False,2.3831906496271777,658,0.0642578125
0100,6425,"[1, 0, 2]",15,56.078433990478516,True,2.3831906496271777,658,0.0642578125
0100,6426,"[1, 2, 0]",300,56.09273910522461,False,2.3831906496271777,658,0.0642578125
0100,6427,"[1, 0, 2]",15,56.09917640686035,True,2.3831906496271777,658,0.0642578125
0100,6428,"[1, 2, 0]",300,56.10823631286621,False,2.3831906496271777,658,0.0642578125
0100,6429,"[1, 0, 2]",15,56.113481521606445,True,2.3831906496271777,658,0.0642578125
0100,6430,"[1, 2, 0]",300,56.122541427612305,False,2.3831906496271777,658,0.0642578125
0100,6431,"[1, 0, 2]",15,56.12778663635254,True,2.3831906496271777,658,0.0642578125
0100,6432,"[1, 2, 0]",300,56.136369705200195,False,2.3831906496271777,658,0.0642578125
0100,6433,"[1, 0, 2]",15,56.14137649536133,True,2.3831906496271777,658,0.0642578125
0100,6434,"[1, 2, 0]",300,56.149959564208984,False,2.3831906496271777,658,0.0642578125
0100,6435,"[1, 0, 2]",15,56.15496635437012,True,2.3831906496271777,658,0.0642578125
0100,6436,"[1, 2, 0]",300,56.16354942321777,False,2.3831906496271777,658,0.0642578125
0100,6437,"[1, 0, 2]",15,56.16879463195801,True,2.3831906496271777,658,0.0642578125
0100,6438,"[1, 2, 0]",300,56.177377700805664,False,2.3831906496271777,658,0.0642578125
0100,6439,"[1, 0, 2]",15,56.1826229095459,True,2.3831906496271777,658,0.0642578125
0100,6440,"[1, 2, 0]",300,56.191205978393555,False,2.3831906496271777,658,0.0642578125
0100,6441,"[1, 0, 2]",15,56.200504302978516,True,2.3831906496271777,658,0.0642578125
0100,6442,"[1, 2, 0]",300,56.20980262756348,False,2.3831906496271777,658,0.0642578125
0100,6443,"[1, 0, 2]",15,56.21457099914551,True,2.3831906496271777,658,0.0642578125
0100,6444,"[1, 2, 0]",300,56.22386932373047,False,2.3831906496271777,658,0.0642578125
0100,6445,"[1, 0, 2]",15,56.2286376953125,True,2.3831906496271777,658,0.0642578125
0100,6446,"[1, 2, 0]",300,56.237220764160156,False,2.3831906496271777,658,0.0642578125
0100,6447,"[1, 0, 2]",15,56.24222755432129,True,2.3831906496271777,658,0.0642578125
0100,6448,"[1, 2, 0]",300,56.250572204589844,False,2.3831906496271777,658,0.0642578125
0100,6449,"[1, 0, 2]",15,56.25557899475098,True,2.3831906496271777,658,0.0642578125
0100,6450,"[1, 2, 0]",300,56.26416206359863,False,2.3831906496271777,658,0.0642578125
0100,6451,"[1, 0, 2]",15,56.26964569091797,True,2.3831906496271777,658,0.0642578125
0100,6452,"[1, 2, 0]",300,56.278228759765625,False,2.3831906496271777,658,0.0642578125
0100,6453,"[1, 0, 2]",15,56.28347396850586,True,2.3831906496271777,658,0.0642578125
0100,6454,"[1, 2, 0]",300,56.291818618774414,False,2.3831906496271777,658,0.0642578125
0100,6455,"[1, 0, 2]",15,56.29706382751465,True,2.3831906496271777,658,0.0642578125
0100,6456,"[1, 2, 0]",300,56.305646896362305,False,2.3831906496271777,658,0.0642578125
0100,6457,"[1, 0, 2]",15,56.31065368652344,True,2.3831906496271777,658,0.0642578125
0100,6458,"[1, 2, 0]",300,56.3197135925293,False,2.3831906496271777,658,0.0642578125
0100,6459,"[1, 0, 2]",15,56.32519721984863,True,2.3831906496271777,658,0.0642578125
0100,6460,"[1, 2, 0]",300,56.33378028869629,False,2.3831906496271777,658,0.0642578125
0100,6461,"[1, 0, 2]",15,56.339263916015625,True,2.3831906496271777,658,0.0642578125
0100,6462,"[1, 2, 0]",300,56.35237693786621,False,2.3831906496271777,658,0.0642578125
0100,6463,"[1, 0, 2]",15,56.357383728027344,True,2.3831906496271777,658,0.0642578125
0100,6464,"[1, 2, 0]",300,56.365966796875,False,2.3831906496271777,658,0.0642578125
0100,6465,"[1, 0, 2]",15,56.37097358703613,True,2.3831906496271777,658,0.0642578125
0100,6466,"[1, 2, 0]",300,56.37955665588379,False,2.3831906496271777,658,0.0642578125
0100,6467,"[1, 0, 2]",15,56.38432502746582,True,2.3831906496271777,658,0.0642578125
0100,6468,"[1, 2, 0]",300,56.392669677734375,False,2.3831906496271777,658,0.0642578125
0100,6469,"[1, 0, 2]",15,56.39767646789551,True,2.3831906496271777,658,0.0642578125
0100,6470,"[1, 2, 0]",300,56.40602111816406,False,2.3831906496271777,658,0.0642578125
0100,6471,"[1, 0, 2]",15,56.4112663269043,True,2.3831906496271777,658,0.0642578125
0100,6472,"[1, 2, 0]",300,56.41984939575195,False,2.3831906496271777,658,0.0642578125
0100,6473,"[1, 0, 2]",15,56.42509460449219,True,2.3831906496271777,658,0.0642578125
0100,6474,"[1, 2, 0]",300,56.433677673339844,False,2.3831906496271777,658,0.0642578125
0100,6475,"[1, 0, 2]",15,56.43939971923828,True,2.3831906496271777,658,0.0642578125
0100,6476,"[1, 2, 0]",300,56.45275115966797,False,2.3831906496271777,658,0.0642578125
0100,6477,"[1, 0, 2]",15,56.458234786987305,True,2.3831906496271777,658,0.0642578125
0100,6478,"[1, 2, 0]",300,56.467294692993164,False,2.3831906496271777,658,0.0642578125
0100,6479,"[1, 0, 2]",15,56.4723014831543,True,2.3831906496271777,658,0.0642578125
0100,6480,"[1, 2, 0]",300,56.481122970581055,False,2.3831906496271777,658,0.0642578125
0100,6481,"[1, 0, 2]",15,56.485891342163086,True,2.3831906496271777,658,0.0642578125
0100,6482,"[1, 2, 0]",300,56.494712829589844,False,2.3831906496271777,658,0.0642578125
0100,6483,"[1, 0, 2]",15,56.5035343170166,True,2.3831906496271777,658,0.0642578125
0100,6484,"[1, 2, 0]",300,56.51235580444336,False,2.3831906496271777,658,0.0642578125
0100,6485,"[1, 0, 2]",15,56.51736259460449,True,2.3831906496271777,658,0.0642578125
0100,6486,"[1, 2, 0]",300,56.52642250061035,False,2.3831906496271777,658,0.0642578125
0100,6487,"[1, 0, 2]",15,56.53119087219238,True,2.3831906496271777,658,0.0642578125
0100,6488,"[1, 2, 0]",300,56.54001235961914,False,2.3831906496271777,658,0.0642578125
0100,6489,"[1, 0, 2]",15,56.54501914978027,True,2.3831906496271777,658,0.0642578125
0100,6490,"[1, 2, 0]",300,56.55360221862793,False,2.3831906496271777,658,0.0642578125
0100,6491,"[1, 0, 2]",15,56.55860900878906,True,2.3831906496271777,658,0.0642578125
0100,6492,"[1, 2, 0]",300,56.56766891479492,False,2.3831906496271777,658,0.0642578125
0100,6493,"[1, 0, 2]",15,56.572675704956055,True,2.3831906496271777,658,0.0642578125
0100,6494,"[1, 2, 0]",300,56.58149719238281,False,2.3831906496271777,658,0.0642578125
0100,6495,"[1, 0, 2]",15,56.586503982543945,True,2.3831906496271777,658,0.0642578125
0100,6496,"[1, 2, 0]",300,56.5950870513916,False,2.3831906496271777,658,0.0642578125
0100,6497,"[1, 0, 2]",15,56.59985542297363,True,2.3831906496271777,658,0.0642578125
0100,6498,"[1, 2, 0]",300,56.60867691040039,False,2.3831906496271777,658,0.0642578125
0100,6499,"[1, 0, 2]",15,56.61368370056152,True,2.3831906496271777,658,0.0642578125
0100,6500,"[1, 2, 0]",300,56.62250518798828,False,2.3831906496271777,658,0.0642578125
0100,6501,"[1, 0, 2]",15,56.627511978149414,True,2.3831906496271777,658,0.0642578125
0100,6502,"[1, 2, 0]",300,56.63585662841797,False,2.3831906496271777,658,0.0642578125
0100,6503,"[1, 0, 2]",15,56.6411018371582,True,2.3831906496271777,658,0.0642578125
0100,6504,"[1, 2, 0]",300,56.65421485900879,False,2.3831906496271777,658,0.0642578125
0100,6505,"[1, 0, 2]",15,56.65922164916992,True,2.3831906496271777,658,0.0642578125
0100,6506,"[1, 2, 0]",300,56.66804313659668,False,2.3831906496271777,658,0.0642578125
0100,6507,"[1, 0, 2]",15,56.67304992675781,True,2.3831906496271777,658,0.0642578125
0100,6508,"[1, 2, 0]",300,56.68187141418457,False,2.3831906496271777,658,0.0642578125
0100,6509,"[1, 0, 2]",15,56.6868782043457,True,2.3831906496271777,658,0.0642578125
0100,6510,"[1, 2, 0]",300,56.69569969177246,False,2.3831906496271777,658,0.0642578125
0100,6511,"[1, 0, 2]",15,56.700706481933594,True,2.3831906496271777,658,0.0642578125
0100,6512,"[1, 2, 0]",300,56.70952796936035,False,2.3831906496271777,658,0.0642578125
0100,6513,"[1, 0, 2]",15,56.71429634094238,True,2.3831906496271777,658,0.0642578125
0100,6514,"[1, 2, 0]",300,56.72407150268555,False,2.3831906496271777,658,0.0642578125
0100,6515,"[1, 0, 2]",15,56.72931671142578,True,2.3831906496271777,658,0.0642578125
0100,6516,"[1, 2, 0]",300,56.73789978027344,False,2.3831906496271777,658,0.0642578125
0100,6517,"[1, 0, 2]",15,56.74266815185547,True,2.3831906496271777,658,0.0642578125
0100,6518,"[1, 2, 0]",300,56.75196647644043,False,2.3831906496271777,658,0.0642578125
0100,6519,"[1, 0, 2]",15,56.75673484802246,True,2.3831906496271777,658,0.0642578125
0100,6520,"[1, 2, 0]",300,56.76579475402832,False,2.3831906496271777,658,0.0642578125
0100,6521,"[1, 0, 2]",15,56.77080154418945,True,2.3831906496271777,658,0.0642578125
0100,6522,"[1, 2, 0]",300,56.77962303161621,False,2.3831906496271777,658,0.0642578125
0100,6523,"[1, 0, 2]",15,56.784629821777344,True,2.3831906496271777,658,0.0642578125
0100,6524,"[1, 2, 0]",300,56.7936897277832,False,2.3831906496271777,658,0.0642578125
0100,6525,"[1, 0, 2]",15,56.80251121520996,True,2.3831906496271777,658,0.0642578125
0100,6526,"[1, 2, 0]",300,56.81180953979492,False,2.3831906496271777,658,0.0642578125
0100,6527,"[1, 0, 2]",15,56.81729316711426,True,2.3831906496271777,658,0.0642578125
0100,6528,"[1, 2, 0]",300,56.82563781738281,False,2.3831906496271777,658,0.0642578125
0100,6529,"[1, 0, 2]",15,56.83088302612305,True,2.3831906496271777,658,0.0642578125
0100,6530,"[1, 2, 0]",300,56.8394660949707,False,2.3831906496271777,658,0.0642578125
0100,6531,"[1, 0, 2]",15,56.844234466552734,True,2.3831906496271777,658,0.0642578125
0100,6532,"[1, 2, 0]",300,56.85281753540039,False,2.3831906496271777,658,0.0642578125
0100,6533,"[1, 0, 2]",15,56.85782432556152,True,2.3831906496271777,658,0.0642578125
0100,6534,"[1, 2, 0]",300,56.86640739440918,False,2.3831906496271777,658,0.0642578125
0100,6535,"[1, 0, 2]",15,56.871891021728516,True,2.3831906496271777,658,0.0642578125
0100,6536,"[1, 2, 0]",300,56.88071250915527,False,2.3831906496271777,658,0.0642578125
0100,6537,"[1, 0, 2]",15,56.88595771789551,True,2.3831906496271777,658,0.0642578125
0100,6538,"[1, 2, 0]",300,56.894779205322266,False,2.3831906496271777,658,0.0642578125
0100,6539,"[1, 0, 2]",15,56.8997859954834,True,2.3831906496271777,658,0.0642578125
0100,6540,"[1, 2, 0]",300,56.916236877441406,False,2.3831906496271777,658,0.0642578125
0100,6541,"[1, 0, 2]",15,56.92148208618164,True,2.3831906496271777,658,0.0642578125
0100,6542,"[1, 2, 0]",300,56.9303035736084,False,2.3831906496271777,658,0.0642578125
0100,6543,"[1, 0, 2]",15,56.93554878234863,True,2.3831906496271777,658,0.0642578125
0100,6544,"[1, 2, 0]",300,56.94437026977539,False,2.3831906496271777,658,0.0642578125
0100,6545,"[1, 0, 2]",15,56.94985389709473,True,2.3831906496271777,658,0.0642578125
0100,6546,"[1, 2, 0]",300,56.96439743041992,False,2.3831906496271777,658,0.0642578125
0100,6547,"[1, 0, 2]",15,56.96988105773926,True,2.3831906496271777,658,0.0642578125
0100,6548,"[1, 2, 0]",300,56.97894096374512,False,2.3831906496271777,658,0.0642578125
0100,6549,"[1, 0, 2]",15,56.98442459106445,True,2.3831906496271777,658,0.0642578125
0100,6550,"[1, 2, 0]",300,56.99324607849121,False,2.3831906496271777,658,0.0642578125
0100,6551,"[1, 0, 2]",15,56.99920654296875,True,2.3831906496271777,658,0.0642578125
0100,6552,"[1, 2, 0]",300,57.007789611816406,False,2.3831906496271777,658,0.0642578125
0100,6553,"[1, 0, 2]",15,57.01279640197754,True,2.3831906496271777,658,0.0642578125
0100,6554,"[1, 2, 0]",300,57.021141052246094,False,2.3831906496271777,658,0.0642578125
0100,6555,"[1, 0, 2]",15,57.02638626098633,True,2.3831906496271777,658,0.0642578125
0100,6556,"[1, 2, 0]",300,57.035207748413086,False,2.3831906496271777,658,0.0642578125
0100,6557,"[1, 0, 2]",15,57.04045295715332,True,2.3831906496271777,658,0.0642578125
0100,6558,"[1, 2, 0]",300,57.04951286315918,False,2.3831906496271777,658,0.0642578125
0100,6559,"[1, 0, 2]",15,57.054758071899414,True,2.3831906496271777,658,0.0642578125
0100,6560,"[1, 2, 0]",300,57.06334114074707,False,2.3831906496271777,658,0.0642578125
0100,6561,"[1, 0, 2]",15,57.07263946533203,True,2.3831906496271777,658,0.0642578125
0100,6562,"[1, 2, 0]",300,57.08193778991699,False,2.3831906496271777,658,0.0642578125
0100,6563,"[1, 0, 2]",15,57.09052085876465,True,2.3831906496271777,658,0.0642578125
0100,6564,"[1, 2, 0]",300,57.102203369140625,False,2.3831906496271777,658,0.0642578125
0100,6565,"[1, 0, 2]",15,57.10721015930176,True,2.3831906496271777,658,0.0642578125
0100,6566,"[1, 2, 0]",300,57.11627006530762,False,2.3831906496271777,658,0.0642578125
0100,6567,"[1, 0, 2]",15,57.12580680847168,True,2.3831906496271777,658,0.0642578125
0100,6568,"[1, 2, 0]",300,57.134389877319336,False,2.3831906496271777,658,0.0642578125
0100,6569,"[1, 0, 2]",15,57.13963508605957,True,2.3831906496271777,658,0.0642578125
0100,6570,"[1, 2, 0]",300,57.147979736328125,False,2.3831906496271777,658,0.0642578125
0100,6571,"[1, 0, 2]",15,57.15298652648926,True,2.3831906496271777,658,0.0642578125
0100,6572,"[1, 2, 0]",300,57.161808013916016,False,2.3831906496271777,658,0.0642578125
0100,6573,"[1, 0, 2]",15,57.16681480407715,True,2.3831906496271777,658,0.0642578125
0100,6574,"[1, 2, 0]",300,57.175636291503906,False,2.3831906496271777,658,0.0642578125
0100,6575,"[1, 0, 2]",15,57.18064308166504,True,2.3831906496271777,658,0.0642578125
0100,6576,"[1, 2, 0]",300,57.1894645690918,False,2.3831906496271777,658,0.0642578125
0100,6577,"[1, 0, 2]",15,57.19447135925293,True,2.3831906496271777,658,0.0642578125
0100,6578,"[1, 2, 0]",300,57.20329284667969,False,2.3831906496271777,658,0.0642578125
0100,6579,"[1, 0, 2]",15,57.20806121826172,True,2.3831906496271777,658,0.0642578125
0100,6580,"[1, 2, 0]",300,57.21688270568848,False,2.3831906496271777,658,0.0642578125
0100,6581,"[1, 0, 2]",15,57.22165107727051,True,2.3831906496271777,658,0.0642578125
0100,6582,"[1, 2, 0]",300,57.23142623901367,False,2.3831906496271777,658,0.0642578125
0100,6583,"[1, 0, 2]",15,57.23690986633301,True,2.3831906496271777,658,0.0642578125
0100,6584,"[1, 2, 0]",300,57.245492935180664,False,2.3831906496271777,658,0.0642578125
0100,6585,"[1, 0, 2]",15,57.2509765625,True,2.3831906496271777,658,0.0642578125
0100,6586,"[1, 2, 0]",300,57.259559631347656,False,2.3831906496271777,658,0.0642578125
0100,6587,"[1, 0, 2]",15,57.26480484008789,True,2.3831906496271777,658,0.0642578125
0100,6588,"[1, 2, 0]",300,57.27791786193848,False,2.3831906496271777,658,0.0642578125
0100,6589,"[1, 0, 2]",15,57.28340148925781,True,2.3831906496271777,658,0.0642578125
0100,6590,"[1, 2, 0]",300,57.29246139526367,False,2.3831906496271777,658,0.0642578125
0100,6591,"[1, 0, 2]",15,57.297706604003906,True,2.3831906496271777,658,0.0642578125
0100,6592,"[1, 2, 0]",300,57.306528091430664,False,2.3831906496271777,658,0.0642578125
0100,6593,"[1, 0, 2]",15,57.311296463012695,True,2.3831906496271777,658,0.0642578125
0100,6594,"[1, 2, 0]",300,57.34515190124512,False,2.3831906496271777,658,0.0642578125
0100,6595,"[1, 0, 2]",15,57.3573112487793,True,2.3831906496271777,658,0.0642578125
0100,6596,"[1, 2, 0]",300,57.373762130737305,False,2.3831906496271777,658,0.0642578125
0100,6597,"[1, 0, 2]",15,57.38115310668945,True,2.3831906496271777,658,0.0642578125
0100,6598,"[1, 2, 0]",300,57.39259719848633,False,2.3831906496271777,658,0.0642578125
0100,6599,"[1, 0, 2]",15,57.39951133728027,True,2.3831906496271777,658,0.0642578125
0100,6600,"[1, 2, 0]",300,57.41000175476074,False,2.3831906496271777,658,0.0642578125
0100,6601,"[1, 0, 2]",15,57.41620063781738,True,2.3831906496271777,658,0.0642578125
0100,6602,"[1, 2, 0]",300,57.433366775512695,False,2.3831906496271777,658,0.0642578125
0100,6603,"[1, 0, 2]",15,57.44028091430664,True,2.3831906496271777,658,0.0642578125
0100,6604,"[1, 2, 0]",300,57.451486587524414,False,2.3831906496271777,658,0.0642578125
0100,6605,"[1, 0, 2]",15,57.45840072631836,True,2.3831906496271777,658,0.0642578125
0100,6606,"[1, 2, 0]",300,57.46889114379883,False,2.3831906496271777,658,0.0642578125
0100,6607,"[1, 0, 2]",15,57.47485160827637,True,2.3831906496271777,658,0.0642578125
0100,6608,"[1, 2, 0]",300,57.48414993286133,False,2.3831906496271777,658,0.0642578125
0100,6609,"[1, 0, 2]",15,57.494401931762695,True,2.3831906496271777,658,0.0642578125
0100,6610,"[1, 2, 0]",300,57.50322341918945,False,2.3831906496271777,658,0.0642578125
0100,6611,"[1, 0, 2]",15,57.50870704650879,True,2.3831906496271777,658,0.0642578125
0100,6612,"[1, 2, 0]",300,57.51752853393555,False,2.3831906496271777,658,0.0642578125
0100,6613,"[1, 0, 2]",15,57.52277374267578,True,2.3831906496271777,658,0.0642578125
0100,6614,"[1, 2, 0]",300,57.53159523010254,False,2.3831906496271777,658,0.0642578125
0100,6615,"[1, 0, 2]",15,57.53684043884277,True,2.3831906496271777,658,0.0642578125
0100,6616,"[1, 2, 0]",300,57.54590034484863,False,2.3831906496271777,658,0.0642578125
0100,6617,"[1, 0, 2]",15,57.550668716430664,True,2.3831906496271777,658,0.0642578125
0100,6618,"[1, 2, 0]",300,57.55925178527832,False,2.3831906496271777,658,0.0642578125
0100,6619,"[1, 0, 2]",15,57.564496994018555,True,2.3831906496271777,658,0.0642578125
0100,6620,"[1, 2, 0]",300,57.57331848144531,False,2.3831906496271777,658,0.0642578125
0100,6621,"[1, 0, 2]",15,57.578325271606445,True,2.3831906496271777,658,0.0642578125
0100,6622,"[1, 2, 0]",300,57.5869083404541,False,2.3831906496271777,658,0.0642578125
0100,6623,"[1, 0, 2]",15,57.59239196777344,True,2.3831906496271777,658,0.0642578125
0100,6624,"[1, 2, 0]",300,57.600975036621094,False,2.3831906496271777,658,0.0642578125
0100,6625,"[1, 0, 2]",15,57.60622024536133,True,2.3831906496271777,658,0.0642578125
0100,6626,"[1, 2, 0]",300,57.614803314208984,False,2.3831906496271777,658,0.0642578125
0100,6627,"[1, 0, 2]",15,57.62052536010742,True,2.3831906496271777,658,0.0642578125
0100,6628,"[1, 2, 0]",300,57.630300521850586,False,2.3831906496271777,658,0.0642578125
0100,6629,"[1, 0, 2]",15,57.63578414916992,True,2.3831906496271777,658,0.0642578125
0100,6630,"[1, 2, 0]",300,57.64889717102051,False,2.3831906496271777,658,0.0642578125
0100,6631,"[1, 0, 2]",15,57.65485763549805,True,2.3831906496271777,658,0.0642578125
0100,6632,"[1, 2, 0]",300,57.6634407043457,False,2.3831906496271777,658,0.0642578125
0100,6633,"[1, 0, 2]",15,57.66892433166504,True,2.3831906496271777,658,0.0642578125
0100,6634,"[1, 2, 0]",300,57.677268981933594,False,2.3831906496271777,658,0.0642578125
0100,6635,"[1, 0, 2]",15,57.68251419067383,True,2.3831906496271777,658,0.0642578125
0100,6636,"[1, 2, 0]",300,57.69085884094238,False,2.3831906496271777,658,0.0642578125
0100,6637,"[1, 0, 2]",15,57.733774185180664,True,2.3831906496271777,658,0.0642578125
0100,6638,"[1, 2, 0]",300,57.743072509765625,False,2.3831906496271777,658,0.0642578125
0100,6639,"[1, 0, 2]",15,57.74855613708496,True,2.3831906496271777,658,0.0642578125
0100,6640,"[1, 2, 0]",300,57.756900787353516,False,2.3831906496271777,658,0.0642578125
0100,6641,"[1, 0, 2]",15,57.76214599609375,True,2.3831906496271777,658,0.0642578125
0100,6642,"[1, 2, 0]",300,57.770729064941406,False,2.3831906496271777,658,0.0642578125
0100,6643,"[1, 0, 2]",15,57.77573585510254,True,2.3831906496271777,658,0.0642578125
0100,6644,"[1, 2, 0]",300,57.784318923950195,False,2.3831906496271777,658,0.0642578125
0100,6645,"[1, 0, 2]",15,57.78956413269043,True,2.3831906496271777,658,0.0642578125
0100,6646,"[1, 2, 0]",300,57.797908782958984,False,2.3831906496271777,658,0.0642578125
0100,6647,"[1, 0, 2]",15,57.80315399169922,True,2.3831906496271777,658,0.0642578125
0100,6648,"[1, 2, 0]",300,57.81197547912598,False,2.3831906496271777,658,0.0642578125
0100,6649,"[1, 0, 2]",15,57.81698226928711,True,2.3831906496271777,658,0.0642578125
0100,6650,"[1, 2, 0]",300,57.82628059387207,False,2.3831906496271777,658,0.0642578125
0100,6651,"[1, 0, 2]",15,57.83534049987793,True,2.3831906496271777,658,0.0642578125
0100,6652,"[1, 2, 0]",300,57.84487724304199,False,2.3831906496271777,658,0.0642578125
0100,6653,"[1, 0, 2]",15,57.849884033203125,True,2.3831906496271777,658,0.0642578125
0100,6654,"[1, 2, 0]",300,57.85846710205078,False,2.3831906496271777,658,0.0642578125
0100,6655,"[1, 0, 2]",15,57.86395072937012,True,2.3831906496271777,658,0.0642578125
0100,6656,"[1, 2, 0]",300,57.87301063537598,False,2.3831906496271777,658,0.0642578125
0100,6657,"[1, 0, 2]",15,57.87825584411621,True,2.3831906496271777,658,0.0642578125
0100,6658,"[1, 2, 0]",300,57.88683891296387,False,2.3831906496271777,658,0.0642578125
0100,6659,"[1, 0, 2]",15,57.8916072845459,True,2.3831906496271777,658,0.0642578125
0100,6660,"[1, 2, 0]",300,57.90066719055176,False,2.3831906496271777,658,0.0642578125
0100,6661,"[1, 0, 2]",15,57.90567398071289,True,2.3831906496271777,658,0.0642578125
0100,6662,"[1, 2, 0]",300,57.91449546813965,False,2.3831906496271777,658,0.0642578125
0100,6663,"[1, 0, 2]",15,57.91974067687988,True,2.3831906496271777,658,0.0642578125
0100,6664,"[1, 2, 0]",300,57.92832374572754,False,2.3831906496271777,658,0.0642578125
0100,6665,"[1, 0, 2]",15,57.93356895446777,True,2.3831906496271777,658,0.0642578125
0100,6666,"[1, 2, 0]",300,57.94715881347656,False,2.3831906496271777,658,0.0642578125
0100,6667,"[1, 0, 2]",15,57.952880859375,True,2.3831906496271777,658,0.0642578125
0100,6668,"[1, 2, 0]",300,57.96241760253906,False,2.3831906496271777,658,0.0642578125
0100,6669,"[1, 0, 2]",15,57.967424392700195,True,2.3831906496271777,658,0.0642578125
0100,6670,"[1, 2, 0]",300,57.976722717285156,False,2.3831906496271777,658,0.0642578125
0100,6671,"[1, 0, 2]",15,57.98196792602539,True,2.3831906496271777,658,0.0642578125
0100,6672,"[1, 2, 0]",300,57.99531936645508,False,2.3831906496271777,658,0.0642578125
0100,6673,"[1, 0, 2]",15,58.000802993774414,True,2.3831906496271777,658,0.0642578125
0100,6674,"[1, 2, 0]",300,58.00986289978027,False,2.3831906496271777,658,0.0642578125
0100,6675,"[1, 0, 2]",15,58.01534652709961,True,2.3831906496271777,658,0.0642578125
0100,6676,"[1, 2, 0]",300,58.02464485168457,False,2.3831906496271777,658,0.0642578125
0100,6677,"[1, 0, 2]",15,58.029890060424805,True,2.3831906496271777,658,0.0642578125
0100,6678,"[1, 2, 0]",300,58.038949966430664,False,2.3831906496271777,658,0.0642578125
0100,6679,"[1, 0, 2]",15,58.0439567565918,True,2.3831906496271777,658,0.0642578125
0100,6680,"[1, 2, 0]",300,58.052778244018555,False,2.3831906496271777,658,0.0642578125
0100,6681,"[1, 0, 2]",15,58.05778503417969,True,2.3831906496271777,658,0.0642578125
0100,6682,"[1, 2, 0]",300,58.06684494018555,False,2.3831906496271777,658,0.0642578125
0100,6683,"[1, 0, 2]",15,58.07185173034668,True,2.3831906496271777,658,0.0642578125
0100,6684,"[1, 2, 0]",300,58.08091163635254,False,2.3831906496271777,658,0.0642578125
0100,6685,"[1, 0, 2]",15,58.08615684509277,True,2.3831906496271777,658,0.0642578125
0100,6686,"[1, 2, 0]",300,58.09974670410156,False,2.3831906496271777,658,0.0642578125
0100,6687,"[1, 0, 2]",15,58.10689926147461,True,2.3831906496271777,658,0.0642578125
0100,6688,"[1, 2, 0]",300,58.11667442321777,False,2.3831906496271777,658,0.0642578125
0100,6689,"[1, 0, 2]",15,58.12215805053711,True,2.3831906496271777,658,0.0642578125
0100,6690,"[1, 2, 0]",300,58.13097953796387,False,2.3831906496271777,658,0.0642578125
0100,6691,"[1, 0, 2]",15,58.1362247467041,True,2.3831906496271777,658,0.0642578125
0100,6692,"[1, 2, 0]",300,58.14528465270996,False,2.3831906496271777,658,0.0642578125
0100,6693,"[1, 0, 2]",15,58.15553665161133,True,2.3831906496271777,658,0.0642578125
0100,6694,"[1, 2, 0]",300,58.16483497619629,False,2.3831906496271777,658,0.0642578125
0100,6695,"[1, 0, 2]",15,58.16984176635742,True,2.3831906496271777,658,0.0642578125
0100,6696,"[1, 2, 0]",300,58.17890167236328,False,2.3831906496271777,658,0.0642578125
0100,6697,"[1, 0, 2]",15,58.183908462524414,True,2.3831906496271777,658,0.0642578125
0100,6698,"[1, 2, 0]",300,58.19272994995117,False,2.3831906496271777,658,0.0642578125
0100,6699,"[1, 0, 2]",15,58.197736740112305,True,2.3831906496271777,658,0.0642578125
0100,6700,"[1, 2, 0]",300,58.20655822753906,False,2.3831906496271777,658,0.0642578125
0100,6701,"[1, 0, 2]",15,58.211326599121094,True,2.3831906496271777,658,0.0642578125
0100,6702,"[1, 2, 0]",300,58.220624923706055,False,2.3831906496271777,658,0.0642578125
0100,6703,"[1, 0, 2]",15,58.22587013244629,True,2.3831906496271777,658,0.0642578125
0100,6704,"[1, 2, 0]",300,58.23469161987305,False,2.3831906496271777,658,0.0642578125
0100,6705,"[1, 0, 2]",15,58.23969841003418,True,2.3831906496271777,658,0.0642578125
0100,6706,"[1, 2, 0]",300,58.24851989746094,False,2.3831906496271777,658,0.0642578125
0100,6707,"[1, 0, 2]",15,58.25352668762207,True,2.3831906496271777,658,0.0642578125
0101,6708,"[1, 2, 0]",300,58.26377868652344,False,2.031008131515815,654,0.0638671875
0101,6709,"[1, 0, 2]",15,58.26902389526367,True,2.031008131515815,654,0.0638671875
0101,6710,"[1, 2, 0]",300,58.27736854553223,False,2.031008131515815,654,0.0638671875
0101,6711,"[1, 0, 2]",15,58.28261375427246,True,2.031008131515815,654,0.0638671875
0101,6712,"[1, 2, 0]",300,58.29143524169922,False,2.031008131515815,654,0.0638671875
0101,6713,"[1, 0, 2]",15,58.296918869018555,True,2.031008131515815,654,0.0638671875
0101,6714,"[1, 2, 0]",300,58.31003189086914,False,2.031008131515815,654,0.0638671875
0101,6715,"[1, 0, 2]",15,58.31480026245117,True,2.031008131515815,654,0.0638671875
0101,6716,"[1, 2, 0]",300,58.32386016845703,False,2.031008131515815,654,0.0638671875
0101,6717,"[1, 0, 2]",15,58.32862854003906,True,2.031008131515815,654,0.0638671875
0101,6718,"[1, 2, 0]",300,58.33697319030762,False,2.031008131515815,654,0.0638671875
0101,6719,"[1, 0, 2]",15,58.34245681762695,True,2.031008131515815,654,0.0638671875
0101,6720,"[1, 2, 0]",300,58.35127830505371,False,2.031008131515815,654,0.0638671875
0101,6721,"[1, 0, 2]",15,58.356285095214844,True,2.031008131515815,654,0.0638671875
0101,6722,"[1, 2, 0]",300,58.3651065826416,False,2.031008131515815,654,0.0638671875
0101,6723,"[1, 0, 2]",15,58.36987495422363,True,2.031008131515815,654,0.0638671875
0101,6724,"[1, 2, 0]",300,58.37845802307129,False,2.031008131515815,654,0.0638671875
0101,6725,"[1, 0, 2]",15,58.38370323181152,True,2.031008131515815,654,0.0638671875
0101,6726,"[1, 2, 0]",300,58.39204788208008,False,2.031008131515815,654,0.0638671875
0101,6727,"[1, 0, 2]",15,58.397531509399414,True,2.031008131515815,654,0.0638671875
0101,6728,"[1, 2, 0]",300,58.409690856933594,False,2.031008131515815,654,0.0638671875
0101,6729,"[1, 0, 2]",15,58.41994285583496,True,2.031008131515815,654,0.0638671875
0101,6730,"[1, 2, 0]",300,58.42924118041992,False,2.031008131515815,654,0.0638671875
0101,6731,"[1, 0, 2]",15,58.43520164489746,True,2.031008131515815,654,0.0638671875
0101,6732,"[1, 2, 0]",300,58.44426155090332,False,2.031008131515815,654,0.0638671875
0101,6733,"[1, 0, 2]",15,58.449745178222656,True,2.031008131515815,654,0.0638671875
0101,6734,"[1, 2, 0]",300,58.45832824707031,False,2.031008131515815,654,0.0638671875
0101,6735,"[1, 0, 2]",15,58.4712028503418,True,2.031008131515815,654,0.0638671875
0101,6736,"[1, 2, 0]",300,58.480024337768555,False,2.031008131515815,654,0.0638671875
0101,6737,"[1, 0, 2]",15,58.48503112792969,True,2.031008131515815,654,0.0638671875
0101,6738,"[1, 2, 0]",300,58.49409103393555,False,2.031008131515815,654,0.0638671875
0101,6739,"[1, 0, 2]",15,58.49909782409668,True,2.031008131515815,654,0.0638671875
0101,6740,"[1, 2, 0]",300,58.50815773010254,False,2.031008131515815,654,0.0638671875
0101,6741,"[1, 0, 2]",15,58.51292610168457,True,2.031008131515815,654,0.0638671875
0101,6742,"[1, 2, 0]",300,58.52198600769043,False,2.031008131515815,654,0.0638671875
0101,6743,"[1, 0, 2]",15,58.52699279785156,True,2.031008131515815,654,0.0638671875
0101,6744,"[1, 2, 0]",300,58.53629112243652,False,2.031008131515815,654,0.0638671875
0101,6745,"[1, 0, 2]",15,58.541297912597656,True,2.031008131515815,654,0.0638671875
0101,6746,"[1, 2, 0]",300,58.54988098144531,False,2.031008131515815,654,0.0638671875
0101,6747,"[1, 0, 2]",15,58.554887771606445,True,2.031008131515815,654,0.0638671875
0101,6748,"[1, 2, 0]",300,58.563947677612305,False,2.031008131515815,654,0.0638671875
0101,6749,"[1, 0, 2]",15,58.56943130493164,True,2.031008131515815,654,0.0638671875
0101,6750,"[1, 2, 0]",300,58.5782527923584,False,2.031008131515815,654,0.0638671875
0101,6751,"[1, 0, 2]",15,58.58349800109863,True,2.031008131515815,654,0.0638671875
0101,6752,"[1, 2, 0]",300,58.592796325683594,False,2.031008131515815,654,0.0638671875
0101,6753,"[1, 0, 2]",15,58.59804153442383,True,2.031008131515815,654,0.0638671875
0101,6754,"[1, 2, 0]",300,58.606624603271484,False,2.031008131515815,654,0.0638671875
0101,6755,"[1, 0, 2]",15,58.61186981201172,True,2.031008131515815,654,0.0638671875
0101,6756,"[1, 2, 0]",300,58.6247444152832,False,2.031008131515815,654,0.0638671875
0101,6757,"[1, 0, 2]",15,58.62998962402344,True,2.031008131515815,654,0.0638671875
0101,6758,"[1, 2, 0]",300,58.63833427429199,False,2.031008131515815,654,0.0638671875
0101,6759,"[1, 0, 2]",15,58.64357948303223,True,2.031008131515815,654,0.0638671875
0101,6760,"[1, 2, 0]",300,58.65192413330078,False,2.031008131515815,654,0.0638671875
0101,6761,"[1, 0, 2]",15,58.657169342041016,True,2.031008131515815,654,0.0638671875
0101,6762,"[1, 2, 0]",300,58.66575241088867,False,2.031008131515815,654,0.0638671875
0101,6763,"[1, 0, 2]",15,58.670759201049805,True,2.031008131515815,654,0.0638671875
0101,6764,"[1, 2, 0]",300,58.67934226989746,False,2.031008131515815,654,0.0638671875
0101,6765,"[1, 0, 2]",15,58.68411064147949,True,2.031008131515815,654,0.0638671875
0101,6766,"[1, 2, 0]",300,58.69269371032715,False,2.031008131515815,654,0.0638671875
0101,6767,"[1, 0, 2]",15,58.69770050048828,True,2.031008131515815,654,0.0638671875
0101,6768,"[1, 2, 0]",300,58.70628356933594,False,2.031008131515815,654,0.0638671875
0101,6769,"[1, 0, 2]",15,58.71129035949707,True,2.031008131515815,654,0.0638671875
0101,6770,"[1, 2, 0]",300,58.71987342834473,False,2.031008131515815,654,0.0638671875
0101,6771,"[1, 0, 2]",15,58.72511863708496,True,2.031008131515815,654,0.0638671875
0101,6772,"[1, 2, 0]",300,58.73394012451172,False,2.031008131515815,654,0.0638671875
0101,6773,"[1, 0, 2]",15,58.73870849609375,True,2.031008131515815,654,0.0638671875
0101,6774,"[1, 2, 0]",300,58.74752998352051,False,2.031008131515815,654,0.0638671875
0101,6775,"[1, 0, 2]",15,58.75229835510254,True,2.031008131515815,654,0.0638671875
0101,6776,"[1, 2, 0]",300,58.7611198425293,False,2.031008131515815,654,0.0638671875
0101,6777,"[1, 0, 2]",15,58.769941329956055,True,2.031008131515815,654,0.0638671875
0101,6778,"[1, 2, 0]",300,58.77876281738281,False,2.031008131515815,654,0.0638671875
0101,6779,"[1, 0, 2]",15,58.78400802612305,True,2.031008131515815,654,0.0638671875
0101,6780,"[1, 2, 0]",300,58.79330635070801,False,2.031008131515815,654,0.0638671875
0101,6781,"[1, 0, 2]",15,58.79807472229004,True,2.031008131515815,654,0.0638671875
0101,6782,"[1, 2, 0]",300,58.8068962097168,False,2.031008131515815,654,0.0638671875
0101,6783,"[1, 0, 2]",15,58.81214141845703,True,2.031008131515815,654,0.0638671875
0101,6784,"[1, 2, 0]",300,58.82072448730469,False,2.031008131515815,654,0.0638671875
0101,6785,"[1, 0, 2]",15,58.82549285888672,True,2.031008131515815,654,0.0638671875
0101,6786,"[1, 2, 0]",300,58.83431434631348,False,2.031008131515815,654,0.0638671875
0101,6787,"[1, 0, 2]",15,58.83908271789551,True,2.031008131515815,654,0.0638671875
0101,6788,"[1, 2, 0]",300,58.84814262390137,False,2.031008131515815,654,0.0638671875
0101,6789,"[1, 0, 2]",15,58.8533878326416,True,2.031008131515815,654,0.0638671875
0101,6790,"[1, 2, 0]",300,58.86220932006836,False,2.031008131515815,654,0.0638671875
0101,6791,"[1, 0, 2]",15,58.912038803100586,True,2.031008131515815,654,0.0638671875
0101,6792,"[1, 2, 0]",300,58.940887451171875,False,2.031008131515815,654,0.0638671875
0101,6793,"[1, 0, 2]",15,58.94970893859863,True,2.031008131515815,654,0.0638671875
0101,6794,"[1, 2, 0]",300,58.962345123291016,False,2.031008131515815,654,0.0638671875
0101,6795,"[1, 0, 2]",15,58.96925926208496,True,2.031008131515815,654,0.0638671875
0101,6796,"[1, 2, 0]",300,58.980703353881836,False,2.031008131515815,654,0.0638671875
0101,6797,"[1, 0, 2]",15,58.98690223693848,True,2.031008131515815,654,0.0638671875
0101,6798,"[1, 2, 0]",300,59.00073051452637,False,2.031008131515815,654,0.0638671875
0101,6799,"[1, 0, 2]",15,59.0062141418457,True,2.031008131515815,654,0.0638671875
0101,6800,"[1, 2, 0]",300,59.01527404785156,False,2.031008131515815,654,0.0638671875
0101,6801,"[1, 0, 2]",15,59.020280838012695,True,2.031008131515815,654,0.0638671875
0101,6802,"[1, 2, 0]",300,59.02910232543945,False,2.031008131515815,654,0.0638671875
0101,6803,"[1, 0, 2]",15,59.034109115600586,True,2.031008131515815,654,0.0638671875
0101,6804,"[1, 2, 0]",300,59.04269218444824,False,2.031008131515815,654,0.0638671875
0101,6805,"[1, 0, 2]",15,59.04817581176758,True,2.031008131515815,654,0.0638671875
0101,6806,"[1, 2, 0]",300,59.056997299194336,False,2.031008131515815,654,0.0638671875
0101,6807,"[1, 0, 2]",15,59.06224250793457,True,2.031008131515815,654,0.0638671875
0101,6808,"[1, 2, 0]",300,59.07082557678223,False,2.031008131515815,654,0.0638671875
0101,6809,"[1, 0, 2]",15,59.07583236694336,True,2.031008131515815,654,0.0638671875
0101,6810,"[1, 2, 0]",300,59.08465385437012,False,2.031008131515815,654,0.0638671875
0101,6811,"[1, 0, 2]",15,59.08989906311035,True,2.031008131515815,654,0.0638671875
0101,6812,"[1, 2, 0]",300,59.103965759277344,False,2.031008131515815,654,0.0638671875
0101,6813,"[1, 0, 2]",15,59.11087989807129,True,2.031008131515815,654,0.0638671875
0101,6814,"[1, 2, 0]",300,59.12327766418457,False,2.031008131515815,654,0.0638671875
0101,6815,"[1, 0, 2]",15,59.1282844543457,True,2.031008131515815,654,0.0638671875
0101,6816,"[1, 2, 0]",300,59.137821197509766,False,2.031008131515815,654,0.0638671875
0101,6817,"[1, 0, 2]",15,59.1428279876709,True,2.031008131515815,654,0.0638671875
0101,6818,"[1, 2, 0]",300,59.151411056518555,False,2.031008131515815,654,0.0638671875
0101,6819,"[1, 0, 2]",15,59.160470962524414,True,2.031008131515815,654,0.0638671875
0101,6820,"[1, 2, 0]",300,59.16929244995117,False,2.031008131515815,654,0.0638671875
0101,6821,"[1, 0, 2]",15,59.174299240112305,True,2.031008131515815,654,0.0638671875
0101,6822,"[1, 2, 0]",300,59.183359146118164,False,2.031008131515815,654,0.0638671875
0101,6823,"[1, 0, 2]",15,59.1886043548584,True,2.031008131515815,654,0.0638671875
0101,6824,"[1, 2, 0]",300,59.197187423706055,False,2.031008131515815,654,0.0638671875
0101,6825,"[1, 0, 2]",15,59.20267105102539,True,2.031008131515815,654,0.0638671875
0101,6826,"[1, 2, 0]",300,59.21125411987305,False,2.031008131515815,654,0.0638671875
0101,6827,"[1, 0, 2]",15,59.21649932861328,True,2.031008131515815,654,0.0638671875
0101,6828,"[1, 2, 0]",300,59.22555923461914,False,2.031008131515815,654,0.0638671875
0101,6829,"[1, 0, 2]",15,59.23056602478027,True,2.031008131515815,654,0.0638671875
0101,6830,"[1, 2, 0]",300,59.23914909362793,False,2.031008131515815,654,0.0638671875
0101,6831,"[1, 0, 2]",15,59.244632720947266,True,2.031008131515815,654,0.0638671875
0101,6832,"[1, 2, 0]",300,59.25321578979492,False,2.031008131515815,654,0.0638671875
0101,6833,"[1, 0, 2]",15,59.258460998535156,True,2.031008131515815,654,0.0638671875
0101,6834,"[1, 2, 0]",300,59.267282485961914,False,2.031008131515815,654,0.0638671875
0101,6835,"[1, 0, 2]",15,59.27252769470215,True,2.031008131515815,654,0.0638671875
0101,6836,"[1, 2, 0]",300,59.281349182128906,False,2.031008131515815,654,0.0638671875
0101,6837,"[1, 0, 2]",15,59.28659439086914,True,2.031008131515815,654,0.0638671875
0101,6838,"[1, 2, 0]",300,59.294939041137695,False,2.031008131515815,654,0.0638671875
0101,6839,"[1, 0, 2]",15,59.30018424987793,True,2.031008131515815,654,0.0638671875
0101,6840,"[1, 2, 0]",300,59.31258201599121,False,2.031008131515815,654,0.0638671875
0101,6841,"[1, 0, 2]",15,59.317827224731445,True,2.031008131515815,654,0.0638671875
0101,6842,"[1, 2, 0]",300,59.326171875,False,2.031008131515815,654,0.0638671875
0101,6843,"[1, 0, 2]",15,59.331417083740234,True,2.031008131515815,654,0.0638671875
0101,6844,"[1, 2, 0]",300,59.363603591918945,False,2.031008131515815,654,0.0638671875
0101,6845,"[1, 0, 2]",15,59.37600135803223,True,2.031008131515815,654,0.0638671875
0101,6846,"[1, 2, 0]",300,59.39292907714844,False,2.031008131515815,654,0.0638671875
0101,6847,"[1, 0, 2]",15,59.400320053100586,True,2.031008131515815,654,0.0638671875
0101,6848,"[1, 2, 0]",300,59.41176414489746,False,2.031008131515815,654,0.0638671875
0101,6849,"[1, 0, 2]",15,59.4179630279541,True,2.031008131515815,654,0.0638671875
0101,6850,"[1, 2, 0]",300,59.427738189697266,False,2.031008131515815,654,0.0638671875
0101,6851,"[1, 0, 2]",15,59.4334602355957,True,2.031008131515815,654,0.0638671875
0101,6852,"[1, 2, 0]",300,59.44371223449707,False,2.031008131515815,654,0.0638671875
0101,6853,"[1, 0, 2]",15,59.450387954711914,True,2.031008131515815,654,0.0638671875
0101,6854,"[1, 2, 0]",300,59.467315673828125,False,2.031008131515815,654,0.0638671875
0101,6855,"[1, 0, 2]",15,59.47399139404297,True,2.031008131515815,654,0.0638671875
0101,6856,"[1, 2, 0]",300,59.484004974365234,False,2.031008131515815,654,0.0638671875
0101,6857,"[1, 0, 2]",15,59.48948860168457,True,2.031008131515815,654,0.0638671875
0101,6858,"[1, 2, 0]",300,59.49854850769043,False,2.031008131515815,654,0.0638671875
0101,6859,"[1, 0, 2]",15,59.503793716430664,True,2.031008131515815,654,0.0638671875
0101,6860,"[1, 2, 0]",300,59.56554412841797,False,2.031008131515815,654,0.0638671875
0101,6861,"[1, 0, 2]",15,59.58366394042969,True,2.031008131515815,654,0.0638671875
0101,6862,"[1, 2, 0]",300,59.6003532409668,False,2.031008131515815,654,0.0638671875
0101,6863,"[1, 0, 2]",15,59.607505798339844,True,2.031008131515815,654,0.0638671875
0101,6864,"[1, 2, 0]",300,59.61871147155762,False,2.031008131515815,654,0.0638671875
0101,6865,"[1, 0, 2]",15,59.624433517456055,True,2.031008131515815,654,0.0638671875
0101,6866,"[1, 2, 0]",300,59.63397026062012,False,2.031008131515815,654,0.0638671875
0101,6867,"[1, 0, 2]",15,59.639692306518555,True,2.031008131515815,654,0.0638671875
0101,6868,"[1, 2, 0]",300,59.65018272399902,False,2.031008131515815,654,0.0638671875
0101,6869,"[1, 0, 2]",15,59.65709686279297,True,2.031008131515815,654,0.0638671875
0101,6870,"[1, 2, 0]",300,59.667110443115234,False,2.031008131515815,654,0.0638671875
0101,6871,"[1, 0, 2]",15,59.67259407043457,True,2.031008131515815,654,0.0638671875
0101,6872,"[1, 2, 0]",300,59.68165397644043,False,2.031008131515815,654,0.0638671875
0101,6873,"[1, 0, 2]",15,59.686899185180664,True,2.031008131515815,654,0.0638671875
0101,6874,"[1, 2, 0]",300,59.696197509765625,False,2.031008131515815,654,0.0638671875
0101,6875,"[1, 0, 2]",15,59.70120429992676,True,2.031008131515815,654,0.0638671875
0101,6876,"[1, 2, 0]",300,59.71026420593262,False,2.031008131515815,654,0.0638671875
0101,6877,"[1, 0, 2]",15,59.71527099609375,True,2.031008131515815,654,0.0638671875
0101,6878,"[1, 2, 0]",300,59.723854064941406,False,2.031008131515815,654,0.0638671875
0101,6879,"[1, 0, 2]",15,59.72886085510254,True,2.031008131515815,654,0.0638671875
0101,6880,"[1, 2, 0]",300,59.737443923950195,False,2.031008131515815,654,0.0638671875
0101,6881,"[1, 0, 2]",15,59.74268913269043,True,2.031008131515815,654,0.0638671875
0101,6882,"[1, 2, 0]",300,59.755802154541016,False,2.031008131515815,654,0.0638671875
0101,6883,"[1, 0, 2]",15,59.76104736328125,True,2.031008131515815,654,0.0638671875
0101,6884,"[1, 2, 0]",300,59.76986885070801,False,2.031008131515815,654,0.0638671875
0101,6885,"[1, 0, 2]",15,59.775352478027344,True,2.031008131515815,654,0.0638671875
0101,6886,"[1, 2, 0]",300,59.7844123840332,False,2.031008131515815,654,0.0638671875
0101,6887,"[1, 0, 2]",15,59.78989601135254,True,2.031008131515815,654,0.0638671875
0101,6888,"[1, 2, 0]",300,59.798479080200195,False,2.031008131515815,654,0.0638671875
0101,6889,"[1, 0, 2]",15,59.80372428894043,True,2.031008131515815,654,0.0638671875
0101,6890,"[1, 2, 0]",300,59.81278419494629,False,2.031008131515815,654,0.0638671875
0101,6891,"[1, 0, 2]",15,59.81779098510742,True,2.031008131515815,654,0.0638671875
0101,6892,"[1, 2, 0]",300,59.82685089111328,False,2.031008131515815,654,0.0638671875
0101,6893,"[1, 0, 2]",15,59.83161926269531,True,2.031008131515815,654,0.0638671875
0101,6894,"[1, 2, 0]",300,59.83996391296387,False,2.031008131515815,654,0.0638671875
0101,6895,"[1, 0, 2]",15,59.8452091217041,True,2.031008131515815,654,0.0638671875
0101,6896,"[1, 2, 0]",300,59.85403060913086,False,2.031008131515815,654,0.0638671875
0101,6897,"[1, 0, 2]",15,59.86332893371582,True,2.031008131515815,654,0.0638671875
0101,6898,"[1, 2, 0]",300,59.87215042114258,False,2.031008131515815,654,0.0638671875
0101,6899,"[1, 0, 2]",15,59.877634048461914,True,2.031008131515815,654,0.0638671875
0101,6900,"[1, 2, 0]",300,59.88621711730957,False,2.031008131515815,654,0.0638671875
0101,6901,"[1, 0, 2]",15,59.891700744628906,True,2.031008131515815,654,0.0638671875
0101,6902,"[1, 2, 0]",300,59.900522232055664,False,2.031008131515815,654,0.0638671875
0101,6903,"[1, 0, 2]",15,59.90958213806152,True,2.031008131515815,654,0.0638671875
0101,6904,"[1, 2, 0]",300,59.91840362548828,False,2.031008131515815,654,0.0638671875
0101,6905,"[1, 0, 2]",15,59.923410415649414,True,2.031008131515815,654,0.0638671875
0101,6906,"[1, 2, 0]",300,59.93223190307617,False,2.031008131515815,654,0.0638671875
0101,6907,"[1, 0, 2]",15,59.937477111816406,True,2.031008131515815,654,0.0638671875
0101,6908,"[1, 2, 0]",300,59.946298599243164,False,2.031008131515815,654,0.0638671875
0101,6909,"[1, 0, 2]",15,59.9513053894043,True,2.031008131515815,654,0.0638671875
0101,6910,"[1, 2, 0]",300,59.960126876831055,False,2.031008131515815,654,0.0638671875
0101,6911,"[1, 0, 2]",15,59.96513366699219,True,2.031008131515815,654,0.0638671875
0101,6912,"[1, 2, 0]",300,59.973955154418945,False,2.031008131515815,654,0.0638671875
0101,6913,"[1, 0, 2]",15,59.97896194458008,True,2.031008131515815,654,0.0638671875
0101,6914,"[1, 2, 0]",300,59.987783432006836,False,2.031008131515815,654,0.0638671875
0101,6915,"[1, 0, 2]",15,59.99279022216797,True,2.031008131515815,654,0.0638671875
0101,6916,"[1, 2, 0]",300,60.001373291015625,False,2.031008131515815,654,0.0638671875
0101,6917,"[1, 0, 2]",15,60.00638008117676,True,2.031008131515815,654,0.0638671875
0101,6918,"[1, 2, 0]",300,60.019493103027344,False,2.031008131515815,654,0.0638671875
0101,6919,"[1, 0, 2]",15,60.02521514892578,True,2.031008131515815,654,0.0638671875
0101,6920,"[1, 2, 0]",300,60.03427505493164,False,2.031008131515815,654,0.0638671875
0101,6921,"[1, 0, 2]",15,60.039520263671875,True,2.031008131515815,654,0.0638671875
0101,6922,"[1, 2, 0]",300,60.04905700683594,False,2.031008131515815,654,0.0638671875
0101,6923,"[1, 0, 2]",15,60.05406379699707,True,2.031008131515815,654,0.0638671875
0101,6924,"[1, 2, 0]",300,60.06741523742676,False,2.031008131515815,654,0.0638671875
0101,6925,"[1, 0, 2]",15,60.07218360900879,True,2.031008131515815,654,0.0638671875
0101,6926,"[1, 2, 0]",300,60.08100509643555,False,2.031008131515815,654,0.0638671875
0101,6927,"[1, 0, 2]",15,60.08601188659668,True,2.031008131515815,654,0.0638671875
0101,6928,"[1, 2, 0]",300,60.09483337402344,False,2.031008131515815,654,0.0638671875
0101,6929,"[1, 0, 2]",15,60.09960174560547,True,2.031008131515815,654,0.0638671875
0101,6930,"[1, 2, 0]",300,60.114383697509766,False,2.031008131515815,654,0.0638671875
0101,6931,"[1, 0, 2]",15,60.120582580566406,True,2.031008131515815,654,0.0638671875
0101,6932,"[1, 2, 0]",300,60.129642486572266,False,2.031008131515815,654,0.0638671875
0101,6933,"[1, 0, 2]",15,60.1346492767334,True,2.031008131515815,654,0.0638671875
0101,6934,"[1, 2, 0]",300,60.143232345581055,False,2.031008131515815,654,0.0638671875
0101,6935,"[1, 0, 2]",15,60.14847755432129,True,2.031008131515815,654,0.0638671875
0101,6936,"[1, 2, 0]",300,60.15729904174805,False,2.031008131515815,654,0.0638671875
0101,6937,"[1, 0, 2]",15,60.16206741333008,True,2.031008131515815,654,0.0638671875
0101,6938,"[1, 2, 0]",300,60.170888900756836,False,2.031008131515815,654,0.0638671875
0101,6939,"[1, 0, 2]",15,60.17589569091797,True,2.031008131515815,654,0.0638671875
0101,6940,"[1, 2, 0]",300,60.18471717834473,False,2.031008131515815,654,0.0638671875
0101,6941,"[1, 0, 2]",15,60.18948554992676,True,2.031008131515815,654,0.0638671875
0101,6942,"[1, 2, 0]",300,60.19854545593262,False,2.031008131515815,654,0.0638671875
0101,6943,"[1, 0, 2]",15,60.20355224609375,True,2.031008131515815,654,0.0638671875
0101,6944,"[1, 2, 0]",300,60.21261215209961,False,2.031008131515815,654,0.0638671875
0101,6945,"[1, 0, 2]",15,60.24742126464844,True,2.031008131515815,654,0.0638671875
0101,6946,"[1, 2, 0]",300,60.2564811706543,False,2.031008131515815,654,0.0638671875
0101,6947,"[1, 0, 2]",15,60.26172637939453,True,2.031008131515815,654,0.0638671875
0101,6948,"[1, 2, 0]",300,60.270071029663086,False,2.031008131515815,654,0.0638671875
0101,6949,"[1, 0, 2]",15,60.27531623840332,True,2.031008131515815,654,0.0638671875
0101,6950,"[1, 2, 0]",300,60.28389930725098,False,2.031008131515815,654,0.0638671875
0101,6951,"[1, 0, 2]",15,60.28938293457031,True,2.031008131515815,654,0.0638671875
0101,6952,"[1, 2, 0]",300,60.29772758483887,False,2.031008131515815,654,0.0638671875
0101,6953,"[1, 0, 2]",15,60.303449630737305,True,2.031008131515815,654,0.0638671875
0101,6954,"[1, 2, 0]",300,60.31227111816406,False,2.031008131515815,654,0.0638671875
0101,6955,"[1, 0, 2]",15,60.3177547454834,True,2.031008131515815,654,0.0638671875
0101,6956,"[1, 2, 0]",300,60.326576232910156,False,2.031008131515815,654,0.0638671875
0101,6957,"[1, 0, 2]",15,60.33134460449219,True,2.031008131515815,654,0.0638671875
0101,6958,"[1, 2, 0]",300,60.339927673339844,False,2.031008131515815,654,0.0638671875
0101,6959,"[1, 0, 2]",15,60.34541130065918,True,2.031008131515815,654,0.0638671875
0101,6960,"[1, 2, 0]",300,60.35447120666504,False,2.031008131515815,654,0.0638671875
0101,6961,"[1, 0, 2]",15,60.35947799682617,True,2.031008131515815,654,0.0638671875
0101,6962,"[1, 2, 0]",300,60.36782264709473,False,2.031008131515815,654,0.0638671875
0101,6963,"[1, 0, 2]",15,60.37306785583496,True,2.031008131515815,654,0.0638671875
0101,6964,"[1, 2, 0]",300,60.38165092468262,False,2.031008131515815,654,0.0638671875
0101,6965,"[1, 0, 2]",15,60.38689613342285,True,2.031008131515815,654,0.0638671875
0101,6966,"[1, 2, 0]",300,60.40239334106445,False,2.031008131515815,654,0.0638671875
0101,6967,"[1, 0, 2]",15,60.40787696838379,True,2.031008131515815,654,0.0638671875
0101,6968,"[1, 2, 0]",300,60.416460037231445,False,2.031008131515815,654,0.0638671875
0101,6969,"[1, 0, 2]",15,60.42194366455078,True,2.031008131515815,654,0.0638671875
0101,6970,"[1, 2, 0]",300,60.43076515197754,False,2.031008131515815,654,0.0638671875
0101,6971,"[1, 0, 2]",15,60.43553352355957,True,2.031008131515815,654,0.0638671875
0101,6972,"[1, 2, 0]",300,60.44459342956543,False,2.031008131515815,654,0.0638671875
0101,6973,"[1, 0, 2]",15,60.44936180114746,True,2.031008131515815,654,0.0638671875
0101,6974,"[1, 2, 0]",300,60.45794486999512,False,2.031008131515815,654,0.0638671875
0101,6975,"[1, 0, 2]",15,60.46342849731445,True,2.031008131515815,654,0.0638671875
0101,6976,"[1, 2, 0]",300,60.47201156616211,False,2.031008131515815,654,0.0638671875
0101,6977,"[1, 0, 2]",15,60.47701835632324,True,2.031008131515815,654,0.0638671875
0101,6978,"[1, 2, 0]",300,60.4856014251709,False,2.031008131515815,654,0.0638671875
0101,6979,"[1, 0, 2]",15,60.49084663391113,True,2.031008131515815,654,0.0638671875
0101,6980,"[1, 2, 0]",300,60.50419807434082,False,2.031008131515815,654,0.0638671875
0101,6981,"[1, 0, 2]",15,60.50992012023926,True,2.031008131515815,654,0.0638671875
0101,6982,"[1, 2, 0]",300,60.51945686340332,False,2.031008131515815,654,0.0638671875
0101,6983,"[1, 0, 2]",15,60.52517890930176,True,2.031008131515815,654,0.0638671875
0101,6984,"[1, 2, 0]",300,60.534000396728516,False,2.031008131515815,654,0.0638671875
0101,6985,"[1, 0, 2]",15,60.5776309967041,True,2.031008131515815,654,0.0638671875
0101,6986,"[1, 2, 0]",300,60.58645248413086,False,2.031008131515815,654,0.0638671875
0101,6987,"[1, 0, 2]",15,60.61267852783203,True,2.031008131515815,654,0.0638671875
0101,6988,"[1, 2, 0]",300,60.622453689575195,False,2.031008131515815,654,0.0638671875
0101,6989,"[1, 0, 2]",15,60.62746047973633,True,2.031008131515815,654,0.0638671875
0101,6990,"[1, 2, 0]",300,60.636281967163086,False,2.031008131515815,654,0.0638671875
0101,6991,"[1, 0, 2]",15,60.64152717590332,True,2.031008131515815,654,0.0638671875
0101,6992,"[1, 2, 0]",300,60.65034866333008,False,2.031008131515815,654,0.0638671875
0101,6993,"[1, 0, 2]",15,60.65559387207031,True,2.031008131515815,654,0.0638671875
0101,6994,"[1, 2, 0]",300,60.66489219665527,False,2.031008131515815,654,0.0638671875
0101,6995,"[1, 0, 2]",15,60.67037582397461,True,2.031008131515815,654,0.0638671875
0101,6996,"[1, 2, 0]",300,60.67919731140137,False,2.031008131515815,654,0.0638671875
0101,6997,"[1, 0, 2]",15,60.6844425201416,True,2.031008131515815,654,0.0638671875
0101,6998,"[1, 2, 0]",300,60.692787170410156,False,2.031008131515815,654,0.0638671875
0101,6999,"[1, 0, 2]",15,60.69827079772949,True,2.031008131515815,654,0.0638671875
0101,7000,"[1, 2, 0]",300,60.70661544799805,False,2.031008131515815,654,0.0638671875
0101,7001,"[1, 0, 2]",15,60.71138381958008,True,2.031008131515815,654,0.0638671875
0101,7002,"[1, 2, 0]",300,60.720205307006836,False,2.031008131515815,654,0.0638671875
0101,7003,"[1, 0, 2]",15,60.72497367858887,True,2.031008131515815,654,0.0638671875
0101,7004,"[1, 2, 0]",300,60.73403358459473,False,2.031008131515815,654,0.0638671875
0101,7005,"[1, 0, 2]",15,60.73904037475586,True,2.031008131515815,654,0.0638671875
0101,7006,"[1, 2, 0]",300,60.747623443603516,False,2.031008131515815,654,0.0638671875
0101,7007,"[1, 0, 2]",15,60.75286865234375,True,2.031008131515815,654,0.0638671875
0101,7008,"[1, 2, 0]",300,60.76550483703613,False,2.031008131515815,654,0.0638671875
0101,7009,"[1, 0, 2]",15,60.770273208618164,True,2.031008131515815,654,0.0638671875
0101,7010,"[1, 2, 0]",300,60.77909469604492,False,2.031008131515815,654,0.0638671875
0101,7011,"[1, 0, 2]",15,60.78386306762695,True,2.031008131515815,654,0.0638671875
0101,7012,"[1, 2, 0]",300,60.79268455505371,False,2.031008131515815,654,0.0638671875
0101,7013,"[1, 0, 2]",15,60.79745292663574,True,2.031008131515815,654,0.0638671875
0101,7014,"[1, 2, 0]",300,60.8062744140625,False,2.031008131515815,654,0.0638671875
0101,7015,"[1, 0, 2]",15,60.81128120422363,True,2.031008131515815,654,0.0638671875
0101,7016,"[1, 2, 0]",300,60.82010269165039,False,2.031008131515815,654,0.0638671875
0101,7017,"[1, 0, 2]",15,60.82510948181152,True,2.031008131515815,654,0.0638671875
0101,7018,"[1, 2, 0]",300,60.83393096923828,False,2.031008131515815,654,0.0638671875
0101,7019,"[1, 0, 2]",15,60.83869934082031,True,2.031008131515815,654,0.0638671875
0101,7020,"[1, 2, 0]",300,60.84775924682617,False,2.031008131515815,654,0.0638671875
0101,7021,"[1, 0, 2]",15,60.852766036987305,True,2.031008131515815,654,0.0638671875
0101,7022,"[1, 2, 0]",300,60.86134910583496,False,2.031008131515815,654,0.0638671875
0101,7023,"[1, 0, 2]",15,60.866355895996094,True,2.031008131515815,654,0.0638671875
0101,7024,"[1, 2, 0]",300,60.87470054626465,False,2.031008131515815,654,0.0638671875
0101,7025,"[1, 0, 2]",15,60.87994575500488,True,2.031008131515815,654,0.0638671875
0101,7026,"[1, 2, 0]",300,60.88829040527344,False,2.031008131515815,654,0.0638671875
0101,7027,"[1, 0, 2]",15,60.89353561401367,True,2.031008131515815,654,0.0638671875
0101,7028,"[1, 2, 0]",300,60.90188026428223,False,2.031008131515815,654,0.0638671875
0101,7029,"[1, 0, 2]",15,60.910701751708984,True,2.031008131515815,654,0.0638671875
0101,7030,"[1, 2, 0]",300,60.91928482055664,False,2.031008131515815,654,0.0638671875
0101,7031,"[1, 0, 2]",15,60.924530029296875,True,2.031008131515815,654,0.0638671875
0101,7032,"[1, 2, 0]",300,60.93311309814453,False,2.031008131515815,654,0.0638671875
0101,7033,"[1, 0, 2]",15,60.938358306884766,True,2.031008131515815,654,0.0638671875
0101,7034,"[1, 2, 0]",300,60.94646453857422,False,2.031008131515815,654,0.0638671875
0101,7035,"[1, 0, 2]",15,60.95170974731445,True,2.031008131515815,654,0.0638671875
0101,7036,"[1, 2, 0]",300,60.96053123474121,False,2.031008131515815,654,0.0638671875
0101,7037,"[1, 0, 2]",15,60.965776443481445,True,2.031008131515815,654,0.0638671875
0101,7038,"[1, 2, 0]",300,60.97412109375,False,2.031008131515815,654,0.0638671875
0101,7039,"[1, 0, 2]",15,60.979366302490234,True,2.031008131515815,654,0.0638671875
0101,7040,"[1, 2, 0]",300,60.98794937133789,False,2.031008131515815,654,0.0638671875
0101,7041,"[1, 0, 2]",15,60.99271774291992,True,2.031008131515815,654,0.0638671875
0101,7042,"[1, 2, 0]",300,61.00130081176758,False,2.031008131515815,654,0.0638671875
0101,7043,"[1, 0, 2]",15,61.00630760192871,True,2.031008131515815,654,0.0638671875
0101,7044,"[1, 2, 0]",300,61.01870536804199,False,2.031008131515815,654,0.0638671875
0101,7045,"[1, 0, 2]",15,61.02395057678223,True,2.031008131515815,654,0.0638671875
0101,7046,"[1, 2, 0]",300,61.03324890136719,False,2.031008131515815,654,0.0638671875
0101,7047,"[1, 0, 2]",15,61.03873252868652,True,2.031008131515815,654,0.0638671875
0101,7048,"[1, 2, 0]",300,61.04707717895508,False,2.031008131515815,654,0.0638671875
0101,7049,"[1, 0, 2]",15,61.05184555053711,True,2.031008131515815,654,0.0638671875
0101,7050,"[1, 2, 0]",300,61.06400489807129,False,2.031008131515815,654,0.0638671875
0101,7051,"[1, 0, 2]",15,61.06901168823242,True,2.031008131515815,654,0.0638671875
0101,7052,"[1, 2, 0]",300,61.07807159423828,False,2.031008131515815,654,0.0638671875
0101,7053,"[1, 0, 2]",15,61.08283996582031,True,2.031008131515815,654,0.0638671875
0101,7054,"[1, 2, 0]",300,61.09166145324707,False,2.031008131515815,654,0.0638671875
0101,7055,"[1, 0, 2]",15,61.0966682434082,True,2.031008131515815,654,0.0638671875
0101,7056,"[1, 2, 0]",300,61.10548973083496,False,2.031008131515815,654,0.0638671875
0101,7057,"[1, 0, 2]",15,61.11288070678711,True,2.031008131515815,654,0.0638671875
0101,7058,"[1, 2, 0]",300,61.12527847290039,False,2.031008131515815,654,0.0638671875
0101,7059,"[1, 0, 2]",15,61.13100051879883,True,2.031008131515815,654,0.0638671875
0101,7060,"[1, 2, 0]",300,61.139822006225586,False,2.031008131515815,654,0.0638671875
0101,7061,"[1, 0, 2]",15,61.14459037780762,True,2.031008131515815,654,0.0638671875
0101,7062,"[1, 2, 0]",300,61.15317344665527,False,2.031008131515815,654,0.0638671875
0101,7063,"[1, 0, 2]",15,61.15841865539551,True,2.031008131515815,654,0.0638671875
0101,7064,"[1, 2, 0]",300,61.167240142822266,False,2.031008131515815,654,0.0638671875
0101,7065,"[1, 0, 2]",15,61.17653846740723,True,2.031008131515815,654,0.0638671875
0101,7066,"[1, 2, 0]",300,61.18512153625488,False,2.031008131515815,654,0.0638671875
0101,7067,"[1, 0, 2]",15,61.19060516357422,True,2.031008131515815,654,0.0638671875
0101,7068,"[1, 2, 0]",300,61.19966506958008,False,2.031008131515815,654,0.0638671875
0101,7069,"[1, 0, 2]",15,61.20491027832031,True,2.031008131515815,654,0.0638671875
0101,7070,"[1, 2, 0]",300,61.21349334716797,False,2.031008131515815,654,0.0638671875
0101,7071,"[1, 0, 2]",15,61.22279167175293,True,2.031008131515815,654,0.0638671875
0101,7072,"[1, 2, 0]",300,61.231136322021484,False,2.031008131515815,654,0.0638671875
0101,7073,"[1, 0, 2]",15,61.23638153076172,True,2.031008131515815,654,0.0638671875
0101,7074,"[1, 2, 0]",300,61.24472618103027,False,2.031008131515815,654,0.0638671875
0101,7075,"[1, 0, 2]",15,61.249494552612305,True,2.031008131515815,654,0.0638671875
0101,7076,"[1, 2, 0]",300,61.25831604003906,False,2.031008131515815,654,0.0638671875
0101,7077,"[1, 0, 2]",15,61.263322830200195,True,2.031008131515815,654,0.0638671875
0101,7078,"[1, 2, 0]",300,61.27214431762695,False,2.031008131515815,654,0.0638671875
0101,7079,"[1, 0, 2]",15,61.277151107788086,True,2.031008131515815,654,0.0638671875
0101,7080,"[1, 2, 0]",300,61.286211013793945,False,2.031008131515815,654,0.0638671875
0101,7081,"[1, 0, 2]",15,61.29121780395508,True,2.031008131515815,654,0.0638671875
0101,7082,"[1, 2, 0]",300,61.300039291381836,False,2.031008131515815,654,0.0638671875
0101,7083,"[1, 0, 2]",15,61.30504608154297,True,2.031008131515815,654,0.0638671875
0101,7084,"[1, 2, 0]",300,61.31386756896973,False,2.031008131515815,654,0.0638671875
0101,7085,"[1, 0, 2]",15,61.31887435913086,True,2.031008131515815,654,0.0638671875
0101,7086,"[1, 2, 0]",300,61.32769584655762,False,2.031008131515815,654,0.0638671875
0101,7087,"[1, 0, 2]",15,61.33270263671875,True,2.031008131515815,654,0.0638671875
0101,7088,"[1, 2, 0]",300,61.34152412414551,False,2.031008131515815,654,0.0638671875
0101,7089,"[1, 0, 2]",15,61.34629249572754,True,2.031008131515815,654,0.0638671875
0101,7090,"[1, 2, 0]",300,61.37204170227051,False,2.031008131515815,654,0.0638671875
0101,7091,"[1, 0, 2]",15,61.3863468170166,True,2.031008131515815,654,0.0638671875
0101,7092,"[1, 2, 0]",300,61.41185760498047,False,2.031008131515815,654,0.0638671875
0101,7093,"[1, 0, 2]",15,61.41948699951172,True,2.031008131515815,654,0.0638671875
0101,7094,"[1, 2, 0]",300,61.4316463470459,False,2.031008131515815,654,0.0638671875
0101,7095,"[1, 0, 2]",15,61.43808364868164,True,2.031008131515815,654,0.0638671875
0101,7096,"[1, 2, 0]",300,61.44857406616211,False,2.031008131515815,654,0.0638671875
0101,7097,"[1, 0, 2]",15,61.454057693481445,True,2.031008131515815,654,0.0638671875
0101,7098,"[1, 2, 0]",300,61.463356018066406,False,2.031008131515815,654,0.0638671875
0101,7099,"[1, 0, 2]",15,61.469078063964844,True,2.031008131515815,654,0.0638671875
0101,7100,"[1, 2, 0]",300,61.4778995513916,False,2.031008131515815,654,0.0638671875
0101,7101,"[1, 0, 2]",15,61.48386001586914,True,2.031008131515815,654,0.0638671875
0101,7102,"[1, 2, 0]",300,61.49435043334961,False,2.031008131515815,654,0.0638671875
0101,7103,"[1, 0, 2]",15,61.50054931640625,True,2.031008131515815,654,0.0638671875
0101,7104,"[1, 2, 0]",300,61.50960922241211,False,2.031008131515815,654,0.0638671875
0101,7105,"[1, 0, 2]",15,61.514854431152344,True,2.031008131515815,654,0.0638671875
0101,7106,"[1, 2, 0]",300,61.528682708740234,False,2.031008131515815,654,0.0638671875
0101,7107,"[1, 0, 2]",15,61.534881591796875,True,2.031008131515815,654,0.0638671875
0101,7108,"[1, 2, 0]",300,61.54441833496094,False,2.031008131515815,654,0.0638671875
0101,7109,"[1, 0, 2]",15,61.550140380859375,True,2.031008131515815,654,0.0638671875
0101,7110,"[1, 2, 0]",300,61.55896186828613,False,2.031008131515815,654,0.0638671875
0101,7111,"[1, 0, 2]",15,61.56468391418457,True,2.031008131515815,654,0.0638671875
0101,7112,"[1, 2, 0]",300,61.57374382019043,False,2.031008131515815,654,0.0638671875
0101,7113,"[1, 0, 2]",15,61.58280372619629,True,2.031008131515815,654,0.0638671875
0101,7114,"[1, 2, 0]",300,61.59186363220215,False,2.031008131515815,654,0.0638671875
0101,7115,"[1, 0, 2]",15,61.59687042236328,True,2.031008131515815,654,0.0638671875
0101,7116,"[1, 2, 0]",300,61.60569190979004,False,2.031008131515815,654,0.0638671875
0101,7117,"[1, 0, 2]",15,61.61069869995117,True,2.031008131515815,654,0.0638671875
0101,7118,"[1, 2, 0]",300,61.61928176879883,False,2.031008131515815,654,0.0638671875
0101,7119,"[1, 0, 2]",15,61.62428855895996,True,2.031008131515815,654,0.0638671875
0101,7120,"[1, 2, 0]",300,61.63334846496582,False,2.031008131515815,654,0.0638671875
0101,7121,"[1, 0, 2]",15,61.638832092285156,True,2.031008131515815,654,0.0638671875
0101,7122,"[1, 2, 0]",300,61.64741516113281,False,2.031008131515815,654,0.0638671875
0101,7123,"[1, 0, 2]",15,61.652421951293945,True,2.031008131515815,654,0.0638671875
0101,7124,"[1, 2, 0]",300,61.6612434387207,False,2.031008131515815,654,0.0638671875
0101,7125,"[1, 0, 2]",15,61.666250228881836,True,2.031008131515815,654,0.0638671875
0101,7126,"[1, 2, 0]",300,61.67483329772949,False,2.031008131515815,654,0.0638671875
0101,7127,"[1, 0, 2]",15,61.679840087890625,True,2.031008131515815,654,0.0638671875
0101,7128,"[1, 2, 0]",300,61.68842315673828,False,2.031008131515815,654,0.0638671875
0101,7129,"[1, 0, 2]",15,61.693429946899414,True,2.031008131515815,654,0.0638671875
0101,7130,"[1, 2, 0]",300,61.70248985290527,False,2.031008131515815,654,0.0638671875
0101,7131,"[1, 0, 2]",15,61.707258224487305,True,2.031008131515815,654,0.0638671875
0101,7132,"[1, 2, 0]",300,61.716556549072266,False,2.031008131515815,654,0.0638671875
0101,7133,"[1, 0, 2]",15,61.7215633392334,True,2.031008131515815,654,0.0638671875
0101,7134,"[1, 2, 0]",300,61.734676361083984,False,2.031008131515815,654,0.0638671875
0101,7135,"[1, 0, 2]",15,61.73992156982422,True,2.031008131515815,654,0.0638671875
0101,7136,"[1, 2, 0]",300,61.748504638671875,False,2.031008131515815,654,0.0638671875
0101,7137,"[1, 0, 2]",15,61.75374984741211,True,2.031008131515815,654,0.0638671875
0101,7138,"[1, 2, 0]",300,61.762332916259766,False,2.031008131515815,654,0.0638671875
0101,7139,"[1, 0, 2]",15,61.7673397064209,True,2.031008131515815,654,0.0638671875
0101,7140,"[1, 2, 0]",300,61.776161193847656,False,2.031008131515815,654,0.0638671875
0101,7141,"[1, 0, 2]",15,61.78116798400879,True,2.031008131515815,654,0.0638671875
0101,7142,"[1, 2, 0]",300,61.789751052856445,False,2.031008131515815,654,0.0638671875
0101,7143,"[1, 0, 2]",15,61.79451942443848,True,2.031008131515815,654,0.0638671875
0101,7144,"[1, 2, 0]",300,61.80310249328613,False,2.031008131515815,654,0.0638671875
0101,7145,"[1, 0, 2]",15,61.808109283447266,True,2.031008131515815,654,0.0638671875
0101,7146,"[1, 2, 0]",300,61.81693077087402,False,2.031008131515815,654,0.0638671875
0101,7147,"[1, 0, 2]",15,61.821937561035156,True,2.031008131515815,654,0.0638671875
0101,7148,"[1, 2, 0]",300,61.830759048461914,False,2.031008131515815,654,0.0638671875
0101,7149,"[1, 0, 2]",15,61.83600425720215,True,2.031008131515815,654,0.0638671875
0101,7150,"[1, 2, 0]",300,61.844587326049805,False,2.031008131515815,654,0.0638671875
0101,7151,"[1, 0, 2]",15,61.84959411621094,True,2.031008131515815,654,0.0638671875
0101,7152,"[1, 2, 0]",300,61.858415603637695,False,2.031008131515815,654,0.0638671875
0101,7153,"[1, 0, 2]",15,61.86318397521973,True,2.031008131515815,654,0.0638671875
0101,7154,"[1, 2, 0]",300,61.872005462646484,False,2.031008131515815,654,0.0638671875
0101,7155,"[1, 0, 2]",15,61.881065368652344,True,2.031008131515815,654,0.0638671875
0101,7156,"[1, 2, 0]",300,61.8901252746582,False,2.031008131515815,654,0.0638671875
0101,7157,"[1, 0, 2]",15,61.895132064819336,True,2.031008131515815,654,0.0638671875
0101,7158,"[1, 2, 0]",300,61.903953552246094,False,2.031008131515815,654,0.0638671875
0101,7159,"[1, 0, 2]",15,61.90896034240723,True,2.031008131515815,654,0.0638671875
0101,7160,"[1, 2, 0]",300,61.91754341125488,False,2.031008131515815,654,0.0638671875
0101,7161,"[1, 0, 2]",15,61.922311782836914,True,2.031008131515815,654,0.0638671875
0101,7162,"[1, 2, 0]",300,61.93089485168457,False,2.031008131515815,654,0.0638671875
0101,7163,"[1, 0, 2]",15,61.9359016418457,True,2.031008131515815,654,0.0638671875
0101,7164,"[1, 2, 0]",300,61.94472312927246,False,2.031008131515815,654,0.0638671875
0101,7165,"[1, 0, 2]",15,61.94949150085449,True,2.031008131515815,654,0.0638671875
0101,7166,"[1, 2, 0]",300,61.95831298828125,False,2.031008131515815,654,0.0638671875
0101,7167,"[1, 0, 2]",15,61.96308135986328,True,2.031008131515815,654,0.0638671875
0101,7168,"[1, 2, 0]",300,61.97166442871094,False,2.031008131515815,654,0.0638671875
0101,7169,"[1, 0, 2]",15,61.97690963745117,True,2.031008131515815,654,0.0638671875
0101,7170,"[1, 2, 0]",300,61.98883056640625,False,2.031008131515815,654,0.0638671875
0101,7171,"[1, 0, 2]",15,61.994314193725586,True,2.031008131515815,654,0.0638671875
0101,7172,"[1, 2, 0]",300,62.003374099731445,False,2.031008131515815,654,0.0638671875
0101,7173,"[1, 0, 2]",15,62.00838088989258,True,2.031008131515815,654,0.0638671875
0101,7174,"[1, 2, 0]",300,62.017202377319336,False,2.031008131515815,654,0.0638671875
0101,7175,"[1, 0, 2]",15,62.02220916748047,True,2.031008131515815,654,0.0638671875
0101,7176,"[1, 2, 0]",300,62.03746795654297,False,2.031008131515815,654,0.0638671875
0101,7177,"[1, 0, 2]",15,62.0427131652832,True,2.031008131515815,654,0.0638671875
0101,7178,"[1, 2, 0]",300,62.05105781555176,False,2.031008131515815,654,0.0638671875
0101,7179,"[1, 0, 2]",15,62.05630302429199,True,2.031008131515815,654,0.0638671875
0101,7180,"[1, 2, 0]",300,62.06512451171875,False,2.031008131515815,654,0.0638671875
0101,7181,"[1, 0, 2]",15,62.07013130187988,True,2.031008131515815,654,0.0638671875
0101,7182,"[1, 2, 0]",300,62.07847595214844,False,2.031008131515815,654,0.0638671875
0101,7183,"[1, 0, 2]",15,62.08372116088867,True,2.031008131515815,654,0.0638671875
0101,7184,"[1, 2, 0]",300,62.09206581115723,False,2.031008131515815,654,0.0638671875
0101,7185,"[1, 0, 2]",15,62.09731101989746,True,2.031008131515815,654,0.0638671875
0101,7186,"[1, 2, 0]",300,62.10589408874512,False,2.031008131515815,654,0.0638671875
0101,7187,"[1, 0, 2]",15,62.11113929748535,True,2.031008131515815,654,0.0638671875
0101,7188,"[1, 2, 0]",300,62.12425231933594,False,2.031008131515815,654,0.0638671875
0101,7189,"[1, 0, 2]",15,62.13068962097168,True,2.031008131515815,654,0.0638671875
0101,7190,"[1, 2, 0]",300,62.13974952697754,False,2.031008131515815,654,0.0638671875
0101,7191,"[1, 0, 2]",15,62.14475631713867,True,2.031008131515815,654,0.0638671875
0101,7192,"[1, 2, 0]",300,62.15381622314453,False,2.031008131515815,654,0.0638671875
0101,7193,"[1, 0, 2]",15,62.158823013305664,True,2.031008131515815,654,0.0638671875
0101,7194,"[1, 2, 0]",300,62.16788291931152,False,2.031008131515815,654,0.0638671875
0101,7195,"[1, 0, 2]",15,62.172889709472656,True,2.031008131515815,654,0.0638671875
0101,7196,"[1, 2, 0]",300,62.181711196899414,False,2.031008131515815,654,0.0638671875
0101,7197,"[1, 0, 2]",15,62.19148635864258,True,2.031008131515815,654,0.0638671875
0101,7198,"[1, 2, 0]",300,62.19983100891113,False,2.031008131515815,654,0.0638671875
0101,7199,"[1, 0, 2]",15,62.20507621765137,True,2.031008131515815,654,0.0638671875
0101,7200,"[1, 2, 0]",300,62.21342086791992,False,2.031008131515815,654,0.0638671875
0101,7201,"[1, 0, 2]",15,62.21818923950195,True,2.031008131515815,654,0.0638671875
0101,7202,"[1, 2, 0]",300,62.22701072692871,False,2.031008131515815,654,0.0638671875
0101,7203,"[1, 0, 2]",15,62.23177909851074,True,2.031008131515815,654,0.0638671875
0101,7204,"[1, 2, 0]",300,62.2406005859375,False,2.031008131515815,654,0.0638671875
0101,7205,"[1, 0, 2]",15,62.24560737609863,True,2.031008131515815,654,0.0638671875
0101,7206,"[1, 2, 0]",300,62.25419044494629,False,2.031008131515815,654,0.0638671875
0101,7207,"[1, 0, 2]",15,62.25895881652832,True,2.031008131515815,654,0.0638671875
0101,7208,"[1, 2, 0]",300,62.26801872253418,False,2.031008131515815,654,0.0638671875
0101,7209,"[1, 0, 2]",15,62.27278709411621,True,2.031008131515815,654,0.0638671875
0101,7210,"[1, 2, 0]",300,62.28137016296387,False,2.031008131515815,654,0.0638671875
0101,7211,"[1, 0, 2]",15,62.286376953125,True,2.031008131515815,654,0.0638671875
0101,7212,"[1, 2, 0]",300,62.29519844055176,False,2.031008131515815,654,0.0638671875
0101,7213,"[1, 0, 2]",15,62.30020523071289,True,2.031008131515815,654,0.0638671875
0101,7214,"[1, 2, 0]",300,62.308549880981445,False,2.031008131515815,654,0.0638671875
0101,7215,"[1, 0, 2]",15,62.31379508972168,True,2.031008131515815,654,0.0638671875
0101,7216,"[1, 2, 0]",300,62.322139739990234,False,2.031008131515815,654,0.0638671875
0101,7217,"[1, 0, 2]",15,62.32738494873047,True,2.031008131515815,654,0.0638671875
0101,7218,"[1, 2, 0]",300,62.33930587768555,False,2.031008131515815,654,0.0638671875
0101,7219,"[1, 0, 2]",15,62.34478950500488,True,2.031008131515815,654,0.0638671875
0101,7220,"[1, 2, 0]",300,62.35361099243164,False,2.031008131515815,654,0.0638671875
0101,7221,"[1, 0, 2]",15,62.35933303833008,True,2.031008131515815,654,0.0638671875
0101,7222,"[1, 2, 0]",300,62.36839294433594,False,2.031008131515815,654,0.0638671875
0101,7223,"[1, 0, 2]",15,62.37363815307617,True,2.031008131515815,654,0.0638671875
0101,7224,"[1, 2, 0]",300,62.38293647766113,False,2.031008131515815,654,0.0638671875
0101,7225,"[1, 0, 2]",15,62.38865852355957,True,2.031008131515815,654,0.0638671875
0101,7226,"[1, 2, 0]",300,62.39724159240723,False,2.031008131515815,654,0.0638671875
0101,7227,"[1, 0, 2]",15,62.40272521972656,True,2.031008131515815,654,0.0638671875
0101,7228,"[1, 2, 0]",300,62.41154670715332,False,2.031008131515815,654,0.0638671875
0101,7229,"[1, 0, 2]",15,62.416791915893555,True,2.031008131515815,654,0.0638671875
0101,7230,"[1, 2, 0]",300,62.42537498474121,False,2.031008131515815,654,0.0638671875
0101,7231,"[1, 0, 2]",15,62.43085861206055,True,2.031008131515815,654,0.0638671875
0101,7232,"[1, 2, 0]",300,62.444210052490234,False,2.031008131515815,654,0.0638671875
0101,7233,"[1, 0, 2]",15,62.4539852142334,True,2.031008131515815,654,0.0638671875
0101,7234,"[1, 2, 0]",300,62.46376037597656,False,2.031008131515815,654,0.0638671875
0101,7235,"[1, 0, 2]",15,62.4697208404541,True,2.031008131515815,654,0.0638671875
0101,7236,"[1, 2, 0]",300,62.479257583618164,False,2.031008131515815,654,0.0638671875
0101,7237,"[1, 0, 2]",15,62.4845027923584,True,2.031008131515815,654,0.0638671875
0101,7238,"[1, 2, 0]",300,62.49380111694336,False,2.031008131515815,654,0.0638671875
0101,7239,"[1, 0, 2]",15,62.50333786010742,True,2.031008131515815,654,0.0638671875
0101,7240,"[1, 2, 0]",300,62.51215934753418,False,2.031008131515815,654,0.0638671875
0101,7241,"[1, 0, 2]",15,62.517404556274414,True,2.031008131515815,654,0.0638671875
0101,7242,"[1, 2, 0]",300,62.52622604370117,False,2.031008131515815,654,0.0638671875
0101,7243,"[1, 0, 2]",15,62.531471252441406,True,2.031008131515815,654,0.0638671875
0101,7244,"[1, 2, 0]",300,62.540292739868164,False,2.031008131515815,654,0.0638671875
0101,7245,"[1, 0, 2]",15,62.5452995300293,True,2.031008131515815,654,0.0638671875
0101,7246,"[1, 2, 0]",300,62.55364418029785,False,2.031008131515815,654,0.0638671875
0101,7247,"[1, 0, 2]",15,62.55912780761719,True,2.031008131515815,654,0.0638671875
0101,7248,"[1, 2, 0]",300,62.567710876464844,False,2.031008131515815,654,0.0638671875
0101,7249,"[1, 0, 2]",15,62.57295608520508,True,2.031008131515815,654,0.0638671875
0101,7250,"[1, 2, 0]",300,62.58130073547363,False,2.031008131515815,654,0.0638671875
0101,7251,"[1, 0, 2]",15,62.58654594421387,True,2.031008131515815,654,0.0638671875
0101,7252,"[1, 2, 0]",300,62.59560585021973,False,2.031008131515815,654,0.0638671875
0101,7253,"[1, 0, 2]",15,62.60108947753906,True,2.031008131515815,654,0.0638671875
0101,7254,"[1, 2, 0]",300,62.60967254638672,False,2.031008131515815,654,0.0638671875
0101,7255,"[1, 0, 2]",15,62.61491775512695,True,2.031008131515815,654,0.0638671875
0101,7256,"[1, 2, 0]",300,62.62373924255371,False,2.031008131515815,654,0.0638671875
0101,7257,"[1, 0, 2]",15,62.628746032714844,True,2.031008131515815,654,0.0638671875
0101,7258,"[1, 2, 0]",300,62.6373291015625,False,2.031008131515815,654,0.0638671875
0101,7259,"[1, 0, 2]",15,62.64233589172363,True,2.031008131515815,654,0.0638671875
0101,7260,"[1, 2, 0]",300,62.654733657836914,False,2.031008131515815,654,0.0638671875
0101,7261,"[1, 0, 2]",15,62.65974044799805,True,2.031008131515815,654,0.0638671875
0101,7262,"[1, 2, 0]",300,62.6680850982666,False,2.031008131515815,654,0.0638671875
0101,7263,"[1, 0, 2]",15,62.673330307006836,True,2.031008131515815,654,0.0638671875
0101,7264,"[1, 2, 0]",300,62.68191337585449,False,2.031008131515815,654,0.0638671875
0101,7265,"[1, 0, 2]",15,62.686920166015625,True,2.031008131515815,654,0.0638671875
0101,7266,"[1, 2, 0]",300,62.69550323486328,False,2.031008131515815,654,0.0638671875
0101,7267,"[1, 0, 2]",15,62.700510025024414,True,2.031008131515815,654,0.0638671875
0101,7268,"[1, 2, 0]",300,62.70933151245117,False,2.031008131515815,654,0.0638671875
0101,7269,"[1, 0, 2]",15,62.7140998840332,True,2.031008131515815,654,0.0638671875
0101,7270,"[1, 2, 0]",300,62.72268295288086,False,2.031008131515815,654,0.0638671875
0101,7271,"[1, 0, 2]",15,62.72768974304199,True,2.031008131515815,654,0.0638671875
0101,7272,"[1, 2, 0]",300,62.73627281188965,False,2.031008131515815,654,0.0638671875
0101,7273,"[1, 0, 2]",15,62.74127960205078,True,2.031008131515815,654,0.0638671875
0101,7274,"[1, 2, 0]",300,62.74986267089844,False,2.031008131515815,654,0.0638671875
0101,7275,"[1, 0, 2]",15,62.75486946105957,True,2.031008131515815,654,0.0638671875
0101,7276,"[1, 2, 0]",300,62.76369094848633,False,2.031008131515815,654,0.0638671875
0101,7277,"[1, 0, 2]",15,62.76869773864746,True,2.031008131515815,654,0.0638671875
0101,7278,"[1, 2, 0]",300,62.77751922607422,False,2.031008131515815,654,0.0638671875
0101,7279,"[1, 0, 2]",15,62.78228759765625,True,2.031008131515815,654,0.0638671875
0101,7280,"[1, 2, 0]",300,62.79110908508301,False,2.031008131515815,654,0.0638671875
0101,7281,"[1, 0, 2]",15,62.80016899108887,True,2.031008131515815,654,0.0638671875
0101,7282,"[1, 2, 0]",300,62.80922889709473,False,2.031008131515815,654,0.0638671875
0101,7283,"[1, 0, 2]",15,62.81423568725586,True,2.031008131515815,654,0.0638671875
0101,7284,"[1, 2, 0]",300,62.822818756103516,False,2.031008131515815,654,0.0638671875
0101,7285,"[1, 0, 2]",15,62.82758712768555,True,2.031008131515815,654,0.0638671875
0101,7286,"[1, 2, 0]",300,62.8359317779541,False,2.031008131515815,654,0.0638671875
0101,7287,"[1, 0, 2]",15,62.84141540527344,True,2.031008131515815,654,0.0638671875
0101,7288,"[1, 2, 0]",300,62.84976005554199,False,2.031008131515815,654,0.0638671875
0101,7289,"[1, 0, 2]",15,62.854766845703125,True,2.031008131515815,654,0.0638671875
0101,7290,"[1, 2, 0]",300,62.86334991455078,False,2.031008131515815,654,0.0638671875
0101,7291,"[1, 0, 2]",15,62.868595123291016,True,2.031008131515815,654,0.0638671875
0101,7292,"[1, 2, 0]",300,62.87717819213867,False,2.031008131515815,654,0.0638671875
0101,7293,"[1, 0, 2]",15,62.882184982299805,True,2.031008131515815,654,0.0638671875
0101,7294,"[1, 2, 0]",300,62.89076805114746,False,2.031008131515815,654,0.0638671875
0101,7295,"[1, 0, 2]",15,62.896013259887695,True,2.031008131515815,654,0.0638671875
0101,7296,"[1, 2, 0]",300,62.908172607421875,False,2.031008131515815,654,0.0638671875
0101,7297,"[1, 0, 2]",15,62.91365623474121,True,2.031008131515815,654,0.0638671875
0101,7298,"[1, 2, 0]",300,62.92247772216797,False,2.031008131515815,654,0.0638671875
0101,7299,"[1, 0, 2]",15,62.927961349487305,True,2.031008131515815,654,0.0638671875
0101,7300,"[1, 2, 0]",300,62.93678283691406,False,2.031008131515815,654,0.0638671875
0101,7301,"[1, 0, 2]",15,62.9420280456543,True,2.031008131515815,654,0.0638671875
0101,7302,"[1, 2, 0]",300,62.953948974609375,False,2.031008131515815,654,0.0638671875
0101,7303,"[1, 0, 2]",15,62.95919418334961,True,2.031008131515815,654,0.0638671875
0101,7304,"[1, 2, 0]",300,62.96801567077637,False,2.031008131515815,654,0.0638671875
0101,7305,"[1, 0, 2]",15,62.9730224609375,True,2.031008131515815,654,0.0638671875
0101,7306,"[1, 2, 0]",300,62.981367111206055,False,2.031008131515815,654,0.0638671875
0101,7307,"[1, 0, 2]",15,62.98661231994629,True,2.031008131515815,654,0.0638671875
0101,7308,"[1, 2, 0]",300,62.995195388793945,False,2.031008131515815,654,0.0638671875
0101,7309,"[1, 0, 2]",15,63.00020217895508,True,2.031008131515815,654,0.0638671875
0101,7310,"[1, 2, 0]",300,63.008785247802734,False,2.031008131515815,654,0.0638671875
0101,7311,"[1, 0, 2]",15,63.01426887512207,True,2.031008131515815,654,0.0638671875
0101,7312,"[1, 2, 0]",300,63.022613525390625,False,2.031008131515815,654,0.0638671875
0101,7313,"[1, 0, 2]",15,63.02785873413086,True,2.031008131515815,654,0.0638671875
0101,7314,"[1, 2, 0]",300,63.036441802978516,False,2.031008131515815,654,0.0638671875
0101,7315,"[1, 0, 2]",15,63.04144859313965,True,2.031008131515815,654,0.0638671875
0101,7316,"[1, 2, 0]",300,63.050031661987305,False,2.031008131515815,654,0.0638671875
0101,7317,"[1, 0, 2]",15,63.054800033569336,True,2.031008131515815,654,0.0638671875
0101,7318,"[1, 2, 0]",300,63.063621520996094,False,2.031008131515815,654,0.0638671875
0101,7319,"[1, 0, 2]",15,63.06862831115723,True,2.031008131515815,654,0.0638671875
0101,7320,"[1, 2, 0]",300,63.077688217163086,False,2.031008131515815,654,0.0638671875
0101,7321,"[1, 0, 2]",15,63.08245658874512,True,2.031008131515815,654,0.0638671875
0101,7322,"[1, 2, 0]",300,63.09103965759277,False,2.031008131515815,654,0.0638671875
0101,7323,"[1, 0, 2]",15,63.100337982177734,True,2.031008131515815,654,0.0638671875
0101,7324,"[1, 2, 0]",300,63.10915946960449,False,2.031008131515815,654,0.0638671875
0101,7325,"[1, 0, 2]",15,63.11392784118652,True,2.031008131515815,654,0.0638671875
0101,7326,"[1, 2, 0]",300,63.124656677246094,False,2.031008131515815,654,0.0638671875
0101,7327,"[1, 0, 2]",15,63.13204765319824,True,2.031008131515815,654,0.0638671875
0101,7328,"[1, 2, 0]",300,63.143014907836914,False,2.031008131515815,654,0.0638671875
0101,7329,"[1, 0, 2]",15,63.14802169799805,True,2.031008131515815,654,0.0638671875
0101,7330,"[1, 2, 0]",300,63.156843185424805,False,2.031008131515815,654,0.0638671875
0101,7331,"[1, 0, 2]",15,63.16184997558594,True,2.031008131515815,654,0.0638671875
0101,7332,"[1, 2, 0]",300,63.170433044433594,False,2.031008131515815,654,0.0638671875
0101,7333,"[1, 0, 2]",15,63.199520111083984,True,2.031008131515815,654,0.0638671875
0101,7334,"[1, 2, 0]",300,63.20834159851074,False,2.031008131515815,654,0.0638671875
0101,7335,"[1, 0, 2]",15,63.21358680725098,True,2.031008131515815,654,0.0638671875
0101,7336,"[1, 2, 0]",300,63.222408294677734,False,2.031008131515815,654,0.0638671875
0101,7337,"[1, 0, 2]",15,63.22741508483887,True,2.031008131515815,654,0.0638671875
0101,7338,"[1, 2, 0]",300,63.23599815368652,False,2.031008131515815,654,0.0638671875
0101,7339,"[1, 0, 2]",15,63.24124336242676,True,2.031008131515815,654,0.0638671875
0101,7340,"[1, 2, 0]",300,63.249826431274414,False,2.031008131515815,654,0.0638671875
0101,7341,"[1, 0, 2]",15,63.25483322143555,True,2.031008131515815,654,0.0638671875
0101,7342,"[1, 2, 0]",300,63.2631778717041,False,2.031008131515815,654,0.0638671875
0101,7343,"[1, 0, 2]",15,63.26866149902344,True,2.031008131515815,654,0.0638671875
0101,7344,"[1, 2, 0]",300,63.28105926513672,False,2.031008131515815,654,0.0638671875
0101,7345,"[1, 0, 2]",15,63.28606605529785,True,2.031008131515815,654,0.0638671875
0101,7346,"[1, 2, 0]",300,63.29488754272461,False,2.031008131515815,654,0.0638671875
0101,7347,"[1, 0, 2]",15,63.29965591430664,True,2.031008131515815,654,0.0638671875
0101,7348,"[1, 2, 0]",300,63.3082389831543,False,2.031008131515815,654,0.0638671875
0101,7349,"[1, 0, 2]",15,63.31372261047363,True,2.031008131515815,654,0.0638671875
0101,7350,"[1, 2, 0]",300,63.32206726074219,False,2.031008131515815,654,0.0638671875
0101,7351,"[1, 0, 2]",15,63.32731246948242,True,2.031008131515815,654,0.0638671875
0101,7352,"[1, 2, 0]",300,63.33589553833008,False,2.031008131515815,654,0.0638671875
0101,7353,"[1, 0, 2]",15,63.34114074707031,True,2.031008131515815,654,0.0638671875
0101,7354,"[1, 2, 0]",300,63.34972381591797,False,2.031008131515815,654,0.0638671875
0101,7355,"[1, 0, 2]",15,63.3547306060791,True,2.031008131515815,654,0.0638671875
0101,7356,"[1, 2, 0]",300,63.36331367492676,False,2.031008131515815,654,0.0638671875
0101,7357,"[1, 0, 2]",15,63.36855888366699,True,2.031008131515815,654,0.0638671875
0101,7358,"[1, 2, 0]",300,63.40670585632324,False,2.031008131515815,654,0.0638671875
0101,7359,"[1, 0, 2]",15,63.41981887817383,True,2.031008131515815,654,0.0638671875
0101,7360,"[1, 2, 0]",300,63.43650817871094,False,2.031008131515815,654,0.0638671875
0101,7361,"[1, 0, 2]",15,63.443660736083984,True,2.031008131515815,654,0.0638671875
0101,7362,"[1, 2, 0]",300,63.45486640930176,False,2.031008131515815,654,0.0638671875
0101,7363,"[1, 0, 2]",15,63.4615421295166,True,2.031008131515815,654,0.0638671875
0101,7364,"[1, 2, 0]",300,63.472747802734375,False,2.031008131515815,654,0.0638671875
0101,7365,"[1, 0, 2]",15,63.48395347595215,True,2.031008131515815,654,0.0638671875
0101,7366,"[1, 2, 0]",300,63.494205474853516,False,2.031008131515815,654,0.0638671875
0101,7367,"[1, 0, 2]",15,63.500404357910156,True,2.031008131515815,654,0.0638671875
0101,7368,"[1, 2, 0]",300,63.523292541503906,False,2.031008131515815,654,0.0638671875
0101,7369,"[1, 0, 2]",15,63.52949142456055,True,2.031008131515815,654,0.0638671875
0101,7370,"[1, 2, 0]",300,63.539981842041016,False,2.031008131515815,654,0.0638671875
0101,7371,"[1, 0, 2]",15,63.54546546936035,True,2.031008131515815,654,0.0638671875
0101,7372,"[1, 2, 0]",300,63.55404853820801,False,2.031008131515815,654,0.0638671875
0101,7373,"[1, 0, 2]",15,63.55929374694824,True,2.031008131515815,654,0.0638671875
0101,7374,"[1, 2, 0]",300,63.5676383972168,False,2.031008131515815,654,0.0638671875
0101,7375,"[1, 0, 2]",15,63.57312202453613,True,2.031008131515815,654,0.0638671875
0101,7376,"[1, 2, 0]",300,63.58146667480469,False,2.031008131515815,654,0.0638671875
0101,7377,"[1, 0, 2]",15,63.58671188354492,True,2.031008131515815,654,0.0638671875
0101,7378,"[1, 2, 0]",300,63.59505653381348,False,2.031008131515815,654,0.0638671875
0101,7379,"[1, 0, 2]",15,63.60030174255371,True,2.031008131515815,654,0.0638671875
0101,7380,"[1, 2, 0]",300,63.608646392822266,False,2.031008131515815,654,0.0638671875
0101,7381,"[1, 0, 2]",15,63.6136531829834,True,2.031008131515815,654,0.0638671875
0101,7382,"[1, 2, 0]",300,63.622474670410156,False,2.031008131515815,654,0.0638671875
0101,7383,"[1, 0, 2]",15,63.62748146057129,True,2.031008131515815,654,0.0638671875
0101,7384,"[1, 2, 0]",300,63.63630294799805,False,2.031008131515815,654,0.0638671875
0101,7385,"[1, 0, 2]",15,63.642024993896484,True,2.031008131515815,654,0.0638671875
0101,7386,"[1, 2, 0]",300,63.65513801574707,False,2.031008131515815,654,0.0638671875
0101,7387,"[1, 0, 2]",15,63.660383224487305,True,2.031008131515815,654,0.0638671875
0101,7388,"[1, 2, 0]",300,63.66920471191406,False,2.031008131515815,654,0.0638671875
0101,7389,"[1, 0, 2]",15,63.674211502075195,True,2.031008131515815,654,0.0638671875
0101,7390,"[1, 2, 0]",300,63.68279457092285,False,2.031008131515815,654,0.0638671875
0101,7391,"[1, 0, 2]",15,63.68827819824219,True,2.031008131515815,654,0.0638671875
0101,7392,"[1, 2, 0]",300,63.69662284851074,False,2.031008131515815,654,0.0638671875
0101,7393,"[1, 0, 2]",15,63.70210647583008,True,2.031008131515815,654,0.0638671875
0101,7394,"[1, 2, 0]",300,63.71045112609863,False,2.031008131515815,654,0.0638671875
0101,7395,"[1, 0, 2]",15,63.71569633483887,True,2.031008131515815,654,0.0638671875
0101,7396,"[1, 2, 0]",300,63.72404098510742,False,2.031008131515815,654,0.0638671875
0101,7397,"[1, 0, 2]",15,63.729047775268555,True,2.031008131515815,654,0.0638671875
0101,7398,"[1, 2, 0]",300,63.73763084411621,False,2.031008131515815,654,0.0638671875
0101,7399,"[1, 0, 2]",15,63.74311447143555,True,2.031008131515815,654,0.0638671875
0101,7400,"[1, 2, 0]",300,63.751935958862305,False,2.031008131515815,654,0.0638671875
0101,7401,"[1, 0, 2]",15,63.76504898071289,True,2.031008131515815,654,0.0638671875
0101,7402,"[1, 2, 0]",300,63.77410888671875,False,2.031008131515815,654,0.0638671875
0101,7403,"[1, 0, 2]",15,63.779592514038086,True,2.031008131515815,654,0.0638671875
0101,7404,"[1, 2, 0]",300,63.788652420043945,False,2.031008131515815,654,0.0638671875
0101,7405,"[1, 0, 2]",15,63.79413604736328,True,2.031008131515815,654,0.0638671875
0101,7406,"[1, 2, 0]",300,63.80295753479004,False,2.031008131515815,654,0.0638671875
0101,7407,"[1, 0, 2]",15,63.812255859375,True,2.031008131515815,654,0.0638671875
0101,7408,"[1, 2, 0]",300,63.82131576538086,False,2.031008131515815,654,0.0638671875
0101,7409,"[1, 0, 2]",15,63.82632255554199,True,2.031008131515815,654,0.0638671875
0101,7410,"[1, 2, 0]",300,63.83538246154785,False,2.031008131515815,654,0.0638671875
0101,7411,"[1, 0, 2]",15,63.84086608886719,True,2.031008131515815,654,0.0638671875
0101,7412,"[1, 2, 0]",300,63.85087966918945,False,2.031008131515815,654,0.0638671875
0101,7413,"[1, 0, 2]",15,63.855886459350586,True,2.031008131515815,654,0.0638671875
0101,7414,"[1, 2, 0]",300,63.864707946777344,False,2.031008131515815,654,0.0638671875
0101,7415,"[1, 0, 2]",15,63.86995315551758,True,2.031008131515815,654,0.0638671875
0101,7416,"[1, 2, 0]",300,63.87901306152344,False,2.031008131515815,654,0.0638671875
0101,7417,"[1, 0, 2]",15,63.88378143310547,True,2.031008131515815,654,0.0638671875
0101,7418,"[1, 2, 0]",300,63.89284133911133,False,2.031008131515815,654,0.0638671875
0101,7419,"[1, 0, 2]",15,63.89760971069336,True,2.031008131515815,654,0.0638671875
0101,7420,"[1, 2, 0]",300,63.90666961669922,False,2.031008131515815,654,0.0638671875
0101,7421,"[1, 0, 2]",15,63.91191482543945,True,2.031008131515815,654,0.0638671875
0101,7422,"[1, 2, 0]",300,63.92502784729004,False,2.031008131515815,654,0.0638671875
0101,7423,"[1, 0, 2]",15,63.930511474609375,True,2.031008131515815,654,0.0638671875
0101,7424,"[1, 2, 0]",300,63.94004821777344,False,2.031008131515815,654,0.0638671875
0101,7425,"[1, 0, 2]",15,63.945770263671875,True,2.031008131515815,654,0.0638671875
0101,7426,"[1, 2, 0]",300,63.954830169677734,False,2.031008131515815,654,0.0638671875
0101,7427,"[1, 0, 2]",15,63.959598541259766,True,2.031008131515815,654,0.0638671875
0101,7428,"[1, 2, 0]",300,63.97247314453125,False,2.031008131515815,654,0.0638671875
0101,7429,"[1, 0, 2]",15,63.97724151611328,True,2.031008131515815,654,0.0638671875
0101,7430,"[1, 2, 0]",300,63.98606300354004,False,2.031008131515815,654,0.0638671875
0101,7431,"[1, 0, 2]",15,63.99130821228027,True,2.031008131515815,654,0.0638671875
0101,7432,"[1, 2, 0]",300,63.99989128112793,False,2.031008131515815,654,0.0638671875
0101,7433,"[1, 0, 2]",15,64.00465965270996,True,2.031008131515815,654,0.0638671875
0101,7434,"[1, 2, 0]",300,64.01348114013672,False,2.031008131515815,654,0.0638671875
0101,7435,"[1, 0, 2]",15,64.01848793029785,True,2.031008131515815,654,0.0638671875
0101,7436,"[1, 2, 0]",300,64.02754783630371,False,2.031008131515815,654,0.0638671875
0101,7437,"[1, 0, 2]",15,64.03231620788574,True,2.031008131515815,654,0.0638671875
0101,7438,"[1, 2, 0]",300,64.0413761138916,False,2.031008131515815,654,0.0638671875
0101,7439,"[1, 0, 2]",15,64.04638290405273,True,2.031008131515815,654,0.0638671875
0101,7440,"[1, 2, 0]",300,64.05520439147949,False,2.031008131515815,654,0.0638671875
0101,7441,"[1, 0, 2]",15,64.06021118164062,True,2.031008131515815,654,0.0638671875
0101,7442,"[1, 2, 0]",300,64.06855583190918,False,2.031008131515815,654,0.0638671875
0101,7443,"[1, 0, 2]",15,64.07380104064941,True,2.031008131515815,654,0.0638671875
0101,7444,"[1, 2, 0]",300,64.08238410949707,False,2.031008131515815,654,0.0638671875
0101,7445,"[1, 0, 2]",15,64.0876293182373,True,2.031008131515815,654,0.0638671875
0101,7446,"[1, 2, 0]",300,64.09621238708496,False,2.031008131515815,654,0.0638671875
0101,7447,"[1, 0, 2]",15,64.1014575958252,True,2.031008131515815,654,0.0638671875
0101,7448,"[1, 2, 0]",300,64.11004066467285,False,2.031008131515815,654,0.0638671875
0101,7449,"[1, 0, 2]",15,64.11933898925781,True,2.031008131515815,654,0.0638671875
0101,7450,"[1, 2, 0]",300,64.12959098815918,False,2.031008131515815,654,0.0638671875
0101,7451,"[1, 0, 2]",15,64.13888931274414,True,2.031008131515815,654,0.0638671875
0101,7452,"[1, 2, 0]",300,64.14985656738281,False,2.031008131515815,654,0.0638671875
0101,7453,"[1, 0, 2]",15,64.15486335754395,True,2.031008131515815,654,0.0638671875
0101,7454,"[1, 2, 0]",300,64.1636848449707,False,2.031008131515815,654,0.0638671875
0101,7455,"[1, 0, 2]",15,64.16893005371094,True,2.031008131515815,654,0.0638671875
0101,7456,"[1, 2, 0]",300,64.1777515411377,False,2.031008131515815,654,0.0638671875
0101,7457,"[1, 0, 2]",15,64.18275833129883,True,2.031008131515815,654,0.0638671875
0101,7458,"[1, 2, 0]",300,64.19134140014648,False,2.031008131515815,654,0.0638671875
0101,7459,"[1, 0, 2]",15,64.19610977172852,True,2.031008131515815,654,0.0638671875
0101,7460,"[1, 2, 0]",300,64.20493125915527,False,2.031008131515815,654,0.0638671875
0101,7461,"[1, 0, 2]",15,64.2096996307373,True,2.031008131515815,654,0.0638671875
0101,7462,"[1, 2, 0]",300,64.21852111816406,False,2.031008131515815,654,0.0638671875
0101,7463,"[1, 0, 2]",15,64.2237663269043,True,2.031008131515815,654,0.0638671875
0101,7464,"[1, 2, 0]",300,64.23258781433105,False,2.031008131515815,654,0.0638671875
0101,7465,"[1, 0, 2]",15,64.23759460449219,True,2.031008131515815,654,0.0638671875
0101,7466,"[1, 2, 0]",300,64.24617767333984,False,2.031008131515815,654,0.0638671875
0101,7467,"[1, 0, 2]",15,64.25118446350098,True,2.031008131515815,654,0.0638671875
0101,7468,"[1, 2, 0]",300,64.26000595092773,False,2.031008131515815,654,0.0638671875
0101,7469,"[1, 0, 2]",15,64.26501274108887,True,2.031008131515815,654,0.0638671875
0101,7470,"[1, 2, 0]",300,64.27884101867676,False,2.031008131515815,654,0.0638671875
0101,7471,"[1, 0, 2]",15,64.28384780883789,True,2.031008131515815,654,0.0638671875
0101,7472,"[1, 2, 0]",300,64.29266929626465,False,2.031008131515815,654,0.0638671875
0101,7473,"[1, 0, 2]",15,64.29767608642578,True,2.031008131515815,654,0.0638671875
0101,7474,"[1, 2, 0]",300,64.30649757385254,False,2.031008131515815,654,0.0638671875
0101,7475,"[1, 0, 2]",15,64.31150436401367,True,2.031008131515815,654,0.0638671875
0101,7476,"[1, 2, 0]",300,64.32008743286133,False,2.031008131515815,654,0.0638671875
0101,7477,"[1, 0, 2]",15,64.32485580444336,True,2.031008131515815,654,0.0638671875
0101,7478,"[1, 2, 0]",300,64.33367729187012,False,2.031008131515815,654,0.0638671875
0101,7479,"[1, 0, 2]",15,64.33844566345215,True,2.031008131515815,654,0.0638671875
0101,7480,"[1, 2, 0]",300,64.34750556945801,False,2.031008131515815,654,0.0638671875
0101,7481,"[1, 0, 2]",15,64.35227394104004,True,2.031008131515815,654,0.0638671875
0101,7482,"[1, 2, 0]",300,64.3610954284668,False,2.031008131515815,654,0.0638671875
0101,7483,"[1, 0, 2]",15,64.36586380004883,True,2.031008131515815,654,0.0638671875
0101,7484,"[1, 2, 0]",300,64.37873840332031,False,2.031008131515815,654,0.0638671875
0101,7485,"[1, 0, 2]",15,64.38422203063965,True,2.031008131515815,654,0.0638671875
0101,7486,"[1, 2, 0]",300,64.39328193664551,False,2.031008131515815,654,0.0638671875
0101,7487,"[1, 0, 2]",15,64.39876556396484,True,2.031008131515815,654,0.0638671875
0101,7488,"[1, 2, 0]",300,64.4073486328125,False,2.031008131515815,654,0.0638671875
0101,7489,"[1, 0, 2]",15,64.41283226013184,True,2.031008131515815,654,0.0638671875
0101,7490,"[1, 2, 0]",300,64.42141532897949,False,2.031008131515815,654,0.0638671875
0101,7491,"[1, 0, 2]",15,64.42952156066895,True,2.031008131515815,654,0.0638671875
0101,7492,"[1, 2, 0]",300,64.4385814666748,False,2.031008131515815,654,0.0638671875
0101,7493,"[1, 0, 2]",15,64.44382667541504,True,2.031008131515815,654,0.0638671875
0101,7494,"[1, 2, 0]",300,64.4524097442627,False,2.031008131515815,654,0.0638671875
0101,7495,"[1, 0, 2]",15,64.45789337158203,True,2.031008131515815,654,0.0638671875
0101,7496,"[1, 2, 0]",300,64.46671485900879,False,2.031008131515815,654,0.0638671875
0101,7497,"[1, 0, 2]",15,64.47196006774902,True,2.031008131515815,654,0.0638671875
0101,7498,"[1, 2, 0]",300,64.48054313659668,False,2.031008131515815,654,0.0638671875
0101,7499,"[1, 0, 2]",15,64.48554992675781,True,2.031008131515815,654,0.0638671875
0101,7500,"[1, 2, 0]",300,64.49437141418457,False,2.031008131515815,654,0.0638671875
0101,7501,"[1, 0, 2]",15,64.4996166229248,True,2.031008131515815,654,0.0638671875
0101,7502,"[1, 2, 0]",300,64.50819969177246,False,2.031008131515815,654,0.0638671875
0101,7503,"[1, 0, 2]",15,64.5136833190918,True,2.031008131515815,654,0.0638671875
0101,7504,"[1, 2, 0]",300,64.52226638793945,False,2.031008131515815,654,0.0638671875
0101,7505,"[1, 0, 2]",15,64.52751159667969,True,2.031008131515815,654,0.0638671875
0101,7506,"[1, 2, 0]",300,64.53633308410645,False,2.031008131515815,654,0.0638671875
0101,7507,"[1, 0, 2]",15,64.54157829284668,True,2.031008131515815,654,0.0638671875
0101,7508,"[1, 2, 0]",300,64.55016136169434,False,2.031008131515815,654,0.0638671875
0101,7509,"[1, 0, 2]",15,64.55516815185547,True,2.031008131515815,654,0.0638671875
0101,7510,"[1, 2, 0]",300,64.56351280212402,False,2.031008131515815,654,0.0638671875
0101,7511,"[1, 0, 2]",15,64.56899642944336,True,2.031008131515815,654,0.0638671875
0101,7512,"[1, 2, 0]",300,64.58091735839844,False,2.031008131515815,654,0.0638671875
0101,7513,"[1, 0, 2]",15,64.58568572998047,True,2.031008131515815,654,0.0638671875
0101,7514,"[1, 2, 0]",300,64.59450721740723,False,2.031008131515815,654,0.0638671875
0101,7515,"[1, 0, 2]",15,64.59951400756836,True,2.031008131515815,654,0.0638671875
0101,7516,"[1, 2, 0]",300,64.60833549499512,False,2.031008131515815,654,0.0638671875
0101,7517,"[1, 0, 2]",15,64.61334228515625,True,2.031008131515815,654,0.0638671875
0101,7518,"[1, 2, 0]",300,64.6219253540039,False,2.031008131515815,654,0.0638671875
0101,7519,"[1, 0, 2]",15,64.62717056274414,True,2.031008131515815,654,0.0638671875
0101,7520,"[1, 2, 0]",300,64.6357536315918,False,2.031008131515815,654,0.0638671875
0101,7521,"[1, 0, 2]",15,64.64076042175293,True,2.031008131515815,654,0.0638671875
0101,7522,"[1, 2, 0]",300,64.64934349060059,False,2.031008131515815,654,0.0638671875
0101,7523,"[1, 0, 2]",15,64.65435028076172,True,2.031008131515815,654,0.0638671875
0101,7524,"[1, 2, 0]",300,64.66293334960938,False,2.031008131515815,654,0.0638671875
0101,7525,"[1, 0, 2]",15,64.66794013977051,True,2.031008131515815,654,0.0638671875
0101,7526,"[1, 2, 0]",300,64.67652320861816,False,2.031008131515815,654,0.0638671875
0101,7527,"[1, 0, 2]",15,64.6815299987793,True,2.031008131515815,654,0.0638671875
0101,7528,"[1, 2, 0]",300,64.68987464904785,False,2.031008131515815,654,0.0638671875
0101,7529,"[1, 0, 2]",15,64.69511985778809,True,2.031008131515815,654,0.0638671875
0101,7530,"[1, 2, 0]",300,64.70370292663574,False,2.031008131515815,654,0.0638671875
0101,7531,"[1, 0, 2]",15,64.70894813537598,True,2.031008131515815,654,0.0638671875
0101,7532,"[1, 2, 0]",300,64.71776962280273,False,2.031008131515815,654,0.0638671875
0101,7533,"[1, 0, 2]",15,64.7270679473877,True,2.031008131515815,654,0.0638671875
0101,7534,"[1, 2, 0]",300,64.73636627197266,False,2.031008131515815,654,0.0638671875
0101,7535,"[1, 0, 2]",15,64.74161148071289,True,2.031008131515815,654,0.0638671875
0101,7536,"[1, 2, 0]",300,64.75043296813965,False,2.031008131515815,654,0.0638671875
0101,7537,"[1, 0, 2]",15,64.75543975830078,True,2.031008131515815,654,0.0638671875
0101,7538,"[1, 2, 0]",300,64.76402282714844,False,2.031008131515815,654,0.0638671875
0101,7539,"[1, 0, 2]",15,64.76902961730957,True,2.031008131515815,654,0.0638671875
0101,7540,"[1, 2, 0]",300,64.77761268615723,False,2.031008131515815,654,0.0638671875
0101,7541,"[1, 0, 2]",15,64.78261947631836,True,2.031008131515815,654,0.0638671875
0101,7542,"[1, 2, 0]",300,64.79120254516602,False,2.031008131515815,654,0.0638671875
0101,7543,"[1, 0, 2]",15,64.79620933532715,True,2.031008131515815,654,0.0638671875
0101,7544,"[1, 2, 0]",300,64.8050308227539,False,2.031008131515815,654,0.0638671875
0101,7545,"[1, 0, 2]",15,64.80979919433594,True,2.031008131515815,654,0.0638671875
0101,7546,"[1, 2, 0]",300,64.8183822631836,False,2.031008131515815,654,0.0638671875
0101,7547,"[1, 0, 2]",15,64.82362747192383,True,2.031008131515815,654,0.0638671875
0101,7548,"[1, 2, 0]",300,64.8355484008789,False,2.031008131515815,654,0.0638671875
0101,7549,"[1, 0, 2]",15,64.84079360961914,True,2.031008131515815,654,0.0638671875
0101,7550,"[1, 2, 0]",300,64.8500919342041,False,2.031008131515815,654,0.0638671875
0101,7551,"[1, 0, 2]",15,64.85509872436523,True,2.031008131515815,654,0.0638671875
0101,7552,"[1, 2, 0]",300,64.8641586303711,False,2.031008131515815,654,0.0638671875
0101,7553,"[1, 0, 2]",15,64.86916542053223,True,2.031008131515815,654,0.0638671875
0101,7554,"[1, 2, 0]",300,64.8808479309082,False,2.031008131515815,654,0.0638671875
0101,7555,"[1, 0, 2]",15,64.88633155822754,True,2.031008131515815,654,0.0638671875
0101,7556,"[1, 2, 0]",300,64.8953914642334,False,2.031008131515815,654,0.0638671875
0101,7557,"[1, 0, 2]",15,64.90039825439453,True,2.031008131515815,654,0.0638671875
0101,7558,"[1, 2, 0]",300,64.90921974182129,False,2.031008131515815,654,0.0638671875
0101,7559,"[1, 0, 2]",15,64.91446495056152,True,2.031008131515815,654,0.0638671875
0101,7560,"[1, 2, 0]",300,64.92328643798828,False,2.031008131515815,654,0.0638671875
0101,7561,"[1, 0, 2]",15,64.94593620300293,True,2.031008131515815,654,0.0638671875
0101,7562,"[1, 2, 0]",300,64.96739387512207,False,2.031008131515815,654,0.0638671875
0101,7563,"[1, 0, 2]",15,64.97621536254883,True,2.031008131515815,654,0.0638671875
0101,7564,"[1, 2, 0]",300,64.98861312866211,False,2.031008131515815,654,0.0638671875
0101,7565,"[1, 0, 2]",15,64.99505043029785,True,2.031008131515815,654,0.0638671875
0101,7566,"[1, 2, 0]",300,65.00530242919922,False,2.031008131515815,654,0.0638671875
0101,7567,"[1, 0, 2]",15,65.01126289367676,True,2.031008131515815,654,0.0638671875
0101,7568,"[1, 2, 0]",300,65.02151489257812,False,2.031008131515815,654,0.0638671875
0101,7569,"[1, 0, 2]",15,65.03534317016602,True,2.031008131515815,654,0.0638671875
0101,7570,"[1, 2, 0]",300,65.04607200622559,False,2.031008131515815,654,0.0638671875
0101,7571,"[1, 0, 2]",15,65.05250930786133,True,2.031008131515815,654,0.0638671875
0101,7572,"[1, 2, 0]",300,65.06180763244629,False,2.031008131515815,654,0.0638671875
0101,7573,"[1, 0, 2]",15,65.06752967834473,True,2.031008131515815,654,0.0638671875
0101,7574,"[1, 2, 0]",300,65.07682800292969,False,2.031008131515815,654,0.0638671875
0101,7575,"[1, 0, 2]",15,65.08684158325195,True,2.031008131515815,654,0.0638671875
0101,7576,"[1, 2, 0]",300,65.09566307067871,False,2.031008131515815,654,0.0638671875
0101,7577,"[1, 0, 2]",15,65.10138511657715,True,2.031008131515815,654,0.0638671875
0101,7578,"[1, 2, 0]",300,65.11092185974121,False,2.031008131515815,654,0.0638671875
0101,7579,"[1, 0, 2]",15,65.11616706848145,True,2.031008131515815,654,0.0638671875
0101,7580,"[1, 2, 0]",300,65.1254653930664,False,2.031008131515815,654,0.0638671875
0101,7581,"[1, 0, 2]",15,65.13071060180664,True,2.031008131515815,654,0.0638671875
0101,7582,"[1, 2, 0]",300,65.14406204223633,False,2.031008131515815,654,0.0638671875
0101,7583,"[1, 0, 2]",15,65.15216827392578,True,2.031008131515815,654,0.0638671875
0101,7584,"[1, 2, 0]",300,65.16480445861816,False,2.031008131515815,654,0.0638671875
0101,7585,"[1, 0, 2]",15,65.17219543457031,True,2.031008131515815,654,0.0638671875
0101,7586,"[1, 2, 0]",300,65.1850700378418,False,2.031008131515815,654,0.0638671875
0101,7587,"[1, 0, 2]",15,65.19269943237305,True,2.031008131515815,654,0.0638671875
0101,7588,"[1, 2, 0]",300,65.20581245422363,False,2.031008131515815,654,0.0638671875
0101,7589,"[1, 0, 2]",15,65.21415710449219,True,2.031008131515815,654,0.0638671875
0101,7590,"[1, 2, 0]",300,65.22917747497559,False,2.031008131515815,654,0.0638671875
0101,7591,"[1, 0, 2]",15,65.46831130981445,True,2.031008131515815,654,0.0638671875
0101,7592,"[1, 2, 0]",300,65.62495231628418,False,2.031008131515815,654,0.0638671875
0101,7593,"[1, 0, 2]",15,65.65737724304199,True,2.031008131515815,654,0.0638671875
0101,7594,"[1, 2, 0]",300,65.71006774902344,False,2.031008131515815,654,0.0638671875
0101,7595,"[1, 0, 2]",15,65.72175025939941,True,2.031008131515815,654,0.0638671875
0101,7596,"[1, 2, 0]",300,65.75179100036621,False,2.031008131515815,654,0.0638671875
0101,7597,"[1, 0, 2]",15,65.76228141784668,True,2.031008131515815,654,0.0638671875
0101,7598,"[1, 2, 0]",300,65.77730178833008,False,2.031008131515815,654,0.0638671875
0101,7599,"[1, 0, 2]",15,65.78636169433594,True,2.031008131515815,654,0.0638671875
0101,7600,"[1, 2, 0]",300,65.80042839050293,False,2.031008131515815,654,0.0638671875
0101,7601,"[1, 0, 2]",15,65.80972671508789,True,2.031008131515815,654,0.0638671875
0101,7602,"[1, 2, 0]",300,65.82331657409668,False,2.031008131515815,654,0.0638671875
0101,7603,"[1, 0, 2]",15,65.83142280578613,True,2.031008131515815,654,0.0638671875
0101,7604,"[1, 2, 0]",300,65.84477424621582,False,2.031008131515815,654,0.0638671875
0101,7605,"[1, 0, 2]",15,65.85240364074707,True,2.031008131515815,654,0.0638671875
0101,7606,"[1, 2, 0]",300,65.86503982543945,False,2.031008131515815,654,0.0638671875
0101,7607,"[1, 0, 2]",15,65.8726692199707,True,2.031008131515815,654,0.0638671875
0101,7608,"[1, 2, 0]",300,65.88578224182129,False,2.031008131515815,654,0.0638671875
0101,7609,"[1, 0, 2]",15,65.89341163635254,True,2.031008131515815,654,0.0638671875
0101,7610,"[1, 2, 0]",300,65.91677665710449,False,2.031008131515815,654,0.0638671875
0101,7611,"[1, 0, 2]",15,65.92631340026855,True,2.031008131515815,654,0.0638671875
0101,7612,"[1, 2, 0]",300,65.94109535217285,False,2.031008131515815,654,0.0638671875
0101,7613,"[1, 0, 2]",15,65.94967842102051,True,2.031008131515815,654,0.0638671875
0101,7614,"[1, 2, 0]",300,65.9644603729248,False,2.031008131515815,654,0.0638671875
0101,7615,"[1, 0, 2]",15,65.97232818603516,True,2.031008131515815,654,0.0638671875
0101,7616,"[1, 2, 0]",300,65.98567962646484,False,2.031008131515815,654,0.0638671875
0101,7617,"[1, 0, 2]",15,65.99783897399902,True,2.031008131515815,654,0.0638671875
0101,7618,"[1, 2, 0]",300,66.01095199584961,False,2.031008131515815,654,0.0638671875
0101,7619,"[1, 0, 2]",15,66.01858139038086,True,2.031008131515815,654,0.0638671875
0101,7620,"[1, 2, 0]",300,66.03145599365234,False,2.031008131515815,654,0.0638671875
0101,7621,"[1, 0, 2]",15,66.03884696960449,True,2.031008131515815,654,0.0638671875
0101,7622,"[1, 2, 0]",300,66.05172157287598,False,2.031008131515815,654,0.0638671875
0101,7623,"[1, 0, 2]",15,66.05958938598633,True,2.031008131515815,654,0.0638671875
0101,7624,"[1, 2, 0]",300,66.07317924499512,False,2.031008131515815,654,0.0638671875
0101,7625,"[1, 0, 2]",15,66.08104705810547,True,2.031008131515815,654,0.0638671875
0101,7626,"[1, 2, 0]",300,66.09392166137695,False,2.031008131515815,654,0.0638671875
0101,7627,"[1, 0, 2]",15,66.1013126373291,True,2.031008131515815,654,0.0638671875
0101,7628,"[1, 2, 0]",300,66.11418724060059,False,2.031008131515815,654,0.0638671875
0101,7629,"[1, 0, 2]",15,66.12157821655273,True,2.031008131515815,654,0.0638671875
0101,7630,"[1, 2, 0]",300,66.13397598266602,False,2.031008131515815,654,0.0638671875
0101,7631,"[1, 0, 2]",15,66.14160537719727,True,2.031008131515815,654,0.0638671875
0101,7632,"[1, 2, 0]",300,66.15424156188965,False,2.031008131515815,654,0.0638671875
0101,7633,"[1, 0, 2]",15,66.1616325378418,True,2.031008131515815,654,0.0638671875
0101,7634,"[1, 2, 0]",300,66.24817848205566,False,2.031008131515815,654,0.0638671875
0101,7635,"[1, 0, 2]",15,66.26749038696289,True,2.031008131515815,654,0.0638671875
0101,7636,"[1, 2, 0]",300,66.28942489624023,False,2.031008131515815,654,0.0638671875
0101,7637,"[1, 0, 2]",15,66.30134582519531,True,2.031008131515815,654,0.0638671875
0101,7638,"[1, 2, 0]",300,66.32614135742188,False,2.031008131515815,654,0.0638671875
0101,7639,"[1, 0, 2]",15,66.33591651916504,True,2.031008131515815,654,0.0638671875
0101,7640,"[1, 2, 0]",300,66.35046005249023,False,2.031008131515815,654,0.0638671875
0101,7641,"[1, 0, 2]",15,66.35856628417969,True,2.031008131515815,654,0.0638671875
0101,7642,"[1, 2, 0]",300,66.37167930603027,False,2.031008131515815,654,0.0638671875
0101,7643,"[1, 0, 2]",15,66.37930870056152,True,2.031008131515815,654,0.0638671875
0101,7644,"[1, 2, 0]",300,66.39218330383301,False,2.031008131515815,654,0.0638671875
0101,7645,"[1, 0, 2]",15,66.39981269836426,True,2.031008131515815,654,0.0638671875
0101,7646,"[1, 2, 0]",300,66.41268730163574,False,2.031008131515815,654,0.0638671875
0101,7647,"[1, 0, 2]",15,66.42031669616699,True,2.031008131515815,654,0.0638671875
0101,7648,"[1, 2, 0]",300,66.43342971801758,False,2.031008131515815,654,0.0638671875
0101,7649,"[1, 0, 2]",15,66.44153594970703,True,2.031008131515815,654,0.0638671875
0101,7650,"[1, 2, 0]",300,66.45441055297852,False,2.031008131515815,654,0.0638671875
0101,7651,"[1, 0, 2]",15,66.46203994750977,True,2.031008131515815,654,0.0638671875
0101,7652,"[1, 2, 0]",300,66.47539138793945,False,2.031008131515815,654,0.0638671875
0101,7653,"[1, 0, 2]",15,66.4827823638916,True,2.031008131515815,654,0.0638671875
0101,7654,"[1, 2, 0]",300,66.49518013000488,False,2.031008131515815,654,0.0638671875
0101,7655,"[1, 0, 2]",15,66.50280952453613,True,2.031008131515815,654,0.0638671875
0101,7656,"[1, 2, 0]",300,66.51520729064941,False,2.031008131515815,654,0.0638671875
0101,7657,"[1, 0, 2]",15,66.52283668518066,True,2.031008131515815,654,0.0638671875
0101,7658,"[1, 2, 0]",300,66.53547286987305,False,2.031008131515815,654,0.0638671875
0101,7659,"[1, 0, 2]",15,66.54810905456543,True,2.031008131515815,654,0.0638671875
0101,7660,"[1, 2, 0]",300,66.56098365783691,False,2.031008131515815,654,0.0638671875
0101,7661,"[1, 0, 2]",15,66.56861305236816,True,2.031008131515815,654,0.0638671875
0101,7662,"[1, 2, 0]",300,66.58172607421875,False,2.031008131515815,654,0.0638671875
0101,7663,"[1, 0, 2]",15,66.5895938873291,True,2.031008131515815,654,0.0638671875
0101,7664,"[1, 2, 0]",300,66.60199165344238,False,2.031008131515815,654,0.0638671875
0101,7665,"[1, 0, 2]",15,66.60962104797363,True,2.031008131515815,654,0.0638671875
0101,7666,"[1, 2, 0]",300,66.62225723266602,False,2.031008131515815,654,0.0638671875
0101,7667,"[1, 0, 2]",15,66.62988662719727,True,2.031008131515815,654,0.0638671875
0101,7668,"[1, 2, 0]",300,66.64323806762695,False,2.031008131515815,654,0.0638671875
0101,7669,"[1, 0, 2]",15,66.64872169494629,True,2.031008131515815,654,0.0638671875
0101,7670,"[1, 2, 0]",300,66.65706634521484,False,2.031008131515815,654,0.0638671875
0101,7671,"[1, 0, 2]",15,66.66231155395508,True,2.031008131515815,654,0.0638671875
0101,7672,"[1, 2, 0]",300,66.67757034301758,False,2.031008131515815,654,0.0638671875
0101,7673,"[1, 0, 2]",15,66.68305397033691,True,2.031008131515815,654,0.0638671875
0101,7674,"[1, 2, 0]",300,66.6952133178711,False,2.031008131515815,654,0.0638671875
0101,7675,"[1, 0, 2]",15,66.70117378234863,True,2.031008131515815,654,0.0638671875
0101,7676,"[1, 2, 0]",300,66.7104721069336,False,2.031008131515815,654,0.0638671875
0101,7677,"[1, 0, 2]",15,66.71595573425293,True,2.031008131515815,654,0.0638671875
0101,7678,"[1, 2, 0]",300,66.72501564025879,False,2.031008131515815,654,0.0638671875
0101,7679,"[1, 0, 2]",15,66.73026084899902,True,2.031008131515815,654,0.0638671875
0101,7680,"[1, 2, 0]",300,66.7417049407959,False,2.031008131515815,654,0.0638671875
0101,7681,"[1, 0, 2]",15,66.79534912109375,True,2.031008131515815,654,0.0638671875
0101,7682,"[1, 2, 0]",300,66.8036937713623,False,2.031008131515815,654,0.0638671875
0101,7683,"[1, 0, 2]",15,66.80917739868164,True,2.031008131515815,654,0.0638671875
0101,7684,"[1, 2, 0]",300,66.8177604675293,False,2.031008131515815,654,0.0638671875
0101,7685,"[1, 0, 2]",15,66.82324409484863,True,2.031008131515815,654,0.0638671875
0101,7686,"[1, 2, 0]",300,66.83158874511719,False,2.031008131515815,654,0.0638671875
0101,7687,"[1, 0, 2]",15,66.83683395385742,True,2.031008131515815,654,0.0638671875
0101,7688,"[1, 2, 0]",300,66.84517860412598,False,2.031008131515815,654,0.0638671875
0101,7689,"[1, 0, 2]",15,66.85018539428711,True,2.031008131515815,654,0.0638671875
0101,7690,"[1, 2, 0]",300,66.85853004455566,False,2.031008131515815,654,0.0638671875
0101,7691,"[1, 0, 2]",15,66.8635368347168,True,2.031008131515815,654,0.0638671875
0101,7692,"[1, 2, 0]",300,66.87164306640625,False,2.031008131515815,654,0.0638671875
0101,7693,"[1, 0, 2]",15,66.87664985656738,True,2.031008131515815,654,0.0638671875
0101,7694,"[1, 2, 0]",300,66.88499450683594,False,2.031008131515815,654,0.0638671875
0101,7695,"[1, 0, 2]",15,66.88976287841797,True,2.031008131515815,654,0.0638671875
0101,7696,"[1, 2, 0]",300,66.89786911010742,False,2.031008131515815,654,0.0638671875
0101,7697,"[1, 0, 2]",15,66.90311431884766,True,2.031008131515815,654,0.0638671875
0101,7698,"[1, 2, 0]",300,66.91169738769531,False,2.031008131515815,654,0.0638671875
0101,7699,"[1, 0, 2]",15,66.91694259643555,True,2.031008131515815,654,0.0638671875
0101,7700,"[1, 2, 0]",300,66.9252872467041,False,2.031008131515815,654,0.0638671875
0101,7701,"[1, 0, 2]",15,66.93363189697266,True,2.031008131515815,654,0.0638671875
0101,7702,"[1, 2, 0]",300,66.94221496582031,False,2.031008131515815,654,0.0638671875
0101,7703,"[1, 0, 2]",15,66.94722175598145,True,2.031008131515815,654,0.0638671875
0101,7704,"[1, 2, 0]",300,66.9558048248291,False,2.031008131515815,654,0.0638671875
0101,7705,"[1, 0, 2]",15,66.96081161499023,True,2.031008131515815,654,0.0638671875
0101,7706,"[1, 2, 0]",300,66.96939468383789,False,2.031008131515815,654,0.0638671875
0101,7707,"[1, 0, 2]",15,66.97463989257812,True,2.031008131515815,654,0.0638671875
0101,7708,"[1, 2, 0]",300,66.98322296142578,False,2.031008131515815,654,0.0638671875
0101,7709,"[1, 0, 2]",15,66.98799133300781,True,2.031008131515815,654,0.0638671875
0101,7710,"[1, 2, 0]",300,67.06070899963379,False,2.031008131515815,654,0.0638671875
0101,7711,"[1, 0, 2]",15,67.08836555480957,True,2.031008131515815,654,0.0638671875
0101,7712,"[1, 2, 0]",300,67.12675094604492,False,2.031008131515815,654,0.0638671875
0101,7713,"[1, 0, 2]",15,67.14200973510742,True,2.031008131515815,654,0.0638671875
0101,7714,"[1, 2, 0]",300,67.16442108154297,False,2.031008131515815,654,0.0638671875
0101,7715,"[1, 0, 2]",15,67.17514991760254,True,2.031008131515815,654,0.0638671875
0101,7716,"[1, 2, 0]",300,67.19279289245605,False,2.031008131515815,654,0.0638671875
0101,7717,"[1, 0, 2]",15,67.20328330993652,True,2.031008131515815,654,0.0638671875
0101,7718,"[1, 2, 0]",300,67.21949577331543,False,2.031008131515815,654,0.0638671875
0101,7719,"[1, 0, 2]",15,67.22903251647949,True,2.031008131515815,654,0.0638671875
0101,7720,"[1, 2, 0]",300,67.2447681427002,False,2.031008131515815,654,0.0638671875
0101,7721,"[1, 0, 2]",15,67.25454330444336,True,2.031008131515815,654,0.0638671875
0101,7722,"[1, 2, 0]",300,67.28053092956543,False,2.031008131515815,654,0.0638671875
0101,7723,"[1, 0, 2]",15,67.29006767272949,True,2.031008131515815,654,0.0638671875
0101,7724,"[1, 2, 0]",300,67.30508804321289,False,2.031008131515815,654,0.0638671875
0101,7725,"[1, 0, 2]",15,67.31367111206055,True,2.031008131515815,654,0.0638671875
0101,7726,"[1, 2, 0]",300,67.32821464538574,False,2.031008131515815,654,0.0638671875
0101,7727,"[1, 0, 2]",15,67.3372745513916,True,2.031008131515815,654,0.0638671875
0101,7728,"[1, 2, 0]",300,67.3515796661377,False,2.031008131515815,654,0.0638671875
0101,7729,"[1, 0, 2]",15,67.36040115356445,True,2.031008131515815,654,0.0638671875
0101,7730,"[1, 2, 0]",300,67.37470626831055,False,2.031008131515815,654,0.0638671875
0101,7731,"[1, 0, 2]",15,67.3832893371582,True,2.031008131515815,654,0.0638671875
0101,7732,"[1, 2, 0]",300,67.3978328704834,False,2.031008131515815,654,0.0638671875
0101,7733,"[1, 0, 2]",15,67.40641593933105,True,2.031008131515815,654,0.0638671875
0101,7734,"[1, 2, 0]",300,67.42119789123535,False,2.031008131515815,654,0.0638671875
0101,7735,"[1, 0, 2]",15,67.43001937866211,True,2.031008131515815,654,0.0638671875
0101,7736,"[1, 2, 0]",300,67.45147705078125,False,2.031008131515815,654,0.0638671875
0101,7737,"[1, 0, 2]",15,67.46721267700195,True,2.031008131515815,654,0.0638671875
0101,7738,"[1, 2, 0]",300,67.48437881469727,False,2.031008131515815,654,0.0638671875
0101,7739,"[1, 0, 2]",15,67.49463081359863,True,2.031008131515815,654,0.0638671875
0101,7740,"[1, 2, 0]",300,67.5652027130127,False,2.031008131515815,654,0.0638671875
0101,7741,"[1, 0, 2]",15,67.59190559387207,True,2.031008131515815,654,0.0638671875
0101,7742,"[1, 2, 0]",300,67.6276683807373,False,2.031008131515815,654,0.0638671875
0101,7743,"[1, 0, 2]",15,67.65198707580566,True,2.031008131515815,654,0.0638671875
0101,7744,"[1, 2, 0]",300,67.67559051513672,False,2.031008131515815,654,0.0638671875
0101,7745,"[1, 0, 2]",15,67.6877498626709,True,2.031008131515815,654,0.0638671875
0101,7746,"[1, 2, 0]",300,67.70586967468262,False,2.031008131515815,654,0.0638671875
0101,7747,"[1, 0, 2]",15,67.71588325500488,True,2.031008131515815,654,0.0638671875
0101,7748,"[1, 2, 0]",300,67.73233413696289,False,2.031008131515815,654,0.0638671875
0101,7749,"[1, 0, 2]",15,67.74139404296875,True,2.031008131515815,654,0.0638671875
0101,7750,"[1, 2, 0]",300,67.75784492492676,False,2.031008131515815,654,0.0638671875
0101,7751,"[1, 0, 2]",15,67.76833534240723,True,2.031008131515815,654,0.0638671875
0101,7752,"[1, 2, 0]",300,67.78502464294434,False,2.031008131515815,654,0.0638671875
0101,7753,"[1, 0, 2]",15,67.7945613861084,True,2.031008131515815,654,0.0638671875
0101,7754,"[1, 2, 0]",300,67.8095817565918,False,2.031008131515815,654,0.0638671875
0101,7755,"[1, 0, 2]",15,67.81888008117676,True,2.031008131515815,654,0.0638671875
0101,7756,"[1, 2, 0]",300,67.83437728881836,False,2.031008131515815,654,0.0638671875
0101,7757,"[1, 0, 2]",15,67.84343719482422,True,2.031008131515815,654,0.0638671875
0101,7758,"[1, 2, 0]",300,67.85416603088379,False,2.031008131515815,654,0.0638671875
0101,7759,"[1, 0, 2]",15,67.86203384399414,True,2.031008131515815,654,0.0638671875
0101,7760,"[1, 2, 0]",300,67.87753105163574,False,2.031008131515815,654,0.0638671875
0101,7761,"[1, 0, 2]",15,67.88492202758789,True,2.031008131515815,654,0.0638671875
0101,7762,"[1, 2, 0]",300,67.89422035217285,False,2.031008131515815,654,0.0638671875
0101,7763,"[1, 0, 2]",15,67.9023265838623,True,2.031008131515815,654,0.0638671875
0101,7764,"[1, 2, 0]",300,67.92497634887695,False,2.031008131515815,654,0.0638671875
0101,7765,"[1, 0, 2]",15,67.94285774230957,True,2.031008131515815,654,0.0638671875
0101,7766,"[1, 2, 0]",300,67.96765327453613,False,2.031008131515815,654,0.0638671875
0101,7767,"[1, 0, 2]",15,67.98338890075684,True,2.031008131515815,654,0.0638671875
0101,7768,"[1, 2, 0]",300,68.00985336303711,False,2.031008131515815,654,0.0638671875
0101,7769,"[1, 0, 2]",15,68.02248954772949,True,2.031008131515815,654,0.0638671875
0101,7770,"[1, 2, 0]",300,68.0394172668457,False,2.031008131515815,654,0.0638671875
0101,7771,"[1, 0, 2]",15,68.04633140563965,True,2.031008131515815,654,0.0638671875
0101,7772,"[1, 2, 0]",300,68.05896759033203,False,2.031008131515815,654,0.0638671875
0101,7773,"[1, 0, 2]",15,68.07637214660645,True,2.031008131515815,654,0.0638671875
0101,7774,"[1, 2, 0]",300,68.27187538146973,False,2.031008131515815,654,0.0638671875
0101,7775,"[1, 0, 2]",15,68.30668449401855,True,2.031008131515815,654,0.0638671875
0101,7776,"[1, 2, 0]",300,68.33434104919434,False,2.031008131515815,654,0.0638671875
0101,7777,"[1, 0, 2]",15,68.34292411804199,True,2.031008131515815,654,0.0638671875
0101,7778,"[1, 2, 0]",300,68.35532188415527,False,2.031008131515815,654,0.0638671875
0101,7779,"[1, 0, 2]",15,68.36175918579102,True,2.031008131515815,654,0.0638671875
0101,7780,"[1, 2, 0]",300,68.37320327758789,False,2.031008131515815,654,0.0638671875
0101,7781,"[1, 0, 2]",15,68.38011741638184,True,2.031008131515815,654,0.0638671875
0101,7782,"[1, 2, 0]",300,68.3901309967041,False,2.031008131515815,654,0.0638671875
0101,7783,"[1, 0, 2]",15,68.39585304260254,True,2.031008131515815,654,0.0638671875
0101,7784,"[1, 2, 0]",300,68.4051513671875,False,2.031008131515815,654,0.0638671875
0101,7785,"[1, 0, 2]",15,68.41850280761719,True,2.031008131515815,654,0.0638671875
0101,7786,"[1, 2, 0]",300,68.42803955078125,False,2.031008131515815,654,0.0638671875
0101,7787,"[1, 0, 2]",15,68.43376159667969,True,2.031008131515815,654,0.0638671875
0101,7788,"[1, 2, 0]",300,68.44258308410645,False,2.031008131515815,654,0.0638671875
0101,7789,"[1, 0, 2]",15,68.44782829284668,True,2.031008131515815,654,0.0638671875
0101,7790,"[1, 2, 0]",300,68.45641136169434,False,2.031008131515815,654,0.0638671875
0101,7791,"[1, 0, 2]",15,68.46165657043457,True,2.031008131515815,654,0.0638671875
0101,7792,"[1, 2, 0]",300,68.47000122070312,False,2.031008131515815,654,0.0638671875
0101,7793,"[1, 0, 2]",15,68.47572326660156,True,2.031008131515815,654,0.0638671875
0101,7794,"[1, 2, 0]",300,68.48430633544922,False,2.031008131515815,654,0.0638671875
0101,7795,"[1, 0, 2]",15,68.48955154418945,True,2.031008131515815,654,0.0638671875
0101,7796,"[1, 2, 0]",300,68.49837303161621,False,2.031008131515815,654,0.0638671875
0101,7797,"[1, 0, 2]",15,68.50361824035645,True,2.031008131515815,654,0.0638671875
0101,7798,"[1, 2, 0]",300,68.5122013092041,False,2.031008131515815,654,0.0638671875
0101,7799,"[1, 0, 2]",15,68.51720809936523,True,2.031008131515815,654,0.0638671875
0101,7800,"[1, 2, 0]",300,68.52960586547852,False,2.031008131515815,654,0.0638671875
0101,7801,"[1, 0, 2]",15,68.53508949279785,True,2.031008131515815,654,0.0638671875
0101,7802,"[1, 2, 0]",300,68.54462623596191,False,2.031008131515815,654,0.0638671875
0101,7803,"[1, 0, 2]",15,68.54987144470215,True,2.031008131515815,654,0.0638671875
0101,7804,"[1, 2, 0]",300,68.55893135070801,False,2.031008131515815,654,0.0638671875
0101,7805,"[1, 0, 2]",15,68.56417655944824,True,2.031008131515815,654,0.0638671875
0101,7806,"[1, 2, 0]",300,68.57585906982422,False,2.031008131515815,654,0.0638671875
0101,7807,"[1, 0, 2]",15,68.58134269714355,True,2.031008131515815,654,0.0638671875
0101,7808,"[1, 2, 0]",300,68.58992576599121,False,2.031008131515815,654,0.0638671875
0101,7809,"[1, 0, 2]",15,68.59517097473145,True,2.031008131515815,654,0.0638671875
0101,7810,"[1, 2, 0]",300,68.6037540435791,False,2.031008131515815,654,0.0638671875
0101,7811,"[1, 0, 2]",15,68.60852241516113,True,2.031008131515815,654,0.0638671875
0101,7812,"[1, 2, 0]",300,68.61758232116699,False,2.031008131515815,654,0.0638671875
0101,7813,"[1, 0, 2]",15,68.62258911132812,True,2.031008131515815,654,0.0638671875
0101,7814,"[1, 2, 0]",300,68.63164901733398,False,2.031008131515815,654,0.0638671875
0101,7815,"[1, 0, 2]",15,68.63689422607422,True,2.031008131515815,654,0.0638671875
0101,7816,"[1, 2, 0]",300,68.64547729492188,False,2.031008131515815,654,0.0638671875
0101,7817,"[1, 0, 2]",15,68.65072250366211,True,2.031008131515815,654,0.0638671875
0101,7818,"[1, 2, 0]",300,68.65930557250977,False,2.031008131515815,654,0.0638671875
0101,7819,"[1, 0, 2]",15,68.66455078125,True,2.031008131515815,654,0.0638671875
0101,7820,"[1, 2, 0]",300,68.67313385009766,False,2.031008131515815,654,0.0638671875
0101,7821,"[1, 0, 2]",15,68.67814064025879,True,2.031008131515815,654,0.0638671875
0101,7822,"[1, 2, 0]",300,68.68672370910645,False,2.031008131515815,654,0.0638671875
0101,7823,"[1, 0, 2]",15,68.69173049926758,True,2.031008131515815,654,0.0638671875
0101,7824,"[1, 2, 0]",300,68.70055198669434,False,2.031008131515815,654,0.0638671875
0101,7825,"[1, 0, 2]",15,68.70555877685547,True,2.031008131515815,654,0.0638671875
0101,7826,"[1, 2, 0]",300,68.71414184570312,False,2.031008131515815,654,0.0638671875
0101,7827,"[1, 0, 2]",15,68.7265396118164,True,2.031008131515815,654,0.0638671875
0101,7828,"[1, 2, 0]",300,68.73536109924316,False,2.031008131515815,654,0.0638671875
0101,7829,"[1, 0, 2]",15,68.7401294708252,True,2.031008131515815,654,0.0638671875
0101,7830,"[1, 2, 0]",300,68.74823570251465,False,2.031008131515815,654,0.0638671875
0101,7831,"[1, 0, 2]",15,68.75348091125488,True,2.031008131515815,654,0.0638671875
0101,7832,"[1, 2, 0]",300,68.76182556152344,False,2.031008131515815,654,0.0638671875
0101,7833,"[1, 0, 2]",15,68.76707077026367,True,2.031008131515815,654,0.0638671875
0101,7834,"[1, 2, 0]",300,68.77517700195312,False,2.031008131515815,654,0.0638671875
0101,7835,"[1, 0, 2]",15,68.78018379211426,True,2.031008131515815,654,0.0638671875
0101,7836,"[1, 2, 0]",300,68.78852844238281,False,2.031008131515815,654,0.0638671875
0101,7837,"[1, 0, 2]",15,68.79329681396484,True,2.031008131515815,654,0.0638671875
0101,7838,"[1, 2, 0]",300,68.8021183013916,False,2.031008131515815,654,0.0638671875
0101,7839,"[1, 0, 2]",15,68.80688667297363,True,2.031008131515815,654,0.0638671875
0101,7840,"[1, 2, 0]",300,68.81523132324219,False,2.031008131515815,654,0.0638671875
0101,7841,"[1, 0, 2]",15,68.81999969482422,True,2.031008131515815,654,0.0638671875
0101,7842,"[1, 2, 0]",300,68.82810592651367,False,2.031008131515815,654,0.0638671875
0101,7843,"[1, 0, 2]",15,68.8333511352539,True,2.031008131515815,654,0.0638671875
0101,7844,"[1, 2, 0]",300,68.84145736694336,False,2.031008131515815,654,0.0638671875
0101,7845,"[1, 0, 2]",15,68.84646415710449,True,2.031008131515815,654,0.0638671875
0101,7846,"[1, 2, 0]",300,68.85480880737305,False,2.031008131515815,654,0.0638671875
0101,7847,"[1, 0, 2]",15,68.85981559753418,True,2.031008131515815,654,0.0638671875
0101,7848,"[1, 2, 0]",300,68.87149810791016,False,2.031008131515815,654,0.0638671875
0101,7849,"[1, 0, 2]",15,68.87626647949219,True,2.031008131515815,654,0.0638671875
0101,7850,"[1, 2, 0]",300,68.88484954833984,False,2.031008131515815,654,0.0638671875
0101,7851,"[1, 0, 2]",15,68.88985633850098,True,2.031008131515815,654,0.0638671875
0101,7852,"[1, 2, 0]",300,68.89843940734863,False,2.031008131515815,654,0.0638671875
0101,7853,"[1, 0, 2]",15,68.90368461608887,True,2.031008131515815,654,0.0638671875
0101,7854,"[1, 2, 0]",300,68.91250610351562,False,2.031008131515815,654,0.0638671875
0101,7855,"[1, 0, 2]",15,68.91751289367676,True,2.031008131515815,654,0.0638671875
0101,7856,"[1, 2, 0]",300,68.92609596252441,False,2.031008131515815,654,0.0638671875
0101,7857,"[1, 0, 2]",15,68.93110275268555,True,2.031008131515815,654,0.0638671875
0101,7858,"[1, 2, 0]",300,68.9399242401123,False,2.031008131515815,654,0.0638671875
0101,7859,"[1, 0, 2]",15,68.94469261169434,True,2.031008131515815,654,0.0638671875
0101,7860,"[1, 2, 0]",300,68.95303726196289,False,2.031008131515815,654,0.0638671875
0101,7861,"[1, 0, 2]",15,68.95852088928223,True,2.031008131515815,654,0.0638671875
0101,7862,"[1, 2, 0]",300,68.98140907287598,False,2.031008131515815,654,0.0638671875
0101,7863,"[1, 0, 2]",15,68.98713111877441,True,2.031008131515815,654,0.0638671875
0101,7864,"[1, 2, 0]",300,68.99666786193848,False,2.031008131515815,654,0.0638671875
0101,7865,"[1, 0, 2]",15,69.00167465209961,True,2.031008131515815,654,0.0638671875
0101,7866,"[1, 2, 0]",300,69.01049613952637,False,2.031008131515815,654,0.0638671875
0101,7867,"[1, 0, 2]",15,69.0155029296875,True,2.031008131515815,654,0.0638671875
0101,7868,"[1, 2, 0]",300,69.02480125427246,False,2.031008131515815,654,0.0638671875
0101,7869,"[1, 0, 2]",15,69.03266906738281,True,2.031008131515815,654,0.0638671875
0101,7870,"[1, 2, 0]",300,69.04149055480957,False,2.031008131515815,654,0.0638671875
0101,7871,"[1, 0, 2]",15,69.0464973449707,True,2.031008131515815,654,0.0638671875
0101,7872,"[1, 2, 0]",300,69.05508041381836,False,2.031008131515815,654,0.0638671875
0101,7873,"[1, 0, 2]",15,69.06008720397949,True,2.031008131515815,654,0.0638671875
0101,7874,"[1, 2, 0]",300,69.06914710998535,False,2.031008131515815,654,0.0638671875
0101,7875,"[1, 0, 2]",15,69.07415390014648,True,2.031008131515815,654,0.0638671875
0101,7876,"[1, 2, 0]",300,69.08416748046875,False,2.031008131515815,654,0.0638671875
0101,7877,"[1, 0, 2]",15,69.0915584564209,True,2.031008131515815,654,0.0638671875
0101,7878,"[1, 2, 0]",300,69.10014152526855,False,2.031008131515815,654,0.0638671875
0101,7879,"[1, 0, 2]",15,69.10514831542969,True,2.031008131515815,654,0.0638671875
0101,7880,"[1, 2, 0]",300,69.11349296569824,False,2.031008131515815,654,0.0638671875
0101,7881,"[1, 0, 2]",15,69.11826133728027,True,2.031008131515815,654,0.0638671875
0101,7882,"[1, 2, 0]",300,69.12660598754883,False,2.031008131515815,654,0.0638671875
0101,7883,"[1, 0, 2]",15,69.13161277770996,True,2.031008131515815,654,0.0638671875
0101,7884,"[1, 2, 0]",300,69.14019584655762,False,2.031008131515815,654,0.0638671875
0101,7885,"[1, 0, 2]",15,69.14544105529785,True,2.031008131515815,654,0.0638671875
0101,7886,"[1, 2, 0]",300,69.15402412414551,False,2.031008131515815,654,0.0638671875
0101,7887,"[1, 0, 2]",15,69.15926933288574,True,2.031008131515815,654,0.0638671875
0101,7888,"[1, 2, 0]",300,69.1676139831543,False,2.031008131515815,654,0.0638671875
0101,7889,"[1, 0, 2]",15,69.17285919189453,True,2.031008131515815,654,0.0638671875
0101,7890,"[1, 2, 0]",300,69.18478012084961,False,2.031008131515815,654,0.0638671875
0101,7891,"[1, 0, 2]",15,69.19026374816895,True,2.031008131515815,654,0.0638671875
0101,7892,"[1, 2, 0]",300,69.1990852355957,False,2.031008131515815,654,0.0638671875
0101,7893,"[1, 0, 2]",15,69.20433044433594,True,2.031008131515815,654,0.0638671875
0101,7894,"[1, 2, 0]",300,69.21267509460449,False,2.031008131515815,654,0.0638671875
0101,7895,"[1, 0, 2]",15,69.21792030334473,True,2.031008131515815,654,0.0638671875
0101,7896,"[1, 2, 0]",300,69.22674179077148,False,2.031008131515815,654,0.0638671875
0101,7897,"[1, 0, 2]",15,69.23174858093262,True,2.031008131515815,654,0.0638671875
0101,7898,"[1, 2, 0]",300,69.24009323120117,False,2.031008131515815,654,0.0638671875
0101,7899,"[1, 0, 2]",15,69.2451000213623,True,2.031008131515815,654,0.0638671875
0101,7900,"[1, 2, 0]",300,69.25320625305176,False,2.031008131515815,654,0.0638671875
0101,7901,"[1, 0, 2]",15,69.25821304321289,True,2.031008131515815,654,0.0638671875
0101,7902,"[1, 2, 0]",300,69.26655769348145,False,2.031008131515815,654,0.0638671875
0101,7903,"[1, 0, 2]",15,69.27156448364258,True,2.031008131515815,654,0.0638671875
0101,7904,"[1, 2, 0]",300,69.27990913391113,False,2.031008131515815,654,0.0638671875
0101,7905,"[1, 0, 2]",15,69.28896903991699,True,2.031008131515815,654,0.0638671875
0101,7906,"[1, 2, 0]",300,69.29755210876465,False,2.031008131515815,654,0.0638671875
0101,7907,"[1, 0, 2]",15,69.30279731750488,True,2.031008131515815,654,0.0638671875
0101,7908,"[1, 2, 0]",300,69.31185722351074,False,2.031008131515815,654,0.0638671875
0101,7909,"[1, 0, 2]",15,69.31734085083008,True,2.031008131515815,654,0.0638671875
0101,7910,"[1, 2, 0]",300,69.32592391967773,False,2.031008131515815,654,0.0638671875
0101,7911,"[1, 0, 2]",15,69.36454772949219,True,2.031008131515815,654,0.0638671875
0101,7912,"[1, 2, 0]",300,69.37432289123535,False,2.031008131515815,654,0.0638671875
0101,7913,"[1, 0, 2]",15,69.37932968139648,True,2.031008131515815,654,0.0638671875
0101,7914,"[1, 2, 0]",300,69.38838958740234,False,2.031008131515815,654,0.0638671875
0101,7915,"[1, 0, 2]",15,69.39315795898438,True,2.031008131515815,654,0.0638671875
0101,7916,"[1, 2, 0]",300,69.40221786499023,False,2.031008131515815,654,0.0638671875
0101,7917,"[1, 0, 2]",15,69.40698623657227,True,2.031008131515815,654,0.0638671875
0101,7918,"[1, 2, 0]",300,69.41556930541992,False,2.031008131515815,654,0.0638671875
0101,7919,"[1, 0, 2]",15,69.42081451416016,True,2.031008131515815,654,0.0638671875
0101,7920,"[1, 2, 0]",300,69.42915916442871,False,2.031008131515815,654,0.0638671875
0101,7921,"[1, 0, 2]",15,69.43416595458984,True,2.031008131515815,654,0.0638671875
0101,7922,"[1, 2, 0]",300,69.4422721862793,False,2.031008131515815,654,0.0638671875
0101,7923,"[1, 0, 2]",15,69.44727897644043,True,2.031008131515815,654,0.0638671875
0101,7924,"[1, 2, 0]",300,69.45562362670898,False,2.031008131515815,654,0.0638671875
0101,7925,"[1, 0, 2]",15,69.46110725402832,True,2.031008131515815,654,0.0638671875
0101,7926,"[1, 2, 0]",300,69.4732666015625,False,2.031008131515815,654,0.0638671875
0101,7927,"[1, 0, 2]",15,69.47875022888184,True,2.031008131515815,654,0.0638671875
0101,7928,"[1, 2, 0]",300,69.4880485534668,False,2.031008131515815,654,0.0638671875
0101,7929,"[1, 0, 2]",15,69.49353218078613,True,2.031008131515815,654,0.0638671875
0101,7930,"[1, 2, 0]",300,69.50235366821289,False,2.031008131515815,654,0.0638671875
0101,7931,"[1, 0, 2]",15,69.50759887695312,True,2.031008131515815,654,0.0638671875
0101,7932,"[1, 2, 0]",300,69.5197582244873,False,2.031008131515815,654,0.0638671875
0101,7933,"[1, 0, 2]",15,69.52524185180664,True,2.031008131515815,654,0.0638671875
0101,7934,"[1, 2, 0]",300,69.5338249206543,False,2.031008131515815,654,0.0638671875
0101,7935,"[1, 0, 2]",15,69.53859329223633,True,2.031008131515815,654,0.0638671875
0101,7936,"[1, 2, 0]",300,69.54717636108398,False,2.031008131515815,654,0.0638671875
0101,7937,"[1, 0, 2]",15,69.55218315124512,True,2.031008131515815,654,0.0638671875
0101,7938,"[1, 2, 0]",300,69.56052780151367,False,2.031008131515815,654,0.0638671875
0101,7939,"[1, 0, 2]",15,69.5655345916748,True,2.031008131515815,654,0.0638671875
0101,7940,"[1, 2, 0]",300,69.57387924194336,False,2.031008131515815,654,0.0638671875
0101,7941,"[1, 0, 2]",15,69.57888603210449,True,2.031008131515815,654,0.0638671875
0101,7942,"[1, 2, 0]",300,69.58723068237305,False,2.031008131515815,654,0.0638671875
0101,7943,"[1, 0, 2]",15,69.59223747253418,True,2.031008131515815,654,0.0638671875
0101,7944,"[1, 2, 0]",300,69.60058212280273,False,2.031008131515815,654,0.0638671875
0101,7945,"[1, 0, 2]",15,69.60535049438477,True,2.031008131515815,654,0.0638671875
0101,7946,"[1, 2, 0]",300,69.61393356323242,False,2.031008131515815,654,0.0638671875
0101,7947,"[1, 0, 2]",15,69.61894035339355,True,2.031008131515815,654,0.0638671875
0101,7948,"[1, 2, 0]",300,69.62776184082031,False,2.031008131515815,654,0.0638671875
0101,7949,"[1, 0, 2]",15,69.63253021240234,True,2.031008131515815,654,0.0638671875
0101,7950,"[1, 2, 0]",300,69.6408748626709,False,2.031008131515815,654,0.0638671875
0101,7951,"[1, 0, 2]",15,69.64564323425293,True,2.031008131515815,654,0.0638671875
0101,7952,"[1, 2, 0]",300,69.65398788452148,False,2.031008131515815,654,0.0638671875
0101,7953,"[1, 0, 2]",15,69.66352462768555,True,2.031008131515815,654,0.0638671875
0101,7954,"[1, 2, 0]",300,69.6721076965332,False,2.031008131515815,654,0.0638671875
0101,7955,"[1, 0, 2]",15,69.67711448669434,True,2.031008131515815,654,0.0638671875
0101,7956,"[1, 2, 0]",300,69.6859359741211,False,2.031008131515815,654,0.0638671875
0101,7957,"[1, 0, 2]",15,69.69118118286133,True,2.031008131515815,654,0.0638671875
0101,7958,"[1, 2, 0]",300,69.69928741455078,False,2.031008131515815,654,0.0638671875
0101,7959,"[1, 0, 2]",15,69.70453262329102,True,2.031008131515815,654,0.0638671875
0101,7960,"[1, 2, 0]",300,69.71263885498047,False,2.031008131515815,654,0.0638671875
0101,7961,"[1, 0, 2]",15,69.7178840637207,True,2.031008131515815,654,0.0638671875
0101,7962,"[1, 2, 0]",300,69.72599029541016,False,2.031008131515815,654,0.0638671875
0101,7963,"[1, 0, 2]",15,69.73123550415039,True,2.031008131515815,654,0.0638671875
0101,7964,"[1, 2, 0]",300,69.73958015441895,False,2.031008131515815,654,0.0638671875
0101,7965,"[1, 0, 2]",15,69.74434852600098,True,2.031008131515815,654,0.0638671875
0101,7966,"[1, 2, 0]",300,69.75293159484863,False,2.031008131515815,654,0.0638671875
0101,7967,"[1, 0, 2]",15,69.75769996643066,True,2.031008131515815,654,0.0638671875
0101,7968,"[1, 2, 0]",300,69.76628303527832,False,2.031008131515815,654,0.0638671875
0101,7969,"[1, 0, 2]",15,69.77128982543945,True,2.031008131515815,654,0.0638671875
0101,7970,"[1, 2, 0]",300,69.78011131286621,False,2.031008131515815,654,0.0638671875
0101,7971,"[1, 0, 2]",15,69.78535652160645,True,2.031008131515815,654,0.0638671875
0101,7972,"[1, 2, 0]",300,69.7941780090332,False,2.031008131515815,654,0.0638671875
0101,7973,"[1, 0, 2]",15,69.79918479919434,True,2.031008131515815,654,0.0638671875
0101,7974,"[1, 2, 0]",300,69.81205940246582,False,2.031008131515815,654,0.0638671875
0101,7975,"[1, 0, 2]",15,69.81706619262695,True,2.031008131515815,654,0.0638671875
0101,7976,"[1, 2, 0]",300,69.82612609863281,False,2.031008131515815,654,0.0638671875
0101,7977,"[1, 0, 2]",15,69.83113288879395,True,2.031008131515815,654,0.0638671875
0101,7978,"[1, 2, 0]",300,69.8399543762207,False,2.031008131515815,654,0.0638671875
0101,7979,"[1, 0, 2]",15,69.84472274780273,True,2.031008131515815,654,0.0638671875
0101,7980,"[1, 2, 0]",300,69.8537826538086,False,2.031008131515815,654,0.0638671875
0101,7981,"[1, 0, 2]",15,69.85855102539062,True,2.031008131515815,654,0.0638671875
0101,7982,"[1, 2, 0]",300,69.86737251281738,False,2.031008131515815,654,0.0638671875
0101,7983,"[1, 0, 2]",15,69.87214088439941,True,2.031008131515815,654,0.0638671875
0101,7984,"[1, 2, 0]",300,69.88096237182617,False,2.031008131515815,654,0.0638671875
0101,7985,"[1, 0, 2]",15,69.8859691619873,True,2.031008131515815,654,0.0638671875
0101,7986,"[1, 2, 0]",300,69.89455223083496,False,2.031008131515815,654,0.0638671875
0101,7987,"[1, 0, 2]",15,69.8995590209961,True,2.031008131515815,654,0.0638671875
0101,7988,"[1, 2, 0]",300,69.91243362426758,False,2.031008131515815,654,0.0638671875
0101,7989,"[1, 0, 2]",15,69.91767883300781,True,2.031008131515815,654,0.0638671875
0101,7990,"[1, 2, 0]",300,69.9307918548584,False,2.031008131515815,654,0.0638671875
0101,7991,"[1, 0, 2]",15,69.94843482971191,True,2.031008131515815,654,0.0638671875
0101,7992,"[1, 2, 0]",300,69.97346878051758,False,2.031008131515815,654,0.0638671875
0101,7993,"[1, 0, 2]",15,69.98229026794434,True,2.031008131515815,654,0.0638671875
0101,7994,"[1, 2, 0]",300,69.99444961547852,False,2.031008131515815,654,0.0638671875
0101,7995,"[1, 0, 2]",15,70.00732421875,True,2.031008131515815,654,0.0638671875
0101,7996,"[1, 2, 0]",300,70.0528621673584,False,2.031008131515815,654,0.0638671875
0101,7997,"[1, 0, 2]",15,70.07241249084473,True,2.031008131515815,654,0.0638671875
0101,7998,"[1, 2, 0]",300,70.10269165039062,False,2.031008131515815,654,0.0638671875
0101,7999,"[1, 0, 2]",15,70.1131820678711,True,2.031008131515815,654,0.0638671875
0101,8000,"[1, 2, 0]",300,70.14155387878418,False,2.031008131515815,654,0.0638671875
0101,8001,"[1, 0, 2]",15,70.15657424926758,True,2.031008131515815,654,0.0638671875
0101,8002,"[1, 2, 0]",300,70.17374038696289,False,2.031008131515815,654,0.0638671875
0101,8003,"[1, 0, 2]",15,70.18089294433594,True,2.031008131515815,654,0.0638671875
0101,8004,"[1, 2, 0]",300,70.19209861755371,False,2.031008131515815,654,0.0638671875
0101,8005,"[1, 0, 2]",15,70.19805908203125,True,2.031008131515815,654,0.0638671875
0101,8006,"[1, 2, 0]",300,70.20783424377441,False,2.031008131515815,654,0.0638671875
0101,8007,"[1, 0, 2]",15,70.21307945251465,True,2.031008131515815,654,0.0638671875
0101,8008,"[1, 2, 0]",300,70.22213935852051,False,2.031008131515815,654,0.0638671875
0101,8009,"[1, 0, 2]",15,70.22786140441895,True,2.031008131515815,654,0.0638671875
0101,8010,"[1, 2, 0]",300,70.2369213104248,False,2.031008131515815,654,0.0638671875
0101,8011,"[1, 0, 2]",15,70.24240493774414,True,2.031008131515815,654,0.0638671875
0101,8012,"[1, 2, 0]",300,70.25313377380371,False,2.031008131515815,654,0.0638671875
0101,8013,"[1, 0, 2]",15,70.25933265686035,True,2.031008131515815,654,0.0638671875
0101,8014,"[1, 2, 0]",300,70.26839256286621,False,2.031008131515815,654,0.0638671875
0101,8015,"[1, 0, 2]",15,70.27411460876465,True,2.031008131515815,654,0.0638671875
1100,8016,"[1, 0, 2]",15,70.29271125793457,False,4.7353731677385404,654,0.0638671875
1100,8017,"[1, 0, 2]",15,70.29843330383301,True,4.7353731677385404,654,0.0638671875
1100,8018,"[1, 0, 2]",15,70.30749320983887,False,4.7353731677385404,654,0.0638671875
1100,8019,"[1, 0, 2]",15,70.3127384185791,True,4.7353731677385404,654,0.0638671875
1100,8020,"[1, 0, 2]",15,70.32132148742676,False,4.7353731677385404,654,0.0638671875
1100,8021,"[1, 0, 2]",15,70.32608985900879,True,4.7353731677385404,654,0.0638671875
1100,8022,"[1, 0, 2]",15,70.33538818359375,False,4.7353731677385404,654,0.0638671875
1100,8023,"[1, 0, 2]",15,70.34039497375488,True,4.7353731677385404,654,0.0638671875
1100,8024,"[1, 0, 2]",15,70.34921646118164,False,4.7353731677385404,654,0.0638671875
1100,8025,"[1, 0, 2]",15,70.35422325134277,True,4.7353731677385404,654,0.0638671875
1100,8026,"[1, 0, 2]",15,70.36304473876953,False,4.7353731677385404,654,0.0638671875
1100,8027,"[1, 0, 2]",15,70.36828994750977,True,4.7353731677385404,654,0.0638671875
1100,8028,"[1, 0, 2]",15,70.37734985351562,False,4.7353731677385404,654,0.0638671875
1100,8029,"[1, 0, 2]",15,70.44148445129395,True,4.7353731677385404,654,0.0638671875
1100,8030,"[1, 0, 2]",15,70.4503059387207,False,4.7353731677385404,654,0.0638671875
1100,8031,"[1, 0, 2]",15,70.45555114746094,True,4.7353731677385404,654,0.0638671875
1100,8032,"[1, 0, 2]",15,70.4646110534668,False,4.7353731677385404,654,0.0638671875
1100,8033,"[1, 0, 2]",15,70.46937942504883,True,4.7353731677385404,654,0.0638671875
1100,8034,"[1, 0, 2]",15,70.47820091247559,False,4.7353731677385404,654,0.0638671875
1100,8035,"[1, 0, 2]",15,70.48320770263672,True,4.7353731677385404,654,0.0638671875
1100,8036,"[1, 0, 2]",15,70.49202919006348,False,4.7353731677385404,654,0.0638671875
1100,8037,"[1, 0, 2]",15,70.50204277038574,True,4.7353731677385404,654,0.0638671875
1100,8038,"[1, 0, 2]",15,70.5108642578125,False,4.7353731677385404,654,0.0638671875
1100,8039,"[1, 0, 2]",15,70.51634788513184,True,4.7353731677385404,654,0.0638671875
1100,8040,"[1, 0, 2]",15,70.5251693725586,False,4.7353731677385404,654,0.0638671875
1100,8041,"[1, 0, 2]",15,70.53041458129883,True,4.7353731677385404,654,0.0638671875
1100,8042,"[1, 0, 2]",15,70.53875923156738,False,4.7353731677385404,654,0.0638671875
1100,8043,"[1, 0, 2]",15,70.54400444030762,True,4.7353731677385404,654,0.0638671875
1100,8044,"[1, 0, 2]",15,70.55234909057617,False,4.7353731677385404,654,0.0638671875
1100,8045,"[1, 0, 2]",15,70.5575942993164,True,4.7353731677385404,654,0.0638671875
1100,8046,"[1, 0, 2]",15,70.56593894958496,False,4.7353731677385404,654,0.0638671875
1100,8047,"[1, 0, 2]",15,70.5711841583252,True,4.7353731677385404,654,0.0638671875
1100,8048,"[1, 0, 2]",15,70.57929039001465,False,4.7353731677385404,654,0.0638671875
1100,8049,"[1, 0, 2]",15,70.58429718017578,True,4.7353731677385404,654,0.0638671875
1100,8050,"[1, 0, 2]",15,70.59311866760254,False,4.7353731677385404,654,0.0638671875
1100,8051,"[1, 0, 2]",15,70.59788703918457,True,4.7353731677385404,654,0.0638671875
1100,8052,"[1, 0, 2]",15,70.60670852661133,False,4.7353731677385404,654,0.0638671875
1100,8053,"[1, 0, 2]",15,70.61147689819336,True,4.7353731677385404,654,0.0638671875
1100,8054,"[1, 0, 2]",15,70.62005996704102,False,4.7353731677385404,654,0.0638671875
1100,8055,"[1, 0, 2]",15,70.62530517578125,True,4.7353731677385404,654,0.0638671875
1100,8056,"[1, 0, 2]",15,70.63412666320801,False,4.7353731677385404,654,0.0638671875
1100,8057,"[1, 0, 2]",15,70.63913345336914,True,4.7353731677385404,654,0.0638671875
1100,8058,"[1, 0, 2]",15,70.65558433532715,False,4.7353731677385404,654,0.0638671875
1100,8059,"[1, 0, 2]",15,70.66035270690918,True,4.7353731677385404,654,0.0638671875
1100,8060,"[1, 0, 2]",15,70.66941261291504,False,4.7353731677385404,654,0.0638671875
1100,8061,"[1, 0, 2]",15,70.67418098449707,True,4.7353731677385404,654,0.0638671875
1100,8062,"[1, 0, 2]",15,70.68300247192383,False,4.7353731677385404,654,0.0638671875
1100,8063,"[1, 0, 2]",15,70.69277763366699,True,4.7353731677385404,654,0.0638671875
1100,8064,"[1, 0, 2]",15,70.70255279541016,False,4.7353731677385404,654,0.0638671875
1100,8065,"[1, 0, 2]",15,70.70803642272949,True,4.7353731677385404,654,0.0638671875
1100,8066,"[1, 0, 2]",15,70.71733474731445,False,4.7353731677385404,654,0.0638671875
1100,8067,"[1, 0, 2]",15,70.72234153747559,True,4.7353731677385404,654,0.0638671875
1100,8068,"[1, 0, 2]",15,70.73140144348145,False,4.7353731677385404,654,0.0638671875
1100,8069,"[1, 0, 2]",15,70.73616981506348,True,4.7353731677385404,654,0.0638671875
1100,8070,"[1, 0, 2]",15,70.74522972106934,False,4.7353731677385404,654,0.0638671875
1100,8071,"[1, 0, 2]",15,70.75047492980957,True,4.7353731677385404,654,0.0638671875
1100,8072,"[1, 0, 2]",15,70.75953483581543,False,4.7353731677385404,654,0.0638671875
1100,8073,"[1, 0, 2]",15,70.76859474182129,True,4.7353731677385404,654,0.0638671875
1100,8074,"[1, 0, 2]",15,70.77789306640625,False,4.7353731677385404,654,0.0638671875
1100,8075,"[1, 0, 2]",15,70.78385353088379,True,4.7353731677385404,654,0.0638671875
1100,8076,"[1, 0, 2]",15,70.79243659973145,False,4.7353731677385404,654,0.0638671875
1100,8077,"[1, 0, 2]",15,70.79815864562988,True,4.7353731677385404,654,0.0638671875
1100,8078,"[1, 0, 2]",15,70.80721855163574,False,4.7353731677385404,654,0.0638671875
1100,8079,"[1, 0, 2]",15,70.8162784576416,True,4.7353731677385404,654,0.0638671875
1100,8080,"[1, 0, 2]",15,70.82533836364746,False,4.7353731677385404,654,0.0638671875
1100,8081,"[1, 0, 2]",15,70.83010673522949,True,4.7353731677385404,654,0.0638671875
1100,8082,"[1, 0, 2]",15,70.83892822265625,False,4.7353731677385404,654,0.0638671875
1100,8083,"[1, 0, 2]",15,70.84369659423828,True,4.7353731677385404,654,0.0638671875
1100,8084,"[1, 0, 2]",15,70.85251808166504,False,4.7353731677385404,654,0.0638671875
1100,8085,"[1, 0, 2]",15,70.85752487182617,True,4.7353731677385404,654,0.0638671875
1100,8086,"[1, 0, 2]",15,70.86658477783203,False,4.7353731677385404,654,0.0638671875
1100,8087,"[1, 0, 2]",15,70.87135314941406,True,4.7353731677385404,654,0.0638671875
1100,8088,"[1, 0, 2]",15,70.88017463684082,False,4.7353731677385404,654,0.0638671875
1100,8089,"[1, 0, 2]",15,70.88518142700195,True,4.7353731677385404,654,0.0638671875
1100,8090,"[1, 0, 2]",15,70.89352607727051,False,4.7353731677385404,654,0.0638671875
1100,8091,"[1, 0, 2]",15,70.89877128601074,True,4.7353731677385404,654,0.0638671875
1100,8092,"[1, 0, 2]",15,70.9075927734375,False,4.7353731677385404,654,0.0638671875
1100,8093,"[1, 0, 2]",15,70.91259956359863,True,4.7353731677385404,654,0.0638671875
1100,8094,"[1, 0, 2]",15,70.92118263244629,False,4.7353731677385404,654,0.0638671875
1100,8095,"[1, 0, 2]",15,70.92642784118652,True,4.7353731677385404,654,0.0638671875
1100,8096,"[1, 0, 2]",15,70.93477249145508,False,4.7353731677385404,654,0.0638671875
1100,8097,"[1, 0, 2]",15,70.93977928161621,True,4.7353731677385404,654,0.0638671875
1100,8098,"[1, 0, 2]",15,70.94836235046387,False,4.7353731677385404,654,0.0638671875
1100,8099,"[1, 0, 2]",15,70.953369140625,True,4.7353731677385404,654,0.0638671875
1100,8100,"[1, 0, 2]",15,70.96576690673828,False,4.7353731677385404,654,0.0638671875
1100,8101,"[1, 0, 2]",15,70.97077369689941,True,4.7353731677385404,654,0.0638671875
1100,8102,"[1, 0, 2]",15,70.97935676574707,False,4.7353731677385404,654,0.0638671875
1100,8103,"[1, 0, 2]",15,70.9846019744873,True,4.7353731677385404,654,0.0638671875
1100,8104,"[1, 0, 2]",15,70.99294662475586,False,4.7353731677385404,654,0.0638671875
1100,8105,"[1, 0, 2]",15,70.99771499633789,True,4.7353731677385404,654,0.0638671875
1100,8106,"[1, 0, 2]",15,71.00653648376465,False,4.7353731677385404,654,0.0638671875
1100,8107,"[1, 0, 2]",15,71.01130485534668,True,4.7353731677385404,654,0.0638671875
1100,8108,"[1, 0, 2]",15,71.02036476135254,False,4.7353731677385404,654,0.0638671875
1100,8109,"[1, 0, 2]",15,71.02513313293457,True,4.7353731677385404,654,0.0638671875
1100,8110,"[1, 0, 2]",15,71.03395462036133,False,4.7353731677385404,654,0.0638671875
1100,8111,"[1, 0, 2]",15,71.03896141052246,True,4.7353731677385404,654,0.0638671875
1100,8112,"[1, 0, 2]",15,71.04802131652832,False,4.7353731677385404,654,0.0638671875
1100,8113,"[1, 0, 2]",15,71.05302810668945,True,4.7353731677385404,654,0.0638671875
1100,8114,"[1, 0, 2]",15,71.06184959411621,False,4.7353731677385404,654,0.0638671875
1100,8115,"[1, 0, 2]",15,71.06661796569824,True,4.7353731677385404,654,0.0638671875
1100,8116,"[1, 0, 2]",15,71.0752010345459,False,4.7353731677385404,654,0.0638671875
1100,8117,"[1, 0, 2]",15,71.08020782470703,True,4.7353731677385404,654,0.0638671875
1100,8118,"[1, 0, 2]",15,71.08902931213379,False,4.7353731677385404,654,0.0638671875
1100,8119,"[1, 0, 2]",15,71.09379768371582,True,4.7353731677385404,654,0.0638671875
1100,8120,"[1, 0, 2]",15,71.10238075256348,False,4.7353731677385404,654,0.0638671875
1100,8121,"[1, 0, 2]",15,71.11144065856934,True,4.7353731677385404,654,0.0638671875
1100,8122,"[1, 0, 2]",15,71.1205005645752,False,4.7353731677385404,654,0.0638671875
1100,8123,"[1, 0, 2]",15,71.12526893615723,True,4.7353731677385404,654,0.0638671875
1100,8124,"[1, 0, 2]",15,71.13432884216309,False,4.7353731677385404,654,0.0638671875
1100,8125,"[1, 0, 2]",15,71.13933563232422,True,4.7353731677385404,654,0.0638671875
1100,8126,"[1, 0, 2]",15,71.14863395690918,False,4.7353731677385404,654,0.0638671875
1100,8127,"[1, 0, 2]",15,71.15340232849121,True,4.7353731677385404,654,0.0638671875
1100,8128,"[1, 0, 2]",15,71.16222381591797,False,4.7353731677385404,654,0.0638671875
1100,8129,"[1, 0, 2]",15,71.1672306060791,True,4.7353731677385404,654,0.0638671875
1100,8130,"[1, 0, 2]",15,71.17581367492676,False,4.7353731677385404,654,0.0638671875
1100,8131,"[1, 0, 2]",15,71.18058204650879,True,4.7353731677385404,654,0.0638671875
1100,8132,"[1, 0, 2]",15,71.2137222290039,False,4.7353731677385404,654,0.0638671875
1100,8133,"[1, 0, 2]",15,71.22516632080078,True,4.7353731677385404,654,0.0638671875
1100,8134,"[1, 0, 2]",15,71.24066352844238,False,4.7353731677385404,654,0.0638671875
1100,8135,"[1, 0, 2]",15,71.24757766723633,True,4.7353731677385404,654,0.0638671875
1100,8136,"[1, 0, 2]",15,71.2587833404541,False,4.7353731677385404,654,0.0638671875
1100,8137,"[1, 0, 2]",15,71.26450538635254,True,4.7353731677385404,654,0.0638671875
1100,8138,"[1, 0, 2]",15,71.2742805480957,False,4.7353731677385404,654,0.0638671875
1100,8139,"[1, 0, 2]",15,71.28000259399414,True,4.7353731677385404,654,0.0638671875
1100,8140,"[1, 0, 2]",15,71.2893009185791,False,4.7353731677385404,654,0.0638671875
1100,8141,"[1, 0, 2]",15,71.29478454589844,True,4.7353731677385404,654,0.0638671875
1100,8142,"[1, 0, 2]",15,71.31004333496094,False,4.7353731677385404,654,0.0638671875
1100,8143,"[1, 0, 2]",15,71.31576538085938,True,4.7353731677385404,654,0.0638671875
1100,8144,"[1, 0, 2]",15,71.32506370544434,False,4.7353731677385404,654,0.0638671875
1100,8145,"[1, 0, 2]",15,71.32983207702637,True,4.7353731677385404,654,0.0638671875
1100,8146,"[1, 0, 2]",15,71.33865356445312,False,4.7353731677385404,654,0.0638671875
1100,8147,"[1, 0, 2]",15,71.34819030761719,True,4.7353731677385404,654,0.0638671875
1100,8148,"[1, 0, 2]",15,71.35796546936035,False,4.7353731677385404,654,0.0638671875
1100,8149,"[1, 0, 2]",15,71.36344909667969,True,4.7353731677385404,654,0.0638671875
1100,8150,"[1, 0, 2]",15,71.37203216552734,False,4.7353731677385404,654,0.0638671875
1100,8151,"[1, 0, 2]",15,71.37751579284668,True,4.7353731677385404,654,0.0638671875
1100,8152,"[1, 0, 2]",15,71.38633728027344,False,4.7353731677385404,654,0.0638671875
1100,8153,"[1, 0, 2]",15,71.39158248901367,True,4.7353731677385404,654,0.0638671875
1100,8154,"[1, 0, 2]",15,71.40016555786133,False,4.7353731677385404,654,0.0638671875
1100,8155,"[1, 0, 2]",15,71.40517234802246,True,4.7353731677385404,654,0.0638671875
1100,8156,"[1, 0, 2]",15,71.41399383544922,False,4.7353731677385404,654,0.0638671875
1100,8157,"[1, 0, 2]",15,71.41923904418945,True,4.7353731677385404,654,0.0638671875
1100,8158,"[1, 0, 2]",15,71.42782211303711,False,4.7353731677385404,654,0.0638671875
1100,8159,"[1, 0, 2]",15,71.43306732177734,True,4.7353731677385404,654,0.0638671875
1100,8160,"[1, 0, 2]",15,71.441650390625,False,4.7353731677385404,654,0.0638671875
1100,8161,"[1, 0, 2]",15,71.44665718078613,True,4.7353731677385404,654,0.0638671875
1100,8162,"[1, 0, 2]",15,71.45500183105469,False,4.7353731677385404,654,0.0638671875
1100,8163,"[1, 0, 2]",15,71.46453857421875,True,4.7353731677385404,654,0.0638671875
1100,8164,"[1, 0, 2]",15,71.47383689880371,False,4.7353731677385404,654,0.0638671875
1100,8165,"[1, 0, 2]",15,71.47860527038574,True,4.7353731677385404,654,0.0638671875
1100,8166,"[1, 0, 2]",15,71.49124145507812,False,4.7353731677385404,654,0.0638671875
1100,8167,"[1, 0, 2]",15,71.49624824523926,True,4.7353731677385404,654,0.0638671875
1100,8168,"[1, 0, 2]",15,71.50506973266602,False,4.7353731677385404,654,0.0638671875
1100,8169,"[1, 0, 2]",15,71.5489387512207,True,4.7353731677385404,654,0.0638671875
1100,8170,"[1, 0, 2]",15,71.55847549438477,False,4.7353731677385404,654,0.0638671875
1100,8171,"[1, 0, 2]",15,71.5634822845459,True,4.7353731677385404,654,0.0638671875
1100,8172,"[1, 0, 2]",15,71.57254219055176,False,4.7353731677385404,654,0.0638671875
1100,8173,"[1, 0, 2]",15,71.57731056213379,True,4.7353731677385404,654,0.0638671875
1100,8174,"[1, 0, 2]",15,71.58637046813965,False,4.7353731677385404,654,0.0638671875
1100,8175,"[1, 0, 2]",15,71.59137725830078,True,4.7353731677385404,654,0.0638671875
1100,8176,"[1, 0, 2]",15,71.59996032714844,False,4.7353731677385404,654,0.0638671875
1100,8177,"[1, 0, 2]",15,71.60496711730957,True,4.7353731677385404,654,0.0638671875
1100,8178,"[1, 0, 2]",15,71.61355018615723,False,4.7353731677385404,654,0.0638671875
1100,8179,"[1, 0, 2]",15,71.61831855773926,True,4.7353731677385404,654,0.0638671875
1100,8180,"[1, 0, 2]",15,71.62714004516602,False,4.7353731677385404,654,0.0638671875
1100,8181,"[1, 0, 2]",15,71.63238525390625,True,4.7353731677385404,654,0.0638671875
1100,8182,"[1, 0, 2]",15,71.6409683227539,False,4.7353731677385404,654,0.0638671875
1100,8183,"[1, 0, 2]",15,71.64597511291504,True,4.7353731677385404,654,0.0638671875
1100,8184,"[1, 0, 2]",15,71.65884971618652,False,4.7353731677385404,654,0.0638671875
1100,8185,"[1, 0, 2]",15,71.66361808776855,True,4.7353731677385404,654,0.0638671875
1100,8186,"[1, 0, 2]",15,71.67243957519531,False,4.7353731677385404,654,0.0638671875
1100,8187,"[1, 0, 2]",15,71.67720794677734,True,4.7353731677385404,654,0.0638671875
1100,8188,"[1, 0, 2]",15,71.6860294342041,False,4.7353731677385404,654,0.0638671875
1100,8189,"[1, 0, 2]",15,71.69079780578613,True,4.7353731677385404,654,0.0638671875
1100,8190,"[1, 0, 2]",15,71.69961929321289,False,4.7353731677385404,654,0.0638671875
1100,8191,"[1, 0, 2]",15,71.70462608337402,True,4.7353731677385404,654,0.0638671875
1100,8192,"[1, 0, 2]",15,71.71344757080078,False,4.7353731677385404,654,0.0638671875
1100,8193,"[1, 0, 2]",15,71.71821594238281,True,4.7353731677385404,654,0.0638671875
1100,8194,"[1, 0, 2]",15,71.72656059265137,False,4.7353731677385404,654,0.0638671875
1100,8195,"[1, 0, 2]",15,71.7315673828125,True,4.7353731677385404,654,0.0638671875
1100,8196,"[1, 0, 2]",15,71.73991203308105,False,4.7353731677385404,654,0.0638671875
1100,8197,"[1, 0, 2]",15,71.74515724182129,True,4.7353731677385404,654,0.0638671875
1100,8198,"[1, 0, 2]",15,71.75326347351074,False,4.7353731677385404,654,0.0638671875
1100,8199,"[1, 0, 2]",15,71.75850868225098,True,4.7353731677385404,654,0.0638671875
1100,8200,"[1, 0, 2]",15,71.76709175109863,False,4.7353731677385404,654,0.0638671875
1100,8201,"[1, 0, 2]",15,71.77186012268066,True,4.7353731677385404,654,0.0638671875
1100,8202,"[1, 0, 2]",15,71.78044319152832,False,4.7353731677385404,654,0.0638671875
1100,8203,"[1, 0, 2]",15,71.78521156311035,True,4.7353731677385404,654,0.0638671875
1100,8204,"[1, 0, 2]",15,71.79403305053711,False,4.7353731677385404,654,0.0638671875
1100,8205,"[1, 0, 2]",15,71.80261611938477,True,4.7353731677385404,654,0.0638671875
1100,8206,"[1, 0, 2]",15,71.81143760681152,False,4.7353731677385404,654,0.0638671875
1100,8207,"[1, 0, 2]",15,71.81644439697266,True,4.7353731677385404,654,0.0638671875
1100,8208,"[1, 0, 2]",15,71.82526588439941,False,4.7353731677385404,654,0.0638671875
1100,8209,"[1, 0, 2]",15,71.83003425598145,True,4.7353731677385404,654,0.0638671875
1100,8210,"[1, 0, 2]",15,71.8386173248291,False,4.7353731677385404,654,0.0638671875
1100,8211,"[1, 0, 2]",15,71.84362411499023,True,4.7353731677385404,654,0.0638671875
1100,8212,"[1, 0, 2]",15,71.85220718383789,False,4.7353731677385404,654,0.0638671875
1100,8213,"[1, 0, 2]",15,71.85697555541992,True,4.7353731677385404,654,0.0638671875
1100,8214,"[1, 0, 2]",15,71.86555862426758,False,4.7353731677385404,654,0.0638671875
1100,8215,"[1, 0, 2]",15,71.87080383300781,True,4.7353731677385404,654,0.0638671875
1100,8216,"[1, 0, 2]",15,71.87914848327637,False,4.7353731677385404,654,0.0638671875
1100,8217,"[1, 0, 2]",15,71.8841552734375,True,4.7353731677385404,654,0.0638671875
1100,8218,"[1, 0, 2]",15,71.89273834228516,False,4.7353731677385404,654,0.0638671875
1100,8219,"[1, 0, 2]",15,71.89774513244629,True,4.7353731677385404,654,0.0638671875
1100,8220,"[1, 0, 2]",15,71.90632820129395,False,4.7353731677385404,654,0.0638671875
1100,8221,"[1, 0, 2]",15,71.91133499145508,True,4.7353731677385404,654,0.0638671875
1100,8222,"[1, 0, 2]",15,71.91991806030273,False,4.7353731677385404,654,0.0638671875
1100,8223,"[1, 0, 2]",15,71.92468643188477,True,4.7353731677385404,654,0.0638671875
1100,8224,"[1, 0, 2]",15,71.93326950073242,False,4.7353731677385404,654,0.0638671875
1100,8225,"[1, 0, 2]",15,71.93827629089355,True,4.7353731677385404,654,0.0638671875
1100,8226,"[1, 0, 2]",15,71.94995880126953,False,4.7353731677385404,654,0.0638671875
1100,8227,"[1, 0, 2]",15,71.95496559143066,True,4.7353731677385404,654,0.0638671875
1100,8228,"[1, 0, 2]",15,71.96378707885742,False,4.7353731677385404,654,0.0638671875
1100,8229,"[1, 0, 2]",15,71.96855545043945,True,4.7353731677385404,654,0.0638671875
1100,8230,"[1, 0, 2]",15,71.97761535644531,False,4.7353731677385404,654,0.0638671875
1100,8231,"[1, 0, 2]",15,71.98715209960938,True,4.7353731677385404,654,0.0638671875
1100,8232,"[1, 0, 2]",15,71.99597358703613,False,4.7353731677385404,654,0.0638671875
1100,8233,"[1, 0, 2]",15,72.00098037719727,True,4.7353731677385404,654,0.0638671875
1100,8234,"[1, 0, 2]",15,72.01004028320312,False,4.7353731677385404,654,0.0638671875
1100,8235,"[1, 0, 2]",15,72.01480865478516,True,4.7353731677385404,654,0.0638671875
1100,8236,"[1, 0, 2]",15,72.02386856079102,False,4.7353731677385404,654,0.0638671875
1100,8237,"[1, 0, 2]",15,72.02863693237305,True,4.7353731677385404,654,0.0638671875
1100,8238,"[1, 0, 2]",15,72.0372200012207,False,4.7353731677385404,654,0.0638671875
1100,8239,"[1, 0, 2]",15,72.06463813781738,True,4.7353731677385404,654,0.0638671875
1100,8240,"[1, 0, 2]",15,72.08561897277832,False,4.7353731677385404,654,0.0638671875
1100,8241,"[1, 0, 2]",15,72.09968566894531,True,4.7353731677385404,654,0.0638671875
1100,8242,"[1, 0, 2]",15,72.11184501647949,False,4.7353731677385404,654,0.0638671875
1100,8243,"[1, 0, 2]",15,72.11875915527344,True,4.7353731677385404,654,0.0638671875
1100,8244,"[1, 0, 2]",15,72.12996482849121,False,4.7353731677385404,654,0.0638671875
1100,8245,"[1, 0, 2]",15,72.13687896728516,True,4.7353731677385404,654,0.0638671875
1100,8246,"[1, 0, 2]",15,72.14665412902832,False,4.7353731677385404,654,0.0638671875
1100,8247,"[1, 0, 2]",15,72.15666770935059,True,4.7353731677385404,654,0.0638671875
1100,8248,"[1, 0, 2]",15,72.16596603393555,False,4.7353731677385404,654,0.0638671875
1100,8249,"[1, 0, 2]",15,72.17097282409668,True,4.7353731677385404,654,0.0638671875
1100,8250,"[1, 0, 2]",15,72.18003273010254,False,4.7353731677385404,654,0.0638671875
1100,8251,"[1, 0, 2]",15,72.18503952026367,True,4.7353731677385404,654,0.0638671875
1100,8252,"[1, 0, 2]",15,72.19457626342773,False,4.7353731677385404,654,0.0638671875
1100,8253,"[1, 0, 2]",15,72.19958305358887,True,4.7353731677385404,654,0.0638671875
1100,8254,"[1, 0, 2]",15,72.20816612243652,False,4.7353731677385404,654,0.0638671875
1100,8255,"[1, 0, 2]",15,72.21341133117676,True,4.7353731677385404,654,0.0638671875
1100,8256,"[1, 0, 2]",15,72.22199440002441,False,4.7353731677385404,654,0.0638671875
1100,8257,"[1, 0, 2]",15,72.22676277160645,True,4.7353731677385404,654,0.0638671875
1100,8258,"[1, 0, 2]",15,72.2353458404541,False,4.7353731677385404,654,0.0638671875
1100,8259,"[1, 0, 2]",15,72.24035263061523,True,4.7353731677385404,654,0.0638671875
1100,8260,"[1, 0, 2]",15,72.24893569946289,False,4.7353731677385404,654,0.0638671875
1100,8261,"[1, 0, 2]",15,72.25394248962402,True,4.7353731677385404,654,0.0638671875
1100,8262,"[1, 0, 2]",15,72.26276397705078,False,4.7353731677385404,654,0.0638671875
1100,8263,"[1, 0, 2]",15,72.26777076721191,True,4.7353731677385404,654,0.0638671875
1100,8264,"[1, 0, 2]",15,72.27611541748047,False,4.7353731677385404,654,0.0638671875
1100,8265,"[1, 0, 2]",15,72.2811222076416,True,4.7353731677385404,654,0.0638671875
1100,8266,"[1, 0, 2]",15,72.28994369506836,False,4.7353731677385404,654,0.0638671875
1100,8267,"[1, 0, 2]",15,72.29471206665039,True,4.7353731677385404,654,0.0638671875
1100,8268,"[1, 0, 2]",15,72.30997085571289,False,4.7353731677385404,654,0.0638671875
1100,8269,"[1, 0, 2]",15,72.31497764587402,True,4.7353731677385404,654,0.0638671875
1100,8270,"[1, 0, 2]",15,72.32379913330078,False,4.7353731677385404,654,0.0638671875
1100,8271,"[1, 0, 2]",15,72.32928276062012,True,4.7353731677385404,654,0.0638671875
1100,8272,"[1, 0, 2]",15,72.33762741088867,False,4.7353731677385404,654,0.0638671875
1100,8273,"[1, 0, 2]",15,72.3426342010498,True,4.7353731677385404,654,0.0638671875
1100,8274,"[1, 0, 2]",15,72.35097885131836,False,4.7353731677385404,654,0.0638671875
1100,8275,"[1, 0, 2]",15,72.35598564147949,True,4.7353731677385404,654,0.0638671875
1100,8276,"[1, 0, 2]",15,72.36456871032715,False,4.7353731677385404,654,0.0638671875
1100,8277,"[1, 0, 2]",15,72.36957550048828,True,4.7353731677385404,654,0.0638671875
1100,8278,"[1, 0, 2]",15,72.37792015075684,False,4.7353731677385404,654,0.0638671875
1100,8279,"[1, 0, 2]",15,72.38340377807617,True,4.7353731677385404,654,0.0638671875
1100,8280,"[1, 0, 2]",15,72.39174842834473,False,4.7353731677385404,654,0.0638671875
1100,8281,"[1, 0, 2]",15,72.39651679992676,True,4.7353731677385404,654,0.0638671875
1100,8282,"[1, 0, 2]",15,72.40509986877441,False,4.7353731677385404,654,0.0638671875
1100,8283,"[1, 0, 2]",15,72.41010665893555,True,4.7353731677385404,654,0.0638671875
1100,8284,"[1, 0, 2]",15,72.4191665649414,False,4.7353731677385404,654,0.0638671875
1100,8285,"[1, 0, 2]",15,72.42393493652344,True,4.7353731677385404,654,0.0638671875
1100,8286,"[1, 0, 2]",15,72.4329948425293,False,4.7353731677385404,654,0.0638671875
1100,8287,"[1, 0, 2]",15,72.43800163269043,True,4.7353731677385404,654,0.0638671875
1100,8288,"[1, 0, 2]",15,72.44682312011719,False,4.7353731677385404,654,0.0638671875
1100,8289,"[1, 0, 2]",15,72.45564460754395,True,4.7353731677385404,654,0.0638671875
1100,8290,"[1, 0, 2]",15,72.4644660949707,False,4.7353731677385404,654,0.0638671875
1100,8291,"[1, 0, 2]",15,72.46923446655273,True,4.7353731677385404,654,0.0638671875
1100,8292,"[1, 0, 2]",15,72.47757911682129,False,4.7353731677385404,654,0.0638671875
1100,8293,"[1, 0, 2]",15,72.48234748840332,True,4.7353731677385404,654,0.0638671875
1100,8294,"[1, 0, 2]",15,72.49093055725098,False,4.7353731677385404,654,0.0638671875
1100,8295,"[1, 0, 2]",15,72.49593734741211,True,4.7353731677385404,654,0.0638671875
1100,8296,"[1, 0, 2]",15,72.50428199768066,False,4.7353731677385404,654,0.0638671875
1100,8297,"[1, 0, 2]",15,72.5095272064209,True,4.7353731677385404,654,0.0638671875
1100,8298,"[1, 0, 2]",15,72.51787185668945,False,4.7353731677385404,654,0.0638671875
1100,8299,"[1, 0, 2]",15,72.52287864685059,True,4.7353731677385404,654,0.0638671875
1100,8300,"[1, 0, 2]",15,72.53170013427734,False,4.7353731677385404,654,0.0638671875
1100,8301,"[1, 0, 2]",15,72.53670692443848,True,4.7353731677385404,654,0.0638671875
1100,8302,"[1, 0, 2]",15,72.54505157470703,False,4.7353731677385404,654,0.0638671875
1100,8303,"[1, 0, 2]",15,72.55029678344727,True,4.7353731677385404,654,0.0638671875
1100,8304,"[1, 0, 2]",15,72.55864143371582,False,4.7353731677385404,654,0.0638671875
1100,8305,"[1, 0, 2]",15,72.56340980529785,True,4.7353731677385404,654,0.0638671875
1100,8306,"[1, 0, 2]",15,72.5717544555664,False,4.7353731677385404,654,0.0638671875
1100,8307,"[1, 0, 2]",15,72.57676124572754,True,4.7353731677385404,654,0.0638671875
1100,8308,"[1, 0, 2]",15,72.5853443145752,False,4.7353731677385404,654,0.0638671875
1100,8309,"[1, 0, 2]",15,72.59035110473633,True,4.7353731677385404,654,0.0638671875
1100,8310,"[1, 0, 2]",15,72.60251045227051,False,4.7353731677385404,654,0.0638671875
1100,8311,"[1, 0, 2]",15,72.60775566101074,True,4.7353731677385404,654,0.0638671875
1100,8312,"[1, 0, 2]",15,72.6163387298584,False,4.7353731677385404,654,0.0638671875
1100,8313,"[1, 0, 2]",15,72.62134552001953,True,4.7353731677385404,654,0.0638671875
1100,8314,"[1, 0, 2]",15,72.63040542602539,False,4.7353731677385404,654,0.0638671875
1100,8315,"[1, 0, 2]",15,72.63898849487305,True,4.7353731677385404,654,0.0638671875
1100,8316,"[1, 0, 2]",15,72.64876365661621,False,4.7353731677385404,654,0.0638671875
1100,8317,"[1, 0, 2]",15,72.65377044677734,True,4.7353731677385404,654,0.0638671875
1100,8318,"[1, 0, 2]",15,72.6625919342041,False,4.7353731677385404,654,0.0638671875
1100,8319,"[1, 0, 2]",15,72.66807556152344,True,4.7353731677385404,654,0.0638671875
1100,8320,"[1, 0, 2]",15,72.6768970489502,False,4.7353731677385404,654,0.0638671875
1100,8321,"[1, 0, 2]",15,72.68214225769043,True,4.7353731677385404,654,0.0638671875
1100,8322,"[1, 0, 2]",15,72.69048690795898,False,4.7353731677385404,654,0.0638671875
1100,8323,"[1, 0, 2]",15,72.69549369812012,True,4.7353731677385404,654,0.0638671875
1100,8324,"[1, 0, 2]",15,72.70431518554688,False,4.7353731677385404,654,0.0638671875
1100,8325,"[1, 0, 2]",15,72.70932197570801,True,4.7353731677385404,654,0.0638671875
1100,8326,"[1, 0, 2]",15,72.71790504455566,False,4.7353731677385404,654,0.0638671875
1100,8327,"[1, 0, 2]",15,72.7226734161377,True,4.7353731677385404,654,0.0638671875
1100,8328,"[1, 0, 2]",15,72.73149490356445,False,4.7353731677385404,654,0.0638671875
1100,8329,"[1, 0, 2]",15,72.73626327514648,True,4.7353731677385404,654,0.0638671875
1100,8330,"[1, 0, 2]",15,72.74508476257324,False,4.7353731677385404,654,0.0638671875
1100,8331,"[1, 0, 2]",15,72.7534294128418,True,4.7353731677385404,654,0.0638671875
1100,8332,"[1, 0, 2]",15,72.76248931884766,False,4.7353731677385404,654,0.0638671875
1100,8333,"[1, 0, 2]",15,72.76749610900879,True,4.7353731677385404,654,0.0638671875
1100,8334,"[1, 0, 2]",15,72.77631759643555,False,4.7353731677385404,654,0.0638671875
1100,8335,"[1, 0, 2]",15,72.78132438659668,True,4.7353731677385404,654,0.0638671875
1100,8336,"[1, 0, 2]",15,72.79014587402344,False,4.7353731677385404,654,0.0638671875
1100,8337,"[1, 0, 2]",15,72.79491424560547,True,4.7353731677385404,654,0.0638671875
1100,8338,"[1, 0, 2]",15,72.80349731445312,False,4.7353731677385404,654,0.0638671875
1100,8339,"[1, 0, 2]",15,72.80850410461426,True,4.7353731677385404,654,0.0638671875
1100,8340,"[1, 0, 2]",15,72.81684875488281,False,4.7353731677385404,654,0.0638671875
1100,8341,"[1, 0, 2]",15,72.82185554504395,True,4.7353731677385404,654,0.0638671875
1100,8342,"[1, 0, 2]",15,72.8302001953125,False,4.7353731677385404,654,0.0638671875
1100,8343,"[1, 0, 2]",15,72.83568382263184,True,4.7353731677385404,654,0.0638671875
1100,8344,"[1, 0, 2]",15,72.84402847290039,False,4.7353731677385404,654,0.0638671875
1100,8345,"[1, 0, 2]",15,72.84927368164062,True,4.7353731677385404,654,0.0638671875
1100,8346,"[1, 0, 2]",15,72.85785675048828,False,4.7353731677385404,654,0.0638671875
1100,8347,"[1, 0, 2]",15,72.86310195922852,True,4.7353731677385404,654,0.0638671875
1100,8348,"[1, 0, 2]",15,72.87216186523438,False,4.7353731677385404,654,0.0638671875
1100,8349,"[1, 0, 2]",15,72.87740707397461,True,4.7353731677385404,654,0.0638671875
1100,8350,"[1, 0, 2]",15,72.88599014282227,False,4.7353731677385404,654,0.0638671875
1100,8351,"[1, 0, 2]",15,72.8914737701416,True,4.7353731677385404,654,0.0638671875
1100,8352,"[1, 0, 2]",15,72.90410995483398,False,4.7353731677385404,654,0.0638671875
1100,8353,"[1, 0, 2]",15,72.90911674499512,True,4.7353731677385404,654,0.0638671875
1100,8354,"[1, 0, 2]",15,72.91793823242188,False,4.7353731677385404,654,0.0638671875
1100,8355,"[1, 0, 2]",15,72.9227066040039,True,4.7353731677385404,654,0.0638671875
1100,8356,"[1, 0, 2]",15,72.93105125427246,False,4.7353731677385404,654,0.0638671875
1100,8357,"[1, 0, 2]",15,72.9362964630127,True,4.7353731677385404,654,0.0638671875
1100,8358,"[1, 0, 2]",15,72.94464111328125,False,4.7353731677385404,654,0.0638671875
1100,8359,"[1, 0, 2]",15,72.94988632202148,True,4.7353731677385404,654,0.0638671875
1100,8360,"[1, 0, 2]",15,72.95823097229004,False,4.7353731677385404,654,0.0638671875
1100,8361,"[1, 0, 2]",15,72.96323776245117,True,4.7353731677385404,654,0.0638671875
1100,8362,"[1, 0, 2]",15,72.97158241271973,False,4.7353731677385404,654,0.0638671875
1100,8363,"[1, 0, 2]",15,72.97635078430176,True,4.7353731677385404,654,0.0638671875
1100,8364,"[1, 0, 2]",15,72.98517227172852,False,4.7353731677385404,654,0.0638671875
1100,8365,"[1, 0, 2]",15,72.98994064331055,True,4.7353731677385404,654,0.0638671875
1100,8366,"[1, 0, 2]",15,72.9985237121582,False,4.7353731677385404,654,0.0638671875
1100,8367,"[1, 0, 2]",15,73.00329208374023,True,4.7353731677385404,654,0.0638671875
1100,8368,"[1, 0, 2]",15,73.01211357116699,False,4.7353731677385404,654,0.0638671875
1100,8369,"[1, 0, 2]",15,73.01688194274902,True,4.7353731677385404,654,0.0638671875
1100,8370,"[1, 0, 2]",15,73.02522659301758,False,4.7353731677385404,654,0.0638671875
1100,8371,"[1, 0, 2]",15,73.03023338317871,True,4.7353731677385404,654,0.0638671875
1100,8372,"[1, 0, 2]",15,73.03881645202637,False,4.7353731677385404,654,0.0638671875
1100,8373,"[1, 0, 2]",15,73.04739952087402,True,4.7353731677385404,654,0.0638671875
1100,8374,"[1, 0, 2]",15,73.05598258972168,False,4.7353731677385404,654,0.0638671875
1100,8375,"[1, 0, 2]",15,73.06146621704102,True,4.7353731677385404,654,0.0638671875
1100,8376,"[1, 0, 2]",15,73.06981086730957,False,4.7353731677385404,654,0.0638671875
1100,8377,"[1, 0, 2]",15,73.09746742248535,True,4.7353731677385404,654,0.0638671875
1100,8378,"[1, 0, 2]",15,73.10605049133301,False,4.7353731677385404,654,0.0638671875
1100,8379,"[1, 0, 2]",15,73.11129570007324,True,4.7353731677385404,654,0.0638671875
1100,8380,"[1, 0, 2]",15,73.1201171875,False,4.7353731677385404,654,0.0638671875
1100,8381,"[1, 0, 2]",15,73.12488555908203,True,4.7353731677385404,654,0.0638671875
1100,8382,"[1, 0, 2]",15,73.13346862792969,False,4.7353731677385404,654,0.0638671875
1100,8383,"[1, 0, 2]",15,73.13847541809082,True,4.7353731677385404,654,0.0638671875
1100,8384,"[1, 0, 2]",15,73.14729690551758,False,4.7353731677385404,654,0.0638671875
1100,8385,"[1, 0, 2]",15,73.15206527709961,True,4.7353731677385404,654,0.0638671875
1100,8386,"[1, 0, 2]",15,73.16064834594727,False,4.7353731677385404,654,0.0638671875
1100,8387,"[1, 0, 2]",15,73.1658935546875,True,4.7353731677385404,654,0.0638671875
1100,8388,"[1, 0, 2]",15,73.17447662353516,False,4.7353731677385404,654,0.0638671875
1100,8389,"[1, 0, 2]",15,73.17948341369629,True,4.7353731677385404,654,0.0638671875
1100,8390,"[1, 0, 2]",15,73.18758964538574,False,4.7353731677385404,654,0.0638671875
1100,8391,"[1, 0, 2]",15,73.19307327270508,True,4.7353731677385404,654,0.0638671875
1100,8392,"[1, 0, 2]",15,73.20141792297363,False,4.7353731677385404,654,0.0638671875
1100,8393,"[1, 0, 2]",15,73.20666313171387,True,4.7353731677385404,654,0.0638671875
1100,8394,"[1, 0, 2]",15,73.21929931640625,False,4.7353731677385404,654,0.0638671875
1100,8395,"[1, 0, 2]",15,73.22454452514648,True,4.7353731677385404,654,0.0638671875
1100,8396,"[1, 0, 2]",15,73.23312759399414,False,4.7353731677385404,654,0.0638671875
1100,8397,"[1, 0, 2]",15,73.23837280273438,True,4.7353731677385404,654,0.0638671875
1100,8398,"[1, 0, 2]",15,73.24695587158203,False,4.7353731677385404,654,0.0638671875
1100,8399,"[1, 0, 2]",15,73.25911521911621,True,4.7353731677385404,654,0.0638671875
1100,8400,"[1, 0, 2]",15,73.26817512512207,False,4.7353731677385404,654,0.0638671875
1100,8401,"[1, 0, 2]",15,73.2736587524414,True,4.7353731677385404,654,0.0638671875
1100,8402,"[1, 0, 2]",15,73.28271865844727,False,4.7353731677385404,654,0.0638671875
1100,8403,"[1, 0, 2]",15,73.2874870300293,True,4.7353731677385404,654,0.0638671875
1100,8404,"[1, 0, 2]",15,73.29607009887695,False,4.7353731677385404,654,0.0638671875
1100,8405,"[1, 0, 2]",15,73.30107688903809,True,4.7353731677385404,654,0.0638671875
1100,8406,"[1, 0, 2]",15,73.30965995788574,False,4.7353731677385404,654,0.0638671875
1100,8407,"[1, 0, 2]",15,73.31514358520508,True,4.7353731677385404,654,0.0638671875
1100,8408,"[1, 0, 2]",15,73.32348823547363,False,4.7353731677385404,654,0.0638671875
1100,8409,"[1, 0, 2]",15,73.3330249786377,True,4.7353731677385404,654,0.0638671875
1100,8410,"[1, 0, 2]",15,73.34208488464355,False,4.7353731677385404,654,0.0638671875
1100,8411,"[1, 0, 2]",15,73.34733009338379,True,4.7353731677385404,654,0.0638671875
1100,8412,"[1, 0, 2]",15,73.35615158081055,False,4.7353731677385404,654,0.0638671875
1100,8413,"[1, 0, 2]",15,73.36115837097168,True,4.7353731677385404,654,0.0638671875
1100,8414,"[1, 0, 2]",15,73.36974143981934,False,4.7353731677385404,654,0.0638671875
1100,8415,"[1, 0, 2]",15,73.3788013458252,True,4.7353731677385404,654,0.0638671875
1100,8416,"[1, 0, 2]",15,73.38786125183105,False,4.7353731677385404,654,0.0638671875
1100,8417,"[1, 0, 2]",15,73.39262962341309,True,4.7353731677385404,654,0.0638671875
1100,8418,"[1, 0, 2]",15,73.40121269226074,False,4.7353731677385404,654,0.0638671875
1100,8419,"[1, 0, 2]",15,73.40598106384277,True,4.7353731677385404,654,0.0638671875
1100,8420,"[1, 0, 2]",15,73.41480255126953,False,4.7353731677385404,654,0.0638671875
1100,8421,"[1, 0, 2]",15,73.41957092285156,True,4.7353731677385404,654,0.0638671875
1100,8422,"[1, 0, 2]",15,73.42791557312012,False,4.7353731677385404,654,0.0638671875
1100,8423,"[1, 0, 2]",15,73.43339920043945,True,4.7353731677385404,654,0.0638671875
1100,8424,"[1, 0, 2]",15,73.44174385070801,False,4.7353731677385404,654,0.0638671875
1100,8425,"[1, 0, 2]",15,73.44675064086914,True,4.7353731677385404,654,0.0638671875
1100,8426,"[1, 0, 2]",15,73.4550952911377,False,4.7353731677385404,654,0.0638671875
1100,8427,"[1, 0, 2]",15,73.46034049987793,True,4.7353731677385404,654,0.0638671875
1100,8428,"[1, 0, 2]",15,73.46892356872559,False,4.7353731677385404,654,0.0638671875
1100,8429,"[1, 0, 2]",15,73.47393035888672,True,4.7353731677385404,654,0.0638671875
1100,8430,"[1, 0, 2]",15,73.48227500915527,False,4.7353731677385404,654,0.0638671875
1100,8431,"[1, 0, 2]",15,73.4872817993164,True,4.7353731677385404,654,0.0638671875
1100,8432,"[1, 0, 2]",15,73.49562644958496,False,4.7353731677385404,654,0.0638671875
1100,8433,"[1, 0, 2]",15,73.50039482116699,True,4.7353731677385404,654,0.0638671875
1100,8434,"[1, 0, 2]",15,73.50897789001465,False,4.7353731677385404,654,0.0638671875
1100,8435,"[1, 0, 2]",15,73.51374626159668,True,4.7353731677385404,654,0.0638671875
1100,8436,"[1, 0, 2]",15,73.52662086486816,False,4.7353731677385404,654,0.0638671875
1100,8437,"[1, 0, 2]",15,73.5313892364502,True,4.7353731677385404,654,0.0638671875
1100,8438,"[1, 0, 2]",15,73.54044914245605,False,4.7353731677385404,654,0.0638671875
1100,8439,"[1, 0, 2]",15,73.54545593261719,True,4.7353731677385404,654,0.0638671875
1100,8440,"[1, 0, 2]",15,73.55403900146484,False,4.7353731677385404,654,0.0638671875
1100,8441,"[1, 0, 2]",15,73.55904579162598,True,4.7353731677385404,654,0.0638671875
1100,8442,"[1, 0, 2]",15,73.56786727905273,False,4.7353731677385404,654,0.0638671875
1100,8443,"[1, 0, 2]",15,73.57263565063477,True,4.7353731677385404,654,0.0638671875
1100,8444,"[1, 0, 2]",15,73.58169555664062,False,4.7353731677385404,654,0.0638671875
1100,8445,"[1, 0, 2]",15,73.58646392822266,True,4.7353731677385404,654,0.0638671875
1100,8446,"[1, 0, 2]",15,73.59504699707031,False,4.7353731677385404,654,0.0638671875
1100,8447,"[1, 0, 2]",15,73.60005378723145,True,4.7353731677385404,654,0.0638671875
1100,8448,"[1, 0, 2]",15,73.6083984375,False,4.7353731677385404,654,0.0638671875
1100,8449,"[1, 0, 2]",15,73.61340522766113,True,4.7353731677385404,654,0.0638671875
1100,8450,"[1, 0, 2]",15,73.62174987792969,False,4.7353731677385404,654,0.0638671875
1100,8451,"[1, 0, 2]",15,73.62699508666992,True,4.7353731677385404,654,0.0638671875
1100,8452,"[1, 0, 2]",15,73.63581657409668,False,4.7353731677385404,654,0.0638671875
1100,8453,"[1, 0, 2]",15,73.64082336425781,True,4.7353731677385404,654,0.0638671875
1100,8454,"[1, 0, 2]",15,73.64916801452637,False,4.7353731677385404,654,0.0638671875
1100,8455,"[1, 0, 2]",15,73.6544132232666,True,4.7353731677385404,654,0.0638671875
1100,8456,"[1, 0, 2]",15,73.66299629211426,False,4.7353731677385404,654,0.0638671875
1100,8457,"[1, 0, 2]",15,73.67181777954102,True,4.7353731677385404,654,0.0638671875
1100,8458,"[1, 0, 2]",15,73.68087768554688,False,4.7353731677385404,654,0.0638671875
1100,8459,"[1, 0, 2]",15,73.68588447570801,True,4.7353731677385404,654,0.0638671875
1100,8460,"[1, 0, 2]",15,73.69470596313477,False,4.7353731677385404,654,0.0638671875
1100,8461,"[1, 0, 2]",15,73.6997127532959,True,4.7353731677385404,654,0.0638671875
1100,8462,"[1, 0, 2]",15,73.70805740356445,False,4.7353731677385404,654,0.0638671875
1100,8463,"[1, 0, 2]",15,73.71330261230469,True,4.7353731677385404,654,0.0638671875
1100,8464,"[1, 0, 2]",15,73.72164726257324,False,4.7353731677385404,654,0.0638671875
1100,8465,"[1, 0, 2]",15,73.72689247131348,True,4.7353731677385404,654,0.0638671875
1100,8466,"[1, 0, 2]",15,73.73523712158203,False,4.7353731677385404,654,0.0638671875
1100,8467,"[1, 0, 2]",15,73.74024391174316,True,4.7353731677385404,654,0.0638671875
1100,8468,"[1, 0, 2]",15,73.74882698059082,False,4.7353731677385404,654,0.0638671875
1100,8469,"[1, 0, 2]",15,73.75407218933105,True,4.7353731677385404,654,0.0638671875
1100,8470,"[1, 0, 2]",15,73.76313209533691,False,4.7353731677385404,654,0.0638671875
1100,8471,"[1, 0, 2]",15,73.76790046691895,True,4.7353731677385404,654,0.0638671875
1100,8472,"[1, 0, 2]",15,73.7764835357666,False,4.7353731677385404,654,0.0638671875
1100,8473,"[1, 0, 2]",15,73.78149032592773,True,4.7353731677385404,654,0.0638671875
1100,8474,"[1, 0, 2]",15,73.80199432373047,False,4.7353731677385404,654,0.0638671875
1100,8475,"[1, 0, 2]",15,73.81796836853027,True,4.7353731677385404,654,0.0638671875
1100,8476,"[1, 0, 2]",15,73.84037971496582,False,4.7353731677385404,654,0.0638671875
1100,8477,"[1, 0, 2]",15,73.84777069091797,True,4.7353731677385404,654,0.0638671875
1100,8478,"[1, 0, 2]",15,73.86493682861328,False,4.7353731677385404,654,0.0638671875
1100,8479,"[1, 0, 2]",15,73.87137413024902,True,4.7353731677385404,654,0.0638671875
1100,8480,"[1, 0, 2]",15,73.88114929199219,False,4.7353731677385404,654,0.0638671875
1100,8481,"[1, 0, 2]",15,73.88615608215332,True,4.7353731677385404,654,0.0638671875
1100,8482,"[1, 0, 2]",15,73.8992691040039,False,4.7353731677385404,654,0.0638671875
1100,8483,"[1, 0, 2]",15,73.90928268432617,True,4.7353731677385404,654,0.0638671875
1100,8484,"[1, 0, 2]",15,73.91905784606934,False,4.7353731677385404,654,0.0638671875
1100,8485,"[1, 0, 2]",15,73.92477989196777,True,4.7353731677385404,654,0.0638671875
1100,8486,"[1, 0, 2]",15,73.95029067993164,False,4.7353731677385404,654,0.0638671875
1100,8487,"[1, 0, 2]",15,73.96483421325684,True,4.7353731677385404,654,0.0638671875
1100,8488,"[1, 0, 2]",15,73.98152351379395,False,4.7353731677385404,654,0.0638671875
1100,8489,"[1, 0, 2]",15,73.98772239685059,True,4.7353731677385404,654,0.0638671875
1100,8490,"[1, 0, 2]",15,73.99797439575195,False,4.7353731677385404,654,0.0638671875
1100,8491,"[1, 0, 2]",15,74.00321960449219,True,4.7353731677385404,654,0.0638671875
1100,8492,"[1, 0, 2]",15,74.01299476623535,False,4.7353731677385404,654,0.0638671875
1100,8493,"[1, 0, 2]",15,74.01847839355469,True,4.7353731677385404,654,0.0638671875
1100,8494,"[1, 0, 2]",15,74.02729988098145,False,4.7353731677385404,654,0.0638671875
1100,8495,"[1, 0, 2]",15,74.03254508972168,True,4.7353731677385404,654,0.0638671875
1100,8496,"[1, 0, 2]",15,74.04112815856934,False,4.7353731677385404,654,0.0638671875
1100,8497,"[1, 0, 2]",15,74.04589653015137,True,4.7353731677385404,654,0.0638671875
1100,8498,"[1, 0, 2]",15,74.05471801757812,False,4.7353731677385404,654,0.0638671875
1100,8499,"[1, 0, 2]",15,74.09334182739258,True,4.7353731677385404,654,0.0638671875
1100,8500,"[1, 0, 2]",15,74.11456108093262,False,4.7353731677385404,654,0.0638671875
1100,8501,"[1, 0, 2]",15,74.12195205688477,True,4.7353731677385404,654,0.0638671875
1100,8502,"[1, 0, 2]",15,74.13434982299805,False,4.7353731677385404,654,0.0638671875
1100,8503,"[1, 0, 2]",15,74.14078712463379,True,4.7353731677385404,654,0.0638671875
1100,8504,"[1, 0, 2]",15,74.15080070495605,False,4.7353731677385404,654,0.0638671875
1100,8505,"[1, 0, 2]",15,74.15580749511719,True,4.7353731677385404,654,0.0638671875
1100,8506,"[1, 0, 2]",15,74.16534423828125,False,4.7353731677385404,654,0.0638671875
1100,8507,"[1, 0, 2]",15,74.17058944702148,True,4.7353731677385404,654,0.0638671875
1100,8508,"[1, 0, 2]",15,74.18012619018555,False,4.7353731677385404,654,0.0638671875
1100,8509,"[1, 0, 2]",15,74.18537139892578,True,4.7353731677385404,654,0.0638671875
1100,8510,"[1, 0, 2]",15,74.19395446777344,False,4.7353731677385404,654,0.0638671875
1100,8511,"[1, 0, 2]",15,74.20039176940918,True,4.7353731677385404,654,0.0638671875
1100,8512,"[1, 0, 2]",15,74.21112060546875,False,4.7353731677385404,654,0.0638671875
1100,8513,"[1, 0, 2]",15,74.21708106994629,True,4.7353731677385404,654,0.0638671875
1100,8514,"[1, 0, 2]",15,74.22614097595215,False,4.7353731677385404,654,0.0638671875
1100,8515,"[1, 0, 2]",15,74.23162460327148,True,4.7353731677385404,654,0.0638671875
1100,8516,"[1, 0, 2]",15,74.24020767211914,False,4.7353731677385404,654,0.0638671875
1100,8517,"[1, 0, 2]",15,74.24545288085938,True,4.7353731677385404,654,0.0638671875
1100,8518,"[1, 0, 2]",15,74.25379753112793,False,4.7353731677385404,654,0.0638671875
1100,8519,"[1, 0, 2]",15,74.25928115844727,True,4.7353731677385404,654,0.0638671875
1100,8520,"[1, 0, 2]",15,74.27287101745605,False,4.7353731677385404,654,0.0638671875
1100,8521,"[1, 0, 2]",15,74.27811622619629,True,4.7353731677385404,654,0.0638671875
1100,8522,"[1, 0, 2]",15,74.28717613220215,False,4.7353731677385404,654,0.0638671875
1100,8523,"[1, 0, 2]",15,74.29218292236328,True,4.7353731677385404,654,0.0638671875
1100,8524,"[1, 0, 2]",15,74.30124282836914,False,4.7353731677385404,654,0.0638671875
1100,8525,"[1, 0, 2]",15,74.30624961853027,True,4.7353731677385404,654,0.0638671875
1100,8526,"[1, 0, 2]",15,74.31483268737793,False,4.7353731677385404,654,0.0638671875
1100,8527,"[1, 0, 2]",15,74.31983947753906,True,4.7353731677385404,654,0.0638671875
1100,8528,"[1, 0, 2]",15,74.32889938354492,False,4.7353731677385404,654,0.0638671875
1100,8529,"[1, 0, 2]",15,74.33438301086426,True,4.7353731677385404,654,0.0638671875
1100,8530,"[1, 0, 2]",15,74.34344291687012,False,4.7353731677385404,654,0.0638671875
1100,8531,"[1, 0, 2]",15,74.34868812561035,True,4.7353731677385404,654,0.0638671875
1100,8532,"[1, 0, 2]",15,74.35750961303711,False,4.7353731677385404,654,0.0638671875
1100,8533,"[1, 0, 2]",15,74.36299324035645,True,4.7353731677385404,654,0.0638671875
1100,8534,"[1, 0, 2]",15,74.3715763092041,False,4.7353731677385404,654,0.0638671875
1100,8535,"[1, 0, 2]",15,74.37682151794434,True,4.7353731677385404,654,0.0638671875
1100,8536,"[1, 0, 2]",15,74.38540458679199,False,4.7353731677385404,654,0.0638671875
1100,8537,"[1, 0, 2]",15,74.39064979553223,True,4.7353731677385404,654,0.0638671875
1100,8538,"[1, 0, 2]",15,74.39899444580078,False,4.7353731677385404,654,0.0638671875
1100,8539,"[1, 0, 2]",15,74.40423965454102,True,4.7353731677385404,654,0.0638671875
1100,8540,"[1, 0, 2]",15,74.41306114196777,False,4.7353731677385404,654,0.0638671875
1100,8541,"[1, 0, 2]",15,74.42235946655273,True,4.7353731677385404,654,0.0638671875
1100,8542,"[1, 0, 2]",15,74.43118095397949,False,4.7353731677385404,654,0.0638671875
1100,8543,"[1, 0, 2]",15,74.43666458129883,True,4.7353731677385404,654,0.0638671875
1100,8544,"[1, 0, 2]",15,74.44572448730469,False,4.7353731677385404,654,0.0638671875
1100,8545,"[1, 0, 2]",15,74.45049285888672,True,4.7353731677385404,654,0.0638671875
1100,8546,"[1, 0, 2]",15,74.45931434631348,False,4.7353731677385404,654,0.0638671875
1100,8547,"[1, 0, 2]",15,74.46408271789551,True,4.7353731677385404,654,0.0638671875
1100,8548,"[1, 0, 2]",15,74.47266578674316,False,4.7353731677385404,654,0.0638671875
1100,8549,"[1, 0, 2]",15,74.4779109954834,True,4.7353731677385404,654,0.0638671875
1100,8550,"[1, 0, 2]",15,74.48625564575195,False,4.7353731677385404,654,0.0638671875
1100,8551,"[1, 0, 2]",15,74.49150085449219,True,4.7353731677385404,654,0.0638671875
1100,8552,"[1, 0, 2]",15,74.50008392333984,False,4.7353731677385404,654,0.0638671875
1100,8553,"[1, 0, 2]",15,74.50532913208008,True,4.7353731677385404,654,0.0638671875
1100,8554,"[1, 0, 2]",15,74.51343536376953,False,4.7353731677385404,654,0.0638671875
1100,8555,"[1, 0, 2]",15,74.51868057250977,True,4.7353731677385404,654,0.0638671875
1100,8556,"[1, 0, 2]",15,74.52726364135742,False,4.7353731677385404,654,0.0638671875
1100,8557,"[1, 0, 2]",15,74.53250885009766,True,4.7353731677385404,654,0.0638671875
1100,8558,"[1, 0, 2]",15,74.54109191894531,False,4.7353731677385404,654,0.0638671875
1100,8559,"[1, 0, 2]",15,74.54633712768555,True,4.7353731677385404,654,0.0638671875
1100,8560,"[1, 0, 2]",15,74.5546817779541,False,4.7353731677385404,654,0.0638671875
1100,8561,"[1, 0, 2]",15,74.55968856811523,True,4.7353731677385404,654,0.0638671875
1100,8562,"[1, 0, 2]",15,74.57160949707031,False,4.7353731677385404,654,0.0638671875
1100,8563,"[1, 0, 2]",15,74.57637786865234,True,4.7353731677385404,654,0.0638671875
1100,8564,"[1, 0, 2]",15,74.5851993560791,False,4.7353731677385404,654,0.0638671875
1100,8565,"[1, 0, 2]",15,74.59020614624023,True,4.7353731677385404,654,0.0638671875
1100,8566,"[1, 0, 2]",15,74.59902763366699,False,4.7353731677385404,654,0.0638671875
1100,8567,"[1, 0, 2]",15,74.60761070251465,True,4.7353731677385404,654,0.0638671875
1100,8568,"[1, 0, 2]",15,74.61738586425781,False,4.7353731677385404,654,0.0638671875
1100,8569,"[1, 0, 2]",15,74.62286949157715,True,4.7353731677385404,654,0.0638671875
1100,8570,"[1, 0, 2]",15,74.6316909790039,False,4.7353731677385404,654,0.0638671875
1100,8571,"[1, 0, 2]",15,74.63741302490234,True,4.7353731677385404,654,0.0638671875
1100,8572,"[1, 0, 2]",15,74.6469497680664,False,4.7353731677385404,654,0.0638671875
1100,8573,"[1, 0, 2]",15,74.65171813964844,True,4.7353731677385404,654,0.0638671875
1100,8574,"[1, 0, 2]",15,74.66006278991699,False,4.7353731677385404,654,0.0638671875
1100,8575,"[1, 0, 2]",15,74.66554641723633,True,4.7353731677385404,654,0.0638671875
1100,8576,"[1, 0, 2]",15,74.67389106750488,False,4.7353731677385404,654,0.0638671875
1100,8577,"[1, 0, 2]",15,74.68247413635254,True,4.7353731677385404,654,0.0638671875
1100,8578,"[1, 0, 2]",15,74.6910572052002,False,4.7353731677385404,654,0.0638671875
1100,8579,"[1, 0, 2]",15,74.69701766967773,True,4.7353731677385404,654,0.0638671875
1100,8580,"[1, 0, 2]",15,74.70583915710449,False,4.7353731677385404,654,0.0638671875
1100,8581,"[1, 0, 2]",15,74.71108436584473,True,4.7353731677385404,654,0.0638671875
1100,8582,"[1, 0, 2]",15,74.71990585327148,False,4.7353731677385404,654,0.0638671875
1100,8583,"[1, 0, 2]",15,74.72872734069824,True,4.7353731677385404,654,0.0638671875
1100,8584,"[1, 0, 2]",15,74.737548828125,False,4.7353731677385404,654,0.0638671875
1100,8585,"[1, 0, 2]",15,74.74255561828613,True,4.7353731677385404,654,0.0638671875
1100,8586,"[1, 0, 2]",15,74.75113868713379,False,4.7353731677385404,654,0.0638671875
1100,8587,"[1, 0, 2]",15,74.75614547729492,True,4.7353731677385404,654,0.0638671875
1100,8588,"[1, 0, 2]",15,74.76496696472168,False,4.7353731677385404,654,0.0638671875
1100,8589,"[1, 0, 2]",15,74.76973533630371,True,4.7353731677385404,654,0.0638671875
1100,8590,"[1, 0, 2]",15,74.77831840515137,False,4.7353731677385404,654,0.0638671875
1100,8591,"[1, 0, 2]",15,74.7833251953125,True,4.7353731677385404,654,0.0638671875
1100,8592,"[1, 0, 2]",15,74.79166984558105,False,4.7353731677385404,654,0.0638671875
1100,8593,"[1, 0, 2]",15,74.79667663574219,True,4.7353731677385404,654,0.0638671875
1100,8594,"[1, 0, 2]",15,74.80764389038086,False,4.7353731677385404,654,0.0638671875
1100,8595,"[1, 0, 2]",15,74.81646537780762,True,4.7353731677385404,654,0.0638671875
1100,8596,"[1, 0, 2]",15,74.83196258544922,False,4.7353731677385404,654,0.0638671875
1100,8597,"[1, 0, 2]",15,74.83911514282227,True,4.7353731677385404,654,0.0638671875
1100,8598,"[1, 0, 2]",15,74.84817504882812,False,4.7353731677385404,654,0.0638671875
1100,8599,"[1, 0, 2]",15,74.85318183898926,True,4.7353731677385404,654,0.0638671875
1100,8600,"[1, 0, 2]",15,74.86176490783691,False,4.7353731677385404,654,0.0638671875
1100,8601,"[1, 0, 2]",15,74.86677169799805,True,4.7353731677385404,654,0.0638671875
1100,8602,"[1, 0, 2]",15,74.8751163482666,False,4.7353731677385404,654,0.0638671875
1100,8603,"[1, 0, 2]",15,74.88012313842773,True,4.7353731677385404,654,0.0638671875
1100,8604,"[1, 0, 2]",15,74.89347457885742,False,4.7353731677385404,654,0.0638671875
1100,8605,"[1, 0, 2]",15,74.89848136901855,True,4.7353731677385404,654,0.0638671875
1100,8606,"[1, 0, 2]",15,74.90754127502441,False,4.7353731677385404,654,0.0638671875
1100,8607,"[1, 0, 2]",15,74.91230964660645,True,4.7353731677385404,654,0.0638671875
1100,8608,"[1, 0, 2]",15,74.9211311340332,False,4.7353731677385404,654,0.0638671875
1100,8609,"[1, 0, 2]",15,74.92589950561523,True,4.7353731677385404,654,0.0638671875
1100,8610,"[1, 0, 2]",15,74.94997978210449,False,4.7353731677385404,654,0.0638671875
1100,8611,"[1, 0, 2]",15,74.96976852416992,True,4.7353731677385404,654,0.0638671875
1100,8612,"[1, 0, 2]",15,74.99957084655762,False,4.7353731677385404,654,0.0638671875
1100,8613,"[1, 0, 2]",15,75.01006126403809,True,4.7353731677385404,654,0.0638671875
1100,8614,"[1, 0, 2]",15,75.0265121459961,False,4.7353731677385404,654,0.0638671875
1100,8615,"[1, 0, 2]",15,75.04415512084961,True,4.7353731677385404,654,0.0638671875
1100,8616,"[1, 0, 2]",15,75.06942749023438,False,4.7353731677385404,654,0.0638671875
1100,8617,"[1, 0, 2]",15,75.07991790771484,True,4.7353731677385404,654,0.0638671875
1100,8618,"[1, 0, 2]",15,75.09636878967285,False,4.7353731677385404,654,0.0638671875
1100,8619,"[1, 0, 2]",15,75.10519027709961,True,4.7353731677385404,654,0.0638671875
1100,8620,"[1, 0, 2]",15,75.12116432189941,False,4.7353731677385404,654,0.0638671875
1100,8621,"[1, 0, 2]",15,75.13022422790527,True,4.7353731677385404,654,0.0638671875
1100,8622,"[1, 0, 2]",15,75.14190673828125,False,4.7353731677385404,654,0.0638671875
1100,8623,"[1, 0, 2]",15,75.14739036560059,True,4.7353731677385404,654,0.0638671875
1100,8624,"[1, 0, 2]",15,75.15645027160645,False,4.7353731677385404,654,0.0638671875
1100,8625,"[1, 0, 2]",15,75.16837120056152,True,4.7353731677385404,654,0.0638671875
1100,8626,"[1, 0, 2]",15,75.17766952514648,False,4.7353731677385404,654,0.0638671875
1100,8627,"[1, 0, 2]",15,75.18315315246582,True,4.7353731677385404,654,0.0638671875
1100,8628,"[1, 0, 2]",15,75.19221305847168,False,4.7353731677385404,654,0.0638671875
1100,8629,"[1, 0, 2]",15,75.19698143005371,True,4.7353731677385404,654,0.0638671875
1100,8630,"[1, 0, 2]",15,75.20675659179688,False,4.7353731677385404,654,0.0638671875
1100,8631,"[1, 0, 2]",15,75.21295547485352,True,4.7353731677385404,654,0.0638671875
1100,8632,"[1, 0, 2]",15,75.22201538085938,False,4.7353731677385404,654,0.0638671875
1100,8633,"[1, 0, 2]",15,75.22749900817871,True,4.7353731677385404,654,0.0638671875
1100,8634,"[1, 0, 2]",15,75.23608207702637,False,4.7353731677385404,654,0.0638671875
1100,8635,"[1, 0, 2]",15,75.2413272857666,True,4.7353731677385404,654,0.0638671875
1100,8636,"[1, 0, 2]",15,75.25038719177246,False,4.7353731677385404,654,0.0638671875
1100,8637,"[1, 0, 2]",15,75.2556324005127,True,4.7353731677385404,654,0.0638671875
1100,8638,"[1, 0, 2]",15,75.26993751525879,False,4.7353731677385404,654,0.0638671875
1100,8639,"[1, 0, 2]",15,75.27542114257812,True,4.7353731677385404,654,0.0638671875
1100,8640,"[1, 0, 2]",15,75.28424263000488,False,4.7353731677385404,654,0.0638671875
1100,8641,"[1, 0, 2]",15,75.28948783874512,True,4.7353731677385404,654,0.0638671875
1100,8642,"[1, 0, 2]",15,75.29783248901367,False,4.7353731677385404,654,0.0638671875
1100,8643,"[1, 0, 2]",15,75.3030776977539,True,4.7353731677385404,654,0.0638671875
1100,8644,"[1, 0, 2]",15,75.31166076660156,False,4.7353731677385404,654,0.0638671875
1100,8645,"[1, 0, 2]",15,75.3169059753418,True,4.7353731677385404,654,0.0638671875
1100,8646,"[1, 0, 2]",15,75.32906532287598,False,4.7353731677385404,654,0.0638671875
1100,8647,"[1, 0, 2]",15,75.33431053161621,True,4.7353731677385404,654,0.0638671875
1100,8648,"[1, 0, 2]",15,75.34289360046387,False,4.7353731677385404,654,0.0638671875
1100,8649,"[1, 0, 2]",15,75.3476619720459,True,4.7353731677385404,654,0.0638671875
1100,8650,"[1, 0, 2]",15,75.35648345947266,False,4.7353731677385404,654,0.0638671875
1100,8651,"[1, 0, 2]",15,75.36506652832031,True,4.7353731677385404,654,0.0638671875
1100,8652,"[1, 0, 2]",15,75.37484169006348,False,4.7353731677385404,654,0.0638671875
1100,8653,"[1, 0, 2]",15,75.38032531738281,True,4.7353731677385404,654,0.0638671875
1100,8654,"[1, 0, 2]",15,75.38914680480957,False,4.7353731677385404,654,0.0638671875
1100,8655,"[1, 0, 2]",15,75.3943920135498,True,4.7353731677385404,654,0.0638671875
1100,8656,"[1, 0, 2]",15,75.40297508239746,False,4.7353731677385404,654,0.0638671875
1100,8657,"[1, 0, 2]",15,75.4082202911377,True,4.7353731677385404,654,0.0638671875
1100,8658,"[1, 0, 2]",15,75.41656494140625,False,4.7353731677385404,654,0.0638671875
1100,8659,"[1, 0, 2]",15,75.42181015014648,True,4.7353731677385404,654,0.0638671875
1100,8660,"[1, 0, 2]",15,75.43015480041504,False,4.7353731677385404,654,0.0638671875
1100,8661,"[1, 0, 2]",15,75.43516159057617,True,4.7353731677385404,654,0.0638671875
1100,8662,"[1, 0, 2]",15,75.44374465942383,False,4.7353731677385404,654,0.0638671875
1100,8663,"[1, 0, 2]",15,75.44898986816406,True,4.7353731677385404,654,0.0638671875
1100,8664,"[1, 0, 2]",15,75.45733451843262,False,4.7353731677385404,654,0.0638671875
1100,8665,"[1, 0, 2]",15,75.46281814575195,True,4.7353731677385404,654,0.0638671875
1100,8666,"[1, 0, 2]",15,75.47211647033691,False,4.7353731677385404,654,0.0638671875
1100,8667,"[1, 0, 2]",15,75.48046112060547,True,4.7353731677385404,654,0.0638671875
1100,8668,"[1, 0, 2]",15,75.48975944519043,False,4.7353731677385404,654,0.0638671875
1100,8669,"[1, 0, 2]",15,75.49500465393066,True,4.7353731677385404,654,0.0638671875
1100,8670,"[1, 0, 2]",15,75.50430297851562,False,4.7353731677385404,654,0.0638671875
1100,8671,"[1, 0, 2]",15,75.52099227905273,True,4.7353731677385404,654,0.0638671875
1100,8672,"[1, 0, 2]",15,75.5305290222168,False,4.7353731677385404,654,0.0638671875
1100,8673,"[1, 0, 2]",15,75.53577423095703,True,4.7353731677385404,654,0.0638671875
1100,8674,"[1, 0, 2]",15,75.54459571838379,False,4.7353731677385404,654,0.0638671875
1100,8675,"[1, 0, 2]",15,75.54984092712402,True,4.7353731677385404,654,0.0638671875
1100,8676,"[1, 0, 2]",15,75.55818557739258,False,4.7353731677385404,654,0.0638671875
1100,8677,"[1, 0, 2]",15,75.56343078613281,True,4.7353731677385404,654,0.0638671875
1100,8678,"[1, 0, 2]",15,75.57201385498047,False,4.7353731677385404,654,0.0638671875
1100,8679,"[1, 0, 2]",15,75.5772590637207,True,4.7353731677385404,654,0.0638671875
1100,8680,"[1, 0, 2]",15,75.58560371398926,False,4.7353731677385404,654,0.0638671875
1100,8681,"[1, 0, 2]",15,75.59061050415039,True,4.7353731677385404,654,0.0638671875
1100,8682,"[1, 0, 2]",15,75.59943199157715,False,4.7353731677385404,654,0.0638671875
1100,8683,"[1, 0, 2]",15,75.60420036315918,True,4.7353731677385404,654,0.0638671875
1100,8684,"[1, 0, 2]",15,75.61302185058594,False,4.7353731677385404,654,0.0638671875
1100,8685,"[1, 0, 2]",15,75.61802864074707,True,4.7353731677385404,654,0.0638671875
1100,8686,"[1, 0, 2]",15,75.62685012817383,False,4.7353731677385404,654,0.0638671875
1100,8687,"[1, 0, 2]",15,75.63185691833496,True,4.7353731677385404,654,0.0638671875
1100,8688,"[1, 0, 2]",15,75.64449310302734,False,4.7353731677385404,654,0.0638671875
1100,8689,"[1, 0, 2]",15,75.64949989318848,True,4.7353731677385404,654,0.0638671875
1100,8690,"[1, 0, 2]",15,75.65808296203613,False,4.7353731677385404,654,0.0638671875
1100,8691,"[1, 0, 2]",15,75.66285133361816,True,4.7353731677385404,654,0.0638671875
1100,8692,"[1, 0, 2]",15,75.67167282104492,False,4.7353731677385404,654,0.0638671875
1100,8693,"[1, 0, 2]",15,75.67667961120605,True,4.7353731677385404,654,0.0638671875
1100,8694,"[1, 0, 2]",15,75.68573951721191,False,4.7353731677385404,654,0.0638671875
1100,8695,"[1, 0, 2]",15,75.69098472595215,True,4.7353731677385404,654,0.0638671875
1100,8696,"[1, 0, 2]",15,75.6998062133789,False,4.7353731677385404,654,0.0638671875
1100,8697,"[1, 0, 2]",15,75.70457458496094,True,4.7353731677385404,654,0.0638671875
1100,8698,"[1, 0, 2]",15,75.7133960723877,False,4.7353731677385404,654,0.0638671875
1100,8699,"[1, 0, 2]",15,75.71840286254883,True,4.7353731677385404,654,0.0638671875
1100,8700,"[1, 0, 2]",15,75.72746276855469,False,4.7353731677385404,654,0.0638671875
1100,8701,"[1, 0, 2]",15,75.73246955871582,True,4.7353731677385404,654,0.0638671875
1100,8702,"[1, 0, 2]",15,75.74129104614258,False,4.7353731677385404,654,0.0638671875
1100,8703,"[1, 0, 2]",15,75.74629783630371,True,4.7353731677385404,654,0.0638671875
1100,8704,"[1, 0, 2]",15,75.75511932373047,False,4.7353731677385404,654,0.0638671875
1100,8705,"[1, 0, 2]",15,75.7598876953125,True,4.7353731677385404,654,0.0638671875
1100,8706,"[1, 0, 2]",15,75.76870918273926,False,4.7353731677385404,654,0.0638671875
1100,8707,"[1, 0, 2]",15,75.77371597290039,True,4.7353731677385404,654,0.0638671875
1100,8708,"[1, 0, 2]",15,75.78229904174805,False,4.7353731677385404,654,0.0638671875
1100,8709,"[1, 0, 2]",15,75.7906436920166,True,4.7353731677385404,654,0.0638671875
1100,8710,"[1, 0, 2]",15,75.79946517944336,False,4.7353731677385404,654,0.0638671875
1100,8711,"[1, 0, 2]",15,75.80447196960449,True,4.7353731677385404,654,0.0638671875
1100,8712,"[1, 0, 2]",15,75.81329345703125,False,4.7353731677385404,654,0.0638671875
1100,8713,"[1, 0, 2]",15,75.81830024719238,True,4.7353731677385404,654,0.0638671875
1100,8714,"[1, 0, 2]",15,75.82664489746094,False,4.7353731677385404,654,0.0638671875
1100,8715,"[1, 0, 2]",15,75.83165168762207,True,4.7353731677385404,654,0.0638671875
1100,8716,"[1, 0, 2]",15,75.84047317504883,False,4.7353731677385404,654,0.0638671875
1100,8717,"[1, 0, 2]",15,75.84547996520996,True,4.7353731677385404,654,0.0638671875
1100,8718,"[1, 0, 2]",15,75.85406303405762,False,4.7353731677385404,654,0.0638671875
1100,8719,"[1, 0, 2]",15,75.85930824279785,True,4.7353731677385404,654,0.0638671875
1100,8720,"[1, 0, 2]",15,75.86789131164551,False,4.7353731677385404,654,0.0638671875
1100,8721,"[1, 0, 2]",15,75.87289810180664,True,4.7353731677385404,654,0.0638671875
1100,8722,"[1, 0, 2]",15,75.8814811706543,False,4.7353731677385404,654,0.0638671875
1100,8723,"[1, 0, 2]",15,75.88648796081543,True,4.7353731677385404,654,0.0638671875
1100,8724,"[1, 0, 2]",15,75.89483261108398,False,4.7353731677385404,654,0.0638671875
1100,8725,"[1, 0, 2]",15,75.92511177062988,True,4.7353731677385404,654,0.0638671875
1100,8726,"[1, 0, 2]",15,75.93393325805664,False,4.7353731677385404,654,0.0638671875
1100,8727,"[1, 0, 2]",15,75.93965530395508,True,4.7353731677385404,654,0.0638671875
1100,8728,"[1, 0, 2]",15,75.94799995422363,False,4.7353731677385404,654,0.0638671875
1100,8729,"[1, 0, 2]",15,75.95324516296387,True,4.7353731677385404,654,0.0638671875
1100,8730,"[1, 0, 2]",15,75.96516609191895,False,4.7353731677385404,654,0.0638671875
1100,8731,"[1, 0, 2]",15,75.97041130065918,True,4.7353731677385404,654,0.0638671875
1100,8732,"[1, 0, 2]",15,75.97923278808594,False,4.7353731677385404,654,0.0638671875
1100,8733,"[1, 0, 2]",15,75.98423957824707,True,4.7353731677385404,654,0.0638671875
1100,8734,"[1, 0, 2]",15,75.99306106567383,False,4.7353731677385404,654,0.0638671875
1100,8735,"[1, 0, 2]",15,76.0047435760498,True,4.7353731677385404,654,0.0638671875
1100,8736,"[1, 0, 2]",15,76.01380348205566,False,4.7353731677385404,654,0.0638671875
1100,8737,"[1, 0, 2]",15,76.0190486907959,True,4.7353731677385404,654,0.0638671875
1100,8738,"[1, 0, 2]",15,76.02787017822266,False,4.7353731677385404,654,0.0638671875
1100,8739,"[1, 0, 2]",15,76.03311538696289,True,4.7353731677385404,654,0.0638671875
1100,8740,"[1, 0, 2]",15,76.04193687438965,False,4.7353731677385404,654,0.0638671875
1100,8741,"[1, 0, 2]",15,76.04694366455078,True,4.7353731677385404,654,0.0638671875
1100,8742,"[1, 0, 2]",15,76.05552673339844,False,4.7353731677385404,654,0.0638671875
1100,8743,"[1, 0, 2]",15,76.06077194213867,True,4.7353731677385404,654,0.0638671875
1100,8744,"[1, 0, 2]",15,76.06935501098633,False,4.7353731677385404,654,0.0638671875
1100,8745,"[1, 0, 2]",15,76.0955810546875,True,4.7353731677385404,654,0.0638671875
1100,8746,"[1, 0, 2]",15,76.11894607543945,False,4.7353731677385404,654,0.0638671875
1100,8747,"[1, 0, 2]",15,76.12967491149902,True,4.7353731677385404,654,0.0638671875
1100,8748,"[1, 0, 2]",15,76.1420726776123,False,4.7353731677385404,654,0.0638671875
1100,8749,"[1, 0, 2]",15,76.14922523498535,True,4.7353731677385404,654,0.0638671875
1100,8750,"[1, 0, 2]",15,76.15995407104492,False,4.7353731677385404,654,0.0638671875
1100,8751,"[1, 0, 2]",15,76.1716365814209,True,4.7353731677385404,654,0.0638671875
1100,8752,"[1, 0, 2]",15,76.18093490600586,False,4.7353731677385404,654,0.0638671875
1100,8753,"[1, 0, 2]",15,76.1864185333252,True,4.7353731677385404,654,0.0638671875
1100,8754,"[1, 0, 2]",15,76.19595527648926,False,4.7353731677385404,654,0.0638671875
1100,8755,"[1, 0, 2]",15,76.20120048522949,True,4.7353731677385404,654,0.0638671875
1100,8756,"[1, 0, 2]",15,76.21026039123535,False,4.7353731677385404,654,0.0638671875
1100,8757,"[1, 0, 2]",15,76.21526718139648,True,4.7353731677385404,654,0.0638671875
1100,8758,"[1, 0, 2]",15,76.22432708740234,False,4.7353731677385404,654,0.0638671875
1100,8759,"[1, 0, 2]",15,76.23100280761719,True,4.7353731677385404,654,0.0638671875
1100,8760,"[1, 0, 2]",15,76.24149322509766,False,4.7353731677385404,654,0.0638671875
1100,8761,"[1, 0, 2]",15,76.2474536895752,True,4.7353731677385404,654,0.0638671875
1100,8762,"[1, 0, 2]",15,76.25603675842285,False,4.7353731677385404,654,0.0638671875
1100,8763,"[1, 0, 2]",15,76.26152038574219,True,4.7353731677385404,654,0.0638671875
1100,8764,"[1, 0, 2]",15,76.27034187316895,False,4.7353731677385404,654,0.0638671875
1100,8765,"[1, 0, 2]",15,76.27582550048828,True,4.7353731677385404,654,0.0638671875
1100,8766,"[1, 0, 2]",15,76.28440856933594,False,4.7353731677385404,654,0.0638671875
1100,8767,"[1, 0, 2]",15,76.28965377807617,True,4.7353731677385404,654,0.0638671875
1100,8768,"[1, 0, 2]",15,76.29823684692383,False,4.7353731677385404,654,0.0638671875
1100,8769,"[1, 0, 2]",15,76.30324363708496,True,4.7353731677385404,654,0.0638671875
1100,8770,"[1, 0, 2]",15,76.31182670593262,False,4.7353731677385404,654,0.0638671875
1100,8771,"[1, 0, 2]",15,76.31731033325195,True,4.7353731677385404,654,0.0638671875
1100,8772,"[1, 0, 2]",15,76.33066177368164,False,4.7353731677385404,654,0.0638671875
1100,8773,"[1, 0, 2]",15,76.33566856384277,True,4.7353731677385404,654,0.0638671875
1100,8774,"[1, 0, 2]",15,76.34449005126953,False,4.7353731677385404,654,0.0638671875
1100,8775,"[1, 0, 2]",15,76.34973526000977,True,4.7353731677385404,654,0.0638671875
1100,8776,"[1, 0, 2]",15,76.35831832885742,False,4.7353731677385404,654,0.0638671875
1100,8777,"[1, 0, 2]",15,76.36332511901855,True,4.7353731677385404,654,0.0638671875
1100,8778,"[1, 0, 2]",15,76.37143135070801,False,4.7353731677385404,654,0.0638671875
1100,8779,"[1, 0, 2]",15,76.37667655944824,True,4.7353731677385404,654,0.0638671875
1100,8780,"[1, 0, 2]",15,76.385498046875,False,4.7353731677385404,654,0.0638671875
1100,8781,"[1, 0, 2]",15,76.39074325561523,True,4.7353731677385404,654,0.0638671875
1100,8782,"[1, 0, 2]",15,76.39908790588379,False,4.7353731677385404,654,0.0638671875
1100,8783,"[1, 0, 2]",15,76.40433311462402,True,4.7353731677385404,654,0.0638671875
1100,8784,"[1, 0, 2]",15,76.41291618347168,False,4.7353731677385404,654,0.0638671875
1100,8785,"[1, 0, 2]",15,76.41792297363281,True,4.7353731677385404,654,0.0638671875
1100,8786,"[1, 0, 2]",15,76.42626762390137,False,4.7353731677385404,654,0.0638671875
1100,8787,"[1, 0, 2]",15,76.4312744140625,True,4.7353731677385404,654,0.0638671875
1100,8788,"[1, 0, 2]",15,76.43985748291016,False,4.7353731677385404,654,0.0638671875
1100,8789,"[1, 0, 2]",15,76.44510269165039,True,4.7353731677385404,654,0.0638671875
1100,8790,"[1, 0, 2]",15,76.45344734191895,False,4.7353731677385404,654,0.0638671875
1100,8791,"[1, 0, 2]",15,76.45893096923828,True,4.7353731677385404,654,0.0638671875
1100,8792,"[1, 0, 2]",15,76.46727561950684,False,4.7353731677385404,654,0.0638671875
1100,8793,"[1, 0, 2]",15,76.47562026977539,True,4.7353731677385404,654,0.0638671875
1100,8794,"[1, 0, 2]",15,76.48468017578125,False,4.7353731677385404,654,0.0638671875
1100,8795,"[1, 0, 2]",15,76.48968696594238,True,4.7353731677385404,654,0.0638671875
1100,8796,"[1, 0, 2]",15,76.49874687194824,False,4.7353731677385404,654,0.0638671875
1100,8797,"[1, 0, 2]",15,76.50375366210938,True,4.7353731677385404,654,0.0638671875
1100,8798,"[1, 0, 2]",15,76.51233673095703,False,4.7353731677385404,654,0.0638671875
1100,8799,"[1, 0, 2]",15,76.51710510253906,True,4.7353731677385404,654,0.0638671875
1100,8800,"[1, 0, 2]",15,76.52568817138672,False,4.7353731677385404,654,0.0638671875
1100,8801,"[1, 0, 2]",15,76.53069496154785,True,4.7353731677385404,654,0.0638671875
1100,8802,"[1, 0, 2]",15,76.53927803039551,False,4.7353731677385404,654,0.0638671875
1100,8803,"[1, 0, 2]",15,76.54428482055664,True,4.7353731677385404,654,0.0638671875
1100,8804,"[1, 0, 2]",15,76.5528678894043,False,4.7353731677385404,654,0.0638671875
1100,8805,"[1, 0, 2]",15,76.55763626098633,True,4.7353731677385404,654,0.0638671875
1100,8806,"[1, 0, 2]",15,76.56621932983398,False,4.7353731677385404,654,0.0638671875
1100,8807,"[1, 0, 2]",15,76.57122611999512,True,4.7353731677385404,654,0.0638671875
1100,8808,"[1, 0, 2]",15,76.57980918884277,False,4.7353731677385404,654,0.0638671875
1100,8809,"[1, 0, 2]",15,76.5848159790039,True,4.7353731677385404,654,0.0638671875
1100,8810,"[1, 0, 2]",15,76.59316062927246,False,4.7353731677385404,654,0.0638671875
1100,8811,"[1, 0, 2]",15,76.5984058380127,True,4.7353731677385404,654,0.0638671875
1100,8812,"[1, 0, 2]",15,76.60722732543945,False,4.7353731677385404,654,0.0638671875
1100,8813,"[1, 0, 2]",15,76.61223411560059,True,4.7353731677385404,654,0.0638671875
1100,8814,"[1, 0, 2]",15,76.64918899536133,False,4.7353731677385404,654,0.0638671875
1100,8815,"[1, 0, 2]",15,76.65467262268066,True,4.7353731677385404,654,0.0638671875
1100,8816,"[1, 0, 2]",15,76.66325569152832,False,4.7353731677385404,654,0.0638671875
1100,8817,"[1, 0, 2]",15,76.66826248168945,True,4.7353731677385404,654,0.0638671875
1100,8818,"[1, 0, 2]",15,76.67684555053711,False,4.7353731677385404,654,0.0638671875
1100,8819,"[1, 0, 2]",15,76.68542861938477,True,4.7353731677385404,654,0.0638671875
1100,8820,"[1, 0, 2]",15,76.69448852539062,False,4.7353731677385404,654,0.0638671875
1100,8821,"[1, 0, 2]",15,76.69997215270996,True,4.7353731677385404,654,0.0638671875
1100,8822,"[1, 0, 2]",15,76.70903205871582,False,4.7353731677385404,654,0.0638671875
1100,8823,"[1, 0, 2]",15,76.71403884887695,True,4.7353731677385404,654,0.0638671875
1100,8824,"[1, 0, 2]",15,76.72309875488281,False,4.7353731677385404,654,0.0638671875
1100,8825,"[1, 0, 2]",15,76.72834396362305,True,4.7353731677385404,654,0.0638671875
1100,8826,"[1, 0, 2]",15,76.7371654510498,False,4.7353731677385404,654,0.0638671875
1100,8827,"[1, 0, 2]",15,76.74217224121094,True,4.7353731677385404,654,0.0638671875
1100,8828,"[1, 0, 2]",15,76.7512321472168,False,4.7353731677385404,654,0.0638671875
1100,8829,"[1, 0, 2]",15,76.75600051879883,True,4.7353731677385404,654,0.0638671875
1100,8830,"[1, 0, 2]",15,76.79367065429688,False,4.7353731677385404,654,0.0638671875
1100,8831,"[1, 0, 2]",15,76.80678367614746,True,4.7353731677385404,654,0.0638671875
1100,8832,"[1, 0, 2]",15,76.82490348815918,False,4.7353731677385404,654,0.0638671875
1100,8833,"[1, 0, 2]",15,76.83253288269043,True,4.7353731677385404,654,0.0638671875
1100,8834,"[1, 0, 2]",15,76.8437385559082,False,4.7353731677385404,654,0.0638671875
1100,8835,"[1, 0, 2]",15,76.85589790344238,True,4.7353731677385404,654,0.0638671875
1100,8836,"[1, 0, 2]",15,76.86543464660645,False,4.7353731677385404,654,0.0638671875
1100,8837,"[1, 0, 2]",15,76.87091827392578,True,4.7353731677385404,654,0.0638671875
1100,8838,"[1, 0, 2]",15,76.88021659851074,False,4.7353731677385404,654,0.0638671875
1100,8839,"[1, 0, 2]",15,76.88593864440918,True,4.7353731677385404,654,0.0638671875
1100,8840,"[1, 0, 2]",15,76.89476013183594,False,4.7353731677385404,654,0.0638671875
1100,8841,"[1, 0, 2]",15,76.89952850341797,True,4.7353731677385404,654,0.0638671875
1100,8842,"[1, 0, 2]",15,76.90811157226562,False,4.7353731677385404,654,0.0638671875
1100,8843,"[1, 0, 2]",15,76.91287994384766,True,4.7353731677385404,654,0.0638671875
1100,8844,"[1, 0, 2]",15,76.92217826843262,False,4.7353731677385404,654,0.0638671875
1100,8845,"[1, 0, 2]",15,76.92718505859375,True,4.7353731677385404,654,0.0638671875
1100,8846,"[1, 0, 2]",15,76.93696022033691,False,4.7353731677385404,654,0.0638671875
1100,8847,"[1, 0, 2]",15,76.94339752197266,True,4.7353731677385404,654,0.0638671875
1100,8848,"[1, 0, 2]",15,76.95317268371582,False,4.7353731677385404,654,0.0638671875
1100,8849,"[1, 0, 2]",15,76.95817947387695,True,4.7353731677385404,654,0.0638671875
1100,8850,"[1, 0, 2]",15,76.96700096130371,False,4.7353731677385404,654,0.0638671875
1100,8851,"[1, 0, 2]",15,76.97200775146484,True,4.7353731677385404,654,0.0638671875
1100,8852,"[1, 0, 2]",15,76.9810676574707,False,4.7353731677385404,654,0.0638671875
1100,8853,"[1, 0, 2]",15,76.98583602905273,True,4.7353731677385404,654,0.0638671875
1100,8854,"[1, 0, 2]",15,76.99465751647949,False,4.7353731677385404,654,0.0638671875
1100,8855,"[1, 0, 2]",15,76.99942588806152,True,4.7353731677385404,654,0.0638671875
1100,8856,"[1, 0, 2]",15,77.0118236541748,False,4.7353731677385404,654,0.0638671875
1100,8857,"[1, 0, 2]",15,77.01706886291504,True,4.7353731677385404,654,0.0638671875
1100,8858,"[1, 0, 2]",15,77.0261287689209,False,4.7353731677385404,654,0.0638671875
1100,8859,"[1, 0, 2]",15,77.03113555908203,True,4.7353731677385404,654,0.0638671875
1100,8860,"[1, 0, 2]",15,77.04043388366699,False,4.7353731677385404,654,0.0638671875
1100,8861,"[1, 0, 2]",15,77.04567909240723,True,4.7353731677385404,654,0.0638671875
1100,8862,"[1, 0, 2]",15,77.05402374267578,False,4.7353731677385404,654,0.0638671875
1100,8863,"[1, 0, 2]",15,77.05926895141602,True,4.7353731677385404,654,0.0638671875
1100,8864,"[1, 0, 2]",15,77.06785202026367,False,4.7353731677385404,654,0.0638671875
1100,8865,"[1, 0, 2]",15,77.0726203918457,True,4.7353731677385404,654,0.0638671875
1100,8866,"[1, 0, 2]",15,77.08120346069336,False,4.7353731677385404,654,0.0638671875
1100,8867,"[1, 0, 2]",15,77.08621025085449,True,4.7353731677385404,654,0.0638671875
1100,8868,"[1, 0, 2]",15,77.09479331970215,False,4.7353731677385404,654,0.0638671875
1100,8869,"[1, 0, 2]",15,77.09956169128418,True,4.7353731677385404,654,0.0638671875
1100,8870,"[1, 0, 2]",15,77.10838317871094,False,4.7353731677385404,654,0.0638671875
1100,8871,"[1, 0, 2]",15,77.11315155029297,True,4.7353731677385404,654,0.0638671875
1100,8872,"[1, 0, 2]",15,77.12149620056152,False,4.7353731677385404,654,0.0638671875
1100,8873,"[1, 0, 2]",15,77.12650299072266,True,4.7353731677385404,654,0.0638671875
1100,8874,"[1, 0, 2]",15,77.13508605957031,False,4.7353731677385404,654,0.0638671875
1100,8875,"[1, 0, 2]",15,77.14009284973145,True,4.7353731677385404,654,0.0638671875
1100,8876,"[1, 0, 2]",15,77.1486759185791,False,4.7353731677385404,654,0.0638671875
1100,8877,"[1, 0, 2]",15,77.15797424316406,True,4.7353731677385404,654,0.0638671875
1100,8878,"[1, 0, 2]",15,77.16655731201172,False,4.7353731677385404,654,0.0638671875
1100,8879,"[1, 0, 2]",15,77.17180252075195,True,4.7353731677385404,654,0.0638671875
1100,8880,"[1, 0, 2]",15,77.18014717102051,False,4.7353731677385404,654,0.0638671875
1100,8881,"[1, 0, 2]",15,77.18515396118164,True,4.7353731677385404,654,0.0638671875
1100,8882,"[1, 0, 2]",15,77.1937370300293,False,4.7353731677385404,654,0.0638671875
1100,8883,"[1, 0, 2]",15,77.19874382019043,True,4.7353731677385404,654,0.0638671875
1100,8884,"[1, 0, 2]",15,77.20732688903809,False,4.7353731677385404,654,0.0638671875
1100,8885,"[1, 0, 2]",15,77.21257209777832,True,4.7353731677385404,654,0.0638671875
1100,8886,"[1, 0, 2]",15,77.22115516662598,False,4.7353731677385404,654,0.0638671875
1100,8887,"[1, 0, 2]",15,77.22663879394531,True,4.7353731677385404,654,0.0638671875
1100,8888,"[1, 0, 2]",15,77.23498344421387,False,4.7353731677385404,654,0.0638671875
1100,8889,"[1, 0, 2]",15,77.2397518157959,True,4.7353731677385404,654,0.0638671875
1100,8890,"[1, 0, 2]",15,77.24833488464355,False,4.7353731677385404,654,0.0638671875
1100,8891,"[1, 0, 2]",15,77.25334167480469,True,4.7353731677385404,654,0.0638671875
1100,8892,"[1, 0, 2]",15,77.26240158081055,False,4.7353731677385404,654,0.0638671875
1100,8893,"[1, 0, 2]",15,77.26716995239258,True,4.7353731677385404,654,0.0638671875
1100,8894,"[1, 0, 2]",15,77.27575302124023,False,4.7353731677385404,654,0.0638671875
1100,8895,"[1, 0, 2]",15,77.28075981140137,True,4.7353731677385404,654,0.0638671875
1100,8896,"[1, 0, 2]",15,77.28958129882812,False,4.7353731677385404,654,0.0638671875
1100,8897,"[1, 0, 2]",15,77.29458808898926,True,4.7353731677385404,654,0.0638671875
1100,8898,"[1, 0, 2]",15,77.31747627258301,False,4.7353731677385404,654,0.0638671875
1100,8899,"[1, 0, 2]",15,77.32224464416504,True,4.7353731677385404,654,0.0638671875
1100,8900,"[1, 0, 2]",15,77.3310661315918,False,4.7353731677385404,654,0.0638671875
1100,8901,"[1, 0, 2]",15,77.33583450317383,True,4.7353731677385404,654,0.0638671875
1100,8902,"[1, 0, 2]",15,77.34465599060059,False,4.7353731677385404,654,0.0638671875
1100,8903,"[1, 0, 2]",15,77.35419273376465,True,4.7353731677385404,654,0.0638671875
1100,8904,"[1, 0, 2]",15,77.36372947692871,False,4.7353731677385404,654,0.0638671875
1100,8905,"[1, 0, 2]",15,77.36921310424805,True,4.7353731677385404,654,0.0638671875
1100,8906,"[1, 0, 2]",15,77.3782730102539,False,4.7353731677385404,654,0.0638671875
1100,8907,"[1, 0, 2]",15,77.38351821899414,True,4.7353731677385404,654,0.0638671875
1100,8908,"[1, 0, 2]",15,77.3923397064209,False,4.7353731677385404,654,0.0638671875
1100,8909,"[1, 0, 2]",15,77.39758491516113,True,4.7353731677385404,654,0.0638671875
1100,8910,"[1, 0, 2]",15,77.40640640258789,False,4.7353731677385404,654,0.0638671875
1100,8911,"[1, 0, 2]",15,77.41165161132812,True,4.7353731677385404,654,0.0638671875
1100,8912,"[1, 0, 2]",15,77.42023468017578,False,4.7353731677385404,654,0.0638671875
1100,8913,"[1, 0, 2]",15,77.42953300476074,True,4.7353731677385404,654,0.0638671875
1100,8914,"[1, 0, 2]",15,77.4390697479248,False,4.7353731677385404,654,0.0638671875
1100,8915,"[1, 0, 2]",15,77.44455337524414,True,4.7353731677385404,654,0.0638671875
1100,8916,"[1, 0, 2]",15,77.4533748626709,False,4.7353731677385404,654,0.0638671875
1100,8917,"[1, 0, 2]",15,77.45885848999023,True,4.7353731677385404,654,0.0638671875
1100,8918,"[1, 0, 2]",15,77.46767997741699,False,4.7353731677385404,654,0.0638671875
1100,8919,"[1, 0, 2]",15,77.47626304626465,True,4.7353731677385404,654,0.0638671875
1100,8920,"[1, 0, 2]",15,77.4850845336914,False,4.7353731677385404,654,0.0638671875
1100,8921,"[1, 0, 2]",15,77.49009132385254,True,4.7353731677385404,654,0.0638671875
1100,8922,"[1, 0, 2]",15,77.4986743927002,False,4.7353731677385404,654,0.0638671875
1100,8923,"[1, 0, 2]",15,77.50344276428223,True,4.7353731677385404,654,0.0638671875
1100,8924,"[1, 0, 2]",15,77.51226425170898,False,4.7353731677385404,654,0.0638671875
1100,8925,"[1, 0, 2]",15,77.51727104187012,True,4.7353731677385404,654,0.0638671875
1100,8926,"[1, 0, 2]",15,77.52609252929688,False,4.7353731677385404,654,0.0638671875
1100,8927,"[1, 0, 2]",15,77.53109931945801,True,4.7353731677385404,654,0.0638671875
1100,8928,"[1, 0, 2]",15,77.53968238830566,False,4.7353731677385404,654,0.0638671875
1100,8929,"[1, 0, 2]",15,77.5444507598877,True,4.7353731677385404,654,0.0638671875
1100,8930,"[1, 0, 2]",15,77.55327224731445,False,4.7353731677385404,654,0.0638671875
1100,8931,"[1, 0, 2]",15,77.55827903747559,True,4.7353731677385404,654,0.0638671875
1100,8932,"[1, 0, 2]",15,77.56710052490234,False,4.7353731677385404,654,0.0638671875
1100,8933,"[1, 0, 2]",15,77.57186889648438,True,4.7353731677385404,654,0.0638671875
1100,8934,"[1, 0, 2]",15,77.58045196533203,False,4.7353731677385404,654,0.0638671875
1100,8935,"[1, 0, 2]",15,77.58545875549316,True,4.7353731677385404,654,0.0638671875
1100,8936,"[1, 0, 2]",15,77.59451866149902,False,4.7353731677385404,654,0.0638671875
1100,8937,"[1, 0, 2]",15,77.59928703308105,True,4.7353731677385404,654,0.0638671875
1100,8938,"[1, 0, 2]",15,77.60810852050781,False,4.7353731677385404,654,0.0638671875
1100,8939,"[1, 0, 2]",15,77.61311531066895,True,4.7353731677385404,654,0.0638671875
1100,8940,"[1, 0, 2]",15,77.62503623962402,False,4.7353731677385404,654,0.0638671875
1100,8941,"[1, 0, 2]",15,77.63028144836426,True,4.7353731677385404,654,0.0638671875
1100,8942,"[1, 0, 2]",15,77.63862609863281,False,4.7353731677385404,654,0.0638671875
1100,8943,"[1, 0, 2]",15,77.64410972595215,True,4.7353731677385404,654,0.0638671875
1100,8944,"[1, 0, 2]",15,77.6524543762207,False,4.7353731677385404,654,0.0638671875
1100,8945,"[1, 0, 2]",15,77.65746116638184,True,4.7353731677385404,654,0.0638671875
1100,8946,"[1, 0, 2]",15,77.6662826538086,False,4.7353731677385404,654,0.0638671875
1100,8947,"[1, 0, 2]",15,77.67152786254883,True,4.7353731677385404,654,0.0638671875
1100,8948,"[1, 0, 2]",15,77.68011093139648,False,4.7353731677385404,654,0.0638671875
1100,8949,"[1, 0, 2]",15,77.68535614013672,True,4.7353731677385404,654,0.0638671875
1100,8950,"[1, 0, 2]",15,77.69393920898438,False,4.7353731677385404,654,0.0638671875
1100,8951,"[1, 0, 2]",15,77.69918441772461,True,4.7353731677385404,654,0.0638671875
1100,8952,"[1, 0, 2]",15,77.70776748657227,False,4.7353731677385404,654,0.0638671875
1100,8953,"[1, 0, 2]",15,77.7127742767334,True,4.7353731677385404,654,0.0638671875
1100,8954,"[1, 0, 2]",15,77.76165008544922,False,4.7353731677385404,654,0.0638671875
1100,8955,"[1, 0, 2]",15,77.7733325958252,True,4.7353731677385404,654,0.0638671875
1100,8956,"[1, 0, 2]",15,77.7885913848877,False,4.7353731677385404,654,0.0638671875
1100,8957,"[1, 0, 2]",15,77.79550552368164,True,4.7353731677385404,654,0.0638671875
1100,8958,"[1, 0, 2]",15,77.80623435974121,False,4.7353731677385404,654,0.0638671875
1100,8959,"[1, 0, 2]",15,77.81219482421875,True,4.7353731677385404,654,0.0638671875
1100,8960,"[1, 0, 2]",15,77.82220840454102,False,4.7353731677385404,654,0.0638671875
1100,8961,"[1, 0, 2]",15,77.83746719360352,True,4.7353731677385404,654,0.0638671875
1100,8962,"[1, 0, 2]",15,77.84700393676758,False,4.7353731677385404,654,0.0638671875
1100,8963,"[1, 0, 2]",15,77.85224914550781,True,4.7353731677385404,654,0.0638671875
1100,8964,"[1, 0, 2]",15,77.86107063293457,False,4.7353731677385404,654,0.0638671875
1100,8965,"[1, 0, 2]",15,77.8663158416748,True,4.7353731677385404,654,0.0638671875
1100,8966,"[1, 0, 2]",15,77.87537574768066,False,4.7353731677385404,654,0.0638671875
1100,8967,"[1, 0, 2]",15,77.8806209564209,True,4.7353731677385404,654,0.0638671875
1100,8968,"[1, 0, 2]",15,77.88944244384766,False,4.7353731677385404,654,0.0638671875
1100,8969,"[1, 0, 2]",15,77.89468765258789,True,4.7353731677385404,654,0.0638671875
1100,8970,"[1, 0, 2]",15,77.90350914001465,False,4.7353731677385404,654,0.0638671875
1100,8971,"[1, 0, 2]",15,77.90827751159668,True,4.7353731677385404,654,0.0638671875
1100,8972,"[1, 0, 2]",15,77.91829109191895,False,4.7353731677385404,654,0.0638671875
1100,8973,"[1, 0, 2]",15,77.92472839355469,True,4.7353731677385404,654,0.0638671875
1100,8974,"[1, 0, 2]",15,77.93474197387695,False,4.7353731677385404,654,0.0638671875
1100,8975,"[1, 0, 2]",15,77.93974876403809,True,4.7353731677385404,654,0.0638671875
1100,8976,"[1, 0, 2]",15,77.94880867004395,False,4.7353731677385404,654,0.0638671875
1100,8977,"[1, 0, 2]",15,77.95405387878418,True,4.7353731677385404,654,0.0638671875
1100,8978,"[1, 0, 2]",15,77.96287536621094,False,4.7353731677385404,654,0.0638671875
1100,8979,"[1, 0, 2]",15,77.96788215637207,True,4.7353731677385404,654,0.0638671875
1100,8980,"[1, 0, 2]",15,77.97670364379883,False,4.7353731677385404,654,0.0638671875
1100,8981,"[1, 0, 2]",15,77.98171043395996,True,4.7353731677385404,654,0.0638671875
1100,8982,"[1, 0, 2]",15,77.99434661865234,False,4.7353731677385404,654,0.0638671875
1100,8983,"[1, 0, 2]",15,77.99959182739258,True,4.7353731677385404,654,0.0638671875
1100,8984,"[1, 0, 2]",15,78.00817489624023,False,4.7353731677385404,654,0.0638671875
1100,8985,"[1, 0, 2]",15,78.01318168640137,True,4.7353731677385404,654,0.0638671875
1100,8986,"[1, 0, 2]",15,78.02200317382812,False,4.7353731677385404,654,0.0638671875
1100,8987,"[1, 0, 2]",15,78.03106307983398,True,4.7353731677385404,654,0.0638671875
1100,8988,"[1, 0, 2]",15,78.04059982299805,False,4.7353731677385404,654,0.0638671875
1100,8989,"[1, 0, 2]",15,78.04608345031738,True,4.7353731677385404,654,0.0638671875
1100,8990,"[1, 0, 2]",15,78.05466651916504,False,4.7353731677385404,654,0.0638671875
1100,8991,"[1, 0, 2]",15,78.06015014648438,True,4.7353731677385404,654,0.0638671875
1100,8992,"[1, 0, 2]",15,78.06873321533203,False,4.7353731677385404,654,0.0638671875
1100,8993,"[1, 0, 2]",15,78.07397842407227,True,4.7353731677385404,654,0.0638671875
1100,8994,"[1, 0, 2]",15,78.08256149291992,False,4.7353731677385404,654,0.0638671875
1100,8995,"[1, 0, 2]",15,78.08756828308105,True,4.7353731677385404,654,0.0638671875
1100,8996,"[1, 0, 2]",15,78.1092643737793,False,4.7353731677385404,654,0.0638671875
1100,8997,"[1, 0, 2]",15,78.1247615814209,True,4.7353731677385404,654,0.0638671875
1100,8998,"[1, 0, 2]",15,78.14455032348633,False,4.7353731677385404,654,0.0638671875
1100,8999,"[1, 0, 2]",15,78.15217971801758,True,4.7353731677385404,654,0.0638671875
1100,9000,"[1, 0, 2]",15,78.16410064697266,False,4.7353731677385404,654,0.0638671875
1100,9001,"[1, 0, 2]",15,78.1698226928711,True,4.7353731677385404,654,0.0638671875
1100,9002,"[1, 0, 2]",15,78.17983627319336,False,4.7353731677385404,654,0.0638671875
1100,9003,"[1, 0, 2]",15,78.19080352783203,True,4.7353731677385404,654,0.0638671875
1100,9004,"[1, 0, 2]",15,78.2017707824707,False,4.7353731677385404,654,0.0638671875
1100,9005,"[1, 0, 2]",15,78.20796966552734,True,4.7353731677385404,654,0.0638671875
1100,9006,"[1, 0, 2]",15,78.21774482727051,False,4.7353731677385404,654,0.0638671875
1100,9007,"[1, 0, 2]",15,78.22322845458984,True,4.7353731677385404,654,0.0638671875
1100,9008,"[1, 0, 2]",15,78.2318115234375,False,4.7353731677385404,654,0.0638671875
1100,9009,"[1, 0, 2]",15,78.23705673217773,True,4.7353731677385404,654,0.0638671875
1100,9010,"[1, 0, 2]",15,78.24540138244629,False,4.7353731677385404,654,0.0638671875
1100,9011,"[1, 0, 2]",15,78.25064659118652,True,4.7353731677385404,654,0.0638671875
1100,9012,"[1, 0, 2]",15,78.25899124145508,False,4.7353731677385404,654,0.0638671875
1100,9013,"[1, 0, 2]",15,78.26375961303711,True,4.7353731677385404,654,0.0638671875
1100,9014,"[1, 0, 2]",15,78.27258110046387,False,4.7353731677385404,654,0.0638671875
1100,9015,"[1, 0, 2]",15,78.2780647277832,True,4.7353731677385404,654,0.0638671875
1100,9016,"[1, 0, 2]",15,78.28664779663086,False,4.7353731677385404,654,0.0638671875
1100,9017,"[1, 0, 2]",15,78.29165458679199,True,4.7353731677385404,654,0.0638671875
1100,9018,"[1, 0, 2]",15,78.30047607421875,False,4.7353731677385404,654,0.0638671875
1100,9019,"[1, 0, 2]",15,78.30595970153809,True,4.7353731677385404,654,0.0638671875
1100,9020,"[1, 0, 2]",15,78.31478118896484,False,4.7353731677385404,654,0.0638671875
1100,9021,"[1, 0, 2]",15,78.31978797912598,True,4.7353731677385404,654,0.0638671875
1100,9022,"[1, 0, 2]",15,78.32813262939453,False,4.7353731677385404,654,0.0638671875
1100,9023,"[1, 0, 2]",15,78.33313941955566,True,4.7353731677385404,654,0.0638671875
1100,9024,"[1, 0, 2]",15,78.34529876708984,False,4.7353731677385404,654,0.0638671875
1100,9025,"[1, 0, 2]",15,78.35030555725098,True,4.7353731677385404,654,0.0638671875
1100,9026,"[1, 0, 2]",15,78.35888862609863,False,4.7353731677385404,654,0.0638671875
1100,9027,"[1, 0, 2]",15,78.36389541625977,True,4.7353731677385404,654,0.0638671875
1100,9028,"[1, 0, 2]",15,78.37247848510742,False,4.7353731677385404,654,0.0638671875
1100,9029,"[1, 0, 2]",15,78.37772369384766,True,4.7353731677385404,654,0.0638671875
1100,9030,"[1, 0, 2]",15,78.38630676269531,False,4.7353731677385404,654,0.0638671875
1100,9031,"[1, 0, 2]",15,78.39131355285645,True,4.7353731677385404,654,0.0638671875
1100,9032,"[1, 0, 2]",15,78.4001350402832,False,4.7353731677385404,654,0.0638671875
1100,9033,"[1, 0, 2]",15,78.40514183044434,True,4.7353731677385404,654,0.0638671875
1100,9034,"[1, 0, 2]",15,78.41372489929199,False,4.7353731677385404,654,0.0638671875
1100,9035,"[1, 0, 2]",15,78.41873168945312,True,4.7353731677385404,654,0.0638671875
1100,9036,"[1, 0, 2]",15,78.42755317687988,False,4.7353731677385404,654,0.0638671875
1100,9037,"[1, 0, 2]",15,78.43232154846191,True,4.7353731677385404,654,0.0638671875
1100,9038,"[1, 0, 2]",15,78.44090461730957,False,4.7353731677385404,654,0.0638671875
1100,9039,"[1, 0, 2]",15,78.4463882446289,True,4.7353731677385404,654,0.0638671875
1100,9040,"[1, 0, 2]",15,78.45473289489746,False,4.7353731677385404,654,0.0638671875
1100,9041,"[1, 0, 2]",15,78.4597396850586,True,4.7353731677385404,654,0.0638671875
1100,9042,"[1, 0, 2]",15,78.46832275390625,False,4.7353731677385404,654,0.0638671875
1100,9043,"[1, 0, 2]",15,78.47332954406738,True,4.7353731677385404,654,0.0638671875
1100,9044,"[1, 0, 2]",15,78.48191261291504,False,4.7353731677385404,654,0.0638671875
1100,9045,"[1, 0, 2]",15,78.4909725189209,True,4.7353731677385404,654,0.0638671875
1100,9046,"[1, 0, 2]",15,78.49955558776855,False,4.7353731677385404,654,0.0638671875
1100,9047,"[1, 0, 2]",15,78.50503921508789,True,4.7353731677385404,654,0.0638671875
1100,9048,"[1, 0, 2]",15,78.51362228393555,False,4.7353731677385404,654,0.0638671875
1100,9049,"[1, 0, 2]",15,78.51886749267578,True,4.7353731677385404,654,0.0638671875
1100,9050,"[1, 0, 2]",15,78.52745056152344,False,4.7353731677385404,654,0.0638671875
1100,9051,"[1, 0, 2]",15,78.53269577026367,True,4.7353731677385404,654,0.0638671875
1100,9052,"[1, 0, 2]",15,78.54199409484863,False,4.7353731677385404,654,0.0638671875
1100,9053,"[1, 0, 2]",15,78.54700088500977,True,4.7353731677385404,654,0.0638671875
1100,9054,"[1, 0, 2]",15,78.55582237243652,False,4.7353731677385404,654,0.0638671875
1100,9055,"[1, 0, 2]",15,78.56082916259766,True,4.7353731677385404,654,0.0638671875
1100,9056,"[1, 0, 2]",15,78.56917381286621,False,4.7353731677385404,654,0.0638671875
1100,9057,"[1, 0, 2]",15,78.57418060302734,True,4.7353731677385404,654,0.0638671875
1100,9058,"[1, 0, 2]",15,78.5825252532959,False,4.7353731677385404,654,0.0638671875
1100,9059,"[1, 0, 2]",15,78.58777046203613,True,4.7353731677385404,654,0.0638671875
1100,9060,"[1, 0, 2]",15,78.59635353088379,False,4.7353731677385404,654,0.0638671875
1100,9061,"[1, 0, 2]",15,78.60136032104492,True,4.7353731677385404,654,0.0638671875
1100,9062,"[1, 0, 2]",15,78.60970497131348,False,4.7353731677385404,654,0.0638671875
1100,9063,"[1, 0, 2]",15,78.61495018005371,True,4.7353731677385404,654,0.0638671875
1100,9064,"[1, 0, 2]",15,78.62329483032227,False,4.7353731677385404,654,0.0638671875
1100,9065,"[1, 0, 2]",15,78.6280632019043,True,4.7353731677385404,654,0.0638671875
1100,9066,"[1, 0, 2]",15,78.64093780517578,False,4.7353731677385404,654,0.0638671875
1100,9067,"[1, 0, 2]",15,78.64618301391602,True,4.7353731677385404,654,0.0638671875
1100,9068,"[1, 0, 2]",15,78.65476608276367,False,4.7353731677385404,654,0.0638671875
1100,9069,"[1, 0, 2]",15,78.6595344543457,True,4.7353731677385404,654,0.0638671875
1100,9070,"[1, 0, 2]",15,78.66859436035156,False,4.7353731677385404,654,0.0638671875
1100,9071,"[1, 0, 2]",15,78.67741584777832,True,4.7353731677385404,654,0.0638671875
1100,9072,"[1, 0, 2]",15,78.68671417236328,False,4.7353731677385404,654,0.0638671875
1100,9073,"[1, 0, 2]",15,78.71508598327637,True,4.7353731677385404,654,0.0638671875
1100,9074,"[1, 0, 2]",15,78.72867584228516,False,4.7353731677385404,654,0.0638671875
1100,9075,"[1, 0, 2]",15,78.73415946960449,True,4.7353731677385404,654,0.0638671875
1100,9076,"[1, 0, 2]",15,78.74298095703125,False,4.7353731677385404,654,0.0638671875
1100,9077,"[1, 0, 2]",15,78.74798774719238,True,4.7353731677385404,654,0.0638671875
1100,9078,"[1, 0, 2]",15,78.75657081604004,False,4.7353731677385404,654,0.0638671875
1100,9079,"[1, 0, 2]",15,78.76205444335938,True,4.7353731677385404,654,0.0638671875
1100,9080,"[1, 0, 2]",15,78.77063751220703,False,4.7353731677385404,654,0.0638671875
1100,9081,"[1, 0, 2]",15,78.77898216247559,True,4.7353731677385404,654,0.0638671875
1100,9082,"[1, 0, 2]",15,78.78780364990234,False,4.7353731677385404,654,0.0638671875
1100,9083,"[1, 0, 2]",15,78.79328727722168,True,4.7353731677385404,654,0.0638671875
1100,9084,"[1, 0, 2]",15,78.80282402038574,False,4.7353731677385404,654,0.0638671875
1100,9085,"[1, 0, 2]",15,78.80806922912598,True,4.7353731677385404,654,0.0638671875
1100,9086,"[1, 0, 2]",15,78.81689071655273,False,4.7353731677385404,654,0.0638671875
1100,9087,"[1, 0, 2]",15,78.82571220397949,True,4.7353731677385404,654,0.0638671875
1100,9088,"[1, 0, 2]",15,78.83453369140625,False,4.7353731677385404,654,0.0638671875
1100,9089,"[1, 0, 2]",15,78.83930206298828,True,4.7353731677385404,654,0.0638671875
1100,9090,"[1, 0, 2]",15,78.84788513183594,False,4.7353731677385404,654,0.0638671875
1100,9091,"[1, 0, 2]",15,78.85289192199707,True,4.7353731677385404,654,0.0638671875
1100,9092,"[1, 0, 2]",15,78.86099815368652,False,4.7353731677385404,654,0.0638671875
1100,9093,"[1, 0, 2]",15,78.86624336242676,True,4.7353731677385404,654,0.0638671875
1100,9094,"[1, 0, 2]",15,78.87458801269531,False,4.7353731677385404,654,0.0638671875
1100,9095,"[1, 0, 2]",15,78.88007164001465,True,4.7353731677385404,654,0.0638671875
1100,9096,"[1, 0, 2]",15,78.8886547088623,False,4.7353731677385404,654,0.0638671875
1100,9097,"[1, 0, 2]",15,78.89366149902344,True,4.7353731677385404,654,0.0638671875
1100,9098,"[1, 0, 2]",15,78.90200614929199,False,4.7353731677385404,654,0.0638671875
1100,9099,"[1, 0, 2]",15,78.90725135803223,True,4.7353731677385404,654,0.0638671875
1100,9100,"[1, 0, 2]",15,78.91583442687988,False,4.7353731677385404,654,0.0638671875
1100,9101,"[1, 0, 2]",15,78.92107963562012,True,4.7353731677385404,654,0.0638671875
1100,9102,"[1, 0, 2]",15,78.92942428588867,False,4.7353731677385404,654,0.0638671875
1100,9103,"[1, 0, 2]",15,78.9346694946289,True,4.7353731677385404,654,0.0638671875
1100,9104,"[1, 0, 2]",15,79.01644706726074,False,4.7353731677385404,654,0.0638671875
1100,9105,"[1, 0, 2]",15,79.04410362243652,True,4.7353731677385404,654,0.0638671875
1100,9106,"[1, 0, 2]",15,79.09774780273438,False,4.7353731677385404,654,0.0638671875
1100,9107,"[1, 0, 2]",15,79.11348342895508,True,4.7353731677385404,654,0.0638671875
1100,9108,"[1, 0, 2]",15,79.14352416992188,False,4.7353731677385404,654,0.0638671875
1100,9109,"[1, 0, 2]",15,79.15496826171875,True,4.7353731677385404,654,0.0638671875
1100,9110,"[1, 0, 2]",15,79.22840118408203,False,4.7353731677385404,654,0.0638671875
1100,9111,"[1, 0, 2]",15,79.24199104309082,True,4.7353731677385404,654,0.0638671875
1100,9112,"[1, 0, 2]",15,79.25653457641602,False,4.7353731677385404,654,0.0638671875
1100,9113,"[1, 0, 2]",15,79.26368713378906,True,4.7353731677385404,654,0.0638671875
1100,9114,"[1, 0, 2]",15,79.27465438842773,False,4.7353731677385404,654,0.0638671875
1100,9115,"[1, 0, 2]",15,79.28156852722168,True,4.7353731677385404,654,0.0638671875
1100,9116,"[1, 0, 2]",15,79.29134368896484,False,4.7353731677385404,654,0.0638671875
1100,9117,"[1, 0, 2]",15,79.29682731628418,True,4.7353731677385404,654,0.0638671875
1100,9118,"[1, 0, 2]",15,79.30588722229004,False,4.7353731677385404,654,0.0638671875
1100,9119,"[1, 0, 2]",15,79.31113243103027,True,4.7353731677385404,654,0.0638671875
1100,9120,"[1, 0, 2]",15,79.32043075561523,False,4.7353731677385404,654,0.0638671875
1100,9121,"[1, 0, 2]",15,79.32567596435547,True,4.7353731677385404,654,0.0638671875
1100,9122,"[1, 0, 2]",15,79.33449745178223,False,4.7353731677385404,654,0.0638671875
1100,9123,"[1, 0, 2]",15,79.34045791625977,True,4.7353731677385404,654,0.0638671875
1100,9124,"[1, 0, 2]",15,79.35094833374023,False,4.7353731677385404,654,0.0638671875
1100,9125,"[1, 0, 2]",15,79.35667037963867,True,4.7353731677385404,654,0.0638671875
1100,9126,"[1, 0, 2]",15,79.36644554138184,False,4.7353731677385404,654,0.0638671875
1100,9127,"[1, 0, 2]",15,79.37216758728027,True,4.7353731677385404,654,0.0638671875
1100,9128,"[1, 0, 2]",15,79.38122749328613,False,4.7353731677385404,654,0.0638671875
1100,9129,"[1, 0, 2]",15,79.39386367797852,True,4.7353731677385404,654,0.0638671875
1100,9130,"[1, 0, 2]",15,79.40292358398438,False,4.7353731677385404,654,0.0638671875
1100,9131,"[1, 0, 2]",15,79.40816879272461,True,4.7353731677385404,654,0.0638671875
1100,9132,"[1, 0, 2]",15,79.41746711730957,False,4.7353731677385404,654,0.0638671875
1100,9133,"[1, 0, 2]",15,79.4224739074707,True,4.7353731677385404,654,0.0638671875
1100,9134,"[1, 0, 2]",15,79.43129539489746,False,4.7353731677385404,654,0.0638671875
1100,9135,"[1, 0, 2]",15,79.4363021850586,True,4.7353731677385404,654,0.0638671875
1100,9136,"[1, 0, 2]",15,79.44512367248535,False,4.7353731677385404,654,0.0638671875
1100,9137,"[1, 0, 2]",15,79.45013046264648,True,4.7353731677385404,654,0.0638671875
1100,9138,"[1, 0, 2]",15,79.45895195007324,False,4.7353731677385404,654,0.0638671875
1100,9139,"[1, 0, 2]",15,79.46372032165527,True,4.7353731677385404,654,0.0638671875
1100,9140,"[1, 0, 2]",15,79.47254180908203,False,4.7353731677385404,654,0.0638671875
1100,9141,"[1, 0, 2]",15,79.47754859924316,True,4.7353731677385404,654,0.0638671875
1100,9142,"[1, 0, 2]",15,79.48637008666992,False,4.7353731677385404,654,0.0638671875
1100,9143,"[1, 0, 2]",15,79.49137687683105,True,4.7353731677385404,654,0.0638671875
1100,9144,"[1, 0, 2]",15,79.50019836425781,False,4.7353731677385404,654,0.0638671875
1100,9145,"[1, 0, 2]",15,79.50496673583984,True,4.7353731677385404,654,0.0638671875
1100,9146,"[1, 0, 2]",15,79.53190803527832,False,4.7353731677385404,654,0.0638671875
1100,9147,"[1, 0, 2]",15,79.53691482543945,True,4.7353731677385404,654,0.0638671875
1100,9148,"[1, 0, 2]",15,79.54645156860352,False,4.7353731677385404,654,0.0638671875
1100,9149,"[1, 0, 2]",15,79.55121994018555,True,4.7353731677385404,654,0.0638671875
1100,9150,"[1, 0, 2]",15,79.56409454345703,False,4.7353731677385404,654,0.0638671875
1100,9151,"[1, 0, 2]",15,79.56957817077637,True,4.7353731677385404,654,0.0638671875
1100,9152,"[1, 0, 2]",15,79.57792282104492,False,4.7353731677385404,654,0.0638671875
1100,9153,"[1, 0, 2]",15,79.58292961120605,True,4.7353731677385404,654,0.0638671875
1100,9154,"[1, 0, 2]",15,79.59175109863281,False,4.7353731677385404,654,0.0638671875
1100,9155,"[1, 0, 2]",15,79.60128784179688,True,4.7353731677385404,654,0.0638671875
1100,9156,"[1, 0, 2]",15,79.61058616638184,False,4.7353731677385404,654,0.0638671875
1100,9157,"[1, 0, 2]",15,79.61606979370117,True,4.7353731677385404,654,0.0638671875
1100,9158,"[1, 0, 2]",15,79.62536811828613,False,4.7353731677385404,654,0.0638671875
1100,9159,"[1, 0, 2]",15,79.63061332702637,True,4.7353731677385404,654,0.0638671875
1100,9160,"[1, 0, 2]",15,79.63967323303223,False,4.7353731677385404,654,0.0638671875
1100,9161,"[1, 0, 2]",15,79.64444160461426,True,4.7353731677385404,654,0.0638671875
1100,9162,"[1, 0, 2]",15,79.65350151062012,False,4.7353731677385404,654,0.0638671875
1100,9163,"[1, 0, 2]",15,79.65850830078125,True,4.7353731677385404,654,0.0638671875
1100,9164,"[1, 0, 2]",15,79.66780662536621,False,4.7353731677385404,654,0.0638671875
1100,9165,"[1, 0, 2]",15,79.67281341552734,True,4.7353731677385404,654,0.0638671875
1100,9166,"[1, 0, 2]",15,79.681396484375,False,4.7353731677385404,654,0.0638671875
1100,9167,"[1, 0, 2]",15,79.68616485595703,True,4.7353731677385404,654,0.0638671875
1100,9168,"[1, 0, 2]",15,79.69498634338379,False,4.7353731677385404,654,0.0638671875
1100,9169,"[1, 0, 2]",15,79.69975471496582,True,4.7353731677385404,654,0.0638671875
1100,9170,"[1, 0, 2]",15,79.70857620239258,False,4.7353731677385404,654,0.0638671875
1100,9171,"[1, 0, 2]",15,79.71692085266113,True,4.7353731677385404,654,0.0638671875
1100,9172,"[1, 0, 2]",15,79.72598075866699,False,4.7353731677385404,654,0.0638671875
1100,9173,"[1, 0, 2]",15,79.73074913024902,True,4.7353731677385404,654,0.0638671875
1100,9174,"[1, 0, 2]",15,79.73980903625488,False,4.7353731677385404,654,0.0638671875
1100,9175,"[1, 0, 2]",15,79.74505424499512,True,4.7353731677385404,654,0.0638671875
1100,9176,"[1, 0, 2]",15,79.75363731384277,False,4.7353731677385404,654,0.0638671875
1100,9177,"[1, 0, 2]",15,79.7586441040039,True,4.7353731677385404,654,0.0638671875
1100,9178,"[1, 0, 2]",15,79.76770401000977,False,4.7353731677385404,654,0.0638671875
1100,9179,"[1, 0, 2]",15,79.7727108001709,True,4.7353731677385404,654,0.0638671875
1100,9180,"[1, 0, 2]",15,79.78153228759766,False,4.7353731677385404,654,0.0638671875
1100,9181,"[1, 0, 2]",15,79.78653907775879,True,4.7353731677385404,654,0.0638671875
1100,9182,"[1, 0, 2]",15,79.79536056518555,False,4.7353731677385404,654,0.0638671875
1100,9183,"[1, 0, 2]",15,79.80060577392578,True,4.7353731677385404,654,0.0638671875
1100,9184,"[1, 0, 2]",15,79.81252670288086,False,4.7353731677385404,654,0.0638671875
1100,9185,"[1, 0, 2]",15,79.85925674438477,True,4.7353731677385404,654,0.0638671875
1100,9186,"[1, 0, 2]",15,79.88429069519043,False,4.7353731677385404,654,0.0638671875
1100,9187,"[1, 0, 2]",15,79.89287376403809,True,4.7353731677385404,654,0.0638671875
1100,9188,"[1, 0, 2]",15,79.90503311157227,False,4.7353731677385404,654,0.0638671875
1100,9189,"[1, 0, 2]",15,79.9112319946289,True,4.7353731677385404,654,0.0638671875
1100,9190,"[1, 0, 2]",15,79.92100715637207,False,4.7353731677385404,654,0.0638671875
1100,9191,"[1, 0, 2]",15,79.9262523651123,True,4.7353731677385404,654,0.0638671875
1100,9192,"[1, 0, 2]",15,79.96749877929688,False,4.7353731677385404,654,0.0638671875
1100,9193,"[1, 0, 2]",15,79.97870445251465,True,4.7353731677385404,654,0.0638671875
1100,9194,"[1, 0, 2]",15,79.99157905578613,False,4.7353731677385404,654,0.0638671875
1100,9195,"[1, 0, 2]",15,79.99753952026367,True,4.7353731677385404,654,0.0638671875
1100,9196,"[1, 0, 2]",15,80.00755310058594,False,4.7353731677385404,654,0.0638671875
1100,9197,"[1, 0, 2]",15,80.01303672790527,True,4.7353731677385404,654,0.0638671875
1100,9198,"[1, 0, 2]",15,80.02328872680664,False,4.7353731677385404,654,0.0638671875
1100,9199,"[1, 0, 2]",15,80.02972602844238,True,4.7353731677385404,654,0.0638671875
1100,9200,"[1, 0, 2]",15,80.03973960876465,False,4.7353731677385404,654,0.0638671875
1100,9201,"[1, 0, 2]",15,80.04546165466309,True,4.7353731677385404,654,0.0638671875
1100,9202,"[1, 0, 2]",15,80.05452156066895,False,4.7353731677385404,654,0.0638671875
1100,9203,"[1, 0, 2]",15,80.05952835083008,True,4.7353731677385404,654,0.0638671875
1100,9204,"[1, 0, 2]",15,80.06811141967773,False,4.7353731677385404,654,0.0638671875
1100,9205,"[1, 0, 2]",15,80.07311820983887,True,4.7353731677385404,654,0.0638671875
1100,9206,"[1, 0, 2]",15,80.08193969726562,False,4.7353731677385404,654,0.0638671875
1100,9207,"[1, 0, 2]",15,80.08694648742676,True,4.7353731677385404,654,0.0638671875
1100,9208,"[1, 0, 2]",15,80.09648323059082,False,4.7353731677385404,654,0.0638671875
1100,9209,"[1, 0, 2]",15,80.10149002075195,True,4.7353731677385404,654,0.0638671875
1100,9210,"[1, 0, 2]",15,80.11007308959961,False,4.7353731677385404,654,0.0638671875
1100,9211,"[1, 0, 2]",15,80.11531829833984,True,4.7353731677385404,654,0.0638671875
1100,9212,"[1, 0, 2]",15,80.12509346008301,False,4.7353731677385404,654,0.0638671875
1100,9213,"[1, 0, 2]",15,80.18279075622559,True,4.7353731677385404,654,0.0638671875
1100,9214,"[1, 0, 2]",15,80.23524284362793,False,4.7353731677385404,654,0.0638671875
1100,9215,"[1, 0, 2]",15,80.25360107421875,True,4.7353731677385404,654,0.0638671875
1100,9216,"[1, 0, 2]",15,80.27458190917969,False,4.7353731677385404,654,0.0638671875
1100,9217,"[1, 0, 2]",15,80.28483390808105,True,4.7353731677385404,654,0.0638671875
1100,9218,"[1, 0, 2]",15,80.29985427856445,False,4.7353731677385404,654,0.0638671875
1100,9219,"[1, 0, 2]",15,80.3079605102539,True,4.7353731677385404,654,0.0638671875
1100,9220,"[1, 0, 2]",15,80.3215503692627,False,4.7353731677385404,654,0.0638671875
1100,9221,"[1, 0, 2]",15,80.32917976379395,True,4.7353731677385404,654,0.0638671875
1100,9222,"[1, 0, 2]",15,80.34229278564453,False,4.7353731677385404,654,0.0638671875
1100,9223,"[1, 0, 2]",15,80.34992218017578,True,4.7353731677385404,654,0.0638671875
1100,9224,"[1, 0, 2]",15,80.36303520202637,False,4.7353731677385404,654,0.0638671875
1100,9225,"[1, 0, 2]",15,80.37114143371582,True,4.7353731677385404,654,0.0638671875
1100,9226,"[1, 0, 2]",15,80.3840160369873,False,4.7353731677385404,654,0.0638671875
1100,9227,"[1, 0, 2]",15,80.39164543151855,True,4.7353731677385404,654,0.0638671875
1100,9228,"[1, 0, 2]",15,80.40642738342285,False,4.7353731677385404,654,0.0638671875
1100,9229,"[1, 0, 2]",15,80.4140567779541,True,4.7353731677385404,654,0.0638671875
1100,9230,"[1, 0, 2]",15,80.42669296264648,False,4.7353731677385404,654,0.0638671875
1100,9231,"[1, 0, 2]",15,80.43456077575684,True,4.7353731677385404,654,0.0638671875
1100,9232,"[1, 0, 2]",15,80.44743537902832,False,4.7353731677385404,654,0.0638671875
1100,9233,"[1, 0, 2]",15,80.45530319213867,True,4.7353731677385404,654,0.0638671875
1100,9234,"[1, 0, 2]",15,80.47795295715332,False,4.7353731677385404,654,0.0638671875
1100,9235,"[1, 0, 2]",15,80.48629760742188,True,4.7353731677385404,654,0.0638671875
1100,9236,"[1, 0, 2]",15,80.49988746643066,False,4.7353731677385404,654,0.0638671875
1100,9237,"[1, 0, 2]",15,80.50727844238281,True,4.7353731677385404,654,0.0638671875
1100,9238,"[1, 0, 2]",15,80.5201530456543,False,4.7353731677385404,654,0.0638671875
1100,9239,"[1, 0, 2]",15,80.53421974182129,True,4.7353731677385404,654,0.0638671875
1100,9240,"[1, 0, 2]",15,80.54924011230469,False,4.7353731677385404,654,0.0638671875
1100,9241,"[1, 0, 2]",15,80.55782318115234,True,4.7353731677385404,654,0.0638671875
1100,9242,"[1, 0, 2]",15,80.57236671447754,False,4.7353731677385404,654,0.0638671875
1100,9243,"[1, 0, 2]",15,80.5807113647461,True,4.7353731677385404,654,0.0638671875
1100,9244,"[1, 0, 2]",15,80.59453964233398,False,4.7353731677385404,654,0.0638671875
1100,9245,"[1, 0, 2]",15,80.60216903686523,True,4.7353731677385404,654,0.0638671875
1100,9246,"[1, 0, 2]",15,80.61504364013672,False,4.7353731677385404,654,0.0638671875
1100,9247,"[1, 0, 2]",15,80.62267303466797,True,4.7353731677385404,654,0.0638671875
1100,9248,"[1, 0, 2]",15,80.63697814941406,False,4.7353731677385404,654,0.0638671875
1100,9249,"[1, 0, 2]",15,80.65080642700195,True,4.7353731677385404,654,0.0638671875
1100,9250,"[1, 0, 2]",15,80.66439628601074,False,4.7353731677385404,654,0.0638671875
1100,9251,"[1, 0, 2]",15,80.6727409362793,True,4.7353731677385404,654,0.0638671875
1100,9252,"[1, 0, 2]",15,80.68633079528809,False,4.7353731677385404,654,0.0638671875
1100,9253,"[1, 0, 2]",15,80.69467544555664,True,4.7353731677385404,654,0.0638671875
1100,9254,"[1, 0, 2]",15,80.70778846740723,False,4.7353731677385404,654,0.0638671875
1100,9255,"[1, 0, 2]",15,80.72090148925781,True,4.7353731677385404,654,0.0638671875
1100,9256,"[1, 0, 2]",15,80.7344913482666,False,4.7353731677385404,654,0.0638671875
1100,9257,"[1, 0, 2]",15,80.74188232421875,True,4.7353731677385404,654,0.0638671875
1100,9258,"[1, 0, 2]",15,80.75475692749023,False,4.7353731677385404,654,0.0638671875
1100,9259,"[1, 0, 2]",15,80.76214790344238,True,4.7353731677385404,654,0.0638671875
1100,9260,"[1, 0, 2]",15,80.77549934387207,False,4.7353731677385404,654,0.0638671875
1100,9261,"[1, 0, 2]",15,80.78289031982422,True,4.7353731677385404,654,0.0638671875
1100,9262,"[1, 0, 2]",15,80.7957649230957,False,4.7353731677385404,654,0.0638671875
1100,9263,"[1, 0, 2]",15,80.80363273620605,True,4.7353731677385404,654,0.0638671875
1100,9264,"[1, 0, 2]",15,80.81626892089844,False,4.7353731677385404,654,0.0638671875
1100,9265,"[1, 0, 2]",15,80.82365989685059,True,4.7353731677385404,654,0.0638671875
1100,9266,"[1, 0, 2]",15,80.83629608154297,False,4.7353731677385404,654,0.0638671875
1100,9267,"[1, 0, 2]",15,80.84392547607422,True,4.7353731677385404,654,0.0638671875
1100,9268,"[1, 0, 2]",15,80.8568000793457,False,4.7353731677385404,654,0.0638671875
1100,9269,"[1, 0, 2]",15,80.86442947387695,True,4.7353731677385404,654,0.0638671875
1100,9270,"[1, 0, 2]",15,80.87730407714844,False,4.7353731677385404,654,0.0638671875
1100,9271,"[1, 0, 2]",15,80.88469505310059,True,4.7353731677385404,654,0.0638671875
1100,9272,"[1, 0, 2]",15,80.89756965637207,False,4.7353731677385404,654,0.0638671875
1100,9273,"[1, 0, 2]",15,80.90519905090332,True,4.7353731677385404,654,0.0638671875
1100,9274,"[1, 0, 2]",15,80.9180736541748,False,4.7353731677385404,654,0.0638671875
1100,9275,"[1, 0, 2]",15,80.92570304870605,True,4.7353731677385404,654,0.0638671875
1100,9276,"[1, 0, 2]",15,80.94954490661621,False,4.7353731677385404,654,0.0638671875
1100,9277,"[1, 0, 2]",15,80.97624778747559,True,4.7353731677385404,654,0.0638671875
1100,9278,"[1, 0, 2]",15,81.06160163879395,False,4.7353731677385404,654,0.0638671875
1100,9279,"[1, 0, 2]",15,81.07471466064453,True,4.7353731677385404,654,0.0638671875
1100,9280,"[1, 0, 2]",15,81.08949661254883,False,4.7353731677385404,654,0.0638671875
1100,9281,"[1, 0, 2]",15,81.09736442565918,True,4.7353731677385404,654,0.0638671875
1100,9282,"[1, 0, 2]",15,81.10761642456055,False,4.7353731677385404,654,0.0638671875
1100,9283,"[1, 0, 2]",15,81.11310005187988,True,4.7353731677385404,654,0.0638671875
1100,9284,"[1, 0, 2]",15,81.12239837646484,False,4.7353731677385404,654,0.0638671875
1100,9285,"[1, 0, 2]",15,81.12788200378418,True,4.7353731677385404,654,0.0638671875
1100,9286,"[1, 0, 2]",15,81.13718032836914,False,4.7353731677385404,654,0.0638671875
1100,9287,"[1, 0, 2]",15,81.14290237426758,True,4.7353731677385404,654,0.0638671875
1100,9288,"[1, 0, 2]",15,81.15124702453613,False,4.7353731677385404,654,0.0638671875
1100,9289,"[1, 0, 2]",15,81.15673065185547,True,4.7353731677385404,654,0.0638671875
1100,9290,"[1, 0, 2]",15,81.16555213928223,False,4.7353731677385404,654,0.0638671875
1100,9291,"[1, 0, 2]",15,81.17079734802246,True,4.7353731677385404,654,0.0638671875
1100,9292,"[1, 0, 2]",15,81.17985725402832,False,4.7353731677385404,654,0.0638671875
1100,9293,"[1, 0, 2]",15,81.18534088134766,True,4.7353731677385404,654,0.0638671875
1100,9294,"[1, 0, 2]",15,81.19487762451172,False,4.7353731677385404,654,0.0638671875
1100,9295,"[1, 0, 2]",15,81.19964599609375,True,4.7353731677385404,654,0.0638671875
1100,9296,"[1, 0, 2]",15,81.20870590209961,False,4.7353731677385404,654,0.0638671875
1100,9297,"[1, 0, 2]",15,81.22396469116211,True,4.7353731677385404,654,0.0638671875
1100,9298,"[1, 0, 2]",15,81.24399185180664,False,4.7353731677385404,654,0.0638671875
1100,9299,"[1, 0, 2]",15,81.2525749206543,True,4.7353731677385404,654,0.0638671875
1100,9300,"[1, 0, 2]",15,81.2685489654541,False,4.7353731677385404,654,0.0638671875
1100,9301,"[1, 0, 2]",15,81.27784729003906,True,4.7353731677385404,654,0.0638671875
1100,9302,"[1, 0, 2]",15,81.29334449768066,False,4.7353731677385404,654,0.0638671875
1100,9303,"[1, 0, 2]",15,81.30264282226562,True,4.7353731677385404,654,0.0638671875
1100,9304,"[1, 0, 2]",15,81.31814002990723,False,4.7353731677385404,654,0.0638671875
1100,9305,"[1, 0, 2]",15,81.32791519165039,True,4.7353731677385404,654,0.0638671875
1100,9306,"[1, 0, 2]",15,81.3441276550293,False,4.7353731677385404,654,0.0638671875
1100,9307,"[1, 0, 2]",15,81.35294914245605,True,4.7353731677385404,654,0.0638671875
1100,9308,"[1, 0, 2]",15,81.36796951293945,False,4.7353731677385404,654,0.0638671875
1100,9309,"[1, 0, 2]",15,81.37726783752441,True,4.7353731677385404,654,0.0638671875
1100,9310,"[1, 0, 2]",15,81.39276504516602,False,4.7353731677385404,654,0.0638671875
1100,9311,"[1, 0, 2]",15,81.40134811401367,True,4.7353731677385404,654,0.0638671875
1100,9312,"[1, 0, 2]",15,81.44330978393555,False,4.7353731677385404,654,0.0638671875
1100,9313,"[1, 0, 2]",15,81.4521312713623,True,4.7353731677385404,654,0.0638671875
1100,9314,"[1, 0, 2]",15,81.4671516418457,False,4.7353731677385404,654,0.0638671875
1100,9315,"[1, 0, 2]",15,81.47597312927246,True,4.7353731677385404,654,0.0638671875
1100,9316,"[1, 0, 2]",15,81.49075508117676,False,4.7353731677385404,654,0.0638671875
1100,9317,"[1, 0, 2]",15,81.49981498718262,True,4.7353731677385404,654,0.0638671875
1100,9318,"[1, 0, 2]",15,81.52961730957031,False,4.7353731677385404,654,0.0638671875
1100,9319,"[1, 0, 2]",15,81.54106140136719,True,4.7353731677385404,654,0.0638671875
1100,9320,"[1, 0, 2]",15,81.55655860900879,False,4.7353731677385404,654,0.0638671875
1100,9321,"[1, 0, 2]",15,81.56561851501465,True,4.7353731677385404,654,0.0638671875
1100,9322,"[1, 0, 2]",15,81.58040046691895,False,4.7353731677385404,654,0.0638671875
1100,9323,"[1, 0, 2]",15,81.59518241882324,True,4.7353731677385404,654,0.0638671875
1110,9324,"[2, 1, 0]",300,81.61258697509766,False,13.09037222002324,644,0.062890625
1110,9325,"[2, 1, 0]",300,81.62522315979004,True,13.09037222002324,644,0.062890625
1110,9326,"[2, 1, 0]",300,81.64072036743164,False,13.09037222002324,644,0.062890625
1110,9327,"[2, 1, 0]",300,81.6502571105957,True,13.09037222002324,644,0.062890625
1110,9328,"[2, 1, 0]",300,81.6652774810791,False,13.09037222002324,644,0.062890625
1110,9329,"[2, 1, 0]",300,81.67409896850586,True,13.09037222002324,644,0.062890625
1110,9330,"[2, 1, 0]",300,81.68888092041016,False,13.09037222002324,644,0.062890625
1110,9331,"[2, 1, 0]",300,81.69770240783691,True,13.09037222002324,644,0.062890625
1110,9332,"[2, 1, 0]",300,81.71224594116211,False,13.09037222002324,644,0.062890625
1110,9333,"[2, 1, 0]",300,81.72106742858887,True,13.09037222002324,644,0.062890625
1110,9334,"[2, 1, 0]",300,81.73584938049316,False,13.09037222002324,644,0.062890625
1110,9335,"[2, 1, 0]",300,81.74467086791992,True,13.09037222002324,644,0.062890625
1110,9336,"[2, 1, 0]",300,81.75969123840332,False,13.09037222002324,644,0.062890625
1110,9337,"[2, 1, 0]",300,81.76851272583008,True,13.09037222002324,644,0.062890625
1110,9338,"[2, 1, 0]",300,81.78281784057617,False,13.09037222002324,644,0.062890625
1110,9339,"[2, 1, 0]",300,81.79640769958496,True,13.09037222002324,644,0.062890625
1110,9340,"[2, 1, 0]",300,81.81142807006836,False,13.09037222002324,644,0.062890625
1110,9341,"[2, 1, 0]",300,81.82001113891602,True,13.09037222002324,644,0.062890625
1110,9342,"[2, 1, 0]",300,81.83455467224121,False,13.09037222002324,644,0.062890625
1110,9343,"[2, 1, 0]",300,81.84289932250977,True,13.09037222002324,644,0.062890625
1110,9344,"[2, 1, 0]",300,81.85768127441406,False,13.09037222002324,644,0.062890625
1110,9345,"[2, 1, 0]",300,81.86602592468262,True,13.09037222002324,644,0.062890625
1110,9346,"[2, 1, 0]",300,81.88033103942871,False,13.09037222002324,644,0.062890625
1110,9347,"[2, 1, 0]",300,81.88915252685547,True,13.09037222002324,644,0.062890625
1110,9348,"[2, 1, 0]",300,81.90369606018066,False,13.09037222002324,644,0.062890625
1110,9349,"[2, 1, 0]",300,81.91227912902832,True,13.09037222002324,644,0.062890625
1110,9350,"[2, 1, 0]",300,81.92729949951172,False,13.09037222002324,644,0.062890625
1110,9351,"[2, 1, 0]",300,81.93588256835938,True,13.09037222002324,644,0.062890625
1110,9352,"[2, 1, 0]",300,81.95114135742188,False,13.09037222002324,644,0.062890625
1110,9353,"[2, 1, 0]",300,81.95948600769043,True,13.09037222002324,644,0.062890625
1110,9354,"[2, 1, 0]",300,81.97379112243652,False,13.09037222002324,644,0.062890625
1110,9355,"[2, 1, 0]",300,81.98237419128418,True,13.09037222002324,644,0.062890625
1110,9356,"[2, 1, 0]",300,81.99715614318848,False,13.09037222002324,644,0.062890625
1110,9357,"[2, 1, 0]",300,82.00573921203613,True,13.09037222002324,644,0.062890625
1110,9358,"[2, 1, 0]",300,82.02004432678223,False,13.09037222002324,644,0.062890625
1110,9359,"[2, 1, 0]",300,82.03363418579102,True,13.09037222002324,644,0.062890625
1110,9360,"[2, 1, 0]",300,82.05008506774902,False,13.09037222002324,644,0.062890625
1110,9361,"[2, 1, 0]",300,82.15594291687012,True,13.09037222002324,644,0.062890625
1110,9362,"[2, 1, 0]",300,82.20362663269043,False,13.09037222002324,644,0.062890625
1110,9363,"[2, 1, 0]",300,82.22341537475586,True,13.09037222002324,644,0.062890625
1110,9364,"[2, 1, 0]",300,82.2453498840332,False,13.09037222002324,644,0.062890625
1110,9365,"[2, 1, 0]",300,82.25798606872559,True,13.09037222002324,644,0.062890625
1110,9366,"[2, 1, 0]",300,82.2758674621582,False,13.09037222002324,644,0.062890625
1110,9367,"[2, 1, 0]",300,82.28588104248047,True,13.09037222002324,644,0.062890625
1110,9368,"[2, 1, 0]",300,82.30161666870117,False,13.09037222002324,644,0.062890625
1110,9369,"[2, 1, 0]",300,82.31067657470703,True,13.09037222002324,644,0.062890625
1110,9370,"[2, 1, 0]",300,82.32808113098145,False,13.09037222002324,644,0.062890625
1110,9371,"[2, 1, 0]",300,82.33904838562012,True,13.09037222002324,644,0.062890625
1110,9372,"[2, 1, 0]",300,82.35955238342285,False,13.09037222002324,644,0.062890625
1110,9373,"[2, 1, 0]",300,82.36503601074219,True,13.09037222002324,644,0.062890625
1110,9374,"[2, 1, 0]",300,82.38053321838379,False,13.09037222002324,644,0.062890625
1110,9375,"[2, 1, 0]",300,82.38649368286133,True,13.09037222002324,644,0.062890625
1110,9376,"[2, 1, 0]",300,82.39626884460449,False,13.09037222002324,644,0.062890625
1110,9377,"[2, 1, 0]",300,82.40175247192383,True,13.09037222002324,644,0.062890625
1110,9378,"[2, 1, 0]",300,82.41105079650879,False,13.09037222002324,644,0.062890625
1110,9379,"[2, 1, 0]",300,82.41653442382812,True,13.09037222002324,644,0.062890625
1110,9380,"[2, 1, 0]",300,82.42535591125488,False,13.09037222002324,644,0.062890625
1110,9381,"[2, 1, 0]",300,82.43417739868164,True,13.09037222002324,644,0.062890625
1110,9382,"[2, 1, 0]",300,82.4439525604248,False,13.09037222002324,644,0.062890625
1110,9383,"[2, 1, 0]",300,82.44943618774414,True,13.09037222002324,644,0.062890625
1110,9384,"[2, 1, 0]",300,82.4587345123291,False,13.09037222002324,644,0.062890625
1110,9385,"[2, 1, 0]",300,82.46374130249023,True,13.09037222002324,644,0.062890625
1110,9386,"[2, 1, 0]",300,82.47232437133789,False,13.09037222002324,644,0.062890625
1110,9387,"[2, 1, 0]",300,82.47733116149902,True,13.09037222002324,644,0.062890625
1110,9388,"[2, 1, 0]",300,82.48639106750488,False,13.09037222002324,644,0.062890625
1110,9389,"[2, 1, 0]",300,82.49115943908691,True,13.09037222002324,644,0.062890625
1110,9390,"[2, 1, 0]",300,82.51762390136719,False,13.09037222002324,644,0.062890625
1110,9391,"[2, 1, 0]",300,82.52978324890137,True,13.09037222002324,644,0.062890625
1110,9392,"[2, 1, 0]",300,82.54623413085938,False,13.09037222002324,644,0.062890625
1110,9393,"[2, 1, 0]",300,82.55386352539062,True,13.09037222002324,644,0.062890625
1110,9394,"[2, 1, 0]",300,82.5655460357666,False,13.09037222002324,644,0.062890625
1110,9395,"[2, 1, 0]",300,82.57174491882324,True,13.09037222002324,644,0.062890625
1110,9396,"[2, 1, 0]",300,82.58175849914551,False,13.09037222002324,644,0.062890625
1110,9397,"[2, 1, 0]",300,82.58748054504395,True,13.09037222002324,644,0.062890625
1110,9398,"[2, 1, 0]",300,82.5963020324707,False,13.09037222002324,644,0.062890625
1110,9399,"[2, 1, 0]",300,82.60178565979004,True,13.09037222002324,644,0.062890625
1110,9400,"[2, 1, 0]",300,82.611083984375,False,13.09037222002324,644,0.062890625
1110,9401,"[2, 1, 0]",300,82.62133598327637,True,13.09037222002324,644,0.062890625
1110,9402,"[2, 1, 0]",300,82.63039588928223,False,13.09037222002324,644,0.062890625
1110,9403,"[2, 1, 0]",300,82.63587951660156,True,13.09037222002324,644,0.062890625
1110,9404,"[2, 1, 0]",300,82.64493942260742,False,13.09037222002324,644,0.062890625
1110,9405,"[2, 1, 0]",300,82.65018463134766,True,13.09037222002324,644,0.062890625
1110,9406,"[2, 1, 0]",300,82.65876770019531,False,13.09037222002324,644,0.062890625
1110,9407,"[2, 1, 0]",300,82.66377449035645,True,13.09037222002324,644,0.062890625
1110,9408,"[2, 1, 0]",300,82.6723575592041,False,13.09037222002324,644,0.062890625
1110,9409,"[2, 1, 0]",300,82.67784118652344,True,13.09037222002324,644,0.062890625
1110,9410,"[2, 1, 0]",300,82.6864242553711,False,13.09037222002324,644,0.062890625
1110,9411,"[2, 1, 0]",300,82.69166946411133,True,13.09037222002324,644,0.062890625
1110,9412,"[2, 1, 0]",300,82.70001411437988,False,13.09037222002324,644,0.062890625
1110,9413,"[2, 1, 0]",300,82.70502090454102,True,13.09037222002324,644,0.062890625
1110,9414,"[2, 1, 0]",300,82.71336555480957,False,13.09037222002324,644,0.062890625
1110,9415,"[2, 1, 0]",300,82.7188491821289,True,13.09037222002324,644,0.062890625
1110,9416,"[2, 1, 0]",300,82.72743225097656,False,13.09037222002324,644,0.062890625
1110,9417,"[2, 1, 0]",300,82.73959159851074,True,13.09037222002324,644,0.062890625
1110,9418,"[2, 1, 0]",300,82.7481746673584,False,13.09037222002324,644,0.062890625
1110,9419,"[2, 1, 0]",300,82.75389671325684,True,13.09037222002324,644,0.062890625
1110,9420,"[2, 1, 0]",300,82.78656005859375,False,13.09037222002324,644,0.062890625
1110,9421,"[2, 1, 0]",300,82.81970024108887,True,13.09037222002324,644,0.062890625
1110,9422,"[2, 1, 0]",300,82.83591270446777,False,13.09037222002324,644,0.062890625
1110,9423,"[2, 1, 0]",300,82.84854888916016,True,13.09037222002324,644,0.062890625
1110,9424,"[2, 1, 0]",300,82.85975456237793,False,13.09037222002324,644,0.062890625
1110,9425,"[2, 1, 0]",300,82.8700065612793,True,13.09037222002324,644,0.062890625
1110,9426,"[2, 1, 0]",300,82.88073539733887,False,13.09037222002324,644,0.062890625
1110,9427,"[2, 1, 0]",300,82.8866958618164,True,13.09037222002324,644,0.062890625
1110,9428,"[2, 1, 0]",300,82.89647102355957,False,13.09037222002324,644,0.062890625
1110,9429,"[2, 1, 0]",300,82.9017162322998,True,13.09037222002324,644,0.062890625
1110,9430,"[2, 1, 0]",300,82.91077613830566,False,13.09037222002324,644,0.062890625
1110,9431,"[2, 1, 0]",300,82.9155445098877,True,13.09037222002324,644,0.062890625
1110,9432,"[2, 1, 0]",300,82.92436599731445,False,13.09037222002324,644,0.062890625
1110,9433,"[2, 1, 0]",300,82.92937278747559,True,13.09037222002324,644,0.062890625
1110,9434,"[2, 1, 0]",300,82.93819427490234,False,13.09037222002324,644,0.062890625
1110,9435,"[2, 1, 0]",300,82.94296264648438,True,13.09037222002324,644,0.062890625
1110,9436,"[2, 1, 0]",300,82.95178413391113,False,13.09037222002324,644,0.062890625
1110,9437,"[2, 1, 0]",300,82.95655250549316,True,13.09037222002324,644,0.062890625
1110,9438,"[2, 1, 0]",300,82.96513557434082,False,13.09037222002324,644,0.062890625
1110,9439,"[2, 1, 0]",300,82.96990394592285,True,13.09037222002324,644,0.062890625
1110,9440,"[2, 1, 0]",300,82.97872543334961,False,13.09037222002324,644,0.062890625
1110,9441,"[2, 1, 0]",300,82.98349380493164,True,13.09037222002324,644,0.062890625
1110,9442,"[2, 1, 0]",300,82.9920768737793,False,13.09037222002324,644,0.062890625
1110,9443,"[2, 1, 0]",300,83.00042152404785,True,13.09037222002324,644,0.062890625
1110,9444,"[2, 1, 0]",300,83.00924301147461,False,13.09037222002324,644,0.062890625
1110,9445,"[2, 1, 0]",300,83.01448822021484,True,13.09037222002324,644,0.062890625
1110,9446,"[2, 1, 0]",300,83.0230712890625,False,13.09037222002324,644,0.062890625
1110,9447,"[2, 1, 0]",300,83.02807807922363,True,13.09037222002324,644,0.062890625
1110,9448,"[2, 1, 0]",300,83.03642272949219,False,13.09037222002324,644,0.062890625
1110,9449,"[2, 1, 0]",300,83.04142951965332,True,13.09037222002324,644,0.062890625
1110,9450,"[2, 1, 0]",300,83.05025100708008,False,13.09037222002324,644,0.062890625
1110,9451,"[2, 1, 0]",300,83.05525779724121,True,13.09037222002324,644,0.062890625
1110,9452,"[2, 1, 0]",300,83.06384086608887,False,13.09037222002324,644,0.062890625
1110,9453,"[2, 1, 0]",300,83.06884765625,True,13.09037222002324,644,0.062890625
1110,9454,"[2, 1, 0]",300,83.07743072509766,False,13.09037222002324,644,0.062890625
1110,9455,"[2, 1, 0]",300,83.08243751525879,True,13.09037222002324,644,0.062890625
1110,9456,"[2, 1, 0]",300,83.09102058410645,False,13.09037222002324,644,0.062890625
1110,9457,"[2, 1, 0]",300,83.09578895568848,True,13.09037222002324,644,0.062890625
1110,9458,"[2, 1, 0]",300,83.10461044311523,False,13.09037222002324,644,0.062890625
1110,9459,"[2, 1, 0]",300,83.10937881469727,True,13.09037222002324,644,0.062890625
1110,9460,"[2, 1, 0]",300,83.11820030212402,False,13.09037222002324,644,0.062890625
1110,9461,"[2, 1, 0]",300,83.12320709228516,True,13.09037222002324,644,0.062890625
1110,9462,"[2, 1, 0]",300,83.13179016113281,False,13.09037222002324,644,0.062890625
1110,9463,"[2, 1, 0]",300,83.13655853271484,True,13.09037222002324,644,0.062890625
1110,9464,"[2, 1, 0]",300,83.1449031829834,False,13.09037222002324,644,0.062890625
1110,9465,"[2, 1, 0]",300,83.15300941467285,True,13.09037222002324,644,0.062890625
1110,9466,"[2, 1, 0]",300,83.16206932067871,False,13.09037222002324,644,0.062890625
1110,9467,"[2, 1, 0]",300,83.16707611083984,True,13.09037222002324,644,0.062890625
1110,9468,"[2, 1, 0]",300,83.1756591796875,False,13.09037222002324,644,0.062890625
1110,9469,"[2, 1, 0]",300,83.18066596984863,True,13.09037222002324,644,0.062890625
1110,9470,"[2, 1, 0]",300,83.18948745727539,False,13.09037222002324,644,0.062890625
1110,9471,"[2, 1, 0]",300,83.19449424743652,True,13.09037222002324,644,0.062890625
1110,9472,"[2, 1, 0]",300,83.20307731628418,False,13.09037222002324,644,0.062890625
1110,9473,"[2, 1, 0]",300,83.20832252502441,True,13.09037222002324,644,0.062890625
1110,9474,"[2, 1, 0]",300,83.21666717529297,False,13.09037222002324,644,0.062890625
1110,9475,"[2, 1, 0]",300,83.22477340698242,True,13.09037222002324,644,0.062890625
1110,9476,"[2, 1, 0]",300,83.23359489440918,False,13.09037222002324,644,0.062890625
1110,9477,"[2, 1, 0]",300,83.23860168457031,True,13.09037222002324,644,0.062890625
1110,9478,"[2, 1, 0]",300,83.24718475341797,False,13.09037222002324,644,0.062890625
1110,9479,"[2, 1, 0]",300,83.251953125,True,13.09037222002324,644,0.062890625
1110,9480,"[2, 1, 0]",300,83.26053619384766,False,13.09037222002324,644,0.062890625
1110,9481,"[2, 1, 0]",300,83.26578140258789,True,13.09037222002324,644,0.062890625
1110,9482,"[2, 1, 0]",300,83.27436447143555,False,13.09037222002324,644,0.062890625
1110,9483,"[2, 1, 0]",300,83.27913284301758,True,13.09037222002324,644,0.062890625
1110,9484,"[2, 1, 0]",300,83.28771591186523,False,13.09037222002324,644,0.062890625
1110,9485,"[2, 1, 0]",300,83.29582214355469,True,13.09037222002324,644,0.062890625
1110,9486,"[2, 1, 0]",300,83.30488204956055,False,13.09037222002324,644,0.062890625
1110,9487,"[2, 1, 0]",300,83.30988883972168,True,13.09037222002324,644,0.062890625
1110,9488,"[2, 1, 0]",300,83.31847190856934,False,13.09037222002324,644,0.062890625
1110,9489,"[2, 1, 0]",300,83.32371711730957,True,13.09037222002324,644,0.062890625
1110,9490,"[2, 1, 0]",300,83.33206176757812,False,13.09037222002324,644,0.062890625
1110,9491,"[2, 1, 0]",300,83.33730697631836,True,13.09037222002324,644,0.062890625
1110,9492,"[2, 1, 0]",300,83.34565162658691,False,13.09037222002324,644,0.062890625
1110,9493,"[2, 1, 0]",300,83.35065841674805,True,13.09037222002324,644,0.062890625
1110,9494,"[2, 1, 0]",300,83.3590030670166,False,13.09037222002324,644,0.062890625
1110,9495,"[2, 1, 0]",300,83.36424827575684,True,13.09037222002324,644,0.062890625
1110,9496,"[2, 1, 0]",300,83.37235450744629,False,13.09037222002324,644,0.062890625
1110,9497,"[2, 1, 0]",300,83.37736129760742,True,13.09037222002324,644,0.062890625
1110,9498,"[2, 1, 0]",300,83.38618278503418,False,13.09037222002324,644,0.062890625
1110,9499,"[2, 1, 0]",300,83.39095115661621,True,13.09037222002324,644,0.062890625
1110,9500,"[2, 1, 0]",300,83.39953422546387,False,13.09037222002324,644,0.062890625
1110,9501,"[2, 1, 0]",300,83.404541015625,True,13.09037222002324,644,0.062890625
1110,9502,"[2, 1, 0]",300,83.41312408447266,False,13.09037222002324,644,0.062890625
1110,9503,"[2, 1, 0]",300,83.41813087463379,True,13.09037222002324,644,0.062890625
1110,9504,"[2, 1, 0]",300,83.42671394348145,False,13.09037222002324,644,0.062890625
1110,9505,"[2, 1, 0]",300,83.43148231506348,True,13.09037222002324,644,0.062890625
1110,9506,"[2, 1, 0]",300,83.43958854675293,False,13.09037222002324,644,0.062890625
1110,9507,"[2, 1, 0]",300,83.44769477844238,True,13.09037222002324,644,0.062890625
1110,9508,"[2, 1, 0]",300,83.45603942871094,False,13.09037222002324,644,0.062890625
1110,9509,"[2, 1, 0]",300,83.46080780029297,True,13.09037222002324,644,0.062890625
1110,9510,"[2, 1, 0]",300,83.46962928771973,False,13.09037222002324,644,0.062890625
1110,9511,"[2, 1, 0]",300,83.47439765930176,True,13.09037222002324,644,0.062890625
1110,9512,"[2, 1, 0]",300,83.48298072814941,False,13.09037222002324,644,0.062890625
1110,9513,"[2, 1, 0]",300,83.48798751831055,True,13.09037222002324,644,0.062890625
1110,9514,"[2, 1, 0]",300,83.4963321685791,False,13.09037222002324,644,0.062890625
1110,9515,"[2, 1, 0]",300,83.50133895874023,True,13.09037222002324,644,0.062890625
1110,9516,"[2, 1, 0]",300,83.52279663085938,False,13.09037222002324,644,0.062890625
1110,9517,"[2, 1, 0]",300,83.52875709533691,True,13.09037222002324,644,0.062890625
1110,9518,"[2, 1, 0]",300,83.53829383850098,False,13.09037222002324,644,0.062890625
1110,9519,"[2, 1, 0]",300,83.54330062866211,True,13.09037222002324,644,0.062890625
1110,9520,"[2, 1, 0]",300,83.55188369750977,False,13.09037222002324,644,0.062890625
1110,9521,"[2, 1, 0]",300,83.5566520690918,True,13.09037222002324,644,0.062890625
1110,9522,"[2, 1, 0]",300,83.56523513793945,False,13.09037222002324,644,0.062890625
1110,9523,"[2, 1, 0]",300,83.57000350952148,True,13.09037222002324,644,0.062890625
1110,9524,"[2, 1, 0]",300,83.57810974121094,False,13.09037222002324,644,0.062890625
1110,9525,"[2, 1, 0]",300,83.5866928100586,True,13.09037222002324,644,0.062890625
1110,9526,"[2, 1, 0]",300,83.59551429748535,False,13.09037222002324,644,0.062890625
1110,9527,"[2, 1, 0]",300,83.6036205291748,True,13.09037222002324,644,0.062890625
1110,9528,"[2, 1, 0]",300,83.61244201660156,False,13.09037222002324,644,0.062890625
1110,9529,"[2, 1, 0]",300,83.6176872253418,True,13.09037222002324,644,0.062890625
1110,9530,"[2, 1, 0]",300,83.62650871276855,False,13.09037222002324,644,0.062890625
1110,9531,"[2, 1, 0]",300,83.63151550292969,True,13.09037222002324,644,0.062890625
1110,9532,"[2, 1, 0]",300,83.63986015319824,False,13.09037222002324,644,0.062890625
1110,9533,"[2, 1, 0]",300,83.64510536193848,True,13.09037222002324,644,0.062890625
1110,9534,"[2, 1, 0]",300,83.65321159362793,False,13.09037222002324,644,0.062890625
1110,9535,"[2, 1, 0]",300,83.65821838378906,True,13.09037222002324,644,0.062890625
1110,9536,"[2, 1, 0]",300,83.66680145263672,False,13.09037222002324,644,0.062890625
1110,9537,"[2, 1, 0]",300,83.67180824279785,True,13.09037222002324,644,0.062890625
1110,9538,"[2, 1, 0]",300,83.6801528930664,False,13.09037222002324,644,0.062890625
1110,9539,"[2, 1, 0]",300,83.68492126464844,True,13.09037222002324,644,0.062890625
1110,9540,"[2, 1, 0]",300,83.69302749633789,False,13.09037222002324,644,0.062890625
1110,9541,"[2, 1, 0]",300,83.69803428649902,True,13.09037222002324,644,0.062890625
1110,9542,"[2, 1, 0]",300,83.70637893676758,False,13.09037222002324,644,0.062890625
1110,9543,"[2, 1, 0]",300,83.71138572692871,True,13.09037222002324,644,0.062890625
1110,9544,"[2, 1, 0]",300,83.71996879577637,False,13.09037222002324,644,0.062890625
1110,9545,"[2, 1, 0]",300,83.7249755859375,True,13.09037222002324,644,0.062890625
1110,9546,"[2, 1, 0]",300,83.73308181762695,False,13.09037222002324,644,0.062890625
1110,9547,"[2, 1, 0]",300,83.73808860778809,True,13.09037222002324,644,0.062890625
1110,9548,"[2, 1, 0]",300,83.74667167663574,False,13.09037222002324,644,0.062890625
1110,9549,"[2, 1, 0]",300,83.75430107116699,True,13.09037222002324,644,0.062890625
1110,9550,"[2, 1, 0]",300,83.76264572143555,False,13.09037222002324,644,0.062890625
1110,9551,"[2, 1, 0]",300,83.76789093017578,True,13.09037222002324,644,0.062890625
1110,9552,"[2, 1, 0]",300,83.77623558044434,False,13.09037222002324,644,0.062890625
1110,9553,"[2, 1, 0]",300,83.78124237060547,True,13.09037222002324,644,0.062890625
1110,9554,"[2, 1, 0]",300,83.78958702087402,False,13.09037222002324,644,0.062890625
1110,9555,"[2, 1, 0]",300,83.79459381103516,True,13.09037222002324,644,0.062890625
1110,9556,"[2, 1, 0]",300,83.80270004272461,False,13.09037222002324,644,0.062890625
1110,9557,"[2, 1, 0]",300,83.80746841430664,True,13.09037222002324,644,0.062890625
1110,9558,"[2, 1, 0]",300,83.8160514831543,False,13.09037222002324,644,0.062890625
1110,9559,"[2, 1, 0]",300,83.82081985473633,True,13.09037222002324,644,0.062890625
1110,9560,"[2, 1, 0]",300,83.82940292358398,False,13.09037222002324,644,0.062890625
1110,9561,"[2, 1, 0]",300,83.83417129516602,True,13.09037222002324,644,0.062890625
1110,9562,"[2, 1, 0]",300,83.84251594543457,False,13.09037222002324,644,0.062890625
1110,9563,"[2, 1, 0]",300,83.8477611541748,True,13.09037222002324,644,0.062890625
1110,9564,"[2, 1, 0]",300,83.85610580444336,False,13.09037222002324,644,0.062890625
1110,9565,"[2, 1, 0]",300,83.86111259460449,True,13.09037222002324,644,0.062890625
1110,9566,"[2, 1, 0]",300,83.86945724487305,False,13.09037222002324,644,0.062890625
1110,9567,"[2, 1, 0]",300,83.87470245361328,True,13.09037222002324,644,0.062890625
1110,9568,"[2, 1, 0]",300,83.88328552246094,False,13.09037222002324,644,0.062890625
1110,9569,"[2, 1, 0]",300,83.89163017272949,True,13.09037222002324,644,0.062890625
1110,9570,"[2, 1, 0]",300,83.90045166015625,False,13.09037222002324,644,0.062890625
1110,9571,"[2, 1, 0]",300,83.90569686889648,True,13.09037222002324,644,0.062890625
1110,9572,"[2, 1, 0]",300,83.91451835632324,False,13.09037222002324,644,0.062890625
1110,9573,"[2, 1, 0]",300,83.91952514648438,True,13.09037222002324,644,0.062890625
1110,9574,"[2, 1, 0]",300,83.92786979675293,False,13.09037222002324,644,0.062890625
1110,9575,"[2, 1, 0]",300,83.93335342407227,True,13.09037222002324,644,0.062890625
1110,9576,"[2, 1, 0]",300,83.94575119018555,False,13.09037222002324,644,0.062890625
1110,9577,"[2, 1, 0]",300,83.95099639892578,True,13.09037222002324,644,0.062890625
1110,9578,"[2, 1, 0]",300,83.95934104919434,False,13.09037222002324,644,0.062890625
1110,9579,"[2, 1, 0]",300,83.96458625793457,True,13.09037222002324,644,0.062890625
1110,9580,"[2, 1, 0]",300,83.97293090820312,False,13.09037222002324,644,0.062890625
1110,9581,"[2, 1, 0]",300,83.97793769836426,True,13.09037222002324,644,0.062890625
1110,9582,"[2, 1, 0]",300,83.98628234863281,False,13.09037222002324,644,0.062890625
1110,9583,"[2, 1, 0]",300,83.99152755737305,True,13.09037222002324,644,0.062890625
1110,9584,"[2, 1, 0]",300,83.9998722076416,False,13.09037222002324,644,0.062890625
1110,9585,"[2, 1, 0]",300,84.00845527648926,True,13.09037222002324,644,0.062890625
1110,9586,"[2, 1, 0]",300,84.01727676391602,False,13.09037222002324,644,0.062890625
1110,9587,"[2, 1, 0]",300,84.02276039123535,True,13.09037222002324,644,0.062890625
1110,9588,"[2, 1, 0]",300,84.03134346008301,False,13.09037222002324,644,0.062890625
1110,9589,"[2, 1, 0]",300,84.03658866882324,True,13.09037222002324,644,0.062890625
1110,9590,"[2, 1, 0]",300,84.04541015625,False,13.09037222002324,644,0.062890625
1110,9591,"[2, 1, 0]",300,84.05375480651855,True,13.09037222002324,644,0.062890625
1110,9592,"[2, 1, 0]",300,84.06257629394531,False,13.09037222002324,644,0.062890625
1110,9593,"[2, 1, 0]",300,84.06758308410645,True,13.09037222002324,644,0.062890625
1110,9594,"[2, 1, 0]",300,84.0761661529541,False,13.09037222002324,644,0.062890625
1110,9595,"[2, 1, 0]",300,84.08117294311523,True,13.09037222002324,644,0.062890625
1110,9596,"[2, 1, 0]",300,84.08975601196289,False,13.09037222002324,644,0.062890625
1110,9597,"[2, 1, 0]",300,84.09476280212402,True,13.09037222002324,644,0.062890625
1110,9598,"[2, 1, 0]",300,84.10286903381348,False,13.09037222002324,644,0.062890625
1110,9599,"[2, 1, 0]",300,84.10811424255371,True,13.09037222002324,644,0.062890625
1110,9600,"[2, 1, 0]",300,84.11645889282227,False,13.09037222002324,644,0.062890625
1110,9601,"[2, 1, 0]",300,84.1217041015625,True,13.09037222002324,644,0.062890625
1110,9602,"[2, 1, 0]",300,84.12981033325195,False,13.09037222002324,644,0.062890625
1110,9603,"[2, 1, 0]",300,84.13505554199219,True,13.09037222002324,644,0.062890625
1110,9604,"[2, 1, 0]",300,84.14340019226074,False,13.09037222002324,644,0.062890625
1110,9605,"[2, 1, 0]",300,84.14816856384277,True,13.09037222002324,644,0.062890625
1110,9606,"[2, 1, 0]",300,84.15675163269043,False,13.09037222002324,644,0.062890625
1110,9607,"[2, 1, 0]",300,84.16152000427246,True,13.09037222002324,644,0.062890625
1110,9608,"[2, 1, 0]",300,84.17010307312012,False,13.09037222002324,644,0.062890625
1110,9609,"[2, 1, 0]",300,84.17487144470215,True,13.09037222002324,644,0.062890625
1110,9610,"[2, 1, 0]",300,84.1836929321289,False,13.09037222002324,644,0.062890625
1110,9611,"[2, 1, 0]",300,84.19489860534668,True,13.09037222002324,644,0.062890625
1110,9612,"[2, 1, 0]",300,84.20372009277344,False,13.09037222002324,644,0.062890625
1110,9613,"[2, 1, 0]",300,84.20872688293457,True,13.09037222002324,644,0.062890625
1110,9614,"[2, 1, 0]",300,84.21707153320312,False,13.09037222002324,644,0.062890625
1110,9615,"[2, 1, 0]",300,84.22207832336426,True,13.09037222002324,644,0.062890625
1110,9616,"[2, 1, 0]",300,84.23042297363281,False,13.09037222002324,644,0.062890625
1110,9617,"[2, 1, 0]",300,84.23542976379395,True,13.09037222002324,644,0.062890625
1110,9618,"[2, 1, 0]",300,84.2437744140625,False,13.09037222002324,644,0.062890625
1110,9619,"[2, 1, 0]",300,84.24878120422363,True,13.09037222002324,644,0.062890625
1110,9620,"[2, 1, 0]",300,84.25760269165039,False,13.09037222002324,644,0.062890625
1110,9621,"[2, 1, 0]",300,84.26237106323242,True,13.09037222002324,644,0.062890625
1110,9622,"[2, 1, 0]",300,84.27119255065918,False,13.09037222002324,644,0.062890625
1110,9623,"[2, 1, 0]",300,84.27596092224121,True,13.09037222002324,644,0.062890625
1110,9624,"[2, 1, 0]",300,84.28454399108887,False,13.09037222002324,644,0.062890625
1110,9625,"[2, 1, 0]",300,84.28955078125,True,13.09037222002324,644,0.062890625
1110,9626,"[2, 1, 0]",300,84.30123329162598,False,13.09037222002324,644,0.062890625
1110,9627,"[2, 1, 0]",300,84.30647850036621,True,13.09037222002324,644,0.062890625
1110,9628,"[2, 1, 0]",300,84.31553840637207,False,13.09037222002324,644,0.062890625
1110,9629,"[2, 1, 0]",300,84.3205451965332,True,13.09037222002324,644,0.062890625
1110,9630,"[2, 1, 0]",300,84.32936668395996,False,13.09037222002324,644,0.062890625
1110,9631,"[2, 1, 0]",300,84.3343734741211,True,13.09037222002324,644,0.062890625
1110,9632,"[2, 1, 0]",300,84.34247970581055,False,13.09037222002324,644,0.062890625
1110,9633,"[2, 1, 0]",300,84.3505859375,True,13.09037222002324,644,0.062890625
1110,9634,"[2, 1, 0]",300,84.35893058776855,False,13.09037222002324,644,0.062890625
1110,9635,"[2, 1, 0]",300,84.36393737792969,True,13.09037222002324,644,0.062890625
1110,9636,"[2, 1, 0]",300,84.37252044677734,False,13.09037222002324,644,0.062890625
1110,9637,"[2, 1, 0]",300,84.37776565551758,True,13.09037222002324,644,0.062890625
1110,9638,"[2, 1, 0]",300,84.38611030578613,False,13.09037222002324,644,0.062890625
1110,9639,"[2, 1, 0]",300,84.39087867736816,True,13.09037222002324,644,0.062890625
1110,9640,"[2, 1, 0]",300,84.39946174621582,False,13.09037222002324,644,0.062890625
1110,9641,"[2, 1, 0]",300,84.40470695495605,True,13.09037222002324,644,0.062890625
1110,9642,"[2, 1, 0]",300,84.41376686096191,False,13.09037222002324,644,0.062890625
1110,9643,"[2, 1, 0]",300,84.41877365112305,True,13.09037222002324,644,0.062890625
1110,9644,"[2, 1, 0]",300,84.4273567199707,False,13.09037222002324,644,0.062890625
1110,9645,"[2, 1, 0]",300,84.43212509155273,True,13.09037222002324,644,0.062890625
1110,9646,"[2, 1, 0]",300,84.44070816040039,False,13.09037222002324,644,0.062890625
1110,9647,"[2, 1, 0]",300,84.44547653198242,True,13.09037222002324,644,0.062890625
1110,9648,"[2, 1, 0]",300,84.45429801940918,False,13.09037222002324,644,0.062890625
1110,9649,"[2, 1, 0]",300,84.45906639099121,True,13.09037222002324,644,0.062890625
1110,9650,"[2, 1, 0]",300,84.46812629699707,False,13.09037222002324,644,0.062890625
1110,9651,"[2, 1, 0]",300,84.4728946685791,True,13.09037222002324,644,0.062890625
1110,9652,"[2, 1, 0]",300,84.48147773742676,False,13.09037222002324,644,0.062890625
1110,9653,"[2, 1, 0]",300,84.48982238769531,True,13.09037222002324,644,0.062890625
1110,9654,"[2, 1, 0]",300,84.49816703796387,False,13.09037222002324,644,0.062890625
1110,9655,"[2, 1, 0]",300,84.503173828125,True,13.09037222002324,644,0.062890625
1110,9656,"[2, 1, 0]",300,84.51175689697266,False,13.09037222002324,644,0.062890625
1110,9657,"[2, 1, 0]",300,84.51676368713379,True,13.09037222002324,644,0.062890625
1110,9658,"[2, 1, 0]",300,84.52534675598145,False,13.09037222002324,644,0.062890625
1110,9659,"[2, 1, 0]",300,84.53059196472168,True,13.09037222002324,644,0.062890625
1110,9660,"[2, 1, 0]",300,84.53893661499023,False,13.09037222002324,644,0.062890625
1110,9661,"[2, 1, 0]",300,84.54394340515137,True,13.09037222002324,644,0.062890625
1110,9662,"[2, 1, 0]",300,84.55300331115723,False,13.09037222002324,644,0.062890625
1110,9663,"[2, 1, 0]",300,84.55824851989746,True,13.09037222002324,644,0.062890625
1110,9664,"[2, 1, 0]",300,84.56659317016602,False,13.09037222002324,644,0.062890625
1110,9665,"[2, 1, 0]",300,84.57159996032715,True,13.09037222002324,644,0.062890625
1110,9666,"[2, 1, 0]",300,84.58065986633301,False,13.09037222002324,644,0.062890625
1110,9667,"[2, 1, 0]",300,84.58590507507324,True,13.09037222002324,644,0.062890625
1110,9668,"[2, 1, 0]",300,84.5942497253418,False,13.09037222002324,644,0.062890625
1110,9669,"[2, 1, 0]",300,84.59925651550293,True,13.09037222002324,644,0.062890625
1110,9670,"[2, 1, 0]",300,84.60783958435059,False,13.09037222002324,644,0.062890625
1110,9671,"[2, 1, 0]",300,84.61284637451172,True,13.09037222002324,644,0.062890625
1110,9672,"[2, 1, 0]",300,84.62142944335938,False,13.09037222002324,644,0.062890625
1110,9673,"[2, 1, 0]",300,84.6261978149414,True,13.09037222002324,644,0.062890625
1110,9674,"[2, 1, 0]",300,84.63478088378906,False,13.09037222002324,644,0.062890625
1110,9675,"[2, 1, 0]",300,84.64312553405762,True,13.09037222002324,644,0.062890625
1110,9676,"[2, 1, 0]",300,84.65194702148438,False,13.09037222002324,644,0.062890625
1110,9677,"[2, 1, 0]",300,84.66005325317383,True,13.09037222002324,644,0.062890625
1110,9678,"[2, 1, 0]",300,84.66958999633789,False,13.09037222002324,644,0.062890625
1110,9679,"[2, 1, 0]",300,84.67483520507812,True,13.09037222002324,644,0.062890625
1110,9680,"[2, 1, 0]",300,84.68317985534668,False,13.09037222002324,644,0.062890625
1110,9681,"[2, 1, 0]",300,84.68794822692871,True,13.09037222002324,644,0.062890625
1110,9682,"[2, 1, 0]",300,84.69629287719727,False,13.09037222002324,644,0.062890625
1110,9683,"[2, 1, 0]",300,84.7015380859375,True,13.09037222002324,644,0.062890625
1110,9684,"[2, 1, 0]",300,84.71035957336426,False,13.09037222002324,644,0.062890625
1110,9685,"[2, 1, 0]",300,84.71536636352539,True,13.09037222002324,644,0.062890625
1110,9686,"[2, 1, 0]",300,84.72371101379395,False,13.09037222002324,644,0.062890625
1110,9687,"[2, 1, 0]",300,84.72895622253418,True,13.09037222002324,644,0.062890625
1110,9688,"[2, 1, 0]",300,84.73753929138184,False,13.09037222002324,644,0.062890625
1110,9689,"[2, 1, 0]",300,84.74254608154297,True,13.09037222002324,644,0.062890625
1110,9690,"[2, 1, 0]",300,84.75136756896973,False,13.09037222002324,644,0.062890625
1110,9691,"[2, 1, 0]",300,84.75637435913086,True,13.09037222002324,644,0.062890625
1110,9692,"[2, 1, 0]",300,84.76471900939941,False,13.09037222002324,644,0.062890625
1110,9693,"[2, 1, 0]",300,84.76948738098145,True,13.09037222002324,644,0.062890625
1110,9694,"[2, 1, 0]",300,84.80024337768555,False,13.09037222002324,644,0.062890625
1110,9695,"[2, 1, 0]",300,84.81884002685547,True,13.09037222002324,644,0.062890625
1110,9696,"[2, 1, 0]",300,84.83719825744629,False,13.09037222002324,644,0.062890625
1110,9697,"[2, 1, 0]",300,84.84458923339844,True,13.09037222002324,644,0.062890625
1110,9698,"[2, 1, 0]",300,84.85579490661621,False,13.09037222002324,644,0.062890625
1110,9699,"[2, 1, 0]",300,84.86175537109375,True,13.09037222002324,644,0.062890625
1110,9700,"[2, 1, 0]",300,84.87153053283691,False,13.09037222002324,644,0.062890625
1110,9701,"[2, 1, 0]",300,84.87820625305176,True,13.09037222002324,644,0.062890625
1110,9702,"[2, 1, 0]",300,84.88869667053223,False,13.09037222002324,644,0.062890625
1110,9703,"[2, 1, 0]",300,84.89394187927246,True,13.09037222002324,644,0.062890625
1110,9704,"[2, 1, 0]",300,84.90300178527832,False,13.09037222002324,644,0.062890625
1110,9705,"[2, 1, 0]",300,84.90824699401855,True,13.09037222002324,644,0.062890625
1110,9706,"[2, 1, 0]",300,84.91706848144531,False,13.09037222002324,644,0.062890625
1110,9707,"[2, 1, 0]",300,84.92207527160645,True,13.09037222002324,644,0.062890625
1110,9708,"[2, 1, 0]",300,84.9313735961914,False,13.09037222002324,644,0.062890625
1110,9709,"[2, 1, 0]",300,84.93661880493164,True,13.09037222002324,644,0.062890625
1110,9710,"[2, 1, 0]",300,84.9449634552002,False,13.09037222002324,644,0.062890625
1110,9711,"[2, 1, 0]",300,84.94997024536133,True,13.09037222002324,644,0.062890625
1110,9712,"[2, 1, 0]",300,84.95903015136719,False,13.09037222002324,644,0.062890625
1110,9713,"[2, 1, 0]",300,84.96379852294922,True,13.09037222002324,644,0.062890625
1110,9714,"[2, 1, 0]",300,84.97238159179688,False,13.09037222002324,644,0.062890625
1110,9715,"[2, 1, 0]",300,84.9771499633789,True,13.09037222002324,644,0.062890625
1110,9716,"[2, 1, 0]",300,84.98597145080566,False,13.09037222002324,644,0.062890625
1110,9717,"[2, 1, 0]",300,84.99455451965332,True,13.09037222002324,644,0.062890625
1110,9718,"[2, 1, 0]",300,85.00361442565918,False,13.09037222002324,644,0.062890625
1110,9719,"[2, 1, 0]",300,85.00862121582031,True,13.09037222002324,644,0.062890625
1110,9720,"[2, 1, 0]",300,85.01791954040527,False,13.09037222002324,644,0.062890625
1110,9721,"[2, 1, 0]",300,85.0226879119873,True,13.09037222002324,644,0.062890625
1110,9722,"[2, 1, 0]",300,85.03150939941406,False,13.09037222002324,644,0.062890625
1110,9723,"[2, 1, 0]",300,85.0365161895752,True,13.09037222002324,644,0.062890625
1110,9724,"[2, 1, 0]",300,85.04772186279297,False,13.09037222002324,644,0.062890625
1110,9725,"[2, 1, 0]",300,85.0527286529541,True,13.09037222002324,644,0.062890625
1110,9726,"[2, 1, 0]",300,85.06155014038086,False,13.09037222002324,644,0.062890625
1110,9727,"[2, 1, 0]",300,85.08419990539551,True,13.09037222002324,644,0.062890625
1110,9728,"[2, 1, 0]",300,85.09373664855957,False,13.09037222002324,644,0.062890625
1110,9729,"[2, 1, 0]",300,85.0992202758789,True,13.09037222002324,644,0.062890625
1110,9730,"[2, 1, 0]",300,85.10828018188477,False,13.09037222002324,644,0.062890625
1110,9731,"[2, 1, 0]",300,85.1132869720459,True,13.09037222002324,644,0.062890625
1110,9732,"[2, 1, 0]",300,85.12210845947266,False,13.09037222002324,644,0.062890625
1110,9733,"[2, 1, 0]",300,85.12711524963379,True,13.09037222002324,644,0.062890625
1110,9734,"[2, 1, 0]",300,85.13545989990234,False,13.09037222002324,644,0.062890625
1110,9735,"[2, 1, 0]",300,85.14046669006348,True,13.09037222002324,644,0.062890625
1110,9736,"[2, 1, 0]",300,85.14904975891113,False,13.09037222002324,644,0.062890625
1110,9737,"[2, 1, 0]",300,85.15739440917969,True,13.09037222002324,644,0.062890625
1110,9738,"[2, 1, 0]",300,85.16621589660645,False,13.09037222002324,644,0.062890625
1110,9739,"[2, 1, 0]",300,85.17146110534668,True,13.09037222002324,644,0.062890625
1110,9740,"[2, 1, 0]",300,85.18004417419434,False,13.09037222002324,644,0.062890625
1110,9741,"[2, 1, 0]",300,85.18505096435547,True,13.09037222002324,644,0.062890625
1110,9742,"[2, 1, 0]",300,85.19315719604492,False,13.09037222002324,644,0.062890625
1110,9743,"[2, 1, 0]",300,85.19840240478516,True,13.09037222002324,644,0.062890625
1110,9744,"[2, 1, 0]",300,85.20674705505371,False,13.09037222002324,644,0.062890625
1110,9745,"[2, 1, 0]",300,85.21175384521484,True,13.09037222002324,644,0.062890625
1110,9746,"[2, 1, 0]",300,85.2203369140625,False,13.09037222002324,644,0.062890625
1110,9747,"[2, 1, 0]",300,85.22534370422363,True,13.09037222002324,644,0.062890625
1110,9748,"[2, 1, 0]",300,85.23368835449219,False,13.09037222002324,644,0.062890625
1110,9749,"[2, 1, 0]",300,85.23869514465332,True,13.09037222002324,644,0.062890625
1110,9750,"[2, 1, 0]",300,85.24680137634277,False,13.09037222002324,644,0.062890625
1110,9751,"[2, 1, 0]",300,85.25204658508301,True,13.09037222002324,644,0.062890625
1110,9752,"[2, 1, 0]",300,85.26062965393066,False,13.09037222002324,644,0.062890625
1110,9753,"[2, 1, 0]",300,85.26921272277832,True,13.09037222002324,644,0.062890625
1110,9754,"[2, 1, 0]",300,85.27851104736328,False,13.09037222002324,644,0.062890625
1110,9755,"[2, 1, 0]",300,85.28423309326172,True,13.09037222002324,644,0.062890625
1110,9756,"[2, 1, 0]",300,85.29257774353027,False,13.09037222002324,644,0.062890625
1110,9757,"[2, 1, 0]",300,85.29806137084961,True,13.09037222002324,644,0.062890625
1110,9758,"[2, 1, 0]",300,85.30640602111816,False,13.09037222002324,644,0.062890625
1110,9759,"[2, 1, 0]",300,85.31498908996582,True,13.09037222002324,644,0.062890625
1110,9760,"[2, 1, 0]",300,85.32333374023438,False,13.09037222002324,644,0.062890625
1110,9761,"[2, 1, 0]",300,85.32834053039551,True,13.09037222002324,644,0.062890625
1110,9762,"[2, 1, 0]",300,85.33692359924316,False,13.09037222002324,644,0.062890625
1110,9763,"[2, 1, 0]",300,85.3416919708252,True,13.09037222002324,644,0.062890625
1110,9764,"[2, 1, 0]",300,85.35027503967285,False,13.09037222002324,644,0.062890625
1110,9765,"[2, 1, 0]",300,85.35504341125488,True,13.09037222002324,644,0.062890625
1110,9766,"[2, 1, 0]",300,85.36362648010254,False,13.09037222002324,644,0.062890625
1110,9767,"[2, 1, 0]",300,85.36863327026367,True,13.09037222002324,644,0.062890625
1110,9768,"[2, 1, 0]",300,85.37745475769043,False,13.09037222002324,644,0.062890625
1110,9769,"[2, 1, 0]",300,85.73746681213379,True,13.09037222002324,644,0.062890625
1110,9770,"[2, 1, 0]",300,85.74891090393066,False,13.09037222002324,644,0.062890625
1110,9771,"[2, 1, 0]",300,85.7541561126709,True,13.09037222002324,644,0.062890625
1110,9772,"[2, 1, 0]",300,85.76321601867676,False,13.09037222002324,644,0.062890625
1110,9773,"[2, 1, 0]",300,85.76822280883789,True,13.09037222002324,644,0.062890625
1110,9774,"[2, 1, 0]",300,85.77680587768555,False,13.09037222002324,644,0.062890625
1110,9775,"[2, 1, 0]",300,85.78181266784668,True,13.09037222002324,644,0.062890625
1110,9776,"[2, 1, 0]",300,85.79015731811523,False,13.09037222002324,644,0.062890625
1110,9777,"[2, 1, 0]",300,85.7994556427002,True,13.09037222002324,644,0.062890625
1110,9778,"[2, 1, 0]",300,85.80875396728516,False,13.09037222002324,644,0.062890625
1110,9779,"[2, 1, 0]",300,85.81686019897461,True,13.09037222002324,644,0.062890625
1110,9780,"[2, 1, 0]",300,85.82687377929688,False,13.09037222002324,644,0.062890625
1110,9781,"[2, 1, 0]",300,85.83188056945801,True,13.09037222002324,644,0.062890625
1110,9782,"[2, 1, 0]",300,85.84094047546387,False,13.09037222002324,644,0.062890625
1110,9783,"[2, 1, 0]",300,85.8457088470459,True,13.09037222002324,644,0.062890625
1110,9784,"[2, 1, 0]",300,85.85405349731445,False,13.09037222002324,644,0.062890625
1110,9785,"[2, 1, 0]",300,85.85906028747559,True,13.09037222002324,644,0.062890625
1110,9786,"[2, 1, 0]",300,85.86764335632324,False,13.09037222002324,644,0.062890625
1110,9787,"[2, 1, 0]",300,85.87241172790527,True,13.09037222002324,644,0.062890625
1110,9788,"[2, 1, 0]",300,85.88099479675293,False,13.09037222002324,644,0.062890625
1110,9789,"[2, 1, 0]",300,85.88576316833496,True,13.09037222002324,644,0.062890625
1110,9790,"[2, 1, 0]",300,85.89410781860352,False,13.09037222002324,644,0.062890625
1110,9791,"[2, 1, 0]",300,85.89911460876465,True,13.09037222002324,644,0.062890625
1110,9792,"[2, 1, 0]",300,85.9074592590332,False,13.09037222002324,644,0.062890625
1110,9793,"[2, 1, 0]",300,85.91270446777344,True,13.09037222002324,644,0.062890625
1110,9794,"[2, 1, 0]",300,85.9212875366211,False,13.09037222002324,644,0.062890625
1110,9795,"[2, 1, 0]",300,85.92653274536133,True,13.09037222002324,644,0.062890625
1110,9796,"[2, 1, 0]",300,85.93487739562988,False,13.09037222002324,644,0.062890625
1110,9797,"[2, 1, 0]",300,85.93988418579102,True,13.09037222002324,644,0.062890625
1110,9798,"[2, 1, 0]",300,85.94822883605957,False,13.09037222002324,644,0.062890625
1110,9799,"[2, 1, 0]",300,85.9529972076416,True,13.09037222002324,644,0.062890625
1110,9800,"[2, 1, 0]",300,85.96158027648926,False,13.09037222002324,644,0.062890625
1110,9801,"[2, 1, 0]",300,85.9827995300293,True,13.09037222002324,644,0.062890625
1110,9802,"[2, 1, 0]",300,85.99162101745605,False,13.09037222002324,644,0.062890625
1110,9803,"[2, 1, 0]",300,85.99662780761719,True,13.09037222002324,644,0.062890625
1110,9804,"[2, 1, 0]",300,86.00544929504395,False,13.09037222002324,644,0.062890625
1110,9805,"[2, 1, 0]",300,86.01045608520508,True,13.09037222002324,644,0.062890625
1110,9806,"[2, 1, 0]",300,86.01903915405273,False,13.09037222002324,644,0.062890625
1110,9807,"[2, 1, 0]",300,86.02404594421387,True,13.09037222002324,644,0.062890625
1110,9808,"[2, 1, 0]",300,86.03262901306152,False,13.09037222002324,644,0.062890625
1110,9809,"[2, 1, 0]",300,86.03787422180176,True,13.09037222002324,644,0.062890625
1110,9810,"[2, 1, 0]",300,86.04621887207031,False,13.09037222002324,644,0.062890625
1110,9811,"[2, 1, 0]",300,86.05146408081055,True,13.09037222002324,644,0.062890625
1110,9812,"[2, 1, 0]",300,86.0595703125,False,13.09037222002324,644,0.062890625
1110,9813,"[2, 1, 0]",300,86.06481552124023,True,13.09037222002324,644,0.062890625
1110,9814,"[2, 1, 0]",300,86.07316017150879,False,13.09037222002324,644,0.062890625
1110,9815,"[2, 1, 0]",300,86.07792854309082,True,13.09037222002324,644,0.062890625
1110,9816,"[2, 1, 0]",300,86.08627319335938,False,13.09037222002324,644,0.062890625
1110,9817,"[2, 1, 0]",300,86.09127998352051,True,13.09037222002324,644,0.062890625
1110,9818,"[2, 1, 0]",300,86.09986305236816,False,13.09037222002324,644,0.062890625
1110,9819,"[2, 1, 0]",300,86.1046314239502,True,13.09037222002324,644,0.062890625
1110,9820,"[2, 1, 0]",300,86.11297607421875,False,13.09037222002324,644,0.062890625
1110,9821,"[2, 1, 0]",300,86.12465858459473,True,13.09037222002324,644,0.062890625
1110,9822,"[2, 1, 0]",300,86.13324165344238,False,13.09037222002324,644,0.062890625
1110,9823,"[2, 1, 0]",300,86.13848686218262,True,13.09037222002324,644,0.062890625
1110,9824,"[2, 1, 0]",300,86.14706993103027,False,13.09037222002324,644,0.062890625
1110,9825,"[2, 1, 0]",300,86.15231513977051,True,13.09037222002324,644,0.062890625
1110,9826,"[2, 1, 0]",300,86.16042137145996,False,13.09037222002324,644,0.062890625
1110,9827,"[2, 1, 0]",300,86.1656665802002,True,13.09037222002324,644,0.062890625
1110,9828,"[2, 1, 0]",300,86.17687225341797,False,13.09037222002324,644,0.062890625
1110,9829,"[2, 1, 0]",300,86.1818790435791,True,13.09037222002324,644,0.062890625
1110,9830,"[2, 1, 0]",300,86.19070053100586,False,13.09037222002324,644,0.062890625
1110,9831,"[2, 1, 0]",300,86.19546890258789,True,13.09037222002324,644,0.062890625
1110,9832,"[2, 1, 0]",300,86.20405197143555,False,13.09037222002324,644,0.062890625
1110,9833,"[2, 1, 0]",300,86.20905876159668,True,13.09037222002324,644,0.062890625
1110,9834,"[2, 1, 0]",300,86.21764183044434,False,13.09037222002324,644,0.062890625
1110,9835,"[2, 1, 0]",300,86.22264862060547,True,13.09037222002324,644,0.062890625
1110,9836,"[2, 1, 0]",300,86.23147010803223,False,13.09037222002324,644,0.062890625
1110,9837,"[2, 1, 0]",300,86.23623847961426,True,13.09037222002324,644,0.062890625
1110,9838,"[2, 1, 0]",300,86.24458312988281,False,13.09037222002324,644,0.062890625
1110,9839,"[2, 1, 0]",300,86.24982833862305,True,13.09037222002324,644,0.062890625
1110,9840,"[2, 1, 0]",300,86.2581729888916,False,13.09037222002324,644,0.062890625
1110,9841,"[2, 1, 0]",300,86.26317977905273,True,13.09037222002324,644,0.062890625
1110,9842,"[2, 1, 0]",300,86.27152442932129,False,13.09037222002324,644,0.062890625
1110,9843,"[2, 1, 0]",300,86.27939224243164,True,13.09037222002324,644,0.062890625
1110,9844,"[2, 1, 0]",300,86.2879753112793,False,13.09037222002324,644,0.062890625
1110,9845,"[2, 1, 0]",300,86.29298210144043,True,13.09037222002324,644,0.062890625
1110,9846,"[2, 1, 0]",300,86.30156517028809,False,13.09037222002324,644,0.062890625
1110,9847,"[2, 1, 0]",300,86.30657196044922,True,13.09037222002324,644,0.062890625
1110,9848,"[2, 1, 0]",300,86.31515502929688,False,13.09037222002324,644,0.062890625
1110,9849,"[2, 1, 0]",300,86.3199234008789,True,13.09037222002324,644,0.062890625
1110,9850,"[2, 1, 0]",300,86.32826805114746,False,13.09037222002324,644,0.062890625
1110,9851,"[2, 1, 0]",300,86.3332748413086,True,13.09037222002324,644,0.062890625
1110,9852,"[2, 1, 0]",300,86.34161949157715,False,13.09037222002324,644,0.062890625
1110,9853,"[2, 1, 0]",300,86.34662628173828,True,13.09037222002324,644,0.062890625
1110,9854,"[2, 1, 0]",300,86.35520935058594,False,13.09037222002324,644,0.062890625
1110,9855,"[2, 1, 0]",300,86.36069297790527,True,13.09037222002324,644,0.062890625
1110,9856,"[2, 1, 0]",300,86.36927604675293,False,13.09037222002324,644,0.062890625
1110,9857,"[2, 1, 0]",300,86.37428283691406,True,13.09037222002324,644,0.062890625
1110,9858,"[2, 1, 0]",300,86.38286590576172,False,13.09037222002324,644,0.062890625
1110,9859,"[2, 1, 0]",300,86.38787269592285,True,13.09037222002324,644,0.062890625
1110,9860,"[2, 1, 0]",300,86.39645576477051,False,13.09037222002324,644,0.062890625
1110,9861,"[2, 1, 0]",300,86.40122413635254,True,13.09037222002324,644,0.062890625
1110,9862,"[2, 1, 0]",300,86.4100456237793,False,13.09037222002324,644,0.062890625
1110,9863,"[2, 1, 0]",300,86.41791343688965,True,13.09037222002324,644,0.062890625
1110,9864,"[2, 1, 0]",300,86.4264965057373,False,13.09037222002324,644,0.062890625
1110,9865,"[2, 1, 0]",300,86.43150329589844,True,13.09037222002324,644,0.062890625
1110,9866,"[2, 1, 0]",300,86.4400863647461,False,13.09037222002324,644,0.062890625
1110,9867,"[2, 1, 0]",300,86.44485473632812,True,13.09037222002324,644,0.062890625
1110,9868,"[2, 1, 0]",300,86.45319938659668,False,13.09037222002324,644,0.062890625
1110,9869,"[2, 1, 0]",300,86.45844459533691,True,13.09037222002324,644,0.062890625
1110,9870,"[2, 1, 0]",300,86.46655082702637,False,13.09037222002324,644,0.062890625
1110,9871,"[2, 1, 0]",300,86.4717960357666,True,13.09037222002324,644,0.062890625
1110,9872,"[2, 1, 0]",300,86.47990226745605,False,13.09037222002324,644,0.062890625
1110,9873,"[2, 1, 0]",300,86.48514747619629,True,13.09037222002324,644,0.062890625
1110,9874,"[2, 1, 0]",300,86.49349212646484,False,13.09037222002324,644,0.062890625
1110,9875,"[2, 1, 0]",300,86.49873733520508,True,13.09037222002324,644,0.062890625
1110,9876,"[2, 1, 0]",300,86.50708198547363,False,13.09037222002324,644,0.062890625
1110,9877,"[2, 1, 0]",300,86.51208877563477,True,13.09037222002324,644,0.062890625
1110,9878,"[2, 1, 0]",300,86.52400970458984,False,13.09037222002324,644,0.062890625
1110,9879,"[2, 1, 0]",300,86.52949333190918,True,13.09037222002324,644,0.062890625
1110,9880,"[2, 1, 0]",300,86.53831481933594,False,13.09037222002324,644,0.062890625
1110,9881,"[2, 1, 0]",300,86.54332160949707,True,13.09037222002324,644,0.062890625
1110,9882,"[2, 1, 0]",300,86.55190467834473,False,13.09037222002324,644,0.062890625
1110,9883,"[2, 1, 0]",300,86.55667304992676,True,13.09037222002324,644,0.062890625
1110,9884,"[2, 1, 0]",300,86.56525611877441,False,13.09037222002324,644,0.062890625
1110,9885,"[2, 1, 0]",300,86.57288551330566,True,13.09037222002324,644,0.062890625
1110,9886,"[2, 1, 0]",300,86.58123016357422,False,13.09037222002324,644,0.062890625
1110,9887,"[2, 1, 0]",300,86.58623695373535,True,13.09037222002324,644,0.062890625
1110,9888,"[2, 1, 0]",300,86.59482002258301,False,13.09037222002324,644,0.062890625
1110,9889,"[2, 1, 0]",300,86.59982681274414,True,13.09037222002324,644,0.062890625
1110,9890,"[2, 1, 0]",300,86.6081714630127,False,13.09037222002324,644,0.062890625
1110,9891,"[2, 1, 0]",300,86.61341667175293,True,13.09037222002324,644,0.062890625
1110,9892,"[2, 1, 0]",300,86.62176132202148,False,13.09037222002324,644,0.062890625
1110,9893,"[2, 1, 0]",300,86.62676811218262,True,13.09037222002324,644,0.062890625
1110,9894,"[2, 1, 0]",300,86.63558959960938,False,13.09037222002324,644,0.062890625
1110,9895,"[2, 1, 0]",300,86.6403579711914,True,13.09037222002324,644,0.062890625
1110,9896,"[2, 1, 0]",300,86.64870262145996,False,13.09037222002324,644,0.062890625
1110,9897,"[2, 1, 0]",300,86.6537094116211,True,13.09037222002324,644,0.062890625
1110,9898,"[2, 1, 0]",300,86.66229248046875,False,13.09037222002324,644,0.062890625
1110,9899,"[2, 1, 0]",300,86.66706085205078,True,13.09037222002324,644,0.062890625
1110,9900,"[2, 1, 0]",300,86.67540550231934,False,13.09037222002324,644,0.062890625
1110,9901,"[2, 1, 0]",300,86.68065071105957,True,13.09037222002324,644,0.062890625
1110,9902,"[2, 1, 0]",300,86.68899536132812,False,13.09037222002324,644,0.062890625
1110,9903,"[2, 1, 0]",300,86.69400215148926,True,13.09037222002324,644,0.062890625
1110,9904,"[2, 1, 0]",300,86.70234680175781,False,13.09037222002324,644,0.062890625
1110,9905,"[2, 1, 0]",300,86.70997619628906,True,13.09037222002324,644,0.062890625
1110,9906,"[2, 1, 0]",300,86.71879768371582,False,13.09037222002324,644,0.062890625
1110,9907,"[2, 1, 0]",300,86.72356605529785,True,13.09037222002324,644,0.062890625
1110,9908,"[2, 1, 0]",300,86.73214912414551,False,13.09037222002324,644,0.062890625
1110,9909,"[2, 1, 0]",300,86.73715591430664,True,13.09037222002324,644,0.062890625
1110,9910,"[2, 1, 0]",300,86.7457389831543,False,13.09037222002324,644,0.062890625
1110,9911,"[2, 1, 0]",300,86.75050735473633,True,13.09037222002324,644,0.062890625
1110,9912,"[2, 1, 0]",300,86.75909042358398,False,13.09037222002324,644,0.062890625
1110,9913,"[2, 1, 0]",300,86.76409721374512,True,13.09037222002324,644,0.062890625
1110,9914,"[2, 1, 0]",300,86.77220344543457,False,13.09037222002324,644,0.062890625
1110,9915,"[2, 1, 0]",300,86.7774486541748,True,13.09037222002324,644,0.062890625
1110,9916,"[2, 1, 0]",300,86.78555488586426,False,13.09037222002324,644,0.062890625
1110,9917,"[2, 1, 0]",300,86.79056167602539,True,13.09037222002324,644,0.062890625
1110,9918,"[2, 1, 0]",300,86.82417869567871,False,13.09037222002324,644,0.062890625
1110,9919,"[2, 1, 0]",300,86.83657646179199,True,13.09037222002324,644,0.062890625
1110,9920,"[2, 1, 0]",300,86.85302734375,False,13.09037222002324,644,0.062890625
1110,9921,"[2, 1, 0]",300,86.86566352844238,True,13.09037222002324,644,0.062890625
1110,9922,"[2, 1, 0]",300,86.87639236450195,False,13.09037222002324,644,0.062890625
1110,9923,"[2, 1, 0]",300,86.8825912475586,True,13.09037222002324,644,0.062890625
1110,9924,"[2, 1, 0]",300,86.89212799072266,False,13.09037222002324,644,0.062890625
1110,9925,"[2, 1, 0]",300,86.89761161804199,True,13.09037222002324,644,0.062890625
1110,9926,"[2, 1, 0]",300,86.90810203552246,False,13.09037222002324,644,0.062890625
1110,9927,"[2, 1, 0]",300,86.91883087158203,True,13.09037222002324,644,0.062890625
1110,9928,"[2, 1, 0]",300,86.9288444519043,False,13.09037222002324,644,0.062890625
1110,9929,"[2, 1, 0]",300,86.93838119506836,True,13.09037222002324,644,0.062890625
1110,9930,"[2, 1, 0]",300,86.94839477539062,False,13.09037222002324,644,0.062890625
1110,9931,"[2, 1, 0]",300,86.95411682128906,True,13.09037222002324,644,0.062890625
1110,9932,"[2, 1, 0]",300,86.96269989013672,False,13.09037222002324,644,0.062890625
1110,9933,"[2, 1, 0]",300,86.96818351745605,True,13.09037222002324,644,0.062890625
1110,9934,"[2, 1, 0]",300,86.97652816772461,False,13.09037222002324,644,0.062890625
1110,9935,"[2, 1, 0]",300,86.98177337646484,True,13.09037222002324,644,0.062890625
1110,9936,"[2, 1, 0]",300,86.9901180267334,False,13.09037222002324,644,0.062890625
1110,9937,"[2, 1, 0]",300,86.99488639831543,True,13.09037222002324,644,0.062890625
1110,9938,"[2, 1, 0]",300,87.00346946716309,False,13.09037222002324,644,0.062890625
1110,9939,"[2, 1, 0]",300,87.00847625732422,True,13.09037222002324,644,0.062890625
1110,9940,"[2, 1, 0]",300,87.01705932617188,False,13.09037222002324,644,0.062890625
1110,9941,"[2, 1, 0]",300,87.02206611633301,True,13.09037222002324,644,0.062890625
1110,9942,"[2, 1, 0]",300,87.03041076660156,False,13.09037222002324,644,0.062890625
1110,9943,"[2, 1, 0]",300,87.0351791381836,True,13.09037222002324,644,0.062890625
1110,9944,"[2, 1, 0]",300,87.04400062561035,False,13.09037222002324,644,0.062890625
1110,9945,"[2, 1, 0]",300,87.04876899719238,True,13.09037222002324,644,0.062890625
1110,9946,"[2, 1, 0]",300,87.05687522888184,False,13.09037222002324,644,0.062890625
1110,9947,"[2, 1, 0]",300,87.06521987915039,True,13.09037222002324,644,0.062890625
1110,9948,"[2, 1, 0]",300,87.07404136657715,False,13.09037222002324,644,0.062890625
1110,9949,"[2, 1, 0]",300,87.07928657531738,True,13.09037222002324,644,0.062890625
1110,9950,"[2, 1, 0]",300,87.08810806274414,False,13.09037222002324,644,0.062890625
1110,9951,"[2, 1, 0]",300,87.09335327148438,True,13.09037222002324,644,0.062890625
1110,9952,"[2, 1, 0]",300,87.10145950317383,False,13.09037222002324,644,0.062890625
1110,9953,"[2, 1, 0]",300,87.10670471191406,True,13.09037222002324,644,0.062890625
1110,9954,"[2, 1, 0]",300,87.11504936218262,False,13.09037222002324,644,0.062890625
1110,9955,"[2, 1, 0]",300,87.11981773376465,True,13.09037222002324,644,0.062890625
1110,9956,"[2, 1, 0]",300,87.1284008026123,False,13.09037222002324,644,0.062890625
1110,9957,"[2, 1, 0]",300,87.13316917419434,True,13.09037222002324,644,0.062890625
1110,9958,"[2, 1, 0]",300,87.14175224304199,False,13.09037222002324,644,0.062890625
1110,9959,"[2, 1, 0]",300,87.14652061462402,True,13.09037222002324,644,0.062890625
1110,9960,"[2, 1, 0]",300,87.15510368347168,False,13.09037222002324,644,0.062890625
1110,9961,"[2, 1, 0]",300,87.15987205505371,True,13.09037222002324,644,0.062890625
1110,9962,"[2, 1, 0]",300,87.16821670532227,False,13.09037222002324,644,0.062890625
1110,9963,"[2, 1, 0]",300,87.1732234954834,True,13.09037222002324,644,0.062890625
1110,9964,"[2, 1, 0]",300,87.18156814575195,False,13.09037222002324,644,0.062890625
1110,9965,"[2, 1, 0]",300,87.18657493591309,True,13.09037222002324,644,0.062890625
1110,9966,"[2, 1, 0]",300,87.19491958618164,False,13.09037222002324,644,0.062890625
1110,9967,"[2, 1, 0]",300,87.19968795776367,True,13.09037222002324,644,0.062890625
1110,9968,"[2, 1, 0]",300,87.20827102661133,False,13.09037222002324,644,0.062890625
1110,9969,"[2, 1, 0]",300,87.21637725830078,True,13.09037222002324,644,0.062890625
1110,9970,"[2, 1, 0]",300,87.22519874572754,False,13.09037222002324,644,0.062890625
1110,9971,"[2, 1, 0]",300,87.23020553588867,True,13.09037222002324,644,0.062890625
1110,9972,"[2, 1, 0]",300,87.23902702331543,False,13.09037222002324,644,0.062890625
1110,9973,"[2, 1, 0]",300,87.24403381347656,True,13.09037222002324,644,0.062890625
1110,9974,"[2, 1, 0]",300,87.25261688232422,False,13.09037222002324,644,0.062890625
1110,9975,"[2, 1, 0]",300,87.25762367248535,True,13.09037222002324,644,0.062890625
1110,9976,"[2, 1, 0]",300,87.26620674133301,False,13.09037222002324,644,0.062890625
1110,9977,"[2, 1, 0]",300,87.27097511291504,True,13.09037222002324,644,0.062890625
1110,9978,"[2, 1, 0]",300,87.2795581817627,False,13.09037222002324,644,0.062890625
1110,9979,"[2, 1, 0]",300,87.28790283203125,True,13.09037222002324,644,0.062890625
1110,9980,"[2, 1, 0]",300,87.2964859008789,False,13.09037222002324,644,0.062890625
1110,9981,"[2, 1, 0]",300,87.30173110961914,True,13.09037222002324,644,0.062890625
1110,9982,"[2, 1, 0]",300,87.3103141784668,False,13.09037222002324,644,0.062890625
1110,9983,"[2, 1, 0]",300,87.31579780578613,True,13.09037222002324,644,0.062890625
1110,9984,"[2, 1, 0]",300,87.32461929321289,False,13.09037222002324,644,0.062890625
1110,9985,"[2, 1, 0]",300,87.32986450195312,True,13.09037222002324,644,0.062890625
1110,9986,"[2, 1, 0]",300,87.33844757080078,False,13.09037222002324,644,0.062890625
1110,9987,"[2, 1, 0]",300,87.34369277954102,True,13.09037222002324,644,0.062890625
1110,9988,"[2, 1, 0]",300,87.35179901123047,False,13.09037222002324,644,0.062890625
1110,9989,"[2, 1, 0]",300,87.36014366149902,True,13.09037222002324,644,0.062890625
1110,9990,"[2, 1, 0]",300,87.36896514892578,False,13.09037222002324,644,0.062890625
1110,9991,"[2, 1, 0]",300,87.37397193908691,True,13.09037222002324,644,0.062890625
1110,9992,"[2, 1, 0]",300,87.38231658935547,False,13.09037222002324,644,0.062890625
1110,9993,"[2, 1, 0]",300,87.3870849609375,True,13.09037222002324,644,0.062890625
1110,9994,"[2, 1, 0]",300,87.39542961120605,False,13.09037222002324,644,0.062890625
1110,9995,"[2, 1, 0]",300,87.40043640136719,True,13.09037222002324,644,0.062890625
1110,9996,"[2, 1, 0]",300,87.40901947021484,False,13.09037222002324,644,0.062890625
1110,9997,"[2, 1, 0]",300,87.41378784179688,True,13.09037222002324,644,0.062890625
1110,9998,"[2, 1, 0]",300,87.42237091064453,False,13.09037222002324,644,0.062890625
1110,9999,"[2, 1, 0]",300,87.42737770080566,True,13.09037222002324,644,0.062890625
1110,10000,"[2, 1, 0]",300,87.43548393249512,False,13.09037222002324,644,0.062890625
1110,10001,"[2, 1, 0]",300,87.44072914123535,True,13.09037222002324,644,0.062890625
1110,10002,"[2, 1, 0]",300,87.4488353729248,False,13.09037222002324,644,0.062890625
1110,10003,"[2, 1, 0]",300,87.45408058166504,True,13.09037222002324,644,0.062890625
1110,10004,"[2, 1, 0]",300,87.46218681335449,False,13.09037222002324,644,0.062890625
1110,10005,"[2, 1, 0]",300,87.46743202209473,True,13.09037222002324,644,0.062890625
1110,10006,"[2, 1, 0]",300,87.47577667236328,False,13.09037222002324,644,0.062890625
1110,10007,"[2, 1, 0]",300,87.48078346252441,True,13.09037222002324,644,0.062890625
1110,10008,"[2, 1, 0]",300,87.48936653137207,False,13.09037222002324,644,0.062890625
1110,10009,"[2, 1, 0]",300,87.4943733215332,True,13.09037222002324,644,0.062890625
1110,10010,"[2, 1, 0]",300,87.50319480895996,False,13.09037222002324,644,0.062890625
1110,10011,"[2, 1, 0]",300,87.52560615539551,True,13.09037222002324,644,0.062890625
1110,10012,"[2, 1, 0]",300,87.53514289855957,False,13.09037222002324,644,0.062890625
1110,10013,"[2, 1, 0]",300,87.5399112701416,True,13.09037222002324,644,0.062890625
1110,10014,"[2, 1, 0]",300,87.54873275756836,False,13.09037222002324,644,0.062890625
1110,10015,"[2, 1, 0]",300,87.55350112915039,True,13.09037222002324,644,0.062890625
1110,10016,"[2, 1, 0]",300,87.56208419799805,False,13.09037222002324,644,0.062890625
1110,10017,"[2, 1, 0]",300,87.56709098815918,True,13.09037222002324,644,0.062890625
1110,10018,"[2, 1, 0]",300,87.57543563842773,False,13.09037222002324,644,0.062890625
1110,10019,"[2, 1, 0]",300,87.58044242858887,True,13.09037222002324,644,0.062890625
1110,10020,"[2, 1, 0]",300,87.58878707885742,False,13.09037222002324,644,0.062890625
1110,10021,"[2, 1, 0]",300,87.59379386901855,True,13.09037222002324,644,0.062890625
1110,10022,"[2, 1, 0]",300,87.60213851928711,False,13.09037222002324,644,0.062890625
1110,10023,"[2, 1, 0]",300,87.60738372802734,True,13.09037222002324,644,0.062890625
1110,10024,"[2, 1, 0]",300,87.6157283782959,False,13.09037222002324,644,0.062890625
1110,10025,"[2, 1, 0]",300,87.62097358703613,True,13.09037222002324,644,0.062890625
1110,10026,"[2, 1, 0]",300,87.62955665588379,False,13.09037222002324,644,0.062890625
1110,10027,"[2, 1, 0]",300,87.63456344604492,True,13.09037222002324,644,0.062890625
1110,10028,"[2, 1, 0]",300,87.64290809631348,False,13.09037222002324,644,0.062890625
1110,10029,"[2, 1, 0]",300,87.65387535095215,True,13.09037222002324,644,0.062890625
1110,10030,"[2, 1, 0]",300,87.66293525695801,False,13.09037222002324,644,0.062890625
1110,10031,"[2, 1, 0]",300,87.67080307006836,True,13.09037222002324,644,0.062890625
1110,10032,"[2, 1, 0]",300,87.67986297607422,False,13.09037222002324,644,0.062890625
1110,10033,"[2, 1, 0]",300,87.68486976623535,True,13.09037222002324,644,0.062890625
1110,10034,"[2, 1, 0]",300,87.69345283508301,False,13.09037222002324,644,0.062890625
1110,10035,"[2, 1, 0]",300,87.69845962524414,True,13.09037222002324,644,0.062890625
1110,10036,"[2, 1, 0]",300,87.7065658569336,False,13.09037222002324,644,0.062890625
1110,10037,"[2, 1, 0]",300,87.71181106567383,True,13.09037222002324,644,0.062890625
1110,10038,"[2, 1, 0]",300,87.72015571594238,False,13.09037222002324,644,0.062890625
1110,10039,"[2, 1, 0]",300,87.72516250610352,True,13.09037222002324,644,0.062890625
1110,10040,"[2, 1, 0]",300,87.73350715637207,False,13.09037222002324,644,0.062890625
1110,10041,"[2, 1, 0]",300,87.7385139465332,True,13.09037222002324,644,0.062890625
1110,10042,"[2, 1, 0]",300,87.74685859680176,False,13.09037222002324,644,0.062890625
1110,10043,"[2, 1, 0]",300,87.75162696838379,True,13.09037222002324,644,0.062890625
1110,10044,"[2, 1, 0]",300,87.76021003723145,False,13.09037222002324,644,0.062890625
1110,10045,"[2, 1, 0]",300,87.76521682739258,True,13.09037222002324,644,0.062890625
1110,10046,"[2, 1, 0]",300,87.77379989624023,False,13.09037222002324,644,0.062890625
1110,10047,"[2, 1, 0]",300,87.77880668640137,True,13.09037222002324,644,0.062890625
1110,10048,"[2, 1, 0]",300,87.78738975524902,False,13.09037222002324,644,0.062890625
1110,10049,"[2, 1, 0]",300,87.79215812683105,True,13.09037222002324,644,0.062890625
1110,10050,"[2, 1, 0]",300,87.80074119567871,False,13.09037222002324,644,0.062890625
1110,10051,"[2, 1, 0]",300,87.80574798583984,True,13.09037222002324,644,0.062890625
1110,10052,"[2, 1, 0]",300,87.8140926361084,False,13.09037222002324,644,0.062890625
1110,10053,"[2, 1, 0]",300,87.82243728637695,True,13.09037222002324,644,0.062890625
1110,10054,"[2, 1, 0]",300,87.83102035522461,False,13.09037222002324,644,0.062890625
1110,10055,"[2, 1, 0]",300,87.83626556396484,True,13.09037222002324,644,0.062890625
1110,10056,"[2, 1, 0]",300,87.8443717956543,False,13.09037222002324,644,0.062890625
1110,10057,"[2, 1, 0]",300,87.84961700439453,True,13.09037222002324,644,0.062890625
1110,10058,"[2, 1, 0]",300,87.85772323608398,False,13.09037222002324,644,0.062890625
1110,10059,"[2, 1, 0]",300,87.86249160766602,True,13.09037222002324,644,0.062890625
1110,10060,"[2, 1, 0]",300,87.87131309509277,False,13.09037222002324,644,0.062890625
1110,10061,"[2, 1, 0]",300,87.8763198852539,True,13.09037222002324,644,0.062890625
1110,10062,"[2, 1, 0]",300,87.88490295410156,False,13.09037222002324,644,0.062890625
1110,10063,"[2, 1, 0]",300,87.8896713256836,True,13.09037222002324,644,0.062890625
1110,10064,"[2, 1, 0]",300,87.89825439453125,False,13.09037222002324,644,0.062890625
1110,10065,"[2, 1, 0]",300,87.90302276611328,True,13.09037222002324,644,0.062890625
1110,10066,"[2, 1, 0]",300,87.91136741638184,False,13.09037222002324,644,0.062890625
1110,10067,"[2, 1, 0]",300,87.91661262512207,True,13.09037222002324,644,0.062890625
1110,10068,"[2, 1, 0]",300,87.92495727539062,False,13.09037222002324,644,0.062890625
1110,10069,"[2, 1, 0]",300,87.92996406555176,True,13.09037222002324,644,0.062890625
1110,10070,"[2, 1, 0]",300,87.93830871582031,False,13.09037222002324,644,0.062890625
1110,10071,"[2, 1, 0]",300,87.94331550598145,True,13.09037222002324,644,0.062890625
1110,10072,"[2, 1, 0]",300,87.95166015625,False,13.09037222002324,644,0.062890625
1110,10073,"[2, 1, 0]",300,87.95952796936035,True,13.09037222002324,644,0.062890625
1110,10074,"[2, 1, 0]",300,87.96811103820801,False,13.09037222002324,644,0.062890625
1110,10075,"[2, 1, 0]",300,87.97311782836914,True,13.09037222002324,644,0.062890625
1110,10076,"[2, 1, 0]",300,87.9817008972168,False,13.09037222002324,644,0.062890625
1110,10077,"[2, 1, 0]",300,87.98646926879883,True,13.09037222002324,644,0.062890625
1110,10078,"[2, 1, 0]",300,87.99505233764648,False,13.09037222002324,644,0.062890625
1110,10079,"[2, 1, 0]",300,88.00005912780762,True,13.09037222002324,644,0.062890625
1110,10080,"[2, 1, 0]",300,88.01126480102539,False,13.09037222002324,644,0.062890625
1110,10081,"[2, 1, 0]",300,88.01651000976562,True,13.09037222002324,644,0.062890625
1110,10082,"[2, 1, 0]",300,88.02509307861328,False,13.09037222002324,644,0.062890625
1110,10083,"[2, 1, 0]",300,88.03009986877441,True,13.09037222002324,644,0.062890625
1110,10084,"[2, 1, 0]",300,88.03820610046387,False,13.09037222002324,644,0.062890625
1110,10085,"[2, 1, 0]",300,88.0429744720459,True,13.09037222002324,644,0.062890625
1110,10086,"[2, 1, 0]",300,88.05131912231445,False,13.09037222002324,644,0.062890625
1110,10087,"[2, 1, 0]",300,88.05656433105469,True,13.09037222002324,644,0.062890625
1110,10088,"[2, 1, 0]",300,88.06490898132324,False,13.09037222002324,644,0.062890625
1110,10089,"[2, 1, 0]",300,88.0732536315918,True,13.09037222002324,644,0.062890625
1110,10090,"[2, 1, 0]",300,88.10544013977051,False,13.09037222002324,644,0.062890625
1110,10091,"[2, 1, 0]",300,88.11736106872559,True,13.09037222002324,644,0.062890625
1110,10092,"[2, 1, 0]",300,88.13118934631348,False,13.09037222002324,644,0.062890625
1110,10093,"[2, 1, 0]",300,88.13834190368652,True,13.09037222002324,644,0.062890625
1110,10094,"[2, 1, 0]",300,88.14859390258789,False,13.09037222002324,644,0.062890625
1110,10095,"[2, 1, 0]",300,88.16003799438477,True,13.09037222002324,644,0.062890625
1110,10096,"[2, 1, 0]",300,88.16957473754883,False,13.09037222002324,644,0.062890625
1110,10097,"[2, 1, 0]",300,88.17577362060547,True,13.09037222002324,644,0.062890625
1110,10098,"[2, 1, 0]",300,88.18531036376953,False,13.09037222002324,644,0.062890625
1110,10099,"[2, 1, 0]",300,88.19127082824707,True,13.09037222002324,644,0.062890625
1110,10100,"[2, 1, 0]",300,88.20009231567383,False,13.09037222002324,644,0.062890625
1110,10101,"[2, 1, 0]",300,88.20509910583496,True,13.09037222002324,644,0.062890625
1110,10102,"[2, 1, 0]",300,88.21368217468262,False,13.09037222002324,644,0.062890625
1110,10103,"[2, 1, 0]",300,88.21868896484375,True,13.09037222002324,644,0.062890625
1110,10104,"[2, 1, 0]",300,88.2270336151123,False,13.09037222002324,644,0.062890625
1110,10105,"[2, 1, 0]",300,88.23227882385254,True,13.09037222002324,644,0.062890625
1110,10106,"[2, 1, 0]",300,88.2406234741211,False,13.09037222002324,644,0.062890625
1110,10107,"[2, 1, 0]",300,88.24586868286133,True,13.09037222002324,644,0.062890625
1110,10108,"[2, 1, 0]",300,88.25445175170898,False,13.09037222002324,644,0.062890625
1110,10109,"[2, 1, 0]",300,88.25945854187012,True,13.09037222002324,644,0.062890625
1110,10110,"[2, 1, 0]",300,88.26780319213867,False,13.09037222002324,644,0.062890625
1110,10111,"[2, 1, 0]",300,88.2730484008789,True,13.09037222002324,644,0.062890625
1110,10112,"[2, 1, 0]",300,88.28115463256836,False,13.09037222002324,644,0.062890625
1110,10113,"[2, 1, 0]",300,88.2866382598877,True,13.09037222002324,644,0.062890625
1110,10114,"[2, 1, 0]",300,88.29665184020996,False,13.09037222002324,644,0.062890625
1110,10115,"[2, 1, 0]",300,88.30642700195312,True,13.09037222002324,644,0.062890625
1110,10116,"[2, 1, 0]",300,88.31596374511719,False,13.09037222002324,644,0.062890625
1110,10117,"[2, 1, 0]",300,88.34123611450195,True,13.09037222002324,644,0.062890625
1110,10118,"[2, 1, 0]",300,88.35053443908691,False,13.09037222002324,644,0.062890625
1110,10119,"[2, 1, 0]",300,88.35601806640625,True,13.09037222002324,644,0.062890625
1110,10120,"[2, 1, 0]",300,88.3646011352539,False,13.09037222002324,644,0.062890625
1110,10121,"[2, 1, 0]",300,88.36960792541504,True,13.09037222002324,644,0.062890625
1110,10122,"[2, 1, 0]",300,88.3784294128418,False,13.09037222002324,644,0.062890625
1110,10123,"[2, 1, 0]",300,88.38343620300293,True,13.09037222002324,644,0.062890625
1110,10124,"[2, 1, 0]",300,88.39201927185059,False,13.09037222002324,644,0.062890625
1110,10125,"[2, 1, 0]",300,88.39726448059082,True,13.09037222002324,644,0.062890625
1110,10126,"[2, 1, 0]",300,88.40560913085938,False,13.09037222002324,644,0.062890625
1110,10127,"[2, 1, 0]",300,88.41061592102051,True,13.09037222002324,644,0.062890625
1110,10128,"[2, 1, 0]",300,88.41919898986816,False,13.09037222002324,644,0.062890625
1110,10129,"[2, 1, 0]",300,88.4242057800293,True,13.09037222002324,644,0.062890625
1110,10130,"[2, 1, 0]",300,88.43708038330078,False,13.09037222002324,644,0.062890625
1110,10131,"[2, 1, 0]",300,88.44304084777832,True,13.09037222002324,644,0.062890625
1110,10132,"[2, 1, 0]",300,88.45210075378418,False,13.09037222002324,644,0.062890625
1110,10133,"[2, 1, 0]",300,88.45734596252441,True,13.09037222002324,644,0.062890625
1110,10134,"[2, 1, 0]",300,88.46592903137207,False,13.09037222002324,644,0.062890625
1110,10135,"[2, 1, 0]",300,88.4709358215332,True,13.09037222002324,644,0.062890625
1110,10136,"[2, 1, 0]",300,88.47951889038086,False,13.09037222002324,644,0.062890625
1110,10137,"[2, 1, 0]",300,88.48738670349121,True,13.09037222002324,644,0.062890625
1110,10138,"[2, 1, 0]",300,88.49596977233887,False,13.09037222002324,644,0.062890625
1110,10139,"[2, 1, 0]",300,88.5009765625,True,13.09037222002324,644,0.062890625
1110,10140,"[2, 1, 0]",300,88.50955963134766,False,13.09037222002324,644,0.062890625
1110,10141,"[2, 1, 0]",300,88.51456642150879,True,13.09037222002324,644,0.062890625
1110,10142,"[2, 1, 0]",300,88.52314949035645,False,13.09037222002324,644,0.062890625
1110,10143,"[2, 1, 0]",300,88.52791786193848,True,13.09037222002324,644,0.062890625
1110,10144,"[2, 1, 0]",300,88.53626251220703,False,13.09037222002324,644,0.062890625
1110,10145,"[2, 1, 0]",300,88.54126930236816,True,13.09037222002324,644,0.062890625
1110,10146,"[2, 1, 0]",300,88.54985237121582,False,13.09037222002324,644,0.062890625
1110,10147,"[2, 1, 0]",300,88.55485916137695,True,13.09037222002324,644,0.062890625
1110,10148,"[2, 1, 0]",300,88.56320381164551,False,13.09037222002324,644,0.062890625
1110,10149,"[2, 1, 0]",300,88.56844902038574,True,13.09037222002324,644,0.062890625
1110,10150,"[2, 1, 0]",300,88.5770320892334,False,13.09037222002324,644,0.062890625
1110,10151,"[2, 1, 0]",300,88.58203887939453,True,13.09037222002324,644,0.062890625
1110,10152,"[2, 1, 0]",300,88.59038352966309,False,13.09037222002324,644,0.062890625
1110,10153,"[2, 1, 0]",300,88.59515190124512,True,13.09037222002324,644,0.062890625
1110,10154,"[2, 1, 0]",300,88.60349655151367,False,13.09037222002324,644,0.062890625
1110,10155,"[2, 1, 0]",300,88.6082649230957,True,13.09037222002324,644,0.062890625
1110,10156,"[2, 1, 0]",300,88.61684799194336,False,13.09037222002324,644,0.062890625
1110,10157,"[2, 1, 0]",300,88.62471580505371,True,13.09037222002324,644,0.062890625
1110,10158,"[2, 1, 0]",300,88.63329887390137,False,13.09037222002324,644,0.062890625
1110,10159,"[2, 1, 0]",300,88.6383056640625,True,13.09037222002324,644,0.062890625
1110,10160,"[2, 1, 0]",300,88.64665031433105,False,13.09037222002324,644,0.062890625
1110,10161,"[2, 1, 0]",300,88.65165710449219,True,13.09037222002324,644,0.062890625
1110,10162,"[2, 1, 0]",300,88.65976333618164,False,13.09037222002324,644,0.062890625
1110,10163,"[2, 1, 0]",300,88.66500854492188,True,13.09037222002324,644,0.062890625
1110,10164,"[2, 1, 0]",300,88.67335319519043,False,13.09037222002324,644,0.062890625
1110,10165,"[2, 1, 0]",300,88.67835998535156,True,13.09037222002324,644,0.062890625
1110,10166,"[2, 1, 0]",300,88.68670463562012,False,13.09037222002324,644,0.062890625
1110,10167,"[2, 1, 0]",300,88.69171142578125,True,13.09037222002324,644,0.062890625
1110,10168,"[2, 1, 0]",300,88.7000560760498,False,13.09037222002324,644,0.062890625
1110,10169,"[2, 1, 0]",300,88.70506286621094,True,13.09037222002324,644,0.062890625
1110,10170,"[2, 1, 0]",300,88.71316909790039,False,13.09037222002324,644,0.062890625
1110,10171,"[2, 1, 0]",300,88.71841430664062,True,13.09037222002324,644,0.062890625
1110,10172,"[2, 1, 0]",300,88.72699737548828,False,13.09037222002324,644,0.062890625
1110,10173,"[2, 1, 0]",300,88.73200416564941,True,13.09037222002324,644,0.062890625
1110,10174,"[2, 1, 0]",300,88.74034881591797,False,13.09037222002324,644,0.062890625
1110,10175,"[2, 1, 0]",300,88.7453556060791,True,13.09037222002324,644,0.062890625
1110,10176,"[2, 1, 0]",300,88.75393867492676,False,13.09037222002324,644,0.062890625
1110,10177,"[2, 1, 0]",300,88.75894546508789,True,13.09037222002324,644,0.062890625
1110,10178,"[2, 1, 0]",300,88.76729011535645,False,13.09037222002324,644,0.062890625
1110,10179,"[2, 1, 0]",300,88.7749195098877,True,13.09037222002324,644,0.062890625
1110,10180,"[2, 1, 0]",300,88.78374099731445,False,13.09037222002324,644,0.062890625
1110,10181,"[2, 1, 0]",300,88.7918472290039,True,13.09037222002324,644,0.062890625
1110,10182,"[2, 1, 0]",300,88.80066871643066,False,13.09037222002324,644,0.062890625
1110,10183,"[2, 1, 0]",300,88.8054370880127,True,13.09037222002324,644,0.062890625
1110,10184,"[2, 1, 0]",300,88.82713317871094,False,13.09037222002324,644,0.062890625
1110,10185,"[2, 1, 0]",300,88.84406089782715,True,13.09037222002324,644,0.062890625
1110,10186,"[2, 1, 0]",300,88.86480331420898,False,13.09037222002324,644,0.062890625
1110,10187,"[2, 1, 0]",300,88.87219429016113,True,13.09037222002324,644,0.062890625
1110,10188,"[2, 1, 0]",300,88.88459205627441,False,13.09037222002324,644,0.062890625
1110,10189,"[2, 1, 0]",300,88.89102935791016,True,13.09037222002324,644,0.062890625
1110,10190,"[2, 1, 0]",300,88.90032768249512,False,13.09037222002324,644,0.062890625
1110,10191,"[2, 1, 0]",300,88.90604972839355,True,13.09037222002324,644,0.062890625
1110,10192,"[2, 1, 0]",300,88.91510963439941,False,13.09037222002324,644,0.062890625
1110,10193,"[2, 1, 0]",300,88.92059326171875,True,13.09037222002324,644,0.062890625
1110,10194,"[2, 1, 0]",300,88.9291763305664,False,13.09037222002324,644,0.062890625
1110,10195,"[2, 1, 0]",300,88.93418312072754,True,13.09037222002324,644,0.062890625
1110,10196,"[2, 1, 0]",300,88.9427661895752,False,13.09037222002324,644,0.062890625
1110,10197,"[2, 1, 0]",300,88.94777297973633,True,13.09037222002324,644,0.062890625
1110,10198,"[2, 1, 0]",300,88.95611763000488,False,13.09037222002324,644,0.062890625
1110,10199,"[2, 1, 0]",300,88.96803855895996,True,13.09037222002324,644,0.062890625
1110,10200,"[2, 1, 0]",300,88.97876739501953,False,13.09037222002324,644,0.062890625
1110,10201,"[2, 1, 0]",300,88.98472785949707,True,13.09037222002324,644,0.062890625
1110,10202,"[2, 1, 0]",300,88.99354934692383,False,13.09037222002324,644,0.062890625
1110,10203,"[2, 1, 0]",300,88.99879455566406,True,13.09037222002324,644,0.062890625
1110,10204,"[2, 1, 0]",300,89.00761604309082,False,13.09037222002324,644,0.062890625
1110,10205,"[2, 1, 0]",300,89.01286125183105,True,13.09037222002324,644,0.062890625
1110,10206,"[2, 1, 0]",300,89.02144432067871,False,13.09037222002324,644,0.062890625
1110,10207,"[2, 1, 0]",300,89.02645111083984,True,13.09037222002324,644,0.062890625
1110,10208,"[2, 1, 0]",300,89.0347957611084,False,13.09037222002324,644,0.062890625
1110,10209,"[2, 1, 0]",300,89.04004096984863,True,13.09037222002324,644,0.062890625
1110,10210,"[2, 1, 0]",300,89.04838562011719,False,13.09037222002324,644,0.062890625
1110,10211,"[2, 1, 0]",300,89.05315399169922,True,13.09037222002324,644,0.062890625
1110,10212,"[2, 1, 0]",300,89.06173706054688,False,13.09037222002324,644,0.062890625
1110,10213,"[2, 1, 0]",300,89.06674385070801,True,13.09037222002324,644,0.062890625
1110,10214,"[2, 1, 0]",300,89.07532691955566,False,13.09037222002324,644,0.062890625
1110,10215,"[2, 1, 0]",300,89.0803337097168,True,13.09037222002324,644,0.062890625
1110,10216,"[2, 1, 0]",300,89.08939361572266,False,13.09037222002324,644,0.062890625
1110,10217,"[2, 1, 0]",300,89.09440040588379,True,13.09037222002324,644,0.062890625
1110,10218,"[2, 1, 0]",300,89.10322189331055,False,13.09037222002324,644,0.062890625
1110,10219,"[2, 1, 0]",300,89.10799026489258,True,13.09037222002324,644,0.062890625
1110,10220,"[2, 1, 0]",300,89.11681175231934,False,13.09037222002324,644,0.062890625
1110,10221,"[2, 1, 0]",300,89.12539482116699,True,13.09037222002324,644,0.062890625
1110,10222,"[2, 1, 0]",300,89.13421630859375,False,13.09037222002324,644,0.062890625
1110,10223,"[2, 1, 0]",300,89.13922309875488,True,13.09037222002324,644,0.062890625
1110,10224,"[2, 1, 0]",300,89.14780616760254,False,13.09037222002324,644,0.062890625
1110,10225,"[2, 1, 0]",300,89.15257453918457,True,13.09037222002324,644,0.062890625
1110,10226,"[2, 1, 0]",300,89.16091918945312,False,13.09037222002324,644,0.062890625
1110,10227,"[2, 1, 0]",300,89.16568756103516,True,13.09037222002324,644,0.062890625
1110,10228,"[2, 1, 0]",300,89.17403221130371,False,13.09037222002324,644,0.062890625
1110,10229,"[2, 1, 0]",300,89.17927742004395,True,13.09037222002324,644,0.062890625
1110,10230,"[2, 1, 0]",300,89.1876220703125,False,13.09037222002324,644,0.062890625
1110,10231,"[2, 1, 0]",300,89.19882774353027,True,13.09037222002324,644,0.062890625
1110,10232,"[2, 1, 0]",300,89.20812606811523,False,13.09037222002324,644,0.062890625
1110,10233,"[2, 1, 0]",300,89.21360969543457,True,13.09037222002324,644,0.062890625
1110,10234,"[2, 1, 0]",300,89.22219276428223,False,13.09037222002324,644,0.062890625
1110,10235,"[2, 1, 0]",300,89.22743797302246,True,13.09037222002324,644,0.062890625
1110,10236,"[2, 1, 0]",300,89.23578262329102,False,13.09037222002324,644,0.062890625
1110,10237,"[2, 1, 0]",300,89.24078941345215,True,13.09037222002324,644,0.062890625
1110,10238,"[2, 1, 0]",300,89.2493724822998,False,13.09037222002324,644,0.062890625
1110,10239,"[2, 1, 0]",300,89.25437927246094,True,13.09037222002324,644,0.062890625
1110,10240,"[2, 1, 0]",300,89.2629623413086,False,13.09037222002324,644,0.062890625
1110,10241,"[2, 1, 0]",300,89.27154541015625,True,13.09037222002324,644,0.062890625
1110,10242,"[2, 1, 0]",300,89.28060531616211,False,13.09037222002324,644,0.062890625
1110,10243,"[2, 1, 0]",300,89.28537368774414,True,13.09037222002324,644,0.062890625
1110,10244,"[2, 1, 0]",300,89.2941951751709,False,13.09037222002324,644,0.062890625
1110,10245,"[2, 1, 0]",300,89.29920196533203,True,13.09037222002324,644,0.062890625
1110,10246,"[2, 1, 0]",300,89.30778503417969,False,13.09037222002324,644,0.062890625
1110,10247,"[2, 1, 0]",300,89.31279182434082,True,13.09037222002324,644,0.062890625
1110,10248,"[2, 1, 0]",300,89.32161331176758,False,13.09037222002324,644,0.062890625
1110,10249,"[2, 1, 0]",300,89.32638168334961,True,13.09037222002324,644,0.062890625
1110,10250,"[2, 1, 0]",300,89.33472633361816,False,13.09037222002324,644,0.062890625
1110,10251,"[2, 1, 0]",300,89.3397331237793,True,13.09037222002324,644,0.062890625
1110,10252,"[2, 1, 0]",300,89.34807777404785,False,13.09037222002324,644,0.062890625
1110,10253,"[2, 1, 0]",300,89.35332298278809,True,13.09037222002324,644,0.062890625
1110,10254,"[2, 1, 0]",300,89.36166763305664,False,13.09037222002324,644,0.062890625
1110,10255,"[2, 1, 0]",300,89.36691284179688,True,13.09037222002324,644,0.062890625
1110,10256,"[2, 1, 0]",300,89.37501907348633,False,13.09037222002324,644,0.062890625
1110,10257,"[2, 1, 0]",300,89.38360214233398,True,13.09037222002324,644,0.062890625
1110,10258,"[2, 1, 0]",300,89.39218521118164,False,13.09037222002324,644,0.062890625
1110,10259,"[2, 1, 0]",300,89.39766883850098,True,13.09037222002324,644,0.062890625
1110,10260,"[2, 1, 0]",300,89.40601348876953,False,13.09037222002324,644,0.062890625
1110,10261,"[2, 1, 0]",300,89.41149711608887,True,13.09037222002324,644,0.062890625
1110,10262,"[2, 1, 0]",300,89.41984176635742,False,13.09037222002324,644,0.062890625
1110,10263,"[2, 1, 0]",300,89.42794799804688,True,13.09037222002324,644,0.062890625
1110,10264,"[2, 1, 0]",300,89.43653106689453,False,13.09037222002324,644,0.062890625
1110,10265,"[2, 1, 0]",300,89.44153785705566,True,13.09037222002324,644,0.062890625
1110,10266,"[2, 1, 0]",300,89.45012092590332,False,13.09037222002324,644,0.062890625
1110,10267,"[2, 1, 0]",300,89.45488929748535,True,13.09037222002324,644,0.062890625
1110,10268,"[2, 1, 0]",300,89.46347236633301,False,13.09037222002324,644,0.062890625
1110,10269,"[2, 1, 0]",300,89.46847915649414,True,13.09037222002324,644,0.062890625
1110,10270,"[2, 1, 0]",300,89.4768238067627,False,13.09037222002324,644,0.062890625
1110,10271,"[2, 1, 0]",300,89.48183059692383,True,13.09037222002324,644,0.062890625
1110,10272,"[2, 1, 0]",300,89.48993682861328,False,13.09037222002324,644,0.062890625
1110,10273,"[2, 1, 0]",300,89.49494361877441,True,13.09037222002324,644,0.062890625
1110,10274,"[2, 1, 0]",300,89.50328826904297,False,13.09037222002324,644,0.062890625
1110,10275,"[2, 1, 0]",300,89.508056640625,True,13.09037222002324,644,0.062890625
1110,10276,"[2, 1, 0]",300,89.51663970947266,False,13.09037222002324,644,0.062890625
1110,10277,"[2, 1, 0]",300,89.52164649963379,True,13.09037222002324,644,0.062890625
1110,10278,"[2, 1, 0]",300,89.52999114990234,False,13.09037222002324,644,0.062890625
1110,10279,"[2, 1, 0]",300,89.53523635864258,True,13.09037222002324,644,0.062890625
1110,10280,"[2, 1, 0]",300,89.54358100891113,False,13.09037222002324,644,0.062890625
1110,10281,"[2, 1, 0]",300,89.55144882202148,True,13.09037222002324,644,0.062890625
1110,10282,"[2, 1, 0]",300,89.56027030944824,False,13.09037222002324,644,0.062890625
1110,10283,"[2, 1, 0]",300,89.5683765411377,True,13.09037222002324,644,0.062890625
1110,10284,"[2, 1, 0]",300,89.57719802856445,False,13.09037222002324,644,0.062890625
1110,10285,"[2, 1, 0]",300,89.58220481872559,True,13.09037222002324,644,0.062890625
1110,10286,"[2, 1, 0]",300,89.59078788757324,False,13.09037222002324,644,0.062890625
1110,10287,"[2, 1, 0]",300,89.6000862121582,True,13.09037222002324,644,0.062890625
1110,10288,"[2, 1, 0]",300,89.60866928100586,False,13.09037222002324,644,0.062890625
1110,10289,"[2, 1, 0]",300,89.61367607116699,True,13.09037222002324,644,0.062890625
1110,10290,"[2, 1, 0]",300,89.62202072143555,False,13.09037222002324,644,0.062890625
1110,10291,"[2, 1, 0]",300,89.62702751159668,True,13.09037222002324,644,0.062890625
1110,10292,"[2, 1, 0]",300,89.63513374328613,False,13.09037222002324,644,0.062890625
1110,10293,"[2, 1, 0]",300,89.63990211486816,True,13.09037222002324,644,0.062890625
1110,10294,"[2, 1, 0]",300,89.64848518371582,False,13.09037222002324,644,0.062890625
1110,10295,"[2, 1, 0]",300,89.65349197387695,True,13.09037222002324,644,0.062890625
1110,10296,"[2, 1, 0]",300,89.66207504272461,False,13.09037222002324,644,0.062890625
1110,10297,"[2, 1, 0]",300,89.66708183288574,True,13.09037222002324,644,0.062890625
1110,10298,"[2, 1, 0]",300,89.6754264831543,False,13.09037222002324,644,0.062890625
1110,10299,"[2, 1, 0]",300,89.68043327331543,True,13.09037222002324,644,0.062890625
1110,10300,"[2, 1, 0]",300,89.68853950500488,False,13.09037222002324,644,0.062890625
1110,10301,"[2, 1, 0]",300,89.69378471374512,True,13.09037222002324,644,0.062890625
1110,10302,"[2, 1, 0]",300,89.70212936401367,False,13.09037222002324,644,0.062890625
1110,10303,"[2, 1, 0]",300,89.70761299133301,True,13.09037222002324,644,0.062890625
1110,10304,"[2, 1, 0]",300,89.71595764160156,False,13.09037222002324,644,0.062890625
1110,10305,"[2, 1, 0]",300,89.72382545471191,True,13.09037222002324,644,0.062890625
1110,10306,"[2, 1, 0]",300,89.73288536071777,False,13.09037222002324,644,0.062890625
1110,10307,"[2, 1, 0]",300,89.7378921508789,True,13.09037222002324,644,0.062890625
1110,10308,"[2, 1, 0]",300,89.74671363830566,False,13.09037222002324,644,0.062890625
1110,10309,"[2, 1, 0]",300,89.7519588470459,True,13.09037222002324,644,0.062890625
1110,10310,"[2, 1, 0]",300,89.76006507873535,False,13.09037222002324,644,0.062890625
1110,10311,"[2, 1, 0]",300,89.76507186889648,True,13.09037222002324,644,0.062890625
1110,10312,"[2, 1, 0]",300,89.77365493774414,False,13.09037222002324,644,0.062890625
1110,10313,"[2, 1, 0]",300,89.77842330932617,True,13.09037222002324,644,0.062890625
1110,10314,"[2, 1, 0]",300,89.78700637817383,False,13.09037222002324,644,0.062890625
1110,10315,"[2, 1, 0]",300,89.79201316833496,True,13.09037222002324,644,0.062890625
1110,10316,"[2, 1, 0]",300,89.80059623718262,False,13.09037222002324,644,0.062890625
1110,10317,"[2, 1, 0]",300,89.80560302734375,True,13.09037222002324,644,0.062890625
1110,10318,"[2, 1, 0]",300,89.8141860961914,False,13.09037222002324,644,0.062890625
1110,10319,"[2, 1, 0]",300,89.81895446777344,True,13.09037222002324,644,0.062890625
1110,10320,"[2, 1, 0]",300,89.82729911804199,False,13.09037222002324,644,0.062890625
1110,10321,"[2, 1, 0]",300,89.83254432678223,True,13.09037222002324,644,0.062890625
1110,10322,"[2, 1, 0]",300,89.84065055847168,False,13.09037222002324,644,0.062890625
1110,10323,"[2, 1, 0]",300,89.84589576721191,True,13.09037222002324,644,0.062890625
1110,10324,"[2, 1, 0]",300,89.85424041748047,False,13.09037222002324,644,0.062890625
1110,10325,"[2, 1, 0]",300,89.86234664916992,True,13.09037222002324,644,0.062890625
1110,10326,"[2, 1, 0]",300,89.87116813659668,False,13.09037222002324,644,0.062890625
1110,10327,"[2, 1, 0]",300,89.87617492675781,True,13.09037222002324,644,0.062890625
1110,10328,"[2, 1, 0]",300,89.88451957702637,False,13.09037222002324,644,0.062890625
1110,10329,"[2, 1, 0]",300,89.8895263671875,True,13.09037222002324,644,0.062890625
1110,10330,"[2, 1, 0]",300,89.89787101745605,False,13.09037222002324,644,0.062890625
1110,10331,"[2, 1, 0]",300,89.90287780761719,True,13.09037222002324,644,0.062890625
1110,10332,"[2, 1, 0]",300,89.97201919555664,False,13.09037222002324,644,0.062890625
1110,10333,"[2, 1, 0]",300,89.98537063598633,True,13.09037222002324,644,0.062890625
1110,10334,"[2, 1, 0]",300,90.00229835510254,False,13.09037222002324,644,0.062890625
1110,10335,"[2, 1, 0]",300,90.00945091247559,True,13.09037222002324,644,0.062890625
1110,10336,"[2, 1, 0]",300,90.02041816711426,False,13.09037222002324,644,0.062890625
1110,10337,"[2, 1, 0]",300,90.0263786315918,True,13.09037222002324,644,0.062890625
1110,10338,"[2, 1, 0]",300,90.03567695617676,False,13.09037222002324,644,0.062890625
1110,10339,"[2, 1, 0]",300,90.0413990020752,True,13.09037222002324,644,0.062890625
1110,10340,"[2, 1, 0]",300,90.05045890808105,False,13.09037222002324,644,0.062890625
1110,10341,"[2, 1, 0]",300,90.05546569824219,True,13.09037222002324,644,0.062890625
1110,10342,"[2, 1, 0]",300,90.06428718566895,False,13.09037222002324,644,0.062890625
1110,10343,"[2, 1, 0]",300,90.06929397583008,True,13.09037222002324,644,0.062890625
1110,10344,"[2, 1, 0]",300,90.07811546325684,False,13.09037222002324,644,0.062890625
1110,10345,"[2, 1, 0]",300,90.08336067199707,True,13.09037222002324,644,0.062890625
1110,10346,"[2, 1, 0]",300,90.09218215942383,False,13.09037222002324,644,0.062890625
1110,10347,"[2, 1, 0]",300,90.10195732116699,True,13.09037222002324,644,0.062890625
1110,10348,"[2, 1, 0]",300,90.11101722717285,False,13.09037222002324,644,0.062890625
1110,10349,"[2, 1, 0]",300,90.11650085449219,True,13.09037222002324,644,0.062890625
1110,10350,"[2, 1, 0]",300,90.12484550476074,False,13.09037222002324,644,0.062890625
1110,10351,"[2, 1, 0]",300,90.12961387634277,True,13.09037222002324,644,0.062890625
1110,10352,"[2, 1, 0]",300,90.13867378234863,False,13.09037222002324,644,0.062890625
1110,10353,"[2, 1, 0]",300,90.14391899108887,True,13.09037222002324,644,0.062890625
1110,10354,"[2, 1, 0]",300,90.15226364135742,False,13.09037222002324,644,0.062890625
1110,10355,"[2, 1, 0]",300,90.15727043151855,True,13.09037222002324,644,0.062890625
1110,10356,"[2, 1, 0]",300,90.16585350036621,False,13.09037222002324,644,0.062890625
1110,10357,"[2, 1, 0]",300,90.17086029052734,True,13.09037222002324,644,0.062890625
1110,10358,"[2, 1, 0]",300,90.179443359375,False,13.09037222002324,644,0.062890625
1110,10359,"[2, 1, 0]",300,90.18421173095703,True,13.09037222002324,644,0.062890625
1110,10360,"[2, 1, 0]",300,90.19279479980469,False,13.09037222002324,644,0.062890625
1110,10361,"[2, 1, 0]",300,90.19756317138672,True,13.09037222002324,644,0.062890625
1110,10362,"[2, 1, 0]",300,90.20662307739258,False,13.09037222002324,644,0.062890625
1110,10363,"[2, 1, 0]",300,90.21234512329102,True,13.09037222002324,644,0.062890625
1110,10364,"[2, 1, 0]",300,90.22164344787598,False,13.09037222002324,644,0.062890625
1110,10365,"[2, 1, 0]",300,90.22688865661621,True,13.09037222002324,644,0.062890625
1110,10366,"[2, 1, 0]",300,90.23571014404297,False,13.09037222002324,644,0.062890625
1110,10367,"[2, 1, 0]",300,90.24477005004883,True,13.09037222002324,644,0.062890625
1110,10368,"[2, 1, 0]",300,90.25382995605469,False,13.09037222002324,644,0.062890625
1110,10369,"[2, 1, 0]",300,90.25931358337402,True,13.09037222002324,644,0.062890625
1110,10370,"[2, 1, 0]",300,90.26813507080078,False,13.09037222002324,644,0.062890625
1110,10371,"[2, 1, 0]",300,90.27338027954102,True,13.09037222002324,644,0.062890625
1110,10372,"[2, 1, 0]",300,90.28172492980957,False,13.09037222002324,644,0.062890625
1110,10373,"[2, 1, 0]",300,90.2869701385498,True,13.09037222002324,644,0.062890625
1110,10374,"[2, 1, 0]",300,90.29507637023926,False,13.09037222002324,644,0.062890625
1110,10375,"[2, 1, 0]",300,90.30032157897949,True,13.09037222002324,644,0.062890625
1110,10376,"[2, 1, 0]",300,90.30890464782715,False,13.09037222002324,644,0.062890625
1110,10377,"[2, 1, 0]",300,90.31414985656738,True,13.09037222002324,644,0.062890625
1110,10378,"[2, 1, 0]",300,90.32297134399414,False,13.09037222002324,644,0.062890625
1110,10379,"[2, 1, 0]",300,90.32797813415527,True,13.09037222002324,644,0.062890625
1110,10380,"[2, 1, 0]",300,90.33656120300293,False,13.09037222002324,644,0.062890625
1110,10381,"[2, 1, 0]",300,90.34180641174316,True,13.09037222002324,644,0.062890625
1110,10382,"[2, 1, 0]",300,90.35348892211914,False,13.09037222002324,644,0.062890625
1110,10383,"[2, 1, 0]",300,90.35944938659668,True,13.09037222002324,644,0.062890625
1110,10384,"[2, 1, 0]",300,90.36850929260254,False,13.09037222002324,644,0.062890625
1110,10385,"[2, 1, 0]",300,90.37399291992188,True,13.09037222002324,644,0.062890625
1110,10386,"[2, 1, 0]",300,90.38257598876953,False,13.09037222002324,644,0.062890625
1110,10387,"[2, 1, 0]",300,90.38782119750977,True,13.09037222002324,644,0.062890625
1110,10388,"[2, 1, 0]",300,90.39640426635742,False,13.09037222002324,644,0.062890625
1110,10389,"[2, 1, 0]",300,90.40474891662598,True,13.09037222002324,644,0.062890625
1110,10390,"[2, 1, 0]",300,90.41357040405273,False,13.09037222002324,644,0.062890625
1110,10391,"[2, 1, 0]",300,90.41881561279297,True,13.09037222002324,644,0.062890625
1110,10392,"[2, 1, 0]",300,90.42716026306152,False,13.09037222002324,644,0.062890625
1110,10393,"[2, 1, 0]",300,90.43216705322266,True,13.09037222002324,644,0.062890625
1110,10394,"[2, 1, 0]",300,90.44051170349121,False,13.09037222002324,644,0.062890625
1110,10395,"[2, 1, 0]",300,90.44551849365234,True,13.09037222002324,644,0.062890625
1110,10396,"[2, 1, 0]",300,90.4541015625,False,13.09037222002324,644,0.062890625
1110,10397,"[2, 1, 0]",300,90.45886993408203,True,13.09037222002324,644,0.062890625
1110,10398,"[2, 1, 0]",300,90.46745300292969,False,13.09037222002324,644,0.062890625
1110,10399,"[2, 1, 0]",300,90.47245979309082,True,13.09037222002324,644,0.062890625
1110,10400,"[2, 1, 0]",300,90.48104286193848,False,13.09037222002324,644,0.062890625
1110,10401,"[2, 1, 0]",300,90.48581123352051,True,13.09037222002324,644,0.062890625
1110,10402,"[2, 1, 0]",300,90.49415588378906,False,13.09037222002324,644,0.062890625
1110,10403,"[2, 1, 0]",300,90.4991626739502,True,13.09037222002324,644,0.062890625
1110,10404,"[2, 1, 0]",300,90.50750732421875,False,13.09037222002324,644,0.062890625
1110,10405,"[2, 1, 0]",300,90.51251411437988,True,13.09037222002324,644,0.062890625
1110,10406,"[2, 1, 0]",300,90.52109718322754,False,13.09037222002324,644,0.062890625
1110,10407,"[2, 1, 0]",300,90.52634239196777,True,13.09037222002324,644,0.062890625
1110,10408,"[2, 1, 0]",300,90.53468704223633,False,13.09037222002324,644,0.062890625
1110,10409,"[2, 1, 0]",300,90.54327011108398,True,13.09037222002324,644,0.062890625
1110,10410,"[2, 1, 0]",300,90.55161476135254,False,13.09037222002324,644,0.062890625
1110,10411,"[2, 1, 0]",300,90.55662155151367,True,13.09037222002324,644,0.062890625
1110,10412,"[2, 1, 0]",300,90.56544303894043,False,13.09037222002324,644,0.062890625
1110,10413,"[2, 1, 0]",300,90.57044982910156,True,13.09037222002324,644,0.062890625
1110,10414,"[2, 1, 0]",300,90.57879447937012,False,13.09037222002324,644,0.062890625
1110,10415,"[2, 1, 0]",300,90.58380126953125,True,13.09037222002324,644,0.062890625
1110,10416,"[2, 1, 0]",300,90.5923843383789,False,13.09037222002324,644,0.062890625
1110,10417,"[2, 1, 0]",300,90.59739112854004,True,13.09037222002324,644,0.062890625
1110,10418,"[2, 1, 0]",300,90.6057357788086,False,13.09037222002324,644,0.062890625
1110,10419,"[2, 1, 0]",300,90.61074256896973,True,13.09037222002324,644,0.062890625
1110,10420,"[2, 1, 0]",300,90.61908721923828,False,13.09037222002324,644,0.062890625
1110,10421,"[2, 1, 0]",300,90.62409400939941,True,13.09037222002324,644,0.062890625
1110,10422,"[2, 1, 0]",300,90.63243865966797,False,13.09037222002324,644,0.062890625
1110,10423,"[2, 1, 0]",300,90.6376838684082,True,13.09037222002324,644,0.062890625
1110,10424,"[2, 1, 0]",300,90.64602851867676,False,13.09037222002324,644,0.062890625
1110,10425,"[2, 1, 0]",300,90.65437316894531,True,13.09037222002324,644,0.062890625
1110,10426,"[2, 1, 0]",300,90.66271781921387,False,13.09037222002324,644,0.062890625
1110,10427,"[2, 1, 0]",300,90.6682014465332,True,13.09037222002324,644,0.062890625
1110,10428,"[2, 1, 0]",300,90.67654609680176,False,13.09037222002324,644,0.062890625
1110,10429,"[2, 1, 0]",300,90.6827449798584,True,13.09037222002324,644,0.062890625
1110,10430,"[2, 1, 0]",300,90.69156646728516,False,13.09037222002324,644,0.062890625
1110,10431,"[2, 1, 0]",300,90.70301055908203,True,13.09037222002324,644,0.062890625
1110,10432,"[2, 1, 0]",300,90.71207046508789,False,13.09037222002324,644,0.062890625
1110,10433,"[2, 1, 0]",300,90.72113037109375,True,13.09037222002324,644,0.062890625
1110,10434,"[2, 1, 0]",300,90.7297134399414,False,13.09037222002324,644,0.062890625
1110,10435,"[2, 1, 0]",300,90.73519706726074,True,13.09037222002324,644,0.062890625
1110,10436,"[2, 1, 0]",300,90.7435417175293,False,13.09037222002324,644,0.062890625
1110,10437,"[2, 1, 0]",300,90.74878692626953,True,13.09037222002324,644,0.062890625
1110,10438,"[2, 1, 0]",300,90.75713157653809,False,13.09037222002324,644,0.062890625
1110,10439,"[2, 1, 0]",300,90.76237678527832,True,13.09037222002324,644,0.062890625
1110,10440,"[2, 1, 0]",300,90.77119827270508,False,13.09037222002324,644,0.062890625
1110,10441,"[2, 1, 0]",300,90.77620506286621,True,13.09037222002324,644,0.062890625
1110,10442,"[2, 1, 0]",300,90.78454971313477,False,13.09037222002324,644,0.062890625
1110,10443,"[2, 1, 0]",300,90.789794921875,True,13.09037222002324,644,0.062890625
1110,10444,"[2, 1, 0]",300,90.79813957214355,False,13.09037222002324,644,0.062890625
1110,10445,"[2, 1, 0]",300,90.80290794372559,True,13.09037222002324,644,0.062890625
1110,10446,"[2, 1, 0]",300,90.81172943115234,False,13.09037222002324,644,0.062890625
1110,10447,"[2, 1, 0]",300,90.81649780273438,True,13.09037222002324,644,0.062890625
1110,10448,"[2, 1, 0]",300,90.82508087158203,False,13.09037222002324,644,0.062890625
1110,10449,"[2, 1, 0]",300,90.83008766174316,True,13.09037222002324,644,0.062890625
1110,10450,"[2, 1, 0]",300,90.86394309997559,False,13.09037222002324,644,0.062890625
1110,10451,"[2, 1, 0]",300,90.8806324005127,True,13.09037222002324,644,0.062890625
1110,10452,"[2, 1, 0]",300,90.8968448638916,False,13.09037222002324,644,0.062890625
1110,10453,"[2, 1, 0]",300,90.90447425842285,True,13.09037222002324,644,0.062890625
1110,10454,"[2, 1, 0]",300,90.91544151306152,False,13.09037222002324,644,0.062890625
1110,10455,"[2, 1, 0]",300,90.92116355895996,True,13.09037222002324,644,0.062890625
1110,10456,"[2, 1, 0]",300,90.93046188354492,False,13.09037222002324,644,0.062890625
1110,10457,"[2, 1, 0]",300,90.93594551086426,True,13.09037222002324,644,0.062890625
1110,10458,"[2, 1, 0]",300,90.94524383544922,False,13.09037222002324,644,0.062890625
1110,10459,"[2, 1, 0]",300,90.95048904418945,True,13.09037222002324,644,0.062890625
1110,10460,"[2, 1, 0]",300,90.95883369445801,False,13.09037222002324,644,0.062890625
1110,10461,"[2, 1, 0]",300,90.96407890319824,True,13.09037222002324,644,0.062890625
1110,10462,"[2, 1, 0]",300,90.9724235534668,False,13.09037222002324,644,0.062890625
1110,10463,"[2, 1, 0]",300,90.97766876220703,True,13.09037222002324,644,0.062890625
1110,10464,"[2, 1, 0]",300,90.98601341247559,False,13.09037222002324,644,0.062890625
1110,10465,"[2, 1, 0]",300,91.01247787475586,True,13.09037222002324,644,0.062890625
1110,10466,"[2, 1, 0]",300,91.02106094360352,False,13.09037222002324,644,0.062890625
1110,10467,"[2, 1, 0]",300,91.02654457092285,True,13.09037222002324,644,0.062890625
1110,10468,"[2, 1, 0]",300,91.0348892211914,False,13.09037222002324,644,0.062890625
1110,10469,"[2, 1, 0]",300,91.04013442993164,True,13.09037222002324,644,0.062890625
1110,10470,"[2, 1, 0]",300,91.0484790802002,False,13.09037222002324,644,0.062890625
1110,10471,"[2, 1, 0]",300,91.05372428894043,True,13.09037222002324,644,0.062890625
1110,10472,"[2, 1, 0]",300,91.06206893920898,False,13.09037222002324,644,0.062890625
1110,10473,"[2, 1, 0]",300,91.07255935668945,True,13.09037222002324,644,0.062890625
1110,10474,"[2, 1, 0]",300,91.08138084411621,False,13.09037222002324,644,0.062890625
1110,10475,"[2, 1, 0]",300,91.08638763427734,True,13.09037222002324,644,0.062890625
1110,10476,"[2, 1, 0]",300,91.0952091217041,False,13.09037222002324,644,0.062890625
1110,10477,"[2, 1, 0]",300,91.09997749328613,True,13.09037222002324,644,0.062890625
1110,10478,"[2, 1, 0]",300,91.10903739929199,False,13.09037222002324,644,0.062890625
1110,10479,"[2, 1, 0]",300,91.11380577087402,True,13.09037222002324,644,0.062890625
1110,10480,"[2, 1, 0]",300,91.12215042114258,False,13.09037222002324,644,0.062890625
1110,10481,"[2, 1, 0]",300,91.12739562988281,True,13.09037222002324,644,0.062890625
1110,10482,"[2, 1, 0]",300,91.13574028015137,False,13.09037222002324,644,0.062890625
1110,10483,"[2, 1, 0]",300,91.1707878112793,True,13.09037222002324,644,0.062890625
1110,10484,"[2, 1, 0]",300,91.19462966918945,False,13.09037222002324,644,0.062890625
1110,10485,"[2, 1, 0]",300,91.20488166809082,True,13.09037222002324,644,0.062890625
1110,10486,"[2, 1, 0]",300,91.2172794342041,False,13.09037222002324,644,0.062890625
1110,10487,"[2, 1, 0]",300,91.22371673583984,True,13.09037222002324,644,0.062890625
1110,10488,"[2, 1, 0]",300,91.23349189758301,False,13.09037222002324,644,0.062890625
1110,10489,"[2, 1, 0]",300,91.23921394348145,True,13.09037222002324,644,0.062890625
1110,10490,"[2, 1, 0]",300,91.2485122680664,False,13.09037222002324,644,0.062890625
1110,10491,"[2, 1, 0]",300,91.25351905822754,True,13.09037222002324,644,0.062890625
1110,10492,"[2, 1, 0]",300,91.2623405456543,False,13.09037222002324,644,0.062890625
1110,10493,"[2, 1, 0]",300,91.27235412597656,True,13.09037222002324,644,0.062890625
1110,10494,"[2, 1, 0]",300,91.28308296203613,False,13.09037222002324,644,0.062890625
1110,10495,"[2, 1, 0]",300,91.28952026367188,True,13.09037222002324,644,0.062890625
1110,10496,"[2, 1, 0]",300,91.29905700683594,False,13.09037222002324,644,0.062890625
1110,10497,"[2, 1, 0]",300,91.30477905273438,True,13.09037222002324,644,0.062890625
1110,10498,"[2, 1, 0]",300,91.31336212158203,False,13.09037222002324,644,0.062890625
1110,10499,"[2, 1, 0]",300,91.31860733032227,True,13.09037222002324,644,0.062890625
1110,10500,"[2, 1, 0]",300,91.32719039916992,False,13.09037222002324,644,0.062890625
1110,10501,"[2, 1, 0]",300,91.33243560791016,True,13.09037222002324,644,0.062890625
1110,10502,"[2, 1, 0]",300,91.34078025817871,False,13.09037222002324,644,0.062890625
1110,10503,"[2, 1, 0]",300,91.34626388549805,True,13.09037222002324,644,0.062890625
1110,10504,"[2, 1, 0]",300,91.3548469543457,False,13.09037222002324,644,0.062890625
1110,10505,"[2, 1, 0]",300,91.36056900024414,True,13.09037222002324,644,0.062890625
1110,10506,"[2, 1, 0]",300,91.36962890625,False,13.09037222002324,644,0.062890625
1110,10507,"[2, 1, 0]",300,91.37439727783203,True,13.09037222002324,644,0.062890625
1110,10508,"[2, 1, 0]",300,91.38321876525879,False,13.09037222002324,644,0.062890625
1110,10509,"[2, 1, 0]",300,91.38822555541992,True,13.09037222002324,644,0.062890625
1110,10510,"[2, 1, 0]",300,91.39657020568848,False,13.09037222002324,644,0.062890625
1110,10511,"[2, 1, 0]",300,91.40181541442871,True,13.09037222002324,644,0.062890625
1110,10512,"[2, 1, 0]",300,91.41039848327637,False,13.09037222002324,644,0.062890625
1110,10513,"[2, 1, 0]",300,91.4154052734375,True,13.09037222002324,644,0.062890625
1110,10514,"[2, 1, 0]",300,91.42398834228516,False,13.09037222002324,644,0.062890625
1110,10515,"[2, 1, 0]",300,91.43233299255371,True,13.09037222002324,644,0.062890625
1110,10516,"[2, 1, 0]",300,91.44091606140137,False,13.09037222002324,644,0.062890625
1110,10517,"[2, 1, 0]",300,91.4463996887207,True,13.09037222002324,644,0.062890625
1110,10518,"[2, 1, 0]",300,91.45522117614746,False,13.09037222002324,644,0.062890625
1110,10519,"[2, 1, 0]",300,91.4604663848877,True,13.09037222002324,644,0.062890625
1110,10520,"[2, 1, 0]",300,91.46904945373535,False,13.09037222002324,644,0.062890625
1110,10521,"[2, 1, 0]",300,91.47405624389648,True,13.09037222002324,644,0.062890625
1110,10522,"[2, 1, 0]",300,91.48263931274414,False,13.09037222002324,644,0.062890625
1110,10523,"[2, 1, 0]",300,91.48788452148438,True,13.09037222002324,644,0.062890625
1110,10524,"[2, 1, 0]",300,91.49599075317383,False,13.09037222002324,644,0.062890625
1110,10525,"[2, 1, 0]",300,91.50099754333496,True,13.09037222002324,644,0.062890625
1110,10526,"[2, 1, 0]",300,91.54772758483887,False,13.09037222002324,644,0.062890625
1110,10527,"[2, 1, 0]",300,91.56203269958496,True,13.09037222002324,644,0.062890625
1110,10528,"[2, 1, 0]",300,91.58182144165039,False,13.09037222002324,644,0.062890625
1110,10529,"[2, 1, 0]",300,91.58921241760254,True,13.09037222002324,644,0.062890625
1110,10530,"[2, 1, 0]",300,91.60065650939941,False,13.09037222002324,644,0.062890625
1110,10531,"[2, 1, 0]",300,91.60661697387695,True,13.09037222002324,644,0.062890625
1110,10532,"[2, 1, 0]",300,91.61663055419922,False,13.09037222002324,644,0.062890625
1110,10533,"[2, 1, 0]",300,91.62735939025879,True,13.09037222002324,644,0.062890625
1110,10534,"[2, 1, 0]",300,91.63737297058105,False,13.09037222002324,644,0.062890625
1110,10535,"[2, 1, 0]",300,91.64667129516602,True,13.09037222002324,644,0.062890625
1110,10536,"[2, 1, 0]",300,91.65668487548828,False,13.09037222002324,644,0.062890625
1110,10537,"[2, 1, 0]",300,91.66216850280762,True,13.09037222002324,644,0.062890625
1110,10538,"[2, 1, 0]",300,91.67146682739258,False,13.09037222002324,644,0.062890625
1110,10539,"[2, 1, 0]",300,91.67790412902832,True,13.09037222002324,644,0.062890625
1110,10540,"[2, 1, 0]",300,91.68815612792969,False,13.09037222002324,644,0.062890625
1110,10541,"[2, 1, 0]",300,91.69411659240723,True,13.09037222002324,644,0.062890625
1110,10542,"[2, 1, 0]",300,91.70317649841309,False,13.09037222002324,644,0.062890625
1110,10543,"[2, 1, 0]",300,91.70818328857422,True,13.09037222002324,644,0.062890625
1110,10544,"[2, 1, 0]",300,91.71700477600098,False,13.09037222002324,644,0.062890625
1110,10545,"[2, 1, 0]",300,91.72177314758301,True,13.09037222002324,644,0.062890625
1110,10546,"[2, 1, 0]",300,91.73011779785156,False,13.09037222002324,644,0.062890625
1110,10547,"[2, 1, 0]",300,91.7356014251709,True,13.09037222002324,644,0.062890625
1110,10548,"[2, 1, 0]",300,91.74394607543945,False,13.09037222002324,644,0.062890625
1110,10549,"[2, 1, 0]",300,91.74919128417969,True,13.09037222002324,644,0.062890625
1110,10550,"[2, 1, 0]",300,91.75777435302734,False,13.09037222002324,644,0.062890625
1110,10551,"[2, 1, 0]",300,91.76301956176758,True,13.09037222002324,644,0.062890625
1110,10552,"[2, 1, 0]",300,91.77136421203613,False,13.09037222002324,644,0.062890625
1110,10553,"[2, 1, 0]",300,91.77660942077637,True,13.09037222002324,644,0.062890625
1110,10554,"[2, 1, 0]",300,91.78471565246582,False,13.09037222002324,644,0.062890625
1110,10555,"[2, 1, 0]",300,91.78996086120605,True,13.09037222002324,644,0.062890625
1110,10556,"[2, 1, 0]",300,91.79830551147461,False,13.09037222002324,644,0.062890625
1110,10557,"[2, 1, 0]",300,91.80688858032227,True,13.09037222002324,644,0.062890625
1110,10558,"[2, 1, 0]",300,91.81547164916992,False,13.09037222002324,644,0.062890625
1110,10559,"[2, 1, 0]",300,91.82095527648926,True,13.09037222002324,644,0.062890625
1110,10560,"[2, 1, 0]",300,91.82929992675781,False,13.09037222002324,644,0.062890625
1110,10561,"[2, 1, 0]",300,91.83454513549805,True,13.09037222002324,644,0.062890625
1110,10562,"[2, 1, 0]",300,91.8426513671875,False,13.09037222002324,644,0.062890625
1110,10563,"[2, 1, 0]",300,91.84765815734863,True,13.09037222002324,644,0.062890625
1110,10564,"[2, 1, 0]",300,91.85647964477539,False,13.09037222002324,644,0.062890625
1110,10565,"[2, 1, 0]",300,91.86148643493652,True,13.09037222002324,644,0.062890625
1110,10566,"[2, 1, 0]",300,91.87006950378418,False,13.09037222002324,644,0.062890625
1110,10567,"[2, 1, 0]",300,91.87507629394531,True,13.09037222002324,644,0.062890625
1110,10568,"[2, 1, 0]",300,91.88413619995117,False,13.09037222002324,644,0.062890625
1110,10569,"[2, 1, 0]",300,91.8889045715332,True,13.09037222002324,644,0.062890625
1110,10570,"[2, 1, 0]",300,91.89748764038086,False,13.09037222002324,644,0.062890625
1110,10571,"[2, 1, 0]",300,91.90249443054199,True,13.09037222002324,644,0.062890625
1110,10572,"[2, 1, 0]",300,91.91131591796875,False,13.09037222002324,644,0.062890625
1110,10573,"[2, 1, 0]",300,91.91608428955078,True,13.09037222002324,644,0.062890625
1110,10574,"[2, 1, 0]",300,91.92442893981934,False,13.09037222002324,644,0.062890625
1110,10575,"[2, 1, 0]",300,91.92943572998047,True,13.09037222002324,644,0.062890625
1110,10576,"[2, 1, 0]",300,91.93778038024902,False,13.09037222002324,644,0.062890625
1110,10577,"[2, 1, 0]",300,91.94636344909668,True,13.09037222002324,644,0.062890625
1110,10578,"[2, 1, 0]",300,91.95518493652344,False,13.09037222002324,644,0.062890625
1110,10579,"[2, 1, 0]",300,91.96043014526367,True,13.09037222002324,644,0.062890625
1110,10580,"[2, 1, 0]",300,91.96925163269043,False,13.09037222002324,644,0.062890625
1110,10581,"[2, 1, 0]",300,91.97449684143066,True,13.09037222002324,644,0.062890625
1110,10582,"[2, 1, 0]",300,91.98284149169922,False,13.09037222002324,644,0.062890625
1110,10583,"[2, 1, 0]",300,91.98784828186035,True,13.09037222002324,644,0.062890625
1110,10584,"[2, 1, 0]",300,92.01264381408691,False,13.09037222002324,644,0.062890625
1110,10585,"[2, 1, 0]",300,92.01788902282715,True,13.09037222002324,644,0.062890625
1110,10586,"[2, 1, 0]",300,92.02694892883301,False,13.09037222002324,644,0.062890625
1110,10587,"[2, 1, 0]",300,92.03195571899414,True,13.09037222002324,644,0.062890625
1110,10588,"[2, 1, 0]",300,92.041015625,False,13.09037222002324,644,0.062890625
1110,10589,"[2, 1, 0]",300,92.04578399658203,True,13.09037222002324,644,0.062890625
1110,10590,"[2, 1, 0]",300,92.05460548400879,False,13.09037222002324,644,0.062890625
1110,10591,"[2, 1, 0]",300,92.05961227416992,True,13.09037222002324,644,0.062890625
1110,10592,"[2, 1, 0]",300,92.06795692443848,False,13.09037222002324,644,0.062890625
1110,10593,"[2, 1, 0]",300,92.07582473754883,True,13.09037222002324,644,0.062890625
1110,10594,"[2, 1, 0]",300,92.08464622497559,False,13.09037222002324,644,0.062890625
1110,10595,"[2, 1, 0]",300,92.09012985229492,True,13.09037222002324,644,0.062890625
1110,10596,"[2, 1, 0]",300,92.09847450256348,False,13.09037222002324,644,0.062890625
1110,10597,"[2, 1, 0]",300,92.10371971130371,True,13.09037222002324,644,0.062890625
1110,10598,"[2, 1, 0]",300,92.11230278015137,False,13.09037222002324,644,0.062890625
1110,10599,"[2, 1, 0]",300,92.12040901184082,True,13.09037222002324,644,0.062890625
1110,10600,"[2, 1, 0]",300,92.12875366210938,False,13.09037222002324,644,0.062890625
1110,10601,"[2, 1, 0]",300,92.13399887084961,True,13.09037222002324,644,0.062890625
1110,10602,"[2, 1, 0]",300,92.14234352111816,False,13.09037222002324,644,0.062890625
1110,10603,"[2, 1, 0]",300,92.1475887298584,True,13.09037222002324,644,0.062890625
1110,10604,"[2, 1, 0]",300,92.15593338012695,False,13.09037222002324,644,0.062890625
1110,10605,"[2, 1, 0]",300,92.16117858886719,True,13.09037222002324,644,0.062890625
1110,10606,"[2, 1, 0]",300,92.16952323913574,False,13.09037222002324,644,0.062890625
1110,10607,"[2, 1, 0]",300,92.17476844787598,True,13.09037222002324,644,0.062890625
1110,10608,"[2, 1, 0]",300,92.18311309814453,False,13.09037222002324,644,0.062890625
1110,10609,"[2, 1, 0]",300,92.18788146972656,True,13.09037222002324,644,0.062890625
1110,10610,"[2, 1, 0]",300,92.19646453857422,False,13.09037222002324,644,0.062890625
1110,10611,"[2, 1, 0]",300,92.20123291015625,True,13.09037222002324,644,0.062890625
0011,10612,"[2, 1, 0]",300,92.21076965332031,False,3.0906190582894566,641,0.06259765625
0011,10613,"[2, 1, 0]",300,92.21577644348145,True,3.0906190582894566,641,0.06259765625
0011,10614,"[2, 1, 0]",300,92.2245979309082,False,3.0906190582894566,641,0.06259765625
0011,10615,"[2, 1, 0]",300,92.22936630249023,True,3.0906190582894566,641,0.06259765625
0011,10616,"[2, 1, 0]",300,92.23794937133789,False,3.0906190582894566,641,0.06259765625
0011,10617,"[2, 1, 0]",300,92.24295616149902,True,3.0906190582894566,641,0.06259765625
0011,10618,"[2, 1, 0]",300,92.25153923034668,False,3.0906190582894566,641,0.06259765625
0011,10619,"[2, 1, 0]",300,92.25964546203613,True,3.0906190582894566,641,0.06259765625
0011,10620,"[2, 1, 0]",300,92.26870536804199,False,3.0906190582894566,641,0.06259765625
0011,10621,"[2, 1, 0]",300,92.27371215820312,True,3.0906190582894566,641,0.06259765625
0011,10622,"[2, 1, 0]",300,92.28253364562988,False,3.0906190582894566,641,0.06259765625
0011,10623,"[2, 1, 0]",300,92.28730201721191,True,3.0906190582894566,641,0.06259765625
0011,10624,"[2, 1, 0]",300,92.29564666748047,False,3.0906190582894566,641,0.06259765625
0011,10625,"[2, 1, 0]",300,92.3008918762207,True,3.0906190582894566,641,0.06259765625
0011,10626,"[2, 1, 0]",300,92.30923652648926,False,3.0906190582894566,641,0.06259765625
0011,10627,"[2, 1, 0]",300,92.31424331665039,True,3.0906190582894566,641,0.06259765625
0011,10628,"[2, 1, 0]",300,92.32258796691895,False,3.0906190582894566,641,0.06259765625
0011,10629,"[2, 1, 0]",300,92.32783317565918,True,3.0906190582894566,641,0.06259765625
0011,10630,"[2, 1, 0]",300,92.33617782592773,False,3.0906190582894566,641,0.06259765625
0011,10631,"[2, 1, 0]",300,92.34094619750977,True,3.0906190582894566,641,0.06259765625
0011,10632,"[2, 1, 0]",300,92.34952926635742,False,3.0906190582894566,641,0.06259765625
0011,10633,"[2, 1, 0]",300,92.35453605651855,True,3.0906190582894566,641,0.06259765625
0011,10634,"[2, 1, 0]",300,92.36931800842285,False,3.0906190582894566,641,0.06259765625
0011,10635,"[2, 1, 0]",300,92.37480163574219,True,3.0906190582894566,641,0.06259765625
0011,10636,"[2, 1, 0]",300,92.38362312316895,False,3.0906190582894566,641,0.06259765625
0011,10637,"[2, 1, 0]",300,92.38886833190918,True,3.0906190582894566,641,0.06259765625
0011,10638,"[2, 1, 0]",300,92.39745140075684,False,3.0906190582894566,641,0.06259765625
0011,10639,"[2, 1, 0]",300,92.40245819091797,True,3.0906190582894566,641,0.06259765625
0011,10640,"[2, 1, 0]",300,92.41127967834473,False,3.0906190582894566,641,0.06259765625
0011,10641,"[2, 1, 0]",300,92.41938591003418,True,3.0906190582894566,641,0.06259765625
0011,10642,"[2, 1, 0]",300,92.42844581604004,False,3.0906190582894566,641,0.06259765625
0011,10643,"[2, 1, 0]",300,92.43345260620117,True,3.0906190582894566,641,0.06259765625
0011,10644,"[2, 1, 0]",300,92.44179725646973,False,3.0906190582894566,641,0.06259765625
0011,10645,"[2, 1, 0]",300,92.44680404663086,True,3.0906190582894566,641,0.06259765625
0011,10646,"[2, 1, 0]",300,92.45514869689941,False,3.0906190582894566,641,0.06259765625
0011,10647,"[2, 1, 0]",300,92.46015548706055,True,3.0906190582894566,641,0.06259765625
0011,10648,"[2, 1, 0]",300,92.4687385559082,False,3.0906190582894566,641,0.06259765625
0011,10649,"[2, 1, 0]",300,92.47398376464844,True,3.0906190582894566,641,0.06259765625
0011,10650,"[2, 1, 0]",300,92.4825668334961,False,3.0906190582894566,641,0.06259765625
0011,10651,"[2, 1, 0]",300,92.48781204223633,True,3.0906190582894566,641,0.06259765625
0011,10652,"[2, 1, 0]",300,92.49639511108398,False,3.0906190582894566,641,0.06259765625
0011,10653,"[2, 1, 0]",300,92.50164031982422,True,3.0906190582894566,641,0.06259765625
0011,10654,"[2, 1, 0]",300,92.50998497009277,False,3.0906190582894566,641,0.06259765625
0011,10655,"[2, 1, 0]",300,92.5149917602539,True,3.0906190582894566,641,0.06259765625
0011,10656,"[2, 1, 0]",300,92.52333641052246,False,3.0906190582894566,641,0.06259765625
0011,10657,"[2, 1, 0]",300,92.52810478210449,True,3.0906190582894566,641,0.06259765625
0011,10658,"[2, 1, 0]",300,92.53668785095215,False,3.0906190582894566,641,0.06259765625
0011,10659,"[2, 1, 0]",300,92.54145622253418,True,3.0906190582894566,641,0.06259765625
0011,10660,"[2, 1, 0]",300,92.55003929138184,False,3.0906190582894566,641,0.06259765625
0011,10661,"[2, 1, 0]",300,92.55814552307129,True,3.0906190582894566,641,0.06259765625
0011,10662,"[2, 1, 0]",300,92.56720542907715,False,3.0906190582894566,641,0.06259765625
0011,10663,"[2, 1, 0]",300,92.57245063781738,True,3.0906190582894566,641,0.06259765625
0011,10664,"[2, 1, 0]",300,92.58127212524414,False,3.0906190582894566,641,0.06259765625
0011,10665,"[2, 1, 0]",300,92.58604049682617,True,3.0906190582894566,641,0.06259765625
0011,10666,"[2, 1, 0]",300,92.59438514709473,False,3.0906190582894566,641,0.06259765625
0011,10667,"[2, 1, 0]",300,92.59963035583496,True,3.0906190582894566,641,0.06259765625
0011,10668,"[2, 1, 0]",300,92.60797500610352,False,3.0906190582894566,641,0.06259765625
0011,10669,"[2, 1, 0]",300,92.61322021484375,True,3.0906190582894566,641,0.06259765625
0011,10670,"[2, 1, 0]",300,92.6215648651123,False,3.0906190582894566,641,0.06259765625
0011,10671,"[2, 1, 0]",300,92.62657165527344,True,3.0906190582894566,641,0.06259765625
0011,10672,"[2, 1, 0]",300,92.63467788696289,False,3.0906190582894566,641,0.06259765625
0011,10673,"[2, 1, 0]",300,92.63992309570312,True,3.0906190582894566,641,0.06259765625
0011,10674,"[2, 1, 0]",300,92.64826774597168,False,3.0906190582894566,641,0.06259765625
0011,10675,"[2, 1, 0]",300,92.65303611755371,True,3.0906190582894566,641,0.06259765625
0011,10676,"[2, 1, 0]",300,92.66161918640137,False,3.0906190582894566,641,0.06259765625
0011,10677,"[2, 1, 0]",300,92.6666259765625,True,3.0906190582894566,641,0.06259765625
0011,10678,"[2, 1, 0]",300,92.67520904541016,False,3.0906190582894566,641,0.06259765625
0011,10679,"[2, 1, 0]",300,92.68021583557129,True,3.0906190582894566,641,0.06259765625
0011,10680,"[2, 1, 0]",300,92.68879890441895,False,3.0906190582894566,641,0.06259765625
0011,10681,"[2, 1, 0]",300,92.69380569458008,True,3.0906190582894566,641,0.06259765625
0011,10682,"[2, 1, 0]",300,92.70215034484863,False,3.0906190582894566,641,0.06259765625
0011,10683,"[2, 1, 0]",300,92.71502494812012,True,3.0906190582894566,641,0.06259765625
0011,10684,"[2, 1, 0]",300,92.72408485412598,False,3.0906190582894566,641,0.06259765625
0011,10685,"[2, 1, 0]",300,92.73266792297363,True,3.0906190582894566,641,0.06259765625
0011,10686,"[2, 1, 0]",300,92.74172782897949,False,3.0906190582894566,641,0.06259765625
0011,10687,"[2, 1, 0]",300,92.74673461914062,True,3.0906190582894566,641,0.06259765625
0011,10688,"[2, 1, 0]",300,92.75579452514648,False,3.0906190582894566,641,0.06259765625
0011,10689,"[2, 1, 0]",300,92.76080131530762,True,3.0906190582894566,641,0.06259765625
0011,10690,"[2, 1, 0]",300,92.76938438415527,False,3.0906190582894566,641,0.06259765625
0011,10691,"[2, 1, 0]",300,92.7741527557373,True,3.0906190582894566,641,0.06259765625
0011,10692,"[2, 1, 0]",300,92.78273582458496,False,3.0906190582894566,641,0.06259765625
0011,10693,"[2, 1, 0]",300,92.78750419616699,True,3.0906190582894566,641,0.06259765625
0011,10694,"[2, 1, 0]",300,92.79632568359375,False,3.0906190582894566,641,0.06259765625
0011,10695,"[2, 1, 0]",300,92.80133247375488,True,3.0906190582894566,641,0.06259765625
0011,10696,"[2, 1, 0]",300,92.80967712402344,False,3.0906190582894566,641,0.06259765625
0011,10697,"[2, 1, 0]",300,92.81492233276367,True,3.0906190582894566,641,0.06259765625
0011,10698,"[2, 1, 0]",300,92.82350540161133,False,3.0906190582894566,641,0.06259765625
0011,10699,"[2, 1, 0]",300,92.82875061035156,True,3.0906190582894566,641,0.06259765625
0011,10700,"[2, 1, 0]",300,92.83709526062012,False,3.0906190582894566,641,0.06259765625
0011,10701,"[2, 1, 0]",300,92.84234046936035,True,3.0906190582894566,641,0.06259765625
0011,10702,"[2, 1, 0]",300,92.8504467010498,False,3.0906190582894566,641,0.06259765625
0011,10703,"[2, 1, 0]",300,92.88454055786133,True,3.0906190582894566,641,0.06259765625
0011,10704,"[2, 1, 0]",300,92.90575981140137,False,3.0906190582894566,641,0.06259765625
0011,10705,"[2, 1, 0]",300,92.91338920593262,True,3.0906190582894566,641,0.06259765625
0011,10706,"[2, 1, 0]",300,92.9262638092041,False,3.0906190582894566,641,0.06259765625
0011,10707,"[2, 1, 0]",300,92.93293952941895,True,3.0906190582894566,641,0.06259765625
0011,10708,"[2, 1, 0]",300,92.94319152832031,False,3.0906190582894566,641,0.06259765625
0011,10709,"[2, 1, 0]",300,92.94891357421875,True,3.0906190582894566,641,0.06259765625
0011,10710,"[2, 1, 0]",300,92.95797348022461,False,3.0906190582894566,641,0.06259765625
0011,10711,"[2, 1, 0]",300,92.96321868896484,True,3.0906190582894566,641,0.06259765625
0011,10712,"[2, 1, 0]",300,92.9720401763916,False,3.0906190582894566,641,0.06259765625
0011,10713,"[2, 1, 0]",300,92.97752380371094,True,3.0906190582894566,641,0.06259765625
0011,10714,"[2, 1, 0]",300,92.9863452911377,False,3.0906190582894566,641,0.06259765625
0011,10715,"[2, 1, 0]",300,92.99182891845703,True,3.0906190582894566,641,0.06259765625
0011,10716,"[2, 1, 0]",300,93.00041198730469,False,3.0906190582894566,641,0.06259765625
0011,10717,"[2, 1, 0]",300,93.00541877746582,True,3.0906190582894566,641,0.06259765625
0011,10718,"[2, 1, 0]",300,93.01376342773438,False,3.0906190582894566,641,0.06259765625
0011,10719,"[2, 1, 0]",300,93.01900863647461,True,3.0906190582894566,641,0.06259765625
0011,10720,"[2, 1, 0]",300,93.02759170532227,False,3.0906190582894566,641,0.06259765625
0011,10721,"[2, 1, 0]",300,93.0328369140625,True,3.0906190582894566,641,0.06259765625
0011,10722,"[2, 1, 0]",300,93.04141998291016,False,3.0906190582894566,641,0.06259765625
0011,10723,"[2, 1, 0]",300,93.04666519165039,True,3.0906190582894566,641,0.06259765625
0011,10724,"[2, 1, 0]",300,93.05524826049805,False,3.0906190582894566,641,0.06259765625
0011,10725,"[2, 1, 0]",300,93.06454658508301,True,3.0906190582894566,641,0.06259765625
0011,10726,"[2, 1, 0]",300,93.07336807250977,False,3.0906190582894566,641,0.06259765625
0011,10727,"[2, 1, 0]",300,93.07861328125,True,3.0906190582894566,641,0.06259765625
0011,10728,"[2, 1, 0]",300,93.08719635009766,False,3.0906190582894566,641,0.06259765625
0011,10729,"[2, 1, 0]",300,93.09220314025879,True,3.0906190582894566,641,0.06259765625
0011,10730,"[2, 1, 0]",300,93.10102462768555,False,3.0906190582894566,641,0.06259765625
0011,10731,"[2, 1, 0]",300,93.10626983642578,True,3.0906190582894566,641,0.06259765625
0011,10732,"[2, 1, 0]",300,93.11485290527344,False,3.0906190582894566,641,0.06259765625
0011,10733,"[2, 1, 0]",300,93.11985969543457,True,3.0906190582894566,641,0.06259765625
0011,10734,"[2, 1, 0]",300,93.12844276428223,False,3.0906190582894566,641,0.06259765625
0011,10735,"[2, 1, 0]",300,93.13726425170898,True,3.0906190582894566,641,0.06259765625
0011,10736,"[2, 1, 0]",300,93.14680099487305,False,3.0906190582894566,641,0.06259765625
0011,10737,"[2, 1, 0]",300,93.15204620361328,True,3.0906190582894566,641,0.06259765625
0011,10738,"[2, 1, 0]",300,93.16158294677734,False,3.0906190582894566,641,0.06259765625
0011,10739,"[2, 1, 0]",300,93.16658973693848,True,3.0906190582894566,641,0.06259765625
0011,10740,"[2, 1, 0]",300,93.17564964294434,False,3.0906190582894566,641,0.06259765625
0011,10741,"[2, 1, 0]",300,93.18065643310547,True,3.0906190582894566,641,0.06259765625
0011,10742,"[2, 1, 0]",300,93.18923950195312,False,3.0906190582894566,641,0.06259765625
0011,10743,"[2, 1, 0]",300,93.19400787353516,True,3.0906190582894566,641,0.06259765625
0011,10744,"[2, 1, 0]",300,93.20282936096191,False,3.0906190582894566,641,0.06259765625
0011,10745,"[2, 1, 0]",300,93.21069717407227,True,3.0906190582894566,641,0.06259765625
0011,10746,"[2, 1, 0]",300,93.21975708007812,False,3.0906190582894566,641,0.06259765625
0011,10747,"[2, 1, 0]",300,93.22476387023926,True,3.0906190582894566,641,0.06259765625
0011,10748,"[2, 1, 0]",300,93.23358535766602,False,3.0906190582894566,641,0.06259765625
0011,10749,"[2, 1, 0]",300,93.23859214782715,True,3.0906190582894566,641,0.06259765625
0011,10750,"[2, 1, 0]",300,93.2471752166748,False,3.0906190582894566,641,0.06259765625
0011,10751,"[2, 1, 0]",300,93.25218200683594,True,3.0906190582894566,641,0.06259765625
0011,10752,"[2, 1, 0]",300,93.26052665710449,False,3.0906190582894566,641,0.06259765625
0011,10753,"[2, 1, 0]",300,93.26577186584473,True,3.0906190582894566,641,0.06259765625
0011,10754,"[2, 1, 0]",300,93.27411651611328,False,3.0906190582894566,641,0.06259765625
0011,10755,"[2, 1, 0]",300,93.27912330627441,True,3.0906190582894566,641,0.06259765625
0011,10756,"[2, 1, 0]",300,93.28746795654297,False,3.0906190582894566,641,0.06259765625
0011,10757,"[2, 1, 0]",300,93.2927131652832,True,3.0906190582894566,641,0.06259765625
0011,10758,"[2, 1, 0]",300,93.30105781555176,False,3.0906190582894566,641,0.06259765625
0011,10759,"[2, 1, 0]",300,93.30606460571289,True,3.0906190582894566,641,0.06259765625
0011,10760,"[2, 1, 0]",300,93.31464767456055,False,3.0906190582894566,641,0.06259765625
0011,10761,"[2, 1, 0]",300,93.3232307434082,True,3.0906190582894566,641,0.06259765625
0011,10762,"[2, 1, 0]",300,93.33181381225586,False,3.0906190582894566,641,0.06259765625
0011,10763,"[2, 1, 0]",300,93.3372974395752,True,3.0906190582894566,641,0.06259765625
0011,10764,"[2, 1, 0]",300,93.34588050842285,False,3.0906190582894566,641,0.06259765625
0011,10765,"[2, 1, 0]",300,93.35112571716309,True,3.0906190582894566,641,0.06259765625
0011,10766,"[2, 1, 0]",300,93.35994720458984,False,3.0906190582894566,641,0.06259765625
0011,10767,"[2, 1, 0]",300,93.3682918548584,True,3.0906190582894566,641,0.06259765625
0011,10768,"[2, 1, 0]",300,93.37782859802246,False,3.0906190582894566,641,0.06259765625
0011,10769,"[2, 1, 0]",300,93.3833122253418,True,3.0906190582894566,641,0.06259765625
0011,10770,"[2, 1, 0]",300,93.39189529418945,False,3.0906190582894566,641,0.06259765625
0011,10771,"[2, 1, 0]",300,93.39690208435059,True,3.0906190582894566,641,0.06259765625
0011,10772,"[2, 1, 0]",300,93.40524673461914,False,3.0906190582894566,641,0.06259765625
0011,10773,"[2, 1, 0]",300,93.41025352478027,True,3.0906190582894566,641,0.06259765625
0011,10774,"[2, 1, 0]",300,93.41883659362793,False,3.0906190582894566,641,0.06259765625
0011,10775,"[2, 1, 0]",300,93.42360496520996,True,3.0906190582894566,641,0.06259765625
0011,10776,"[2, 1, 0]",300,93.43242645263672,False,3.0906190582894566,641,0.06259765625
0011,10777,"[2, 1, 0]",300,93.45817565917969,True,3.0906190582894566,641,0.06259765625
0011,10778,"[2, 1, 0]",300,93.47915649414062,False,3.0906190582894566,641,0.06259765625
0011,10779,"[2, 1, 0]",300,93.48726272583008,True,3.0906190582894566,641,0.06259765625
0011,10780,"[2, 1, 0]",300,93.49918365478516,False,3.0906190582894566,641,0.06259765625
0011,10781,"[2, 1, 0]",300,93.5060977935791,True,3.0906190582894566,641,0.06259765625
0011,10782,"[2, 1, 0]",300,93.51730346679688,False,3.0906190582894566,641,0.06259765625
0011,10783,"[2, 1, 0]",300,93.52326393127441,True,3.0906190582894566,641,0.06259765625
0011,10784,"[2, 1, 0]",300,93.53232383728027,False,3.0906190582894566,641,0.06259765625
0011,10785,"[2, 1, 0]",300,93.54305267333984,True,3.0906190582894566,641,0.06259765625
0011,10786,"[2, 1, 0]",300,93.5525894165039,False,3.0906190582894566,641,0.06259765625
0011,10787,"[2, 1, 0]",300,93.56164932250977,True,3.0906190582894566,641,0.06259765625
0011,10788,"[2, 1, 0]",300,93.57190132141113,False,3.0906190582894566,641,0.06259765625
0011,10789,"[2, 1, 0]",300,93.57762336730957,True,3.0906190582894566,641,0.06259765625
0011,10790,"[2, 1, 0]",300,93.58668327331543,False,3.0906190582894566,641,0.06259765625
0011,10791,"[2, 1, 0]",300,93.59216690063477,True,3.0906190582894566,641,0.06259765625
0011,10792,"[2, 1, 0]",300,93.60074996948242,False,3.0906190582894566,641,0.06259765625
0011,10793,"[2, 1, 0]",300,93.60599517822266,True,3.0906190582894566,641,0.06259765625
0011,10794,"[2, 1, 0]",300,93.61457824707031,False,3.0906190582894566,641,0.06259765625
0011,10795,"[2, 1, 0]",300,93.62006187438965,True,3.0906190582894566,641,0.06259765625
0011,10796,"[2, 1, 0]",300,93.6284065246582,False,3.0906190582894566,641,0.06259765625
0011,10797,"[2, 1, 0]",300,93.63341331481934,True,3.0906190582894566,641,0.06259765625
0011,10798,"[2, 1, 0]",300,93.64199638366699,False,3.0906190582894566,641,0.06259765625
0011,10799,"[2, 1, 0]",300,93.64724159240723,True,3.0906190582894566,641,0.06259765625
0011,10800,"[2, 1, 0]",300,93.65534782409668,False,3.0906190582894566,641,0.06259765625
0011,10801,"[2, 1, 0]",300,93.66059303283691,True,3.0906190582894566,641,0.06259765625
0011,10802,"[2, 1, 0]",300,93.66893768310547,False,3.0906190582894566,641,0.06259765625
0011,10803,"[2, 1, 0]",300,93.6737060546875,True,3.0906190582894566,641,0.06259765625
0011,10804,"[2, 1, 0]",300,93.68228912353516,False,3.0906190582894566,641,0.06259765625
0011,10805,"[2, 1, 0]",300,93.68729591369629,True,3.0906190582894566,641,0.06259765625
0011,10806,"[2, 1, 0]",300,93.69611740112305,False,3.0906190582894566,641,0.06259765625
0011,10807,"[2, 1, 0]",300,93.70088577270508,True,3.0906190582894566,641,0.06259765625
0011,10808,"[2, 1, 0]",300,93.71018409729004,False,3.0906190582894566,641,0.06259765625
0011,10809,"[2, 1, 0]",300,93.71805191040039,True,3.0906190582894566,641,0.06259765625
0011,10810,"[2, 1, 0]",300,93.72687339782715,False,3.0906190582894566,641,0.06259765625
0011,10811,"[2, 1, 0]",300,93.73188018798828,True,3.0906190582894566,641,0.06259765625
0011,10812,"[2, 1, 0]",300,93.74070167541504,False,3.0906190582894566,641,0.06259765625
0011,10813,"[2, 1, 0]",300,93.76645088195801,True,3.0906190582894566,641,0.06259765625
0011,10814,"[2, 1, 0]",300,93.77527236938477,False,3.0906190582894566,641,0.06259765625
0011,10815,"[2, 1, 0]",300,93.7807559967041,True,3.0906190582894566,641,0.06259765625
0011,10816,"[2, 1, 0]",300,93.78933906555176,False,3.0906190582894566,641,0.06259765625
0011,10817,"[2, 1, 0]",300,93.79410743713379,True,3.0906190582894566,641,0.06259765625
0011,10818,"[2, 1, 0]",300,93.80292892456055,False,3.0906190582894566,641,0.06259765625
0011,10819,"[2, 1, 0]",300,93.80793571472168,True,3.0906190582894566,641,0.06259765625
0011,10820,"[2, 1, 0]",300,93.81628036499023,False,3.0906190582894566,641,0.06259765625
0011,10821,"[2, 1, 0]",300,93.82152557373047,True,3.0906190582894566,641,0.06259765625
0011,10822,"[2, 1, 0]",300,93.83010864257812,False,3.0906190582894566,641,0.06259765625
0011,10823,"[2, 1, 0]",300,93.83535385131836,True,3.0906190582894566,641,0.06259765625
0011,10824,"[2, 1, 0]",300,93.84346008300781,False,3.0906190582894566,641,0.06259765625
0011,10825,"[2, 1, 0]",300,93.84870529174805,True,3.0906190582894566,641,0.06259765625
0011,10826,"[2, 1, 0]",300,93.8570499420166,False,3.0906190582894566,641,0.06259765625
0011,10827,"[2, 1, 0]",300,93.86229515075684,True,3.0906190582894566,641,0.06259765625
0011,10828,"[2, 1, 0]",300,93.87063980102539,False,3.0906190582894566,641,0.06259765625
0011,10829,"[2, 1, 0]",300,93.87874603271484,True,3.0906190582894566,641,0.06259765625
0011,10830,"[2, 1, 0]",300,93.8878059387207,False,3.0906190582894566,641,0.06259765625
0011,10831,"[2, 1, 0]",300,93.89257431030273,True,3.0906190582894566,641,0.06259765625
0011,10832,"[2, 1, 0]",300,93.90115737915039,False,3.0906190582894566,641,0.06259765625
0011,10833,"[2, 1, 0]",300,93.90640258789062,True,3.0906190582894566,641,0.06259765625
0011,10834,"[2, 1, 0]",300,93.91522407531738,False,3.0906190582894566,641,0.06259765625
0011,10835,"[2, 1, 0]",300,93.92023086547852,True,3.0906190582894566,641,0.06259765625
0011,10836,"[2, 1, 0]",300,93.93525123596191,False,3.0906190582894566,641,0.06259765625
0011,10837,"[2, 1, 0]",300,93.94025802612305,True,3.0906190582894566,641,0.06259765625
0011,10838,"[2, 1, 0]",300,93.9490795135498,False,3.0906190582894566,641,0.06259765625
0011,10839,"[2, 1, 0]",300,93.95408630371094,True,3.0906190582894566,641,0.06259765625
0011,10840,"[2, 1, 0]",300,93.9626693725586,False,3.0906190582894566,641,0.06259765625
0011,10841,"[2, 1, 0]",300,93.96743774414062,True,3.0906190582894566,641,0.06259765625
0011,10842,"[2, 1, 0]",300,93.97578239440918,False,3.0906190582894566,641,0.06259765625
0011,10843,"[2, 1, 0]",300,93.98102760314941,True,3.0906190582894566,641,0.06259765625
0011,10844,"[2, 1, 0]",300,93.98937225341797,False,3.0906190582894566,641,0.06259765625
0011,10845,"[2, 1, 0]",300,93.9946174621582,True,3.0906190582894566,641,0.06259765625
0011,10846,"[2, 1, 0]",300,94.00320053100586,False,3.0906190582894566,641,0.06259765625
0011,10847,"[2, 1, 0]",300,94.00820732116699,True,3.0906190582894566,641,0.06259765625
0011,10848,"[2, 1, 0]",300,94.01631355285645,False,3.0906190582894566,641,0.06259765625
0011,10849,"[2, 1, 0]",300,94.02132034301758,True,3.0906190582894566,641,0.06259765625
0011,10850,"[2, 1, 0]",300,94.02990341186523,False,3.0906190582894566,641,0.06259765625
0011,10851,"[2, 1, 0]",300,94.03777122497559,True,3.0906190582894566,641,0.06259765625
0011,10852,"[2, 1, 0]",300,94.04659271240234,False,3.0906190582894566,641,0.06259765625
0011,10853,"[2, 1, 0]",300,94.05136108398438,True,3.0906190582894566,641,0.06259765625
0011,10854,"[2, 1, 0]",300,94.05994415283203,False,3.0906190582894566,641,0.06259765625
0011,10855,"[2, 1, 0]",300,94.06495094299316,True,3.0906190582894566,641,0.06259765625
0011,10856,"[2, 1, 0]",300,94.07305717468262,False,3.0906190582894566,641,0.06259765625
0011,10857,"[2, 1, 0]",300,94.07830238342285,True,3.0906190582894566,641,0.06259765625
0011,10858,"[2, 1, 0]",300,94.08688545227051,False,3.0906190582894566,641,0.06259765625
0011,10859,"[2, 1, 0]",300,94.09213066101074,True,3.0906190582894566,641,0.06259765625
0011,10860,"[2, 1, 0]",300,94.1004753112793,False,3.0906190582894566,641,0.06259765625
0011,10861,"[2, 1, 0]",300,94.10572052001953,True,3.0906190582894566,641,0.06259765625
0011,10862,"[2, 1, 0]",300,94.11430358886719,False,3.0906190582894566,641,0.06259765625
0011,10863,"[2, 1, 0]",300,94.11954879760742,True,3.0906190582894566,641,0.06259765625
0011,10864,"[2, 1, 0]",300,94.12765502929688,False,3.0906190582894566,641,0.06259765625
0011,10865,"[2, 1, 0]",300,94.13290023803711,True,3.0906190582894566,641,0.06259765625
0011,10866,"[2, 1, 0]",300,94.14124488830566,False,3.0906190582894566,641,0.06259765625
0011,10867,"[2, 1, 0]",300,94.1462516784668,True,3.0906190582894566,641,0.06259765625
0011,10868,"[2, 1, 0]",300,94.15507316589355,False,3.0906190582894566,641,0.06259765625
0011,10869,"[2, 1, 0]",300,94.16007995605469,True,3.0906190582894566,641,0.06259765625
0011,10870,"[2, 1, 0]",300,94.16866302490234,False,3.0906190582894566,641,0.06259765625
0011,10871,"[2, 1, 0]",300,94.1767692565918,True,3.0906190582894566,641,0.06259765625
0011,10872,"[2, 1, 0]",300,94.18582916259766,False,3.0906190582894566,641,0.06259765625
0011,10873,"[2, 1, 0]",300,94.19059753417969,True,3.0906190582894566,641,0.06259765625
0011,10874,"[2, 1, 0]",300,94.19918060302734,False,3.0906190582894566,641,0.06259765625
0011,10875,"[2, 1, 0]",300,94.20418739318848,True,3.0906190582894566,641,0.06259765625
0011,10876,"[2, 1, 0]",300,94.21277046203613,False,3.0906190582894566,641,0.06259765625
0011,10877,"[2, 1, 0]",300,94.21777725219727,True,3.0906190582894566,641,0.06259765625
0011,10878,"[2, 1, 0]",300,94.22659873962402,False,3.0906190582894566,641,0.06259765625
0011,10879,"[2, 1, 0]",300,94.23136711120605,True,3.0906190582894566,641,0.06259765625
0011,10880,"[2, 1, 0]",300,94.23971176147461,False,3.0906190582894566,641,0.06259765625
0011,10881,"[2, 1, 0]",300,94.24495697021484,True,3.0906190582894566,641,0.06259765625
0011,10882,"[2, 1, 0]",300,94.2530632019043,False,3.0906190582894566,641,0.06259765625
0011,10883,"[2, 1, 0]",300,94.25830841064453,True,3.0906190582894566,641,0.06259765625
0011,10884,"[2, 1, 0]",300,94.26665306091309,False,3.0906190582894566,641,0.06259765625
0011,10885,"[2, 1, 0]",300,94.27189826965332,True,3.0906190582894566,641,0.06259765625
0011,10886,"[2, 1, 0]",300,94.2833423614502,False,3.0906190582894566,641,0.06259765625
0011,10887,"[2, 1, 0]",300,94.28858757019043,True,3.0906190582894566,641,0.06259765625
0011,10888,"[2, 1, 0]",300,94.29788589477539,False,3.0906190582894566,641,0.06259765625
0011,10889,"[2, 1, 0]",300,94.30336952209473,True,3.0906190582894566,641,0.06259765625
0011,10890,"[2, 1, 0]",300,94.31171417236328,False,3.0906190582894566,641,0.06259765625
0011,10891,"[2, 1, 0]",300,94.31672096252441,True,3.0906190582894566,641,0.06259765625
0011,10892,"[2, 1, 0]",300,94.32506561279297,False,3.0906190582894566,641,0.06259765625
0011,10893,"[2, 1, 0]",300,94.33293342590332,True,3.0906190582894566,641,0.06259765625
0011,10894,"[2, 1, 0]",300,94.34151649475098,False,3.0906190582894566,641,0.06259765625
0011,10895,"[2, 1, 0]",300,94.34652328491211,True,3.0906190582894566,641,0.06259765625
0011,10896,"[2, 1, 0]",300,94.35510635375977,False,3.0906190582894566,641,0.06259765625
0011,10897,"[2, 1, 0]",300,94.3598747253418,True,3.0906190582894566,641,0.06259765625
0011,10898,"[2, 1, 0]",300,94.36845779418945,False,3.0906190582894566,641,0.06259765625
0011,10899,"[2, 1, 0]",300,94.37370300292969,True,3.0906190582894566,641,0.06259765625
0011,10900,"[2, 1, 0]",300,94.38228607177734,False,3.0906190582894566,641,0.06259765625
0011,10901,"[2, 1, 0]",300,94.38729286193848,True,3.0906190582894566,641,0.06259765625
0011,10902,"[2, 1, 0]",300,94.39539909362793,False,3.0906190582894566,641,0.06259765625
0011,10903,"[2, 1, 0]",300,94.40040588378906,True,3.0906190582894566,641,0.06259765625
0011,10904,"[2, 1, 0]",300,94.40898895263672,False,3.0906190582894566,641,0.06259765625
0011,10905,"[2, 1, 0]",300,94.41423416137695,True,3.0906190582894566,641,0.06259765625
0011,10906,"[2, 1, 0]",300,94.4223403930664,False,3.0906190582894566,641,0.06259765625
0011,10907,"[2, 1, 0]",300,94.42734718322754,True,3.0906190582894566,641,0.06259765625
0011,10908,"[2, 1, 0]",300,94.4359302520752,False,3.0906190582894566,641,0.06259765625
0011,10909,"[2, 1, 0]",300,94.44069862365723,True,3.0906190582894566,641,0.06259765625
0011,10910,"[2, 1, 0]",300,94.44904327392578,False,3.0906190582894566,641,0.06259765625
0011,10911,"[2, 1, 0]",300,94.45405006408691,True,3.0906190582894566,641,0.06259765625
0011,10912,"[2, 1, 0]",300,94.46263313293457,False,3.0906190582894566,641,0.06259765625
0011,10913,"[2, 1, 0]",300,94.47050094604492,True,3.0906190582894566,641,0.06259765625
0011,10914,"[2, 1, 0]",300,94.47932243347168,False,3.0906190582894566,641,0.06259765625
0011,10915,"[2, 1, 0]",300,94.48456764221191,True,3.0906190582894566,641,0.06259765625
0011,10916,"[2, 1, 0]",300,94.49291229248047,False,3.0906190582894566,641,0.06259765625
0011,10917,"[2, 1, 0]",300,94.4981575012207,True,3.0906190582894566,641,0.06259765625
0011,10918,"[2, 1, 0]",300,94.50626373291016,False,3.0906190582894566,641,0.06259765625
0011,10919,"[2, 1, 0]",300,94.51150894165039,True,3.0906190582894566,641,0.06259765625
0011,10920,"[2, 1, 0]",300,94.51985359191895,False,3.0906190582894566,641,0.06259765625
0011,10921,"[2, 1, 0]",300,94.52509880065918,True,3.0906190582894566,641,0.06259765625
0011,10922,"[2, 1, 0]",300,94.53344345092773,False,3.0906190582894566,641,0.06259765625
0011,10923,"[2, 1, 0]",300,94.53821182250977,True,3.0906190582894566,641,0.06259765625
0011,10924,"[2, 1, 0]",300,94.54679489135742,False,3.0906190582894566,641,0.06259765625
0011,10925,"[2, 1, 0]",300,94.55156326293945,True,3.0906190582894566,641,0.06259765625
0011,10926,"[2, 1, 0]",300,94.56014633178711,False,3.0906190582894566,641,0.06259765625
0011,10927,"[2, 1, 0]",300,94.56491470336914,True,3.0906190582894566,641,0.06259765625
0011,10928,"[2, 1, 0]",300,94.5732593536377,False,3.0906190582894566,641,0.06259765625
0011,10929,"[2, 1, 0]",300,94.58160400390625,True,3.0906190582894566,641,0.06259765625
0011,10930,"[2, 1, 0]",300,94.5899486541748,False,3.0906190582894566,641,0.06259765625
0011,10931,"[2, 1, 0]",300,94.59543228149414,True,3.0906190582894566,641,0.06259765625
0011,10932,"[2, 1, 0]",300,94.6037769317627,False,3.0906190582894566,641,0.06259765625
0011,10933,"[2, 1, 0]",300,94.60926055908203,True,3.0906190582894566,641,0.06259765625
0011,10934,"[2, 1, 0]",300,94.61784362792969,False,3.0906190582894566,641,0.06259765625
0011,10935,"[2, 1, 0]",300,94.62618827819824,True,3.0906190582894566,641,0.06259765625
0011,10936,"[2, 1, 0]",300,94.635009765625,False,3.0906190582894566,641,0.06259765625
0011,10937,"[2, 1, 0]",300,94.64359283447266,True,3.0906190582894566,641,0.06259765625
0011,10938,"[2, 1, 0]",300,94.65241432189941,False,3.0906190582894566,641,0.06259765625
0011,10939,"[2, 1, 0]",300,94.65789794921875,True,3.0906190582894566,641,0.06259765625
0011,10940,"[2, 1, 0]",300,94.6662425994873,False,3.0906190582894566,641,0.06259765625
0011,10941,"[2, 1, 0]",300,94.67148780822754,True,3.0906190582894566,641,0.06259765625
0011,10942,"[2, 1, 0]",300,94.6798324584961,False,3.0906190582894566,641,0.06259765625
0011,10943,"[2, 1, 0]",300,94.68507766723633,True,3.0906190582894566,641,0.06259765625
0011,10944,"[2, 1, 0]",300,94.69342231750488,False,3.0906190582894566,641,0.06259765625
0011,10945,"[2, 1, 0]",300,94.69866752624512,True,3.0906190582894566,641,0.06259765625
0011,10946,"[2, 1, 0]",300,94.71631050109863,False,3.0906190582894566,641,0.06259765625
0011,10947,"[2, 1, 0]",300,94.72155570983887,True,3.0906190582894566,641,0.06259765625
0011,10948,"[2, 1, 0]",300,94.73013877868652,False,3.0906190582894566,641,0.06259765625
0011,10949,"[2, 1, 0]",300,94.73514556884766,True,3.0906190582894566,641,0.06259765625
0011,10950,"[2, 1, 0]",300,94.74372863769531,False,3.0906190582894566,641,0.06259765625
0011,10951,"[2, 1, 0]",300,94.74873542785645,True,3.0906190582894566,641,0.06259765625
0011,10952,"[2, 1, 0]",300,94.757080078125,False,3.0906190582894566,641,0.06259765625
0011,10953,"[2, 1, 0]",300,94.76232528686523,True,3.0906190582894566,641,0.06259765625
0011,10954,"[2, 1, 0]",300,94.77066993713379,False,3.0906190582894566,641,0.06259765625
0011,10955,"[2, 1, 0]",300,94.77901458740234,True,3.0906190582894566,641,0.06259765625
0011,10956,"[2, 1, 0]",300,94.78759765625,False,3.0906190582894566,641,0.06259765625
0011,10957,"[2, 1, 0]",300,94.79260444641113,True,3.0906190582894566,641,0.06259765625
0011,10958,"[2, 1, 0]",300,94.80094909667969,False,3.0906190582894566,641,0.06259765625
0011,10959,"[2, 1, 0]",300,94.80619430541992,True,3.0906190582894566,641,0.06259765625
0011,10960,"[2, 1, 0]",300,94.81477737426758,False,3.0906190582894566,641,0.06259765625
0011,10961,"[2, 1, 0]",300,94.81978416442871,True,3.0906190582894566,641,0.06259765625
0011,10962,"[2, 1, 0]",300,94.82836723327637,False,3.0906190582894566,641,0.06259765625
0011,10963,"[2, 1, 0]",300,94.8333740234375,True,3.0906190582894566,641,0.06259765625
0011,10964,"[2, 1, 0]",300,94.84171867370605,False,3.0906190582894566,641,0.06259765625
0011,10965,"[2, 1, 0]",300,94.84672546386719,True,3.0906190582894566,641,0.06259765625
0011,10966,"[2, 1, 0]",300,94.85554695129395,False,3.0906190582894566,641,0.06259765625
0011,10967,"[2, 1, 0]",300,94.86031532287598,True,3.0906190582894566,641,0.06259765625
0011,10968,"[2, 1, 0]",300,94.88129615783691,False,3.0906190582894566,641,0.06259765625
0011,10969,"[2, 1, 0]",300,94.89822387695312,True,3.0906190582894566,641,0.06259765625
0011,10970,"[2, 1, 0]",300,94.91848945617676,False,3.0906190582894566,641,0.06259765625
0011,10971,"[2, 1, 0]",300,94.92611885070801,True,3.0906190582894566,641,0.06259765625
0011,10972,"[2, 1, 0]",300,94.93851661682129,False,3.0906190582894566,641,0.06259765625
0011,10973,"[2, 1, 0]",300,94.94471549987793,True,3.0906190582894566,641,0.06259765625
0011,10974,"[2, 1, 0]",300,94.9549674987793,False,3.0906190582894566,641,0.06259765625
0011,10975,"[2, 1, 0]",300,94.96068954467773,True,3.0906190582894566,641,0.06259765625
0011,10976,"[2, 1, 0]",300,94.9709415435791,False,3.0906190582894566,641,0.06259765625
0011,10977,"[2, 1, 0]",300,94.98262405395508,True,3.0906190582894566,641,0.06259765625
0011,10978,"[2, 1, 0]",300,94.99263763427734,False,3.0906190582894566,641,0.06259765625
0011,10979,"[2, 1, 0]",300,94.99835968017578,True,3.0906190582894566,641,0.06259765625
0011,10980,"[2, 1, 0]",300,95.00789642333984,False,3.0906190582894566,641,0.06259765625
0011,10981,"[2, 1, 0]",300,95.01314163208008,True,3.0906190582894566,641,0.06259765625
0011,10982,"[2, 1, 0]",300,95.02196311950684,False,3.0906190582894566,641,0.06259765625
0011,10983,"[2, 1, 0]",300,95.02696990966797,True,3.0906190582894566,641,0.06259765625
0011,10984,"[2, 1, 0]",300,95.03579139709473,False,3.0906190582894566,641,0.06259765625
0011,10985,"[2, 1, 0]",300,95.04079818725586,True,3.0906190582894566,641,0.06259765625
0011,10986,"[2, 1, 0]",300,95.04938125610352,False,3.0906190582894566,641,0.06259765625
0011,10987,"[2, 1, 0]",300,95.05820274353027,True,3.0906190582894566,641,0.06259765625
0011,10988,"[2, 1, 0]",300,95.06797790527344,False,3.0906190582894566,641,0.06259765625
0011,10989,"[2, 1, 0]",300,95.07393836975098,True,3.0906190582894566,641,0.06259765625
0011,10990,"[2, 1, 0]",300,95.08323669433594,False,3.0906190582894566,641,0.06259765625
0011,10991,"[2, 1, 0]",300,95.08919715881348,True,3.0906190582894566,641,0.06259765625
0011,10992,"[2, 1, 0]",300,95.09897232055664,False,3.0906190582894566,641,0.06259765625
0011,10993,"[2, 1, 0]",300,95.10421752929688,True,3.0906190582894566,641,0.06259765625
0011,10994,"[2, 1, 0]",300,95.11303901672363,False,3.0906190582894566,641,0.06259765625
0011,10995,"[2, 1, 0]",300,95.11828422546387,True,3.0906190582894566,641,0.06259765625
0011,10996,"[2, 1, 0]",300,95.12710571289062,False,3.0906190582894566,641,0.06259765625
0011,10997,"[2, 1, 0]",300,95.15738487243652,True,3.0906190582894566,641,0.06259765625
0011,10998,"[2, 1, 0]",300,95.1852798461914,False,3.0906190582894566,641,0.06259765625
0011,10999,"[2, 1, 0]",300,95.19624710083008,True,3.0906190582894566,641,0.06259765625
0011,11000,"[2, 1, 0]",300,95.20912170410156,False,3.0906190582894566,641,0.06259765625
0011,11001,"[2, 1, 0]",300,95.2155590057373,True,3.0906190582894566,641,0.06259765625
0011,11002,"[2, 1, 0]",300,95.22533416748047,False,3.0906190582894566,641,0.06259765625
0011,11003,"[2, 1, 0]",300,95.2308177947998,True,3.0906190582894566,641,0.06259765625
0011,11004,"[2, 1, 0]",300,95.23963928222656,False,3.0906190582894566,641,0.06259765625
0011,11005,"[2, 1, 0]",300,95.2451229095459,True,3.0906190582894566,641,0.06259765625
0011,11006,"[2, 1, 0]",300,95.25418281555176,False,3.0906190582894566,641,0.06259765625
0011,11007,"[2, 1, 0]",300,95.25918960571289,True,3.0906190582894566,641,0.06259765625
0011,11008,"[2, 1, 0]",300,95.26824951171875,False,3.0906190582894566,641,0.06259765625
0011,11009,"[2, 1, 0]",300,95.27444839477539,True,3.0906190582894566,641,0.06259765625
0011,11010,"[2, 1, 0]",300,95.28493881225586,False,3.0906190582894566,641,0.06259765625
0011,11011,"[2, 1, 0]",300,95.2904224395752,True,3.0906190582894566,641,0.06259765625
0011,11012,"[2, 1, 0]",300,95.29948234558105,False,3.0906190582894566,641,0.06259765625
0011,11013,"[2, 1, 0]",300,95.30448913574219,True,3.0906190582894566,641,0.06259765625
0011,11014,"[2, 1, 0]",300,95.31331062316895,False,3.0906190582894566,641,0.06259765625
0011,11015,"[2, 1, 0]",300,95.31831741333008,True,3.0906190582894566,641,0.06259765625
0011,11016,"[2, 1, 0]",300,95.32713890075684,False,3.0906190582894566,641,0.06259765625
0011,11017,"[2, 1, 0]",300,95.33190727233887,True,3.0906190582894566,641,0.06259765625
0011,11018,"[2, 1, 0]",300,95.34025192260742,False,3.0906190582894566,641,0.06259765625
0011,11019,"[2, 1, 0]",300,95.35002708435059,True,3.0906190582894566,641,0.06259765625
0011,11020,"[2, 1, 0]",300,95.35908699035645,False,3.0906190582894566,641,0.06259765625
0011,11021,"[2, 1, 0]",300,95.36409378051758,True,3.0906190582894566,641,0.06259765625
0011,11022,"[2, 1, 0]",300,95.37315368652344,False,3.0906190582894566,641,0.06259765625
0011,11023,"[2, 1, 0]",300,95.37839889526367,True,3.0906190582894566,641,0.06259765625
0011,11024,"[2, 1, 0]",300,95.38722038269043,False,3.0906190582894566,641,0.06259765625
0011,11025,"[2, 1, 0]",300,95.39222717285156,True,3.0906190582894566,641,0.06259765625
0011,11026,"[2, 1, 0]",300,95.40104866027832,False,3.0906190582894566,641,0.06259765625
0011,11027,"[2, 1, 0]",300,95.40581703186035,True,3.0906190582894566,641,0.06259765625
0011,11028,"[2, 1, 0]",300,95.41463851928711,False,3.0906190582894566,641,0.06259765625
0011,11029,"[2, 1, 0]",300,95.41964530944824,True,3.0906190582894566,641,0.06259765625
0011,11030,"[2, 1, 0]",300,95.4282283782959,False,3.0906190582894566,641,0.06259765625
0011,11031,"[2, 1, 0]",300,95.43299674987793,True,3.0906190582894566,641,0.06259765625
0011,11032,"[2, 1, 0]",300,95.44181823730469,False,3.0906190582894566,641,0.06259765625
0011,11033,"[2, 1, 0]",300,95.44658660888672,True,3.0906190582894566,641,0.06259765625
0011,11034,"[2, 1, 0]",300,95.45493125915527,False,3.0906190582894566,641,0.06259765625
0011,11035,"[2, 1, 0]",300,95.46017646789551,True,3.0906190582894566,641,0.06259765625
0011,11036,"[2, 1, 0]",300,95.46875953674316,False,3.0906190582894566,641,0.06259765625
0011,11037,"[2, 1, 0]",300,95.47734260559082,True,3.0906190582894566,641,0.06259765625
0011,11038,"[2, 1, 0]",300,95.48687934875488,False,3.0906190582894566,641,0.06259765625
0011,11039,"[2, 1, 0]",300,95.49832344055176,True,3.0906190582894566,641,0.06259765625
0011,11040,"[2, 1, 0]",300,95.52407264709473,False,3.0906190582894566,641,0.06259765625
0011,11041,"[2, 1, 0]",300,95.53003311157227,True,3.0906190582894566,641,0.06259765625
0011,11042,"[2, 1, 0]",300,95.53980827331543,False,3.0906190582894566,641,0.06259765625
0011,11043,"[2, 1, 0]",300,95.54481506347656,True,3.0906190582894566,641,0.06259765625
0011,11044,"[2, 1, 0]",300,95.55339813232422,False,3.0906190582894566,641,0.06259765625
0011,11045,"[2, 1, 0]",300,95.55864334106445,True,3.0906190582894566,641,0.06259765625
0011,11046,"[2, 1, 0]",300,95.56722640991211,False,3.0906190582894566,641,0.06259765625
0011,11047,"[2, 1, 0]",300,95.57223320007324,True,3.0906190582894566,641,0.06259765625
0011,11048,"[2, 1, 0]",300,95.5805778503418,False,3.0906190582894566,641,0.06259765625
0011,11049,"[2, 1, 0]",300,95.58534622192383,True,3.0906190582894566,641,0.06259765625
0011,11050,"[2, 1, 0]",300,95.59369087219238,False,3.0906190582894566,641,0.06259765625
0011,11051,"[2, 1, 0]",300,95.59869766235352,True,3.0906190582894566,641,0.06259765625
0011,11052,"[2, 1, 0]",300,95.60704231262207,False,3.0906190582894566,641,0.06259765625
0011,11053,"[2, 1, 0]",300,95.6122875213623,True,3.0906190582894566,641,0.06259765625
0011,11054,"[2, 1, 0]",300,95.62063217163086,False,3.0906190582894566,641,0.06259765625
0011,11055,"[2, 1, 0]",300,95.62563896179199,True,3.0906190582894566,641,0.06259765625
0011,11056,"[2, 1, 0]",300,95.63422203063965,False,3.0906190582894566,641,0.06259765625
0011,11057,"[2, 1, 0]",300,95.63899040222168,True,3.0906190582894566,641,0.06259765625
0011,11058,"[2, 1, 0]",300,95.64781188964844,False,3.0906190582894566,641,0.06259765625
0011,11059,"[2, 1, 0]",300,95.65258026123047,True,3.0906190582894566,641,0.06259765625
0011,11060,"[2, 1, 0]",300,95.66140174865723,False,3.0906190582894566,641,0.06259765625
0011,11061,"[2, 1, 0]",300,95.66950798034668,True,3.0906190582894566,641,0.06259765625
0011,11062,"[2, 1, 0]",300,95.67856788635254,False,3.0906190582894566,641,0.06259765625
0011,11063,"[2, 1, 0]",300,95.68357467651367,True,3.0906190582894566,641,0.06259765625
0011,11064,"[2, 1, 0]",300,95.69239616394043,False,3.0906190582894566,641,0.06259765625
0011,11065,"[2, 1, 0]",300,95.69740295410156,True,3.0906190582894566,641,0.06259765625
0011,11066,"[2, 1, 0]",300,95.70598602294922,False,3.0906190582894566,641,0.06259765625
0011,11067,"[2, 1, 0]",300,95.71075439453125,True,3.0906190582894566,641,0.06259765625
0011,11068,"[2, 1, 0]",300,95.7193374633789,False,3.0906190582894566,641,0.06259765625
0011,11069,"[2, 1, 0]",300,95.72434425354004,True,3.0906190582894566,641,0.06259765625
0011,11070,"[2, 1, 0]",300,95.7334041595459,False,3.0906190582894566,641,0.06259765625
0011,11071,"[2, 1, 0]",300,95.73817253112793,True,3.0906190582894566,641,0.06259765625
0011,11072,"[2, 1, 0]",300,95.74651718139648,False,3.0906190582894566,641,0.06259765625
0011,11073,"[2, 1, 0]",300,95.75176239013672,True,3.0906190582894566,641,0.06259765625
0011,11074,"[2, 1, 0]",300,95.76010704040527,False,3.0906190582894566,641,0.06259765625
0011,11075,"[2, 1, 0]",300,95.76535224914551,True,3.0906190582894566,641,0.06259765625
0011,11076,"[2, 1, 0]",300,95.77369689941406,False,3.0906190582894566,641,0.06259765625
0011,11077,"[2, 1, 0]",300,95.7789421081543,True,3.0906190582894566,641,0.06259765625
0011,11078,"[2, 1, 0]",300,95.78728675842285,False,3.0906190582894566,641,0.06259765625
0011,11079,"[2, 1, 0]",300,95.79229354858398,True,3.0906190582894566,641,0.06259765625
0011,11080,"[2, 1, 0]",300,95.80063819885254,False,3.0906190582894566,641,0.06259765625
0011,11081,"[2, 1, 0]",300,95.80874443054199,True,3.0906190582894566,641,0.06259765625
0011,11082,"[2, 1, 0]",300,95.81780433654785,False,3.0906190582894566,641,0.06259765625
0011,11083,"[2, 1, 0]",300,95.82281112670898,True,3.0906190582894566,641,0.06259765625
0011,11084,"[2, 1, 0]",300,95.83139419555664,False,3.0906190582894566,641,0.06259765625
0011,11085,"[2, 1, 0]",300,95.83640098571777,True,3.0906190582894566,641,0.06259765625
0011,11086,"[2, 1, 0]",300,95.84498405456543,False,3.0906190582894566,641,0.06259765625
0011,11087,"[2, 1, 0]",300,95.84999084472656,True,3.0906190582894566,641,0.06259765625
0011,11088,"[2, 1, 0]",300,95.86191177368164,False,3.0906190582894566,641,0.06259765625
0011,11089,"[2, 1, 0]",300,95.86715698242188,True,3.0906190582894566,641,0.06259765625
0011,11090,"[2, 1, 0]",300,95.87621688842773,False,3.0906190582894566,641,0.06259765625
0011,11091,"[2, 1, 0]",300,95.88098526000977,True,3.0906190582894566,641,0.06259765625
0011,11092,"[2, 1, 0]",300,95.88956832885742,False,3.0906190582894566,641,0.06259765625
0011,11093,"[2, 1, 0]",300,95.89457511901855,True,3.0906190582894566,641,0.06259765625
0011,11094,"[2, 1, 0]",300,95.90339660644531,False,3.0906190582894566,641,0.06259765625
0011,11095,"[2, 1, 0]",300,95.90840339660645,True,3.0906190582894566,641,0.06259765625
0011,11096,"[2, 1, 0]",300,95.9177017211914,False,3.0906190582894566,641,0.06259765625
0011,11097,"[2, 1, 0]",300,95.92580795288086,True,3.0906190582894566,641,0.06259765625
0011,11098,"[2, 1, 0]",300,95.93462944030762,False,3.0906190582894566,641,0.06259765625
0011,11099,"[2, 1, 0]",300,95.94011306762695,True,3.0906190582894566,641,0.06259765625
0011,11100,"[2, 1, 0]",300,95.94869613647461,False,3.0906190582894566,641,0.06259765625
0011,11101,"[2, 1, 0]",300,95.95394134521484,True,3.0906190582894566,641,0.06259765625
0011,11102,"[2, 1, 0]",300,95.9625244140625,False,3.0906190582894566,641,0.06259765625
0011,11103,"[2, 1, 0]",300,95.97134590148926,True,3.0906190582894566,641,0.06259765625
0011,11104,"[2, 1, 0]",300,95.97992897033691,False,3.0906190582894566,641,0.06259765625
0011,11105,"[2, 1, 0]",300,95.98493576049805,True,3.0906190582894566,641,0.06259765625
0011,11106,"[2, 1, 0]",300,95.9935188293457,False,3.0906190582894566,641,0.06259765625
0011,11107,"[2, 1, 0]",300,95.99828720092773,True,3.0906190582894566,641,0.06259765625
0011,11108,"[2, 1, 0]",300,96.00687026977539,False,3.0906190582894566,641,0.06259765625
0011,11109,"[2, 1, 0]",300,96.01187705993652,True,3.0906190582894566,641,0.06259765625
0011,11110,"[2, 1, 0]",300,96.02022171020508,False,3.0906190582894566,641,0.06259765625
0011,11111,"[2, 1, 0]",300,96.02546691894531,True,3.0906190582894566,641,0.06259765625
0011,11112,"[2, 1, 0]",300,96.03381156921387,False,3.0906190582894566,641,0.06259765625
0011,11113,"[2, 1, 0]",300,96.038818359375,True,3.0906190582894566,641,0.06259765625
0011,11114,"[2, 1, 0]",300,96.04740142822266,False,3.0906190582894566,641,0.06259765625
0011,11115,"[2, 1, 0]",300,96.05216979980469,True,3.0906190582894566,641,0.06259765625
0011,11116,"[2, 1, 0]",300,96.06075286865234,False,3.0906190582894566,641,0.06259765625
0011,11117,"[2, 1, 0]",300,96.06575965881348,True,3.0906190582894566,641,0.06259765625
0011,11118,"[2, 1, 0]",300,96.07410430908203,False,3.0906190582894566,641,0.06259765625
0011,11119,"[2, 1, 0]",300,96.07887268066406,True,3.0906190582894566,641,0.06259765625
0011,11120,"[2, 1, 0]",300,96.08745574951172,False,3.0906190582894566,641,0.06259765625
0011,11121,"[2, 1, 0]",300,96.09246253967285,True,3.0906190582894566,641,0.06259765625
0011,11122,"[2, 1, 0]",300,96.1008071899414,False,3.0906190582894566,641,0.06259765625
0011,11123,"[2, 1, 0]",300,96.10891342163086,True,3.0906190582894566,641,0.06259765625
0011,11124,"[2, 1, 0]",300,96.11749649047852,False,3.0906190582894566,641,0.06259765625
0011,11125,"[2, 1, 0]",300,96.12274169921875,True,3.0906190582894566,641,0.06259765625
0011,11126,"[2, 1, 0]",300,96.1308479309082,False,3.0906190582894566,641,0.06259765625
0011,11127,"[2, 1, 0]",300,96.13609313964844,True,3.0906190582894566,641,0.06259765625
0011,11128,"[2, 1, 0]",300,96.14443778991699,False,3.0906190582894566,641,0.06259765625
0011,11129,"[2, 1, 0]",300,96.14920616149902,True,3.0906190582894566,641,0.06259765625
0011,11130,"[2, 1, 0]",300,96.15778923034668,False,3.0906190582894566,641,0.06259765625
0011,11131,"[2, 1, 0]",300,96.16255760192871,True,3.0906190582894566,641,0.06259765625
0011,11132,"[2, 1, 0]",300,96.17090225219727,False,3.0906190582894566,641,0.06259765625
0011,11133,"[2, 1, 0]",300,96.1759090423584,True,3.0906190582894566,641,0.06259765625
0011,11134,"[2, 1, 0]",300,96.18449211120605,False,3.0906190582894566,641,0.06259765625
0011,11135,"[2, 1, 0]",300,96.18949890136719,True,3.0906190582894566,641,0.06259765625
0011,11136,"[2, 1, 0]",300,96.19784355163574,False,3.0906190582894566,641,0.06259765625
0011,11137,"[2, 1, 0]",300,96.20308876037598,True,3.0906190582894566,641,0.06259765625
0011,11138,"[2, 1, 0]",300,96.21477127075195,False,3.0906190582894566,641,0.06259765625
0011,11139,"[2, 1, 0]",300,96.22025489807129,True,3.0906190582894566,641,0.06259765625
0011,11140,"[2, 1, 0]",300,96.22907638549805,False,3.0906190582894566,641,0.06259765625
0011,11141,"[2, 1, 0]",300,96.23432159423828,True,3.0906190582894566,641,0.06259765625
0011,11142,"[2, 1, 0]",300,96.24290466308594,False,3.0906190582894566,641,0.06259765625
0011,11143,"[2, 1, 0]",300,96.24814987182617,True,3.0906190582894566,641,0.06259765625
0011,11144,"[2, 1, 0]",300,96.25673294067383,False,3.0906190582894566,641,0.06259765625
0011,11145,"[2, 1, 0]",300,96.26460075378418,True,3.0906190582894566,641,0.06259765625
0011,11146,"[2, 1, 0]",300,96.27294540405273,False,3.0906190582894566,641,0.06259765625
0011,11147,"[2, 1, 0]",300,96.27771377563477,True,3.0906190582894566,641,0.06259765625
0011,11148,"[2, 1, 0]",300,96.28653526306152,False,3.0906190582894566,641,0.06259765625
0011,11149,"[2, 1, 0]",300,96.29154205322266,True,3.0906190582894566,641,0.06259765625
0011,11150,"[2, 1, 0]",300,96.30012512207031,False,3.0906190582894566,641,0.06259765625
0011,11151,"[2, 1, 0]",300,96.30489349365234,True,3.0906190582894566,641,0.06259765625
0011,11152,"[2, 1, 0]",300,96.3134765625,False,3.0906190582894566,641,0.06259765625
0011,11153,"[2, 1, 0]",300,96.31824493408203,True,3.0906190582894566,641,0.06259765625
0011,11154,"[2, 1, 0]",300,96.32682800292969,False,3.0906190582894566,641,0.06259765625
0011,11155,"[2, 1, 0]",300,96.33159637451172,True,3.0906190582894566,641,0.06259765625
0011,11156,"[2, 1, 0]",300,96.33994102478027,False,3.0906190582894566,641,0.06259765625
0011,11157,"[2, 1, 0]",300,96.34518623352051,True,3.0906190582894566,641,0.06259765625
0011,11158,"[2, 1, 0]",300,96.35353088378906,False,3.0906190582894566,641,0.06259765625
0011,11159,"[2, 1, 0]",300,96.3585376739502,True,3.0906190582894566,641,0.06259765625
0011,11160,"[2, 1, 0]",300,96.36688232421875,False,3.0906190582894566,641,0.06259765625
0011,11161,"[2, 1, 0]",300,96.39215469360352,True,3.0906190582894566,641,0.06259765625
0011,11162,"[2, 1, 0]",300,96.40097618103027,False,3.0906190582894566,641,0.06259765625
0011,11163,"[2, 1, 0]",300,96.40622138977051,True,3.0906190582894566,641,0.06259765625
0011,11164,"[2, 1, 0]",300,96.41480445861816,False,3.0906190582894566,641,0.06259765625
0011,11165,"[2, 1, 0]",300,96.42267227172852,True,3.0906190582894566,641,0.06259765625
0011,11166,"[2, 1, 0]",300,96.43149375915527,False,3.0906190582894566,641,0.06259765625
0011,11167,"[2, 1, 0]",300,96.4365005493164,True,3.0906190582894566,641,0.06259765625
0011,11168,"[2, 1, 0]",300,96.44508361816406,False,3.0906190582894566,641,0.06259765625
0011,11169,"[2, 1, 0]",300,96.4498519897461,True,3.0906190582894566,641,0.06259765625
0011,11170,"[2, 1, 0]",300,96.45819664001465,False,3.0906190582894566,641,0.06259765625
0011,11171,"[2, 1, 0]",300,96.46320343017578,True,3.0906190582894566,641,0.06259765625
0011,11172,"[2, 1, 0]",300,96.47154808044434,False,3.0906190582894566,641,0.06259765625
0011,11173,"[2, 1, 0]",300,96.47655487060547,True,3.0906190582894566,641,0.06259765625
0011,11174,"[2, 1, 0]",300,96.48489952087402,False,3.0906190582894566,641,0.06259765625
0011,11175,"[2, 1, 0]",300,96.49014472961426,True,3.0906190582894566,641,0.06259765625
0011,11176,"[2, 1, 0]",300,96.49848937988281,False,3.0906190582894566,641,0.06259765625
0011,11177,"[2, 1, 0]",300,96.50325775146484,True,3.0906190582894566,641,0.06259765625
0011,11178,"[2, 1, 0]",300,96.5118408203125,False,3.0906190582894566,641,0.06259765625
0011,11179,"[2, 1, 0]",300,96.51660919189453,True,3.0906190582894566,641,0.06259765625
0011,11180,"[2, 1, 0]",300,96.52519226074219,False,3.0906190582894566,641,0.06259765625
0011,11181,"[2, 1, 0]",300,96.52996063232422,True,3.0906190582894566,641,0.06259765625
0011,11182,"[2, 1, 0]",300,96.53854370117188,False,3.0906190582894566,641,0.06259765625
0011,11183,"[2, 1, 0]",300,96.54355049133301,True,3.0906190582894566,641,0.06259765625
0011,11184,"[2, 1, 0]",300,96.55189514160156,False,3.0906190582894566,641,0.06259765625
0011,11185,"[2, 1, 0]",300,96.5571403503418,True,3.0906190582894566,641,0.06259765625
0011,11186,"[2, 1, 0]",300,96.56548500061035,False,3.0906190582894566,641,0.06259765625
0011,11187,"[2, 1, 0]",300,96.5735912322998,True,3.0906190582894566,641,0.06259765625
0011,11188,"[2, 1, 0]",300,96.58265113830566,False,3.0906190582894566,641,0.06259765625
0011,11189,"[2, 1, 0]",300,96.59075736999512,True,3.0906190582894566,641,0.06259765625
0011,11190,"[2, 1, 0]",300,96.59934043884277,False,3.0906190582894566,641,0.06259765625
0011,11191,"[2, 1, 0]",300,96.60458564758301,True,3.0906190582894566,641,0.06259765625
0011,11192,"[2, 1, 0]",300,96.61293029785156,False,3.0906190582894566,641,0.06259765625
0011,11193,"[2, 1, 0]",300,96.6176986694336,True,3.0906190582894566,641,0.06259765625
0011,11194,"[2, 1, 0]",300,96.62628173828125,False,3.0906190582894566,641,0.06259765625
0011,11195,"[2, 1, 0]",300,96.63128852844238,True,3.0906190582894566,641,0.06259765625
0011,11196,"[2, 1, 0]",300,96.63987159729004,False,3.0906190582894566,641,0.06259765625
0011,11197,"[2, 1, 0]",300,96.64487838745117,True,3.0906190582894566,641,0.06259765625
0011,11198,"[2, 1, 0]",300,96.65322303771973,False,3.0906190582894566,641,0.06259765625
0011,11199,"[2, 1, 0]",300,96.65822982788086,True,3.0906190582894566,641,0.06259765625
0011,11200,"[2, 1, 0]",300,96.66657447814941,False,3.0906190582894566,641,0.06259765625
0011,11201,"[2, 1, 0]",300,96.67158126831055,True,3.0906190582894566,641,0.06259765625
0011,11202,"[2, 1, 0]",300,96.6799259185791,False,3.0906190582894566,641,0.06259765625
0011,11203,"[2, 1, 0]",300,96.68517112731934,True,3.0906190582894566,641,0.06259765625
0011,11204,"[2, 1, 0]",300,96.69351577758789,False,3.0906190582894566,641,0.06259765625
0011,11205,"[2, 1, 0]",300,96.69852256774902,True,3.0906190582894566,641,0.06259765625
0011,11206,"[2, 1, 0]",300,96.70686721801758,False,3.0906190582894566,641,0.06259765625
0011,11207,"[2, 1, 0]",300,96.71473503112793,True,3.0906190582894566,641,0.06259765625
0011,11208,"[2, 1, 0]",300,96.72355651855469,False,3.0906190582894566,641,0.06259765625
0011,11209,"[2, 1, 0]",300,96.72832489013672,True,3.0906190582894566,641,0.06259765625
0011,11210,"[2, 1, 0]",300,96.73690795898438,False,3.0906190582894566,641,0.06259765625
0011,11211,"[2, 1, 0]",300,96.7416763305664,True,3.0906190582894566,641,0.06259765625
0011,11212,"[2, 1, 0]",300,96.75002098083496,False,3.0906190582894566,641,0.06259765625
0011,11213,"[2, 1, 0]",300,96.7552661895752,True,3.0906190582894566,641,0.06259765625
0011,11214,"[2, 1, 0]",300,96.76361083984375,False,3.0906190582894566,641,0.06259765625
0011,11215,"[2, 1, 0]",300,96.76861763000488,True,3.0906190582894566,641,0.06259765625
0011,11216,"[2, 1, 0]",300,96.77720069885254,False,3.0906190582894566,641,0.06259765625
0011,11217,"[2, 1, 0]",300,96.78220748901367,True,3.0906190582894566,641,0.06259765625
0011,11218,"[2, 1, 0]",300,96.79055213928223,False,3.0906190582894566,641,0.06259765625
0011,11219,"[2, 1, 0]",300,96.79579734802246,True,3.0906190582894566,641,0.06259765625
0011,11220,"[2, 1, 0]",300,96.80414199829102,False,3.0906190582894566,641,0.06259765625
0011,11221,"[2, 1, 0]",300,96.80891036987305,True,3.0906190582894566,641,0.06259765625
0011,11222,"[2, 1, 0]",300,96.8174934387207,False,3.0906190582894566,641,0.06259765625
0011,11223,"[2, 1, 0]",300,96.82226181030273,True,3.0906190582894566,641,0.06259765625
0011,11224,"[2, 1, 0]",300,96.83084487915039,False,3.0906190582894566,641,0.06259765625
0011,11225,"[2, 1, 0]",300,96.83585166931152,True,3.0906190582894566,641,0.06259765625
0011,11226,"[2, 1, 0]",300,96.84419631958008,False,3.0906190582894566,641,0.06259765625
0011,11227,"[2, 1, 0]",300,96.84920310974121,True,3.0906190582894566,641,0.06259765625
0011,11228,"[2, 1, 0]",300,96.85754776000977,False,3.0906190582894566,641,0.06259765625
0011,11229,"[2, 1, 0]",300,96.86565399169922,True,3.0906190582894566,641,0.06259765625
0011,11230,"[2, 1, 0]",300,96.87423706054688,False,3.0906190582894566,641,0.06259765625
0011,11231,"[2, 1, 0]",300,96.87948226928711,True,3.0906190582894566,641,0.06259765625
0011,11232,"[2, 1, 0]",300,96.89998626708984,False,3.0906190582894566,641,0.06259765625
0011,11233,"[2, 1, 0]",300,96.91691398620605,True,3.0906190582894566,641,0.06259765625
0011,11234,"[2, 1, 0]",300,96.93694114685059,False,3.0906190582894566,641,0.06259765625
0011,11235,"[2, 1, 0]",300,96.94504737854004,True,3.0906190582894566,641,0.06259765625
0011,11236,"[2, 1, 0]",300,96.95696830749512,False,3.0906190582894566,641,0.06259765625
0011,11237,"[2, 1, 0]",300,96.96340560913086,True,3.0906190582894566,641,0.06259765625
0011,11238,"[2, 1, 0]",300,96.97341918945312,False,3.0906190582894566,641,0.06259765625
0011,11239,"[2, 1, 0]",300,96.9846248626709,True,3.0906190582894566,641,0.06259765625
0011,11240,"[2, 1, 0]",300,96.99440002441406,False,3.0906190582894566,641,0.06259765625
0011,11241,"[2, 1, 0]",300,96.9998836517334,True,3.0906190582894566,641,0.06259765625
0011,11242,"[2, 1, 0]",300,97.00918197631836,False,3.0906190582894566,641,0.06259765625
0011,11243,"[2, 1, 0]",300,97.0144271850586,True,3.0906190582894566,641,0.06259765625
0011,11244,"[2, 1, 0]",300,97.02301025390625,False,3.0906190582894566,641,0.06259765625
0011,11245,"[2, 1, 0]",300,97.02849388122559,True,3.0906190582894566,641,0.06259765625
0011,11246,"[2, 1, 0]",300,97.03707695007324,False,3.0906190582894566,641,0.06259765625
0011,11247,"[2, 1, 0]",300,97.04232215881348,True,3.0906190582894566,641,0.06259765625
0011,11248,"[2, 1, 0]",300,97.05066680908203,False,3.0906190582894566,641,0.06259765625
0011,11249,"[2, 1, 0]",300,97.0621109008789,True,3.0906190582894566,641,0.06259765625
0011,11250,"[2, 1, 0]",300,97.07164764404297,False,3.0906190582894566,641,0.06259765625
0011,11251,"[2, 1, 0]",300,97.0768928527832,True,3.0906190582894566,641,0.06259765625
0011,11252,"[2, 1, 0]",300,97.08547592163086,False,3.0906190582894566,641,0.06259765625
0011,11253,"[2, 1, 0]",300,97.09048271179199,True,3.0906190582894566,641,0.06259765625
0011,11254,"[2, 1, 0]",300,97.09906578063965,False,3.0906190582894566,641,0.06259765625
0011,11255,"[2, 1, 0]",300,97.10383415222168,True,3.0906190582894566,641,0.06259765625
0011,11256,"[2, 1, 0]",300,97.11265563964844,False,3.0906190582894566,641,0.06259765625
0011,11257,"[2, 1, 0]",300,97.11766242980957,True,3.0906190582894566,641,0.06259765625
0011,11258,"[2, 1, 0]",300,97.12624549865723,False,3.0906190582894566,641,0.06259765625
0011,11259,"[2, 1, 0]",300,97.13125228881836,True,3.0906190582894566,641,0.06259765625
0011,11260,"[2, 1, 0]",300,97.14007377624512,False,3.0906190582894566,641,0.06259765625
0011,11261,"[2, 1, 0]",300,97.14484214782715,True,3.0906190582894566,641,0.06259765625
0011,11262,"[2, 1, 0]",300,97.1534252166748,False,3.0906190582894566,641,0.06259765625
0011,11263,"[2, 1, 0]",300,97.15867042541504,True,3.0906190582894566,641,0.06259765625
0011,11264,"[2, 1, 0]",300,97.1672534942627,False,3.0906190582894566,641,0.06259765625
0011,11265,"[2, 1, 0]",300,97.17535972595215,True,3.0906190582894566,641,0.06259765625
0011,11266,"[2, 1, 0]",300,97.1839427947998,False,3.0906190582894566,641,0.06259765625
0011,11267,"[2, 1, 0]",300,97.18942642211914,True,3.0906190582894566,641,0.06259765625
0011,11268,"[2, 1, 0]",300,97.1977710723877,False,3.0906190582894566,641,0.06259765625
0011,11269,"[2, 1, 0]",300,97.20325469970703,True,3.0906190582894566,641,0.06259765625
0011,11270,"[2, 1, 0]",300,97.21159934997559,False,3.0906190582894566,641,0.06259765625
0011,11271,"[2, 1, 0]",300,97.21994400024414,True,3.0906190582894566,641,0.06259765625
0011,11272,"[2, 1, 0]",300,97.2287654876709,False,3.0906190582894566,641,0.06259765625
0011,11273,"[2, 1, 0]",300,97.23424911499023,True,3.0906190582894566,641,0.06259765625
0011,11274,"[2, 1, 0]",300,97.24259376525879,False,3.0906190582894566,641,0.06259765625
0011,11275,"[2, 1, 0]",300,97.24783897399902,True,3.0906190582894566,641,0.06259765625
0011,11276,"[2, 1, 0]",300,97.25618362426758,False,3.0906190582894566,641,0.06259765625
0011,11277,"[2, 1, 0]",300,97.26142883300781,True,3.0906190582894566,641,0.06259765625
0011,11278,"[2, 1, 0]",300,97.26977348327637,False,3.0906190582894566,641,0.06259765625
0011,11279,"[2, 1, 0]",300,97.2750186920166,True,3.0906190582894566,641,0.06259765625
0011,11280,"[2, 1, 0]",300,97.28336334228516,False,3.0906190582894566,641,0.06259765625
0011,11281,"[2, 1, 0]",300,97.28860855102539,True,3.0906190582894566,641,0.06259765625
0011,11282,"[2, 1, 0]",300,97.29695320129395,False,3.0906190582894566,641,0.06259765625
0011,11283,"[2, 1, 0]",300,97.30195999145508,True,3.0906190582894566,641,0.06259765625
0011,11284,"[2, 1, 0]",300,97.31054306030273,False,3.0906190582894566,641,0.06259765625
0011,11285,"[2, 1, 0]",300,97.31554985046387,True,3.0906190582894566,641,0.06259765625
0011,11286,"[2, 1, 0]",300,97.32389450073242,False,3.0906190582894566,641,0.06259765625
0011,11287,"[2, 1, 0]",300,97.32866287231445,True,3.0906190582894566,641,0.06259765625
0011,11288,"[2, 1, 0]",300,97.33772277832031,False,3.0906190582894566,641,0.06259765625
0011,11289,"[2, 1, 0]",300,97.34559059143066,True,3.0906190582894566,641,0.06259765625
0011,11290,"[2, 1, 0]",300,97.35465049743652,False,3.0906190582894566,641,0.06259765625
0011,11291,"[2, 1, 0]",300,97.36251831054688,True,3.0906190582894566,641,0.06259765625
0011,11292,"[2, 1, 0]",300,97.37133979797363,False,3.0906190582894566,641,0.06259765625
0011,11293,"[2, 1, 0]",300,97.37658500671387,True,3.0906190582894566,641,0.06259765625
0011,11294,"[2, 1, 0]",300,97.38516807556152,False,3.0906190582894566,641,0.06259765625
0011,11295,"[2, 1, 0]",300,97.39041328430176,True,3.0906190582894566,641,0.06259765625
0011,11296,"[2, 1, 0]",300,97.39947319030762,False,3.0906190582894566,641,0.06259765625
0011,11297,"[2, 1, 0]",300,97.40471839904785,True,3.0906190582894566,641,0.06259765625
0011,11298,"[2, 1, 0]",300,97.4130630493164,False,3.0906190582894566,641,0.06259765625
0011,11299,"[2, 1, 0]",300,97.41806983947754,True,3.0906190582894566,641,0.06259765625
0011,11300,"[2, 1, 0]",300,97.4264144897461,False,3.0906190582894566,641,0.06259765625
0011,11301,"[2, 1, 0]",300,97.43142127990723,True,3.0906190582894566,641,0.06259765625
0011,11302,"[2, 1, 0]",300,97.43976593017578,False,3.0906190582894566,641,0.06259765625
0011,11303,"[2, 1, 0]",300,97.44501113891602,True,3.0906190582894566,641,0.06259765625
0011,11304,"[2, 1, 0]",300,97.45311737060547,False,3.0906190582894566,641,0.06259765625
0011,11305,"[2, 1, 0]",300,97.4581241607666,True,3.0906190582894566,641,0.06259765625
0011,11306,"[2, 1, 0]",300,97.46670722961426,False,3.0906190582894566,641,0.06259765625
0011,11307,"[2, 1, 0]",300,97.47171401977539,True,3.0906190582894566,641,0.06259765625
0011,11308,"[2, 1, 0]",300,97.48029708862305,False,3.0906190582894566,641,0.06259765625
0011,11309,"[2, 1, 0]",300,97.48530387878418,True,3.0906190582894566,641,0.06259765625
0011,11310,"[2, 1, 0]",300,97.49388694763184,False,3.0906190582894566,641,0.06259765625
0011,11311,"[2, 1, 0]",300,97.49889373779297,True,3.0906190582894566,641,0.06259765625
0011,11312,"[2, 1, 0]",300,97.50747680664062,False,3.0906190582894566,641,0.06259765625
0011,11313,"[2, 1, 0]",300,97.51534461975098,True,3.0906190582894566,641,0.06259765625
0011,11314,"[2, 1, 0]",300,97.52368927001953,False,3.0906190582894566,641,0.06259765625
0011,11315,"[2, 1, 0]",300,97.52869606018066,True,3.0906190582894566,641,0.06259765625
0011,11316,"[2, 1, 0]",300,97.53704071044922,False,3.0906190582894566,641,0.06259765625
0011,11317,"[2, 1, 0]",300,97.54228591918945,True,3.0906190582894566,641,0.06259765625
0011,11318,"[2, 1, 0]",300,97.5503921508789,False,3.0906190582894566,641,0.06259765625
0011,11319,"[2, 1, 0]",300,97.55539894104004,True,3.0906190582894566,641,0.06259765625
0011,11320,"[2, 1, 0]",300,97.5639820098877,False,3.0906190582894566,641,0.06259765625
0011,11321,"[2, 1, 0]",300,97.56898880004883,True,3.0906190582894566,641,0.06259765625
0011,11322,"[2, 1, 0]",300,97.57757186889648,False,3.0906190582894566,641,0.06259765625
0011,11323,"[2, 1, 0]",300,97.58234024047852,True,3.0906190582894566,641,0.06259765625
0011,11324,"[2, 1, 0]",300,97.59092330932617,False,3.0906190582894566,641,0.06259765625
0011,11325,"[2, 1, 0]",300,97.5959300994873,True,3.0906190582894566,641,0.06259765625
0011,11326,"[2, 1, 0]",300,97.60427474975586,False,3.0906190582894566,641,0.06259765625
0011,11327,"[2, 1, 0]",300,97.60928153991699,True,3.0906190582894566,641,0.06259765625
0011,11328,"[2, 1, 0]",300,97.61738777160645,False,3.0906190582894566,641,0.06259765625
0011,11329,"[2, 1, 0]",300,97.62263298034668,True,3.0906190582894566,641,0.06259765625
0011,11330,"[2, 1, 0]",300,97.63097763061523,False,3.0906190582894566,641,0.06259765625
0011,11331,"[2, 1, 0]",300,97.63598442077637,True,3.0906190582894566,641,0.06259765625
0011,11332,"[2, 1, 0]",300,97.64456748962402,False,3.0906190582894566,641,0.06259765625
0011,11333,"[2, 1, 0]",300,97.65291213989258,True,3.0906190582894566,641,0.06259765625
0011,11334,"[2, 1, 0]",300,97.66149520874023,False,3.0906190582894566,641,0.06259765625
0011,11335,"[2, 1, 0]",300,97.66650199890137,True,3.0906190582894566,641,0.06259765625
0011,11336,"[2, 1, 0]",300,97.67508506774902,False,3.0906190582894566,641,0.06259765625
0011,11337,"[2, 1, 0]",300,97.67985343933105,True,3.0906190582894566,641,0.06259765625
0011,11338,"[2, 1, 0]",300,97.68843650817871,False,3.0906190582894566,641,0.06259765625
0011,11339,"[2, 1, 0]",300,97.69344329833984,True,3.0906190582894566,641,0.06259765625
0011,11340,"[2, 1, 0]",300,97.70536422729492,False,3.0906190582894566,641,0.06259765625
0011,11341,"[2, 1, 0]",300,97.71037101745605,True,3.0906190582894566,641,0.06259765625
0011,11342,"[2, 1, 0]",300,97.71943092346191,False,3.0906190582894566,641,0.06259765625
0011,11343,"[2, 1, 0]",300,97.72443771362305,True,3.0906190582894566,641,0.06259765625
0011,11344,"[2, 1, 0]",300,97.7330207824707,False,3.0906190582894566,641,0.06259765625
0011,11345,"[2, 1, 0]",300,97.73778915405273,True,3.0906190582894566,641,0.06259765625
0011,11346,"[2, 1, 0]",300,97.74661064147949,False,3.0906190582894566,641,0.06259765625
0011,11347,"[2, 1, 0]",300,97.75137901306152,True,3.0906190582894566,641,0.06259765625
0011,11348,"[2, 1, 0]",300,97.75996208190918,False,3.0906190582894566,641,0.06259765625
0011,11349,"[2, 1, 0]",300,97.76496887207031,True,3.0906190582894566,641,0.06259765625
0011,11350,"[2, 1, 0]",300,97.77307510375977,False,3.0906190582894566,641,0.06259765625
0011,11351,"[2, 1, 0]",300,97.7780818939209,True,3.0906190582894566,641,0.06259765625
0011,11352,"[2, 1, 0]",300,97.78666496276855,False,3.0906190582894566,641,0.06259765625
0011,11353,"[2, 1, 0]",300,97.79143333435059,True,3.0906190582894566,641,0.06259765625
0011,11354,"[2, 1, 0]",300,97.80025482177734,False,3.0906190582894566,641,0.06259765625
0011,11355,"[2, 1, 0]",300,97.8081226348877,True,3.0906190582894566,641,0.06259765625
0011,11356,"[2, 1, 0]",300,97.81670570373535,False,3.0906190582894566,641,0.06259765625
0011,11357,"[2, 1, 0]",300,97.82171249389648,True,3.0906190582894566,641,0.06259765625
0011,11358,"[2, 1, 0]",300,97.83005714416504,False,3.0906190582894566,641,0.06259765625
0011,11359,"[2, 1, 0]",300,97.83506393432617,True,3.0906190582894566,641,0.06259765625
0011,11360,"[2, 1, 0]",300,97.84340858459473,False,3.0906190582894566,641,0.06259765625
0011,11361,"[2, 1, 0]",300,97.84841537475586,True,3.0906190582894566,641,0.06259765625
0011,11362,"[2, 1, 0]",300,97.85676002502441,False,3.0906190582894566,641,0.06259765625
0011,11363,"[2, 1, 0]",300,97.86176681518555,True,3.0906190582894566,641,0.06259765625
0011,11364,"[2, 1, 0]",300,97.8701114654541,False,3.0906190582894566,641,0.06259765625
0011,11365,"[2, 1, 0]",300,97.87511825561523,True,3.0906190582894566,641,0.06259765625
0011,11366,"[2, 1, 0]",300,97.88346290588379,False,3.0906190582894566,641,0.06259765625
0011,11367,"[2, 1, 0]",300,97.88846969604492,True,3.0906190582894566,641,0.06259765625
0011,11368,"[2, 1, 0]",300,97.89729118347168,False,3.0906190582894566,641,0.06259765625
0011,11369,"[2, 1, 0]",300,97.90229797363281,True,3.0906190582894566,641,0.06259765625
0011,11370,"[2, 1, 0]",300,97.91111946105957,False,3.0906190582894566,641,0.06259765625
0011,11371,"[2, 1, 0]",300,97.9158878326416,True,3.0906190582894566,641,0.06259765625
0011,11372,"[2, 1, 0]",300,97.92470932006836,False,3.0906190582894566,641,0.06259765625
0011,11373,"[2, 1, 0]",300,97.92947769165039,True,3.0906190582894566,641,0.06259765625
0011,11374,"[2, 1, 0]",300,97.93806076049805,False,3.0906190582894566,641,0.06259765625
0011,11375,"[2, 1, 0]",300,97.9461669921875,True,3.0906190582894566,641,0.06259765625
0011,11376,"[2, 1, 0]",300,97.95498847961426,False,3.0906190582894566,641,0.06259765625
0011,11377,"[2, 1, 0]",300,97.95999526977539,True,3.0906190582894566,641,0.06259765625
0011,11378,"[2, 1, 0]",300,97.96833992004395,False,3.0906190582894566,641,0.06259765625
0011,11379,"[2, 1, 0]",300,97.97358512878418,True,3.0906190582894566,641,0.06259765625
0011,11380,"[2, 1, 0]",300,97.98192977905273,False,3.0906190582894566,641,0.06259765625
0011,11381,"[2, 1, 0]",300,97.98717498779297,True,3.0906190582894566,641,0.06259765625
0011,11382,"[2, 1, 0]",300,97.99551963806152,False,3.0906190582894566,641,0.06259765625
0011,11383,"[2, 1, 0]",300,98.00076484680176,True,3.0906190582894566,641,0.06259765625
0011,11384,"[2, 1, 0]",300,98.00934791564941,False,3.0906190582894566,641,0.06259765625
0011,11385,"[2, 1, 0]",300,98.01459312438965,True,3.0906190582894566,641,0.06259765625
0011,11386,"[2, 1, 0]",300,98.0229377746582,False,3.0906190582894566,641,0.06259765625
0011,11387,"[2, 1, 0]",300,98.02818298339844,True,3.0906190582894566,641,0.06259765625
0011,11388,"[2, 1, 0]",300,98.03652763366699,False,3.0906190582894566,641,0.06259765625
0011,11389,"[2, 1, 0]",300,98.04129600524902,True,3.0906190582894566,641,0.06259765625
0011,11390,"[2, 1, 0]",300,98.0532169342041,False,3.0906190582894566,641,0.06259765625
0011,11391,"[2, 1, 0]",300,98.05846214294434,True,3.0906190582894566,641,0.06259765625
0011,11392,"[2, 1, 0]",300,98.07157516479492,False,3.0906190582894566,641,0.06259765625
0011,11393,"[2, 1, 0]",300,98.07682037353516,True,3.0906190582894566,641,0.06259765625
0011,11394,"[2, 1, 0]",300,98.08540344238281,False,3.0906190582894566,641,0.06259765625
0011,11395,"[2, 1, 0]",300,98.09064865112305,True,3.0906190582894566,641,0.06259765625
0011,11396,"[2, 1, 0]",300,98.0992317199707,False,3.0906190582894566,641,0.06259765625
0011,11397,"[2, 1, 0]",300,98.10709953308105,True,3.0906190582894566,641,0.06259765625
0011,11398,"[2, 1, 0]",300,98.11592102050781,False,3.0906190582894566,641,0.06259765625
0011,11399,"[2, 1, 0]",300,98.12092781066895,True,3.0906190582894566,641,0.06259765625
0011,11400,"[2, 1, 0]",300,98.1295108795166,False,3.0906190582894566,641,0.06259765625
0011,11401,"[2, 1, 0]",300,98.13451766967773,True,3.0906190582894566,641,0.06259765625
0011,11402,"[2, 1, 0]",300,98.14310073852539,False,3.0906190582894566,641,0.06259765625
0011,11403,"[2, 1, 0]",300,98.14810752868652,True,3.0906190582894566,641,0.06259765625
0011,11404,"[2, 1, 0]",300,98.15669059753418,False,3.0906190582894566,641,0.06259765625
0011,11405,"[2, 1, 0]",300,98.16145896911621,True,3.0906190582894566,641,0.06259765625
0011,11406,"[2, 1, 0]",300,98.16980361938477,False,3.0906190582894566,641,0.06259765625
0011,11407,"[2, 1, 0]",300,98.175048828125,True,3.0906190582894566,641,0.06259765625
0011,11408,"[2, 1, 0]",300,98.18339347839355,False,3.0906190582894566,641,0.06259765625
0011,11409,"[2, 1, 0]",300,98.18863868713379,True,3.0906190582894566,641,0.06259765625
0011,11410,"[2, 1, 0]",300,98.19698333740234,False,3.0906190582894566,641,0.06259765625
0011,11411,"[2, 1, 0]",300,98.20222854614258,True,3.0906190582894566,641,0.06259765625
0011,11412,"[2, 1, 0]",300,98.21081161499023,False,3.0906190582894566,641,0.06259765625
0011,11413,"[2, 1, 0]",300,98.21629524230957,True,3.0906190582894566,641,0.06259765625
0011,11414,"[2, 1, 0]",300,98.22463989257812,False,3.0906190582894566,641,0.06259765625
0011,11415,"[2, 1, 0]",300,98.22988510131836,True,3.0906190582894566,641,0.06259765625
0011,11416,"[2, 1, 0]",300,98.23846817016602,False,3.0906190582894566,641,0.06259765625
0011,11417,"[2, 1, 0]",300,98.24657440185547,True,3.0906190582894566,641,0.06259765625
0011,11418,"[2, 1, 0]",300,98.25515747070312,False,3.0906190582894566,641,0.06259765625
0011,11419,"[2, 1, 0]",300,98.26040267944336,True,3.0906190582894566,641,0.06259765625
0011,11420,"[2, 1, 0]",300,98.26898574829102,False,3.0906190582894566,641,0.06259765625
0011,11421,"[2, 1, 0]",300,98.27375411987305,True,3.0906190582894566,641,0.06259765625
0011,11422,"[2, 1, 0]",300,98.2825756072998,False,3.0906190582894566,641,0.06259765625
0011,11423,"[2, 1, 0]",300,98.28758239746094,True,3.0906190582894566,641,0.06259765625
0011,11424,"[2, 1, 0]",300,98.2961654663086,False,3.0906190582894566,641,0.06259765625
0011,11425,"[2, 1, 0]",300,98.30117225646973,True,3.0906190582894566,641,0.06259765625
0011,11426,"[2, 1, 0]",300,98.30975532531738,False,3.0906190582894566,641,0.06259765625
0011,11427,"[2, 1, 0]",300,98.31452369689941,True,3.0906190582894566,641,0.06259765625
0011,11428,"[2, 1, 0]",300,98.32310676574707,False,3.0906190582894566,641,0.06259765625
0011,11429,"[2, 1, 0]",300,98.3281135559082,True,3.0906190582894566,641,0.06259765625
0011,11430,"[2, 1, 0]",300,98.33645820617676,False,3.0906190582894566,641,0.06259765625
0011,11431,"[2, 1, 0]",300,98.34170341491699,True,3.0906190582894566,641,0.06259765625
0011,11432,"[2, 1, 0]",300,98.35004806518555,False,3.0906190582894566,641,0.06259765625
0011,11433,"[2, 1, 0]",300,98.358154296875,True,3.0906190582894566,641,0.06259765625
0011,11434,"[2, 1, 0]",300,98.36649894714355,False,3.0906190582894566,641,0.06259765625
0011,11435,"[2, 1, 0]",300,98.37198257446289,True,3.0906190582894566,641,0.06259765625
0011,11436,"[2, 1, 0]",300,98.38032722473145,False,3.0906190582894566,641,0.06259765625
0011,11437,"[2, 1, 0]",300,98.38581085205078,True,3.0906190582894566,641,0.06259765625
0011,11438,"[2, 1, 0]",300,98.39439392089844,False,3.0906190582894566,641,0.06259765625
0011,11439,"[2, 1, 0]",300,98.41513633728027,True,3.0906190582894566,641,0.06259765625
0011,11440,"[2, 1, 0]",300,98.42419624328613,False,3.0906190582894566,641,0.06259765625
0011,11441,"[2, 1, 0]",300,98.4354019165039,True,3.0906190582894566,641,0.06259765625
0011,11442,"[2, 1, 0]",300,98.44398498535156,False,3.0906190582894566,641,0.06259765625
0011,11443,"[2, 1, 0]",300,98.4494686126709,True,3.0906190582894566,641,0.06259765625
0011,11444,"[2, 1, 0]",300,98.45781326293945,False,3.0906190582894566,641,0.06259765625
0011,11445,"[2, 1, 0]",300,98.46305847167969,True,3.0906190582894566,641,0.06259765625
0011,11446,"[2, 1, 0]",300,98.47164154052734,False,3.0906190582894566,641,0.06259765625
0011,11447,"[2, 1, 0]",300,98.47664833068848,True,3.0906190582894566,641,0.06259765625
0011,11448,"[2, 1, 0]",300,98.48499298095703,False,3.0906190582894566,641,0.06259765625
0011,11449,"[2, 1, 0]",300,98.49023818969727,True,3.0906190582894566,641,0.06259765625
0011,11450,"[2, 1, 0]",300,98.49858283996582,False,3.0906190582894566,641,0.06259765625
0011,11451,"[2, 1, 0]",300,98.50382804870605,True,3.0906190582894566,641,0.06259765625
0011,11452,"[2, 1, 0]",300,98.51217269897461,False,3.0906190582894566,641,0.06259765625
0011,11453,"[2, 1, 0]",300,98.51741790771484,True,3.0906190582894566,641,0.06259765625
0011,11454,"[2, 1, 0]",300,98.5255241394043,False,3.0906190582894566,641,0.06259765625
0011,11455,"[2, 1, 0]",300,98.53053092956543,True,3.0906190582894566,641,0.06259765625
0011,11456,"[2, 1, 0]",300,98.53935241699219,False,3.0906190582894566,641,0.06259765625
0011,11457,"[2, 1, 0]",300,98.54412078857422,True,3.0906190582894566,641,0.06259765625
0011,11458,"[2, 1, 0]",300,98.55270385742188,False,3.0906190582894566,641,0.06259765625
0011,11459,"[2, 1, 0]",300,98.56057167053223,True,3.0906190582894566,641,0.06259765625
0011,11460,"[2, 1, 0]",300,98.56963157653809,False,3.0906190582894566,641,0.06259765625
0011,11461,"[2, 1, 0]",300,98.57439994812012,True,3.0906190582894566,641,0.06259765625
0011,11462,"[2, 1, 0]",300,98.58274459838867,False,3.0906190582894566,641,0.06259765625
0011,11463,"[2, 1, 0]",300,98.5879898071289,True,3.0906190582894566,641,0.06259765625
0011,11464,"[2, 1, 0]",300,98.59633445739746,False,3.0906190582894566,641,0.06259765625
0011,11465,"[2, 1, 0]",300,98.6015796661377,True,3.0906190582894566,641,0.06259765625
0011,11466,"[2, 1, 0]",300,98.60992431640625,False,3.0906190582894566,641,0.06259765625
0011,11467,"[2, 1, 0]",300,98.61493110656738,True,3.0906190582894566,641,0.06259765625
0011,11468,"[2, 1, 0]",300,98.62327575683594,False,3.0906190582894566,641,0.06259765625
0011,11469,"[2, 1, 0]",300,98.62804412841797,True,3.0906190582894566,641,0.06259765625
0011,11470,"[2, 1, 0]",300,98.63686561584473,False,3.0906190582894566,641,0.06259765625
0011,11471,"[2, 1, 0]",300,98.64234924316406,True,3.0906190582894566,641,0.06259765625
0011,11472,"[2, 1, 0]",300,98.65069389343262,False,3.0906190582894566,641,0.06259765625
0011,11473,"[2, 1, 0]",300,98.65570068359375,True,3.0906190582894566,641,0.06259765625
0011,11474,"[2, 1, 0]",300,98.6642837524414,False,3.0906190582894566,641,0.06259765625
0011,11475,"[2, 1, 0]",300,98.66929054260254,True,3.0906190582894566,641,0.06259765625
0011,11476,"[2, 1, 0]",300,98.6776351928711,False,3.0906190582894566,641,0.06259765625
0011,11477,"[2, 1, 0]",300,98.68264198303223,True,3.0906190582894566,641,0.06259765625
0011,11478,"[2, 1, 0]",300,98.69122505187988,False,3.0906190582894566,641,0.06259765625
0011,11479,"[2, 1, 0]",300,98.69623184204102,True,3.0906190582894566,641,0.06259765625
0011,11480,"[2, 1, 0]",300,98.70481491088867,False,3.0906190582894566,641,0.06259765625
0011,11481,"[2, 1, 0]",300,98.71268272399902,True,3.0906190582894566,641,0.06259765625
0011,11482,"[2, 1, 0]",300,98.72102737426758,False,3.0906190582894566,641,0.06259765625
0011,11483,"[2, 1, 0]",300,98.72627258300781,True,3.0906190582894566,641,0.06259765625
0011,11484,"[2, 1, 0]",300,98.73461723327637,False,3.0906190582894566,641,0.06259765625
0011,11485,"[2, 1, 0]",300,98.7396240234375,True,3.0906190582894566,641,0.06259765625
0011,11486,"[2, 1, 0]",300,98.74796867370605,False,3.0906190582894566,641,0.06259765625
0011,11487,"[2, 1, 0]",300,98.75297546386719,True,3.0906190582894566,641,0.06259765625
0011,11488,"[2, 1, 0]",300,98.78134727478027,False,3.0906190582894566,641,0.06259765625
0011,11489,"[2, 1, 0]",300,98.79326820373535,True,3.0906190582894566,641,0.06259765625
0011,11490,"[2, 1, 0]",300,98.80948066711426,False,3.0906190582894566,641,0.06259765625
0011,11491,"[2, 1, 0]",300,98.82187843322754,True,3.0906190582894566,641,0.06259765625
0011,11492,"[2, 1, 0]",300,98.83356094360352,False,3.0906190582894566,641,0.06259765625
0011,11493,"[2, 1, 0]",300,98.83975982666016,True,3.0906190582894566,641,0.06259765625
0011,11494,"[2, 1, 0]",300,98.84977340698242,False,3.0906190582894566,641,0.06259765625
0011,11495,"[2, 1, 0]",300,98.85525703430176,True,3.0906190582894566,641,0.06259765625
0011,11496,"[2, 1, 0]",300,98.86407852172852,False,3.0906190582894566,641,0.06259765625
0011,11497,"[2, 1, 0]",300,98.86932373046875,True,3.0906190582894566,641,0.06259765625
0011,11498,"[2, 1, 0]",300,98.87838363647461,False,3.0906190582894566,641,0.06259765625
0011,11499,"[2, 1, 0]",300,98.88386726379395,True,3.0906190582894566,641,0.06259765625
0011,11500,"[2, 1, 0]",300,98.8931655883789,False,3.0906190582894566,641,0.06259765625
0011,11501,"[2, 1, 0]",300,98.90174865722656,True,3.0906190582894566,641,0.06259765625
0011,11502,"[2, 1, 0]",300,98.93488883972168,False,3.0906190582894566,641,0.06259765625
0011,11503,"[2, 1, 0]",300,98.94680976867676,True,3.0906190582894566,641,0.06259765625
0011,11504,"[2, 1, 0]",300,98.96278381347656,False,3.0906190582894566,641,0.06259765625
0011,11505,"[2, 1, 0]",300,98.97017478942871,True,3.0906190582894566,641,0.06259765625
0011,11506,"[2, 1, 0]",300,98.98114204406738,False,3.0906190582894566,641,0.06259765625
0011,11507,"[2, 1, 0]",300,98.98710250854492,True,3.0906190582894566,641,0.06259765625
0011,11508,"[2, 1, 0]",300,98.99640083312988,False,3.0906190582894566,641,0.06259765625
0011,11509,"[2, 1, 0]",300,99.02191162109375,True,3.0906190582894566,641,0.06259765625
0011,11510,"[2, 1, 0]",300,99.03073310852051,False,3.0906190582894566,641,0.06259765625
0011,11511,"[2, 1, 0]",300,99.03669357299805,True,3.0906190582894566,641,0.06259765625
0011,11512,"[2, 1, 0]",300,99.0452766418457,False,3.0906190582894566,641,0.06259765625
0011,11513,"[2, 1, 0]",300,99.05028343200684,True,3.0906190582894566,641,0.06259765625
0011,11514,"[2, 1, 0]",300,99.05886650085449,False,3.0906190582894566,641,0.06259765625
0011,11515,"[2, 1, 0]",300,99.06363487243652,True,3.0906190582894566,641,0.06259765625
0011,11516,"[2, 1, 0]",300,99.07197952270508,False,3.0906190582894566,641,0.06259765625
0011,11517,"[2, 1, 0]",300,99.07722473144531,True,3.0906190582894566,641,0.06259765625
0011,11518,"[2, 1, 0]",300,99.08556938171387,False,3.0906190582894566,641,0.06259765625
0011,11519,"[2, 1, 0]",300,99.0910530090332,True,3.0906190582894566,641,0.06259765625
0011,11520,"[2, 1, 0]",300,99.09915924072266,False,3.0906190582894566,641,0.06259765625
0011,11521,"[2, 1, 0]",300,99.10440444946289,True,3.0906190582894566,641,0.06259765625
0011,11522,"[2, 1, 0]",300,99.11274909973145,False,3.0906190582894566,641,0.06259765625
0011,11523,"[2, 1, 0]",300,99.12323951721191,True,3.0906190582894566,641,0.06259765625
0011,11524,"[2, 1, 0]",300,99.13229942321777,False,3.0906190582894566,641,0.06259765625
0011,11525,"[2, 1, 0]",300,99.1373062133789,True,3.0906190582894566,641,0.06259765625
0011,11526,"[2, 1, 0]",300,99.14636611938477,False,3.0906190582894566,641,0.06259765625
0011,11527,"[2, 1, 0]",300,99.151611328125,True,3.0906190582894566,641,0.06259765625
0011,11528,"[2, 1, 0]",300,99.16019439697266,False,3.0906190582894566,641,0.06259765625
0011,11529,"[2, 1, 0]",300,99.16520118713379,True,3.0906190582894566,641,0.06259765625
0011,11530,"[2, 1, 0]",300,99.17402267456055,False,3.0906190582894566,641,0.06259765625
0011,11531,"[2, 1, 0]",300,99.17879104614258,True,3.0906190582894566,641,0.06259765625
0011,11532,"[2, 1, 0]",300,99.18761253356934,False,3.0906190582894566,641,0.06259765625
0011,11533,"[2, 1, 0]",300,99.19261932373047,True,3.0906190582894566,641,0.06259765625
0011,11534,"[2, 1, 0]",300,99.20072555541992,False,3.0906190582894566,641,0.06259765625
0011,11535,"[2, 1, 0]",300,99.20620918273926,True,3.0906190582894566,641,0.06259765625
0011,11536,"[2, 1, 0]",300,99.21455383300781,False,3.0906190582894566,641,0.06259765625
0011,11537,"[2, 1, 0]",300,99.21956062316895,True,3.0906190582894566,641,0.06259765625
0011,11538,"[2, 1, 0]",300,99.2281436920166,False,3.0906190582894566,641,0.06259765625
0011,11539,"[2, 1, 0]",300,99.23338890075684,True,3.0906190582894566,641,0.06259765625
0011,11540,"[2, 1, 0]",300,99.24173355102539,False,3.0906190582894566,641,0.06259765625
0011,11541,"[2, 1, 0]",300,99.25055503845215,True,3.0906190582894566,641,0.06259765625
0011,11542,"[2, 1, 0]",300,99.25985336303711,False,3.0906190582894566,641,0.06259765625
0011,11543,"[2, 1, 0]",300,99.30205345153809,True,3.0906190582894566,641,0.06259765625
0011,11544,"[2, 1, 0]",300,99.34711456298828,False,3.0906190582894566,641,0.06259765625
0011,11545,"[2, 1, 0]",300,99.35355186462402,True,3.0906190582894566,641,0.06259765625
0011,11546,"[2, 1, 0]",300,99.36285018920898,False,3.0906190582894566,641,0.06259765625
0011,11547,"[2, 1, 0]",300,99.36857223510742,True,3.0906190582894566,641,0.06259765625
0011,11548,"[2, 1, 0]",300,99.37691688537598,False,3.0906190582894566,641,0.06259765625
0011,11549,"[2, 1, 0]",300,99.38216209411621,True,3.0906190582894566,641,0.06259765625
0011,11550,"[2, 1, 0]",300,99.39074516296387,False,3.0906190582894566,641,0.06259765625
0011,11551,"[2, 1, 0]",300,99.3959903717041,True,3.0906190582894566,641,0.06259765625
0011,11552,"[2, 1, 0]",300,99.40433502197266,False,3.0906190582894566,641,0.06259765625
0011,11553,"[2, 1, 0]",300,99.40958023071289,True,3.0906190582894566,641,0.06259765625
0011,11554,"[2, 1, 0]",300,99.41840171813965,False,3.0906190582894566,641,0.06259765625
0011,11555,"[2, 1, 0]",300,99.42340850830078,True,3.0906190582894566,641,0.06259765625
0011,11556,"[2, 1, 0]",300,99.43199157714844,False,3.0906190582894566,641,0.06259765625
0011,11557,"[2, 1, 0]",300,99.43699836730957,True,3.0906190582894566,641,0.06259765625
0011,11558,"[2, 1, 0]",300,99.44558143615723,False,3.0906190582894566,641,0.06259765625
0011,11559,"[2, 1, 0]",300,99.45058822631836,True,3.0906190582894566,641,0.06259765625
0011,11560,"[2, 1, 0]",300,99.45940971374512,False,3.0906190582894566,641,0.06259765625
0011,11561,"[2, 1, 0]",300,99.46417808532715,True,3.0906190582894566,641,0.06259765625
0011,11562,"[2, 1, 0]",300,99.4729995727539,False,3.0906190582894566,641,0.06259765625
0011,11563,"[2, 1, 0]",300,99.47776794433594,True,3.0906190582894566,641,0.06259765625
0011,11564,"[2, 1, 0]",300,99.4865894317627,False,3.0906190582894566,641,0.06259765625
0011,11565,"[2, 1, 0]",300,99.49445724487305,True,3.0906190582894566,641,0.06259765625
0011,11566,"[2, 1, 0]",300,99.5035171508789,False,3.0906190582894566,641,0.06259765625
0011,11567,"[2, 1, 0]",300,99.56955909729004,True,3.0906190582894566,641,0.06259765625
0011,11568,"[2, 1, 0]",300,99.59745407104492,False,3.0906190582894566,641,0.06259765625
0011,11569,"[2, 1, 0]",300,99.6086597442627,True,3.0906190582894566,641,0.06259765625
0011,11570,"[2, 1, 0]",300,99.62153434753418,False,3.0906190582894566,641,0.06259765625
0011,11571,"[2, 1, 0]",300,99.62987899780273,True,3.0906190582894566,641,0.06259765625
0011,11572,"[2, 1, 0]",300,99.6406078338623,False,3.0906190582894566,641,0.06259765625
0011,11573,"[2, 1, 0]",300,99.64680671691895,True,3.0906190582894566,641,0.06259765625
0011,11574,"[2, 1, 0]",300,99.65634346008301,False,3.0906190582894566,641,0.06259765625
0011,11575,"[2, 1, 0]",300,99.66135025024414,True,3.0906190582894566,641,0.06259765625
0011,11576,"[2, 1, 0]",300,99.6706485748291,False,3.0906190582894566,641,0.06259765625
0011,11577,"[2, 1, 0]",300,99.67637062072754,True,3.0906190582894566,641,0.06259765625
0011,11578,"[2, 1, 0]",300,99.6856689453125,False,3.0906190582894566,641,0.06259765625
0011,11579,"[2, 1, 0]",300,99.69091415405273,True,3.0906190582894566,641,0.06259765625
0011,11580,"[2, 1, 0]",300,99.69949722290039,False,3.0906190582894566,641,0.06259765625
0011,11581,"[2, 1, 0]",300,99.70474243164062,True,3.0906190582894566,641,0.06259765625
0011,11582,"[2, 1, 0]",300,99.71332550048828,False,3.0906190582894566,641,0.06259765625
0011,11583,"[2, 1, 0]",300,99.71857070922852,True,3.0906190582894566,641,0.06259765625
0011,11584,"[2, 1, 0]",300,99.72691535949707,False,3.0906190582894566,641,0.06259765625
0011,11585,"[2, 1, 0]",300,99.73764419555664,True,3.0906190582894566,641,0.06259765625
0011,11586,"[2, 1, 0]",300,99.7471809387207,False,3.0906190582894566,641,0.06259765625
0011,11587,"[2, 1, 0]",300,99.75218772888184,True,3.0906190582894566,641,0.06259765625
0011,11588,"[2, 1, 0]",300,99.7612476348877,False,3.0906190582894566,641,0.06259765625
0011,11589,"[2, 1, 0]",300,99.76601600646973,True,3.0906190582894566,641,0.06259765625
0011,11590,"[2, 1, 0]",300,99.77483749389648,False,3.0906190582894566,641,0.06259765625
0011,11591,"[2, 1, 0]",300,99.77984428405762,True,3.0906190582894566,641,0.06259765625
0011,11592,"[2, 1, 0]",300,99.7922420501709,False,3.0906190582894566,641,0.06259765625
0011,11593,"[2, 1, 0]",300,99.79772567749023,True,3.0906190582894566,641,0.06259765625
0011,11594,"[2, 1, 0]",300,99.8067855834961,False,3.0906190582894566,641,0.06259765625
0011,11595,"[2, 1, 0]",300,99.81226921081543,True,3.0906190582894566,641,0.06259765625
0011,11596,"[2, 1, 0]",300,99.82109069824219,False,3.0906190582894566,641,0.06259765625
0011,11597,"[2, 1, 0]",300,99.82657432556152,True,3.0906190582894566,641,0.06259765625
0011,11598,"[2, 1, 0]",300,99.83539581298828,False,3.0906190582894566,641,0.06259765625
0011,11599,"[2, 1, 0]",300,99.84087944030762,True,3.0906190582894566,641,0.06259765625
0011,11600,"[2, 1, 0]",300,99.84946250915527,False,3.0906190582894566,641,0.06259765625
0011,11601,"[2, 1, 0]",300,99.85852241516113,True,3.0906190582894566,641,0.06259765625
0011,11602,"[2, 1, 0]",300,99.86686706542969,False,3.0906190582894566,641,0.06259765625
0011,11603,"[2, 1, 0]",300,99.87258911132812,True,3.0906190582894566,641,0.06259765625
0011,11604,"[2, 1, 0]",300,99.88117218017578,False,3.0906190582894566,641,0.06259765625
0011,11605,"[2, 1, 0]",300,99.88713264465332,True,3.0906190582894566,641,0.06259765625
0011,11606,"[2, 1, 0]",300,99.89595413208008,False,3.0906190582894566,641,0.06259765625
0011,11607,"[2, 1, 0]",300,99.90453720092773,True,3.0906190582894566,641,0.06259765625
0011,11608,"[2, 1, 0]",300,99.91335868835449,False,3.0906190582894566,641,0.06259765625
0011,11609,"[2, 1, 0]",300,99.91860389709473,True,3.0906190582894566,641,0.06259765625
0011,11610,"[2, 1, 0]",300,99.92742538452148,False,3.0906190582894566,641,0.06259765625
0011,11611,"[2, 1, 0]",300,99.93243217468262,True,3.0906190582894566,641,0.06259765625
0011,11612,"[2, 1, 0]",300,99.94125366210938,False,3.0906190582894566,641,0.06259765625
0011,11613,"[2, 1, 0]",300,99.94626045227051,True,3.0906190582894566,641,0.06259765625
0011,11614,"[2, 1, 0]",300,99.95508193969727,False,3.0906190582894566,641,0.06259765625
0011,11615,"[2, 1, 0]",300,99.9598503112793,True,3.0906190582894566,641,0.06259765625
0011,11616,"[2, 1, 0]",300,99.96843338012695,False,3.0906190582894566,641,0.06259765625
0011,11617,"[2, 1, 0]",300,99.97320175170898,True,3.0906190582894566,641,0.06259765625
0011,11618,"[2, 1, 0]",300,99.98154640197754,False,3.0906190582894566,641,0.06259765625
0011,11619,"[2, 1, 0]",300,99.98655319213867,True,3.0906190582894566,641,0.06259765625
0011,11620,"[2, 1, 0]",300,99.99489784240723,False,3.0906190582894566,641,0.06259765625
0011,11621,"[2, 1, 0]",300,100.00014305114746,True,3.0906190582894566,641,0.06259765625
0011,11622,"[2, 1, 0]",300,100.00848770141602,False,3.0906190582894566,641,0.06259765625
0011,11623,"[2, 1, 0]",300,100.01373291015625,True,3.0906190582894566,641,0.06259765625
0011,11624,"[2, 1, 0]",300,100.0223159790039,False,3.0906190582894566,641,0.06259765625
0011,11625,"[2, 1, 0]",300,100.02756118774414,True,3.0906190582894566,641,0.06259765625
0011,11626,"[2, 1, 0]",300,100.0359058380127,False,3.0906190582894566,641,0.06259765625
0011,11627,"[2, 1, 0]",300,100.04377365112305,True,3.0906190582894566,641,0.06259765625
0011,11628,"[2, 1, 0]",300,100.0528335571289,False,3.0906190582894566,641,0.06259765625
0011,11629,"[2, 1, 0]",300,100.05760192871094,True,3.0906190582894566,641,0.06259765625
0011,11630,"[2, 1, 0]",300,100.0664234161377,False,3.0906190582894566,641,0.06259765625
0011,11631,"[2, 1, 0]",300,100.07119178771973,True,3.0906190582894566,641,0.06259765625
0011,11632,"[2, 1, 0]",300,100.07977485656738,False,3.0906190582894566,641,0.06259765625
0011,11633,"[2, 1, 0]",300,100.08454322814941,True,3.0906190582894566,641,0.06259765625
0011,11634,"[2, 1, 0]",300,100.09312629699707,False,3.0906190582894566,641,0.06259765625
0011,11635,"[2, 1, 0]",300,100.0983715057373,True,3.0906190582894566,641,0.06259765625
0011,11636,"[2, 1, 0]",300,100.10695457458496,False,3.0906190582894566,641,0.06259765625
0011,11637,"[2, 1, 0]",300,100.1121997833252,True,3.0906190582894566,641,0.06259765625
0011,11638,"[2, 1, 0]",300,100.12078285217285,False,3.0906190582894566,641,0.06259765625
0011,11639,"[2, 1, 0]",300,100.12602806091309,True,3.0906190582894566,641,0.06259765625
0011,11640,"[2, 1, 0]",300,100.13413429260254,False,3.0906190582894566,641,0.06259765625
0011,11641,"[2, 1, 0]",300,100.13937950134277,True,3.0906190582894566,641,0.06259765625
0011,11642,"[2, 1, 0]",300,100.15106201171875,False,3.0906190582894566,641,0.06259765625
0011,11643,"[2, 1, 0]",300,100.15702247619629,True,3.0906190582894566,641,0.06259765625
0011,11644,"[2, 1, 0]",300,100.16632080078125,False,3.0906190582894566,641,0.06259765625
0011,11645,"[2, 1, 0]",300,100.17132759094238,True,3.0906190582894566,641,0.06259765625
0011,11646,"[2, 1, 0]",300,100.17991065979004,False,3.0906190582894566,641,0.06259765625
0011,11647,"[2, 1, 0]",300,100.18515586853027,True,3.0906190582894566,641,0.06259765625
0011,11648,"[2, 1, 0]",300,100.19373893737793,False,3.0906190582894566,641,0.06259765625
0011,11649,"[2, 1, 0]",300,100.20208358764648,True,3.0906190582894566,641,0.06259765625
0011,11650,"[2, 1, 0]",300,100.21066665649414,False,3.0906190582894566,641,0.06259765625
0011,11651,"[2, 1, 0]",300,100.21591186523438,True,3.0906190582894566,641,0.06259765625
0011,11652,"[2, 1, 0]",300,100.22401809692383,False,3.0906190582894566,641,0.06259765625
0011,11653,"[2, 1, 0]",300,100.22926330566406,True,3.0906190582894566,641,0.06259765625
0011,11654,"[2, 1, 0]",300,100.23760795593262,False,3.0906190582894566,641,0.06259765625
0011,11655,"[2, 1, 0]",300,100.24285316467285,True,3.0906190582894566,641,0.06259765625
0011,11656,"[2, 1, 0]",300,100.2511978149414,False,3.0906190582894566,641,0.06259765625
0011,11657,"[2, 1, 0]",300,100.25620460510254,True,3.0906190582894566,641,0.06259765625
0011,11658,"[2, 1, 0]",300,100.2647876739502,False,3.0906190582894566,641,0.06259765625
0011,11659,"[2, 1, 0]",300,100.26979446411133,True,3.0906190582894566,641,0.06259765625
0011,11660,"[2, 1, 0]",300,100.27861595153809,False,3.0906190582894566,641,0.06259765625
0011,11661,"[2, 1, 0]",300,100.28362274169922,True,3.0906190582894566,641,0.06259765625
0011,11662,"[2, 1, 0]",300,100.29220581054688,False,3.0906190582894566,641,0.06259765625
0011,11663,"[2, 1, 0]",300,100.29721260070801,True,3.0906190582894566,641,0.06259765625
0011,11664,"[2, 1, 0]",300,100.30913352966309,False,3.0906190582894566,641,0.06259765625
0011,11665,"[2, 1, 0]",300,100.48103332519531,True,3.0906190582894566,641,0.06259765625
0011,11666,"[2, 1, 0]",300,100.56138038635254,False,3.0906190582894566,641,0.06259765625
0011,11667,"[2, 1, 0]",300,100.58307647705078,True,3.0906190582894566,641,0.06259765625
0011,11668,"[2, 1, 0]",300,100.60667991638184,False,3.0906190582894566,641,0.06259765625
0011,11669,"[2, 1, 0]",300,100.6324291229248,True,3.0906190582894566,641,0.06259765625
0011,11670,"[2, 1, 0]",300,100.65031051635742,False,3.0906190582894566,641,0.06259765625
0011,11671,"[2, 1, 0]",300,100.65960884094238,True,3.0906190582894566,641,0.06259765625
0011,11672,"[2, 1, 0]",300,100.67510604858398,False,3.0906190582894566,641,0.06259765625
0011,11673,"[2, 1, 0]",300,100.68511962890625,True,3.0906190582894566,641,0.06259765625
0011,11674,"[2, 1, 0]",300,100.70157051086426,False,3.0906190582894566,641,0.06259765625
0011,11675,"[2, 1, 0]",300,100.71063041687012,True,3.0906190582894566,641,0.06259765625
0011,11676,"[2, 1, 0]",300,100.72541236877441,False,3.0906190582894566,641,0.06259765625
0011,11677,"[2, 1, 0]",300,100.73328018188477,True,3.0906190582894566,641,0.06259765625
0011,11678,"[2, 1, 0]",300,100.74710845947266,False,3.0906190582894566,641,0.06259765625
0011,11679,"[2, 1, 0]",300,100.75521469116211,True,3.0906190582894566,641,0.06259765625
0011,11680,"[2, 1, 0]",300,100.7683277130127,False,3.0906190582894566,641,0.06259765625
0011,11681,"[2, 1, 0]",300,100.77595710754395,True,3.0906190582894566,641,0.06259765625
0011,11682,"[2, 1, 0]",300,100.78883171081543,False,3.0906190582894566,641,0.06259765625
0011,11683,"[2, 1, 0]",300,100.79669952392578,True,3.0906190582894566,641,0.06259765625
0011,11684,"[2, 1, 0]",300,100.80981254577637,False,3.0906190582894566,641,0.06259765625
0011,11685,"[2, 1, 0]",300,100.81720352172852,True,3.0906190582894566,641,0.06259765625
0011,11686,"[2, 1, 0]",300,100.8303165435791,False,3.0906190582894566,641,0.06259765625
0011,11687,"[2, 1, 0]",300,100.83794593811035,True,3.0906190582894566,641,0.06259765625
0011,11688,"[2, 1, 0]",300,100.85129737854004,False,3.0906190582894566,641,0.06259765625
0011,11689,"[2, 1, 0]",300,100.85892677307129,True,3.0906190582894566,641,0.06259765625
0011,11690,"[2, 1, 0]",300,100.87227821350098,False,3.0906190582894566,641,0.06259765625
0011,11691,"[2, 1, 0]",300,100.88539123535156,True,3.0906190582894566,641,0.06259765625
0011,11692,"[2, 1, 0]",300,100.89898109436035,False,3.0906190582894566,641,0.06259765625
0011,11693,"[2, 1, 0]",300,100.91304779052734,True,3.0906190582894566,641,0.06259765625
0011,11694,"[2, 1, 0]",300,100.92806816101074,False,3.0906190582894566,641,0.06259765625
0011,11695,"[2, 1, 0]",300,100.9361743927002,True,3.0906190582894566,641,0.06259765625
0011,11696,"[2, 1, 0]",300,100.94976425170898,False,3.0906190582894566,641,0.06259765625
0011,11697,"[2, 1, 0]",300,100.96144676208496,True,3.0906190582894566,641,0.06259765625
0011,11698,"[2, 1, 0]",300,100.9824275970459,False,3.0906190582894566,641,0.06259765625
0011,11699,"[2, 1, 0]",300,100.99124908447266,True,3.0906190582894566,641,0.06259765625
0011,11700,"[2, 1, 0]",300,101.00555419921875,False,3.0906190582894566,641,0.06259765625
0011,11701,"[2, 1, 0]",300,101.0134220123291,True,3.0906190582894566,641,0.06259765625
0011,11702,"[2, 1, 0]",300,101.02629661560059,False,3.0906190582894566,641,0.06259765625
0011,11703,"[2, 1, 0]",300,101.03440284729004,True,3.0906190582894566,641,0.06259765625
0011,11704,"[2, 1, 0]",300,101.04703903198242,False,3.0906190582894566,641,0.06259765625
0011,11705,"[2, 1, 0]",300,101.05514526367188,True,3.0906190582894566,641,0.06259765625
0011,11706,"[2, 1, 0]",300,101.06825828552246,False,3.0906190582894566,641,0.06259765625
0011,11707,"[2, 1, 0]",300,101.07636451721191,True,3.0906190582894566,641,0.06259765625
0011,11708,"[2, 1, 0]",300,101.0894775390625,False,3.0906190582894566,641,0.06259765625
0011,11709,"[2, 1, 0]",300,101.09734535217285,True,3.0906190582894566,641,0.06259765625
0011,11710,"[2, 1, 0]",300,101.11021995544434,False,3.0906190582894566,641,0.06259765625
0011,11711,"[2, 1, 0]",300,101.12309455871582,True,3.0906190582894566,641,0.06259765625
0011,11712,"[2, 1, 0]",300,101.13668441772461,False,3.0906190582894566,641,0.06259765625
0011,11713,"[2, 1, 0]",300,101.14455223083496,True,3.0906190582894566,641,0.06259765625
0011,11714,"[2, 1, 0]",300,101.15766525268555,False,3.0906190582894566,641,0.06259765625
0011,11715,"[2, 1, 0]",300,101.1650562286377,True,3.0906190582894566,641,0.06259765625
0011,11716,"[2, 1, 0]",300,101.17769241333008,False,3.0906190582894566,641,0.06259765625
0011,11717,"[2, 1, 0]",300,101.18532180786133,True,3.0906190582894566,641,0.06259765625
0011,11718,"[2, 1, 0]",300,101.19843482971191,False,3.0906190582894566,641,0.06259765625
0011,11719,"[2, 1, 0]",300,101.20582580566406,True,3.0906190582894566,641,0.06259765625
0011,11720,"[2, 1, 0]",300,101.21941566467285,False,3.0906190582894566,641,0.06259765625
0011,11721,"[2, 1, 0]",300,101.226806640625,True,3.0906190582894566,641,0.06259765625
0011,11722,"[2, 1, 0]",300,101.23968124389648,False,3.0906190582894566,641,0.06259765625
0011,11723,"[2, 1, 0]",300,101.24731063842773,True,3.0906190582894566,641,0.06259765625
0011,11724,"[2, 1, 0]",300,101.25994682312012,False,3.0906190582894566,641,0.06259765625
0011,11725,"[2, 1, 0]",300,101.26733779907227,True,3.0906190582894566,641,0.06259765625
0011,11726,"[2, 1, 0]",300,101.27997398376465,False,3.0906190582894566,641,0.06259765625
0011,11727,"[2, 1, 0]",300,101.287841796875,True,3.0906190582894566,641,0.06259765625
0011,11728,"[2, 1, 0]",300,101.30047798156738,False,3.0906190582894566,641,0.06259765625
0011,11729,"[2, 1, 0]",300,101.30810737609863,True,3.0906190582894566,641,0.06259765625
0011,11730,"[2, 1, 0]",300,101.32122039794922,False,3.0906190582894566,641,0.06259765625
0011,11731,"[2, 1, 0]",300,101.32884979248047,True,3.0906190582894566,641,0.06259765625
0011,11732,"[2, 1, 0]",300,101.34172439575195,False,3.0906190582894566,641,0.06259765625
0011,11733,"[2, 1, 0]",300,101.40728950500488,True,3.0906190582894566,641,0.06259765625
0011,11734,"[2, 1, 0]",300,101.4413833618164,False,3.0906190582894566,641,0.06259765625
0011,11735,"[2, 1, 0]",300,101.45378112792969,True,3.0906190582894566,641,0.06259765625
0011,11736,"[2, 1, 0]",300,101.47309303283691,False,3.0906190582894566,641,0.06259765625
0011,11737,"[2, 1, 0]",300,101.48310661315918,True,3.0906190582894566,641,0.06259765625
0011,11738,"[2, 1, 0]",300,101.49812698364258,False,3.0906190582894566,641,0.06259765625
0011,11739,"[2, 1, 0]",300,101.50647163391113,True,3.0906190582894566,641,0.06259765625
0011,11740,"[2, 1, 0]",300,101.52053833007812,False,3.0906190582894566,641,0.06259765625
0011,11741,"[2, 1, 0]",300,101.52888298034668,True,3.0906190582894566,641,0.06259765625
0011,11742,"[2, 1, 0]",300,101.54247283935547,False,3.0906190582894566,641,0.06259765625
0011,11743,"[2, 1, 0]",300,101.5634536743164,True,3.0906190582894566,641,0.06259765625
0011,11744,"[2, 1, 0]",300,101.58014297485352,False,3.0906190582894566,641,0.06259765625
0011,11745,"[2, 1, 0]",300,101.58967971801758,True,3.0906190582894566,641,0.06259765625
0011,11746,"[2, 1, 0]",300,101.60422325134277,False,3.0906190582894566,641,0.06259765625
0011,11747,"[2, 1, 0]",300,101.61256790161133,True,3.0906190582894566,641,0.06259765625
0011,11748,"[2, 1, 0]",300,101.62639617919922,False,3.0906190582894566,641,0.06259765625
0011,11749,"[2, 1, 0]",300,101.63402557373047,True,3.0906190582894566,641,0.06259765625
0011,11750,"[2, 1, 0]",300,101.64713859558105,False,3.0906190582894566,641,0.06259765625
0011,11751,"[2, 1, 0]",300,101.6547679901123,True,3.0906190582894566,641,0.06259765625
0011,11752,"[2, 1, 0]",300,101.66811943054199,False,3.0906190582894566,641,0.06259765625
0011,11753,"[2, 1, 0]",300,101.68147087097168,True,3.0906190582894566,641,0.06259765625
0011,11754,"[2, 1, 0]",300,101.69649124145508,False,3.0906190582894566,641,0.06259765625
0011,11755,"[2, 1, 0]",300,101.70507431030273,True,3.0906190582894566,641,0.06259765625
0011,11756,"[2, 1, 0]",300,101.71961784362793,False,3.0906190582894566,641,0.06259765625
0011,11757,"[2, 1, 0]",300,101.72772407531738,True,3.0906190582894566,641,0.06259765625
0011,11758,"[2, 1, 0]",300,101.73726081848145,False,3.0906190582894566,641,0.06259765625
0011,11759,"[2, 1, 0]",300,101.74250602722168,True,3.0906190582894566,641,0.06259765625
0011,11760,"[2, 1, 0]",300,101.75514221191406,False,3.0906190582894566,641,0.06259765625
0011,11761,"[2, 1, 0]",300,101.7603874206543,True,3.0906190582894566,641,0.06259765625
0011,11762,"[2, 1, 0]",300,101.76897048950195,False,3.0906190582894566,641,0.06259765625
0011,11763,"[2, 1, 0]",300,101.77421569824219,True,3.0906190582894566,641,0.06259765625
0011,11764,"[2, 1, 0]",300,101.78256034851074,False,3.0906190582894566,641,0.06259765625
0011,11765,"[2, 1, 0]",300,101.78780555725098,True,3.0906190582894566,641,0.06259765625
0011,11766,"[2, 1, 0]",300,101.79615020751953,False,3.0906190582894566,641,0.06259765625
0011,11767,"[2, 1, 0]",300,101.80115699768066,True,3.0906190582894566,641,0.06259765625
0011,11768,"[2, 1, 0]",300,101.80997848510742,False,3.0906190582894566,641,0.06259765625
0011,11769,"[2, 1, 0]",300,101.81832313537598,True,3.0906190582894566,641,0.06259765625
0011,11770,"[2, 1, 0]",300,101.82714462280273,False,3.0906190582894566,641,0.06259765625
0011,11771,"[2, 1, 0]",300,101.83310508728027,True,3.0906190582894566,641,0.06259765625
0011,11772,"[2, 1, 0]",300,101.84144973754883,False,3.0906190582894566,641,0.06259765625
0011,11773,"[2, 1, 0]",300,101.84693336486816,True,3.0906190582894566,641,0.06259765625
0011,11774,"[2, 1, 0]",300,101.85551643371582,False,3.0906190582894566,641,0.06259765625
0011,11775,"[2, 1, 0]",300,101.86433792114258,True,3.0906190582894566,641,0.06259765625
0011,11776,"[2, 1, 0]",300,101.87315940856934,False,3.0906190582894566,641,0.06259765625
0011,11777,"[2, 1, 0]",300,101.87840461730957,True,3.0906190582894566,641,0.06259765625
0011,11778,"[2, 1, 0]",300,101.88722610473633,False,3.0906190582894566,641,0.06259765625
0011,11779,"[2, 1, 0]",300,101.89247131347656,True,3.0906190582894566,641,0.06259765625
0011,11780,"[2, 1, 0]",300,101.90105438232422,False,3.0906190582894566,641,0.06259765625
0011,11781,"[2, 1, 0]",300,101.90629959106445,True,3.0906190582894566,641,0.06259765625
0011,11782,"[2, 1, 0]",300,101.91464424133301,False,3.0906190582894566,641,0.06259765625
0011,11783,"[2, 1, 0]",300,101.91988945007324,True,3.0906190582894566,641,0.06259765625
0011,11784,"[2, 1, 0]",300,101.9284725189209,False,3.0906190582894566,641,0.06259765625
0011,11785,"[2, 1, 0]",300,101.93347930908203,True,3.0906190582894566,641,0.06259765625
0011,11786,"[2, 1, 0]",300,101.94206237792969,False,3.0906190582894566,641,0.06259765625
0011,11787,"[2, 1, 0]",300,101.94683074951172,True,3.0906190582894566,641,0.06259765625
0011,11788,"[2, 1, 0]",300,101.95565223693848,False,3.0906190582894566,641,0.06259765625
0011,11789,"[2, 1, 0]",300,101.96065902709961,True,3.0906190582894566,641,0.06259765625
0011,11790,"[2, 1, 0]",300,101.96924209594727,False,3.0906190582894566,641,0.06259765625
0011,11791,"[2, 1, 0]",300,101.9742488861084,True,3.0906190582894566,641,0.06259765625
0011,11792,"[2, 1, 0]",300,101.98307037353516,False,3.0906190582894566,641,0.06259765625
0011,11793,"[2, 1, 0]",300,101.99141502380371,True,3.0906190582894566,641,0.06259765625
0011,11794,"[2, 1, 0]",300,102.00119018554688,False,3.0906190582894566,641,0.06259765625
0011,11795,"[2, 1, 0]",300,102.00977325439453,True,3.0906190582894566,641,0.06259765625
0011,11796,"[2, 1, 0]",300,102.01907157897949,False,3.0906190582894566,641,0.06259765625
0011,11797,"[2, 1, 0]",300,102.02407836914062,True,3.0906190582894566,641,0.06259765625
0011,11798,"[2, 1, 0]",300,102.03313827514648,False,3.0906190582894566,641,0.06259765625
0011,11799,"[2, 1, 0]",300,102.03838348388672,True,3.0906190582894566,641,0.06259765625
0011,11800,"[2, 1, 0]",300,102.04696655273438,False,3.0906190582894566,641,0.06259765625
0011,11801,"[2, 1, 0]",300,102.05197334289551,True,3.0906190582894566,641,0.06259765625
0011,11802,"[2, 1, 0]",300,102.06079483032227,False,3.0906190582894566,641,0.06259765625
0011,11803,"[2, 1, 0]",300,102.0662784576416,True,3.0906190582894566,641,0.06259765625
0011,11804,"[2, 1, 0]",300,102.07438468933105,False,3.0906190582894566,641,0.06259765625
0011,11805,"[2, 1, 0]",300,102.07962989807129,True,3.0906190582894566,641,0.06259765625
0011,11806,"[2, 1, 0]",300,102.16164588928223,False,3.0906190582894566,641,0.06259765625
0011,11807,"[2, 1, 0]",300,102.18453407287598,True,3.0906190582894566,641,0.06259765625
0011,11808,"[2, 1, 0]",300,102.2026538848877,False,3.0906190582894566,641,0.06259765625
0011,11809,"[2, 1, 0]",300,102.21004486083984,True,3.0906190582894566,641,0.06259765625
0011,11810,"[2, 1, 0]",300,102.22005844116211,False,3.0906190582894566,641,0.06259765625
0011,11811,"[2, 1, 0]",300,102.22578048706055,True,3.0906190582894566,641,0.06259765625
0011,11812,"[2, 1, 0]",300,102.2348403930664,False,3.0906190582894566,641,0.06259765625
0011,11813,"[2, 1, 0]",300,102.24008560180664,True,3.0906190582894566,641,0.06259765625
0011,11814,"[2, 1, 0]",300,102.2489070892334,False,3.0906190582894566,641,0.06259765625
0011,11815,"[2, 1, 0]",300,102.25415229797363,True,3.0906190582894566,641,0.06259765625
0011,11816,"[2, 1, 0]",300,102.26249694824219,False,3.0906190582894566,641,0.06259765625
0011,11817,"[2, 1, 0]",300,102.2799015045166,True,3.0906190582894566,641,0.06259765625
0011,11818,"[2, 1, 0]",300,102.28943824768066,False,3.0906190582894566,641,0.06259765625
0011,11819,"[2, 1, 0]",300,102.294921875,True,3.0906190582894566,641,0.06259765625
0011,11820,"[2, 1, 0]",300,102.30374336242676,False,3.0906190582894566,641,0.06259765625
0011,11821,"[2, 1, 0]",300,102.30898857116699,True,3.0906190582894566,641,0.06259765625
0011,11822,"[2, 1, 0]",300,102.31757164001465,False,3.0906190582894566,641,0.06259765625
0011,11823,"[2, 1, 0]",300,102.32281684875488,True,3.0906190582894566,641,0.06259765625
0011,11824,"[2, 1, 0]",300,102.33139991760254,False,3.0906190582894566,641,0.06259765625
0011,11825,"[2, 1, 0]",300,102.33640670776367,True,3.0906190582894566,641,0.06259765625
0011,11826,"[2, 1, 0]",300,102.34498977661133,False,3.0906190582894566,641,0.06259765625
0011,11827,"[2, 1, 0]",300,102.35023498535156,True,3.0906190582894566,641,0.06259765625
0011,11828,"[2, 1, 0]",300,102.35857963562012,False,3.0906190582894566,641,0.06259765625
0011,11829,"[2, 1, 0]",300,102.36382484436035,True,3.0906190582894566,641,0.06259765625
0011,11830,"[2, 1, 0]",300,102.37240791320801,False,3.0906190582894566,641,0.06259765625
0011,11831,"[2, 1, 0]",300,102.37717628479004,True,3.0906190582894566,641,0.06259765625
0011,11832,"[2, 1, 0]",300,102.3857593536377,False,3.0906190582894566,641,0.06259765625
0011,11833,"[2, 1, 0]",300,102.39076614379883,True,3.0906190582894566,641,0.06259765625
0011,11834,"[2, 1, 0]",300,102.39982604980469,False,3.0906190582894566,641,0.06259765625
0011,11835,"[2, 1, 0]",300,102.40483283996582,True,3.0906190582894566,641,0.06259765625
0011,11836,"[2, 1, 0]",300,102.41389274597168,False,3.0906190582894566,641,0.06259765625
0011,11837,"[2, 1, 0]",300,102.42223739624023,True,3.0906190582894566,641,0.06259765625
0011,11838,"[2, 1, 0]",300,102.4312973022461,False,3.0906190582894566,641,0.06259765625
0011,11839,"[2, 1, 0]",300,102.43678092956543,True,3.0906190582894566,641,0.06259765625
0011,11840,"[2, 1, 0]",300,102.44584083557129,False,3.0906190582894566,641,0.06259765625
0011,11841,"[2, 1, 0]",300,102.45108604431152,True,3.0906190582894566,641,0.06259765625
0011,11842,"[2, 1, 0]",300,102.45966911315918,False,3.0906190582894566,641,0.06259765625
0011,11843,"[2, 1, 0]",300,102.46491432189941,True,3.0906190582894566,641,0.06259765625
0011,11844,"[2, 1, 0]",300,102.4770736694336,False,3.0906190582894566,641,0.06259765625
0011,11845,"[2, 1, 0]",300,102.48255729675293,True,3.0906190582894566,641,0.06259765625
0011,11846,"[2, 1, 0]",300,102.49137878417969,False,3.0906190582894566,641,0.06259765625
0011,11847,"[2, 1, 0]",300,102.49662399291992,True,3.0906190582894566,641,0.06259765625
0011,11848,"[2, 1, 0]",300,102.50496864318848,False,3.0906190582894566,641,0.06259765625
0011,11849,"[2, 1, 0]",300,102.50997543334961,True,3.0906190582894566,641,0.06259765625
0011,11850,"[2, 1, 0]",300,102.51855850219727,False,3.0906190582894566,641,0.06259765625
0011,11851,"[2, 1, 0]",300,102.5238037109375,True,3.0906190582894566,641,0.06259765625
0011,11852,"[2, 1, 0]",300,102.55765914916992,False,3.0906190582894566,641,0.06259765625
0011,11853,"[2, 1, 0]",300,102.5702953338623,True,3.0906190582894566,641,0.06259765625
0011,11854,"[2, 1, 0]",300,102.58722305297852,False,3.0906190582894566,641,0.06259765625
0011,11855,"[2, 1, 0]",300,102.59485244750977,True,3.0906190582894566,641,0.06259765625
0011,11856,"[2, 1, 0]",300,102.60629653930664,False,3.0906190582894566,641,0.06259765625
0011,11857,"[2, 1, 0]",300,102.63848304748535,True,3.0906190582894566,641,0.06259765625
0011,11858,"[2, 1, 0]",300,102.64849662780762,False,3.0906190582894566,641,0.06259765625
0011,11859,"[2, 1, 0]",300,102.65994071960449,True,3.0906190582894566,641,0.06259765625
0011,11860,"[2, 1, 0]",300,102.66900062561035,False,3.0906190582894566,641,0.06259765625
0011,11861,"[2, 1, 0]",300,102.67424583435059,True,3.0906190582894566,641,0.06259765625
0011,11862,"[2, 1, 0]",300,102.68330574035645,False,3.0906190582894566,641,0.06259765625
0011,11863,"[2, 1, 0]",300,102.68855094909668,True,3.0906190582894566,641,0.06259765625
0011,11864,"[2, 1, 0]",300,102.69761085510254,False,3.0906190582894566,641,0.06259765625
0011,11865,"[2, 1, 0]",300,102.70261764526367,True,3.0906190582894566,641,0.06259765625
0011,11866,"[2, 1, 0]",300,102.71120071411133,False,3.0906190582894566,641,0.06259765625
0011,11867,"[2, 1, 0]",300,102.71596908569336,True,3.0906190582894566,641,0.06259765625
0011,11868,"[2, 1, 0]",300,102.72431373596191,False,3.0906190582894566,641,0.06259765625
0011,11869,"[2, 1, 0]",300,102.72955894470215,True,3.0906190582894566,641,0.06259765625
0011,11870,"[2, 1, 0]",300,102.7383804321289,False,3.0906190582894566,641,0.06259765625
0011,11871,"[2, 1, 0]",300,102.74362564086914,True,3.0906190582894566,641,0.06259765625
0011,11872,"[2, 1, 0]",300,102.7519702911377,False,3.0906190582894566,641,0.06259765625
0011,11873,"[2, 1, 0]",300,102.75697708129883,True,3.0906190582894566,641,0.06259765625
0011,11874,"[2, 1, 0]",300,102.76556015014648,False,3.0906190582894566,641,0.06259765625
0011,11875,"[2, 1, 0]",300,102.77080535888672,True,3.0906190582894566,641,0.06259765625
0011,11876,"[2, 1, 0]",300,102.77915000915527,False,3.0906190582894566,641,0.06259765625
0011,11877,"[2, 1, 0]",300,102.7841567993164,True,3.0906190582894566,641,0.06259765625
0011,11878,"[2, 1, 0]",300,102.79250144958496,False,3.0906190582894566,641,0.06259765625
0011,11879,"[2, 1, 0]",300,102.80084609985352,True,3.0906190582894566,641,0.06259765625
0011,11880,"[2, 1, 0]",300,102.81014442443848,False,3.0906190582894566,641,0.06259765625
0011,11881,"[2, 1, 0]",300,102.81538963317871,True,3.0906190582894566,641,0.06259765625
0011,11882,"[2, 1, 0]",300,102.82397270202637,False,3.0906190582894566,641,0.06259765625
0011,11883,"[2, 1, 0]",300,102.8292179107666,True,3.0906190582894566,641,0.06259765625
0011,11884,"[2, 1, 0]",300,102.83756256103516,False,3.0906190582894566,641,0.06259765625
0011,11885,"[2, 1, 0]",300,102.84233093261719,True,3.0906190582894566,641,0.06259765625
0011,11886,"[2, 1, 0]",300,102.85091400146484,False,3.0906190582894566,641,0.06259765625
0011,11887,"[2, 1, 0]",300,102.85592079162598,True,3.0906190582894566,641,0.06259765625
0011,11888,"[2, 1, 0]",300,102.86450386047363,False,3.0906190582894566,641,0.06259765625
0011,11889,"[2, 1, 0]",300,102.86927223205566,True,3.0906190582894566,641,0.06259765625
0011,11890,"[2, 1, 0]",300,102.87785530090332,False,3.0906190582894566,641,0.06259765625
0011,11891,"[2, 1, 0]",300,102.88286209106445,True,3.0906190582894566,641,0.06259765625
0011,11892,"[2, 1, 0]",300,102.89525985717773,False,3.0906190582894566,641,0.06259765625
0011,11893,"[2, 1, 0]",300,102.90026664733887,True,3.0906190582894566,641,0.06259765625
1010,11894,"[2, 0, 1]",200,102.91337966918945,False,5.294739040945382,636,0.062109375
1010,11895,"[2, 0, 1]",200,102.91934013366699,True,5.294739040945382,636,0.062109375
1010,11896,"[2, 0, 1]",200,102.92887687683105,False,5.294739040945382,636,0.062109375
1010,11897,"[2, 0, 1]",200,102.93459892272949,True,5.294739040945382,636,0.062109375
1010,11898,"[2, 0, 1]",200,102.94318199157715,False,5.294739040945382,636,0.062109375
1010,11899,"[2, 0, 1]",200,102.94818878173828,True,5.294739040945382,636,0.062109375
1010,11900,"[2, 0, 1]",200,102.95701026916504,False,5.294739040945382,636,0.062109375
1010,11901,"[2, 0, 1]",200,102.96511650085449,True,5.294739040945382,636,0.062109375
1010,11902,"[2, 0, 1]",200,102.97369956970215,False,5.294739040945382,636,0.062109375
1010,11903,"[2, 0, 1]",200,102.97894477844238,True,5.294739040945382,636,0.062109375
1010,11904,"[2, 0, 1]",200,102.98728942871094,False,5.294739040945382,636,0.062109375
1010,11905,"[2, 0, 1]",200,102.99253463745117,True,5.294739040945382,636,0.062109375
1010,11906,"[2, 0, 1]",200,103.00064086914062,False,5.294739040945382,636,0.062109375
1010,11907,"[2, 0, 1]",200,103.00564765930176,True,5.294739040945382,636,0.062109375
1010,11908,"[2, 0, 1]",200,103.01423072814941,False,5.294739040945382,636,0.062109375
1010,11909,"[2, 0, 1]",200,103.01899909973145,True,5.294739040945382,636,0.062109375
1010,11910,"[2, 0, 1]",200,103.0275821685791,False,5.294739040945382,636,0.062109375
1010,11911,"[2, 0, 1]",200,103.03235054016113,True,5.294739040945382,636,0.062109375
1010,11912,"[2, 0, 1]",200,103.04045677185059,False,5.294739040945382,636,0.062109375
1010,11913,"[2, 0, 1]",200,103.04570198059082,True,5.294739040945382,636,0.062109375
1010,11914,"[2, 0, 1]",200,103.05404663085938,False,5.294739040945382,636,0.062109375
1010,11915,"[2, 0, 1]",200,103.05929183959961,True,5.294739040945382,636,0.062109375
1010,11916,"[2, 0, 1]",200,103.06739807128906,False,5.294739040945382,636,0.062109375
1010,11917,"[2, 0, 1]",200,103.0726432800293,True,5.294739040945382,636,0.062109375
1010,11918,"[2, 0, 1]",200,103.08122634887695,False,5.294739040945382,636,0.062109375
1010,11919,"[2, 0, 1]",200,103.08623313903809,True,5.294739040945382,636,0.062109375
1010,11920,"[2, 0, 1]",200,103.09457778930664,False,5.294739040945382,636,0.062109375
1010,11921,"[2, 0, 1]",200,103.1033992767334,True,5.294739040945382,636,0.062109375
1010,11922,"[2, 0, 1]",200,103.11222076416016,False,5.294739040945382,636,0.062109375
1010,11923,"[2, 0, 1]",200,103.11722755432129,True,5.294739040945382,636,0.062109375
1010,11924,"[2, 0, 1]",200,103.12557220458984,False,5.294739040945382,636,0.062109375
1010,11925,"[2, 0, 1]",200,103.13034057617188,True,5.294739040945382,636,0.062109375
1010,11926,"[2, 0, 1]",200,103.13892364501953,False,5.294739040945382,636,0.062109375
1010,11927,"[2, 0, 1]",200,103.14369201660156,True,5.294739040945382,636,0.062109375
1010,11928,"[2, 0, 1]",200,103.15227508544922,False,5.294739040945382,636,0.062109375
1010,11929,"[2, 0, 1]",200,103.15704345703125,True,5.294739040945382,636,0.062109375
1010,11930,"[2, 0, 1]",200,103.1653881072998,False,5.294739040945382,636,0.062109375
1010,11931,"[2, 0, 1]",200,103.17063331604004,True,5.294739040945382,636,0.062109375
1010,11932,"[2, 0, 1]",200,103.179931640625,False,5.294739040945382,636,0.062109375
1010,11933,"[2, 0, 1]",200,103.18470001220703,True,5.294739040945382,636,0.062109375
1010,11934,"[2, 0, 1]",200,103.19304466247559,False,5.294739040945382,636,0.062109375
1010,11935,"[2, 0, 1]",200,103.19852828979492,True,5.294739040945382,636,0.062109375
1010,11936,"[2, 0, 1]",200,103.20711135864258,False,5.294739040945382,636,0.062109375
1010,11937,"[2, 0, 1]",200,103.21521759033203,True,5.294739040945382,636,0.062109375
1010,11938,"[2, 0, 1]",200,103.22356224060059,False,5.294739040945382,636,0.062109375
1010,11939,"[2, 0, 1]",200,103.22904586791992,True,5.294739040945382,636,0.062109375
1010,11940,"[2, 0, 1]",200,103.23739051818848,False,5.294739040945382,636,0.062109375
1010,11941,"[2, 0, 1]",200,103.24287414550781,True,5.294739040945382,636,0.062109375
1010,11942,"[2, 0, 1]",200,103.25121879577637,False,5.294739040945382,636,0.062109375
1010,11943,"[2, 0, 1]",200,103.26266288757324,True,5.294739040945382,636,0.062109375
1010,11944,"[2, 0, 1]",200,103.2712459564209,False,5.294739040945382,636,0.062109375
1010,11945,"[2, 0, 1]",200,103.27625274658203,True,5.294739040945382,636,0.062109375
1010,11946,"[2, 0, 1]",200,103.28483581542969,False,5.294739040945382,636,0.062109375
1010,11947,"[2, 0, 1]",200,103.28960418701172,True,5.294739040945382,636,0.062109375
1010,11948,"[2, 0, 1]",200,103.29818725585938,False,5.294739040945382,636,0.062109375
1010,11949,"[2, 0, 1]",200,103.3029556274414,True,5.294739040945382,636,0.062109375
1010,11950,"[2, 0, 1]",200,103.31153869628906,False,5.294739040945382,636,0.062109375
1010,11951,"[2, 0, 1]",200,103.3163070678711,True,5.294739040945382,636,0.062109375
1010,11952,"[2, 0, 1]",200,103.32465171813965,False,5.294739040945382,636,0.062109375
1010,11953,"[2, 0, 1]",200,103.32965850830078,True,5.294739040945382,636,0.062109375
1010,11954,"[2, 0, 1]",200,103.33776473999023,False,5.294739040945382,636,0.062109375
1010,11955,"[2, 0, 1]",200,103.34300994873047,True,5.294739040945382,636,0.062109375
1010,11956,"[2, 0, 1]",200,103.35135459899902,False,5.294739040945382,636,0.062109375
1010,11957,"[2, 0, 1]",200,103.35636138916016,True,5.294739040945382,636,0.062109375
1010,11958,"[2, 0, 1]",200,103.36470603942871,False,5.294739040945382,636,0.062109375
1010,11959,"[2, 0, 1]",200,103.36971282958984,True,5.294739040945382,636,0.062109375
1010,11960,"[2, 0, 1]",200,103.3782958984375,False,5.294739040945382,636,0.062109375
1010,11961,"[2, 0, 1]",200,103.38330268859863,True,5.294739040945382,636,0.062109375
1010,11962,"[2, 0, 1]",200,103.39164733886719,False,5.294739040945382,636,0.062109375
1010,11963,"[2, 0, 1]",200,103.39951515197754,True,5.294739040945382,636,0.062109375
1010,11964,"[2, 0, 1]",200,103.4080982208252,False,5.294739040945382,636,0.062109375
1010,11965,"[2, 0, 1]",200,103.41310501098633,True,5.294739040945382,636,0.062109375
1010,11966,"[2, 0, 1]",200,103.42144966125488,False,5.294739040945382,636,0.062109375
1010,11967,"[2, 0, 1]",200,103.42645645141602,True,5.294739040945382,636,0.062109375
1010,11968,"[2, 0, 1]",200,103.43503952026367,False,5.294739040945382,636,0.062109375
1010,11969,"[2, 0, 1]",200,103.4400463104248,True,5.294739040945382,636,0.062109375
1010,11970,"[2, 0, 1]",200,103.44815254211426,False,5.294739040945382,636,0.062109375
1010,11971,"[2, 0, 1]",200,103.45292091369629,True,5.294739040945382,636,0.062109375
1010,11972,"[2, 0, 1]",200,103.46150398254395,False,5.294739040945382,636,0.062109375
1010,11973,"[2, 0, 1]",200,103.46627235412598,True,5.294739040945382,636,0.062109375
1010,11974,"[2, 0, 1]",200,103.47485542297363,False,5.294739040945382,636,0.062109375
1010,11975,"[2, 0, 1]",200,103.47986221313477,True,5.294739040945382,636,0.062109375
1010,11976,"[2, 0, 1]",200,103.48796844482422,False,5.294739040945382,636,0.062109375
1010,11977,"[2, 0, 1]",200,103.49297523498535,True,5.294739040945382,636,0.062109375
1010,11978,"[2, 0, 1]",200,103.50489616394043,False,5.294739040945382,636,0.062109375
1010,11979,"[2, 0, 1]",200,103.5311222076416,True,5.294739040945382,636,0.062109375
1010,11980,"[2, 0, 1]",200,103.54065895080566,False,5.294739040945382,636,0.062109375
1010,11981,"[2, 0, 1]",200,103.5456657409668,True,5.294739040945382,636,0.062109375
1010,11982,"[2, 0, 1]",200,103.55401039123535,False,5.294739040945382,636,0.062109375
1010,11983,"[2, 0, 1]",200,103.55901718139648,True,5.294739040945382,636,0.062109375
1010,11984,"[2, 0, 1]",200,103.56736183166504,False,5.294739040945382,636,0.062109375
1010,11985,"[2, 0, 1]",200,103.5757064819336,True,5.294739040945382,636,0.062109375
1010,11986,"[2, 0, 1]",200,103.58405113220215,False,5.294739040945382,636,0.062109375
1010,11987,"[2, 0, 1]",200,103.58929634094238,True,5.294739040945382,636,0.062109375
1010,11988,"[2, 0, 1]",200,103.59787940979004,False,5.294739040945382,636,0.062109375
1010,11989,"[2, 0, 1]",200,103.60264778137207,True,5.294739040945382,636,0.062109375
1010,11990,"[2, 0, 1]",200,103.61099243164062,False,5.294739040945382,636,0.062109375
1010,11991,"[2, 0, 1]",200,103.61599922180176,True,5.294739040945382,636,0.062109375
1010,11992,"[2, 0, 1]",200,103.62434387207031,False,5.294739040945382,636,0.062109375
1010,11993,"[2, 0, 1]",200,103.62935066223145,True,5.294739040945382,636,0.062109375
1010,11994,"[2, 0, 1]",200,103.6379337310791,False,5.294739040945382,636,0.062109375
1010,11995,"[2, 0, 1]",200,103.64294052124023,True,5.294739040945382,636,0.062109375
1010,11996,"[2, 0, 1]",200,103.65128517150879,False,5.294739040945382,636,0.062109375
1010,11997,"[2, 0, 1]",200,103.65653038024902,True,5.294739040945382,636,0.062109375
1010,11998,"[2, 0, 1]",200,103.66487503051758,False,5.294739040945382,636,0.062109375
1010,11999,"[2, 0, 1]",200,103.67012023925781,True,5.294739040945382,636,0.062109375
1010,12000,"[2, 0, 1]",200,103.67846488952637,False,5.294739040945382,636,0.062109375
1010,12001,"[2, 0, 1]",200,103.6837100982666,True,5.294739040945382,636,0.062109375
1010,12002,"[2, 0, 1]",200,103.69229316711426,False,5.294739040945382,636,0.062109375
1010,12003,"[2, 0, 1]",200,103.69753837585449,True,5.294739040945382,636,0.062109375
1010,12004,"[2, 0, 1]",200,103.70588302612305,False,5.294739040945382,636,0.062109375
1010,12005,"[2, 0, 1]",200,103.7137508392334,True,5.294739040945382,636,0.062109375
1010,12006,"[2, 0, 1]",200,103.72233390808105,False,5.294739040945382,636,0.062109375
1010,12007,"[2, 0, 1]",200,103.72734069824219,True,5.294739040945382,636,0.062109375
1010,12008,"[2, 0, 1]",200,103.73592376708984,False,5.294739040945382,636,0.062109375
1010,12009,"[2, 0, 1]",200,103.74069213867188,True,5.294739040945382,636,0.062109375
1010,12010,"[2, 0, 1]",200,103.74927520751953,False,5.294739040945382,636,0.062109375
1010,12011,"[2, 0, 1]",200,103.75428199768066,True,5.294739040945382,636,0.062109375
1010,12012,"[2, 0, 1]",200,103.76286506652832,False,5.294739040945382,636,0.062109375
1010,12013,"[2, 0, 1]",200,103.76763343811035,True,5.294739040945382,636,0.062109375
1010,12014,"[2, 0, 1]",200,103.7759780883789,False,5.294739040945382,636,0.062109375
1010,12015,"[2, 0, 1]",200,103.78122329711914,True,5.294739040945382,636,0.062109375
1010,12016,"[2, 0, 1]",200,103.7895679473877,False,5.294739040945382,636,0.062109375
1010,12017,"[2, 0, 1]",200,103.79457473754883,True,5.294739040945382,636,0.062109375
1010,12018,"[2, 0, 1]",200,103.80291938781738,False,5.294739040945382,636,0.062109375
1010,12019,"[2, 0, 1]",200,103.80816459655762,True,5.294739040945382,636,0.062109375
1010,12020,"[2, 0, 1]",200,103.81627082824707,False,5.294739040945382,636,0.062109375
1010,12021,"[2, 0, 1]",200,103.8212776184082,True,5.294739040945382,636,0.062109375
1010,12022,"[2, 0, 1]",200,103.82986068725586,False,5.294739040945382,636,0.062109375
1010,12023,"[2, 0, 1]",200,103.83486747741699,True,5.294739040945382,636,0.062109375
1010,12024,"[2, 0, 1]",200,103.84321212768555,False,5.294739040945382,636,0.062109375
1010,12025,"[2, 0, 1]",200,103.84821891784668,True,5.294739040945382,636,0.062109375
1010,12026,"[2, 0, 1]",200,103.85632514953613,False,5.294739040945382,636,0.062109375
1010,12027,"[2, 0, 1]",200,103.86419296264648,True,5.294739040945382,636,0.062109375
1010,12028,"[2, 0, 1]",200,103.87277603149414,False,5.294739040945382,636,0.062109375
1010,12029,"[2, 0, 1]",200,103.87778282165527,True,5.294739040945382,636,0.062109375
1010,12030,"[2, 0, 1]",200,103.88588905334473,False,5.294739040945382,636,0.062109375
1010,12031,"[2, 0, 1]",200,103.89089584350586,True,5.294739040945382,636,0.062109375
1010,12032,"[2, 0, 1]",200,103.89947891235352,False,5.294739040945382,636,0.062109375
1010,12033,"[2, 0, 1]",200,103.90448570251465,True,5.294739040945382,636,0.062109375
1010,12034,"[2, 0, 1]",200,103.9130687713623,False,5.294739040945382,636,0.062109375
1010,12035,"[2, 0, 1]",200,103.91807556152344,True,5.294739040945382,636,0.062109375
1010,12036,"[2, 0, 1]",200,103.9268970489502,False,5.294739040945382,636,0.062109375
1010,12037,"[2, 0, 1]",200,103.93214225769043,True,5.294739040945382,636,0.062109375
1010,12038,"[2, 0, 1]",200,103.94048690795898,False,5.294739040945382,636,0.062109375
1010,12039,"[2, 0, 1]",200,103.94549369812012,True,5.294739040945382,636,0.062109375
1010,12040,"[2, 0, 1]",200,103.95407676696777,False,5.294739040945382,636,0.062109375
1010,12041,"[2, 0, 1]",200,103.9588451385498,True,5.294739040945382,636,0.062109375
1010,12042,"[2, 0, 1]",200,103.96766662597656,False,5.294739040945382,636,0.062109375
1010,12043,"[2, 0, 1]",200,103.9726734161377,True,5.294739040945382,636,0.062109375
1010,12044,"[2, 0, 1]",200,103.98101806640625,False,5.294739040945382,636,0.062109375
1010,12045,"[2, 0, 1]",200,103.98602485656738,True,5.294739040945382,636,0.062109375
1010,12046,"[2, 0, 1]",200,103.99436950683594,False,5.294739040945382,636,0.062109375
1010,12047,"[2, 0, 1]",200,104.00271415710449,True,5.294739040945382,636,0.062109375
1010,12048,"[2, 0, 1]",200,104.01105880737305,False,5.294739040945382,636,0.062109375
1010,12049,"[2, 0, 1]",200,104.01582717895508,True,5.294739040945382,636,0.062109375
1010,12050,"[2, 0, 1]",200,104.02441024780273,False,5.294739040945382,636,0.062109375
1010,12051,"[2, 0, 1]",200,104.02917861938477,True,5.294739040945382,636,0.062109375
1010,12052,"[2, 0, 1]",200,104.03752326965332,False,5.294739040945382,636,0.062109375
1010,12053,"[2, 0, 1]",200,104.04253005981445,True,5.294739040945382,636,0.062109375
1010,12054,"[2, 0, 1]",200,104.0506362915039,False,5.294739040945382,636,0.062109375
1010,12055,"[2, 0, 1]",200,104.05564308166504,True,5.294739040945382,636,0.062109375
1010,12056,"[2, 0, 1]",200,104.0639877319336,False,5.294739040945382,636,0.062109375
1010,12057,"[2, 0, 1]",200,104.06899452209473,True,5.294739040945382,636,0.062109375
1010,12058,"[2, 0, 1]",200,104.07733917236328,False,5.294739040945382,636,0.062109375
1010,12059,"[2, 0, 1]",200,104.08258438110352,True,5.294739040945382,636,0.062109375
1010,12060,"[2, 0, 1]",200,104.09092903137207,False,5.294739040945382,636,0.062109375
1010,12061,"[2, 0, 1]",200,104.0961742401123,True,5.294739040945382,636,0.062109375
1010,12062,"[2, 0, 1]",200,104.10761833190918,False,5.294739040945382,636,0.062109375
1010,12063,"[2, 0, 1]",200,104.11262512207031,True,5.294739040945382,636,0.062109375
1010,12064,"[2, 0, 1]",200,104.12144660949707,False,5.294739040945382,636,0.062109375
1010,12065,"[2, 0, 1]",200,104.1264533996582,True,5.294739040945382,636,0.062109375
1010,12066,"[2, 0, 1]",200,104.13503646850586,False,5.294739040945382,636,0.062109375
1010,12067,"[2, 0, 1]",200,104.14004325866699,True,5.294739040945382,636,0.062109375
1010,12068,"[2, 0, 1]",200,104.14838790893555,False,5.294739040945382,636,0.062109375
1010,12069,"[2, 0, 1]",200,104.1562557220459,True,5.294739040945382,636,0.062109375
1010,12070,"[2, 0, 1]",200,104.16460037231445,False,5.294739040945382,636,0.062109375
1010,12071,"[2, 0, 1]",200,104.18391227722168,True,5.294739040945382,636,0.062109375
1010,12072,"[2, 0, 1]",200,104.20656204223633,False,5.294739040945382,636,0.062109375
1010,12073,"[2, 0, 1]",200,104.2165756225586,True,5.294739040945382,636,0.062109375
1010,12074,"[2, 0, 1]",200,104.22921180725098,False,5.294739040945382,636,0.062109375
1010,12075,"[2, 0, 1]",200,104.23588752746582,True,5.294739040945382,636,0.062109375
1010,12076,"[2, 0, 1]",200,104.24590110778809,False,5.294739040945382,636,0.062109375
1010,12077,"[2, 0, 1]",200,104.25090789794922,True,5.294739040945382,636,0.062109375
1010,12078,"[2, 0, 1]",200,104.26044464111328,False,5.294739040945382,636,0.062109375
1010,12079,"[2, 0, 1]",200,104.26688194274902,True,5.294739040945382,636,0.062109375
1010,12080,"[2, 0, 1]",200,104.27737236022949,False,5.294739040945382,636,0.062109375
1010,12081,"[2, 0, 1]",200,104.28285598754883,True,5.294739040945382,636,0.062109375
1010,12082,"[2, 0, 1]",200,104.29191589355469,False,5.294739040945382,636,0.062109375
1010,12083,"[2, 0, 1]",200,104.29692268371582,True,5.294739040945382,636,0.062109375
1010,12084,"[2, 0, 1]",200,104.30574417114258,False,5.294739040945382,636,0.062109375
1010,12085,"[2, 0, 1]",200,104.31051254272461,True,5.294739040945382,636,0.062109375
1010,12086,"[2, 0, 1]",200,104.31933403015137,False,5.294739040945382,636,0.062109375
1010,12087,"[2, 0, 1]",200,104.3241024017334,True,5.294739040945382,636,0.062109375
1010,12088,"[2, 0, 1]",200,104.33268547058105,False,5.294739040945382,636,0.062109375
1010,12089,"[2, 0, 1]",200,104.34317588806152,True,5.294739040945382,636,0.062109375
1010,12090,"[2, 0, 1]",200,104.35223579406738,False,5.294739040945382,636,0.062109375
1010,12091,"[2, 0, 1]",200,104.35748100280762,True,5.294739040945382,636,0.062109375
1010,12092,"[2, 0, 1]",200,104.36630249023438,False,5.294739040945382,636,0.062109375
1010,12093,"[2, 0, 1]",200,104.37130928039551,True,5.294739040945382,636,0.062109375
1010,12094,"[2, 0, 1]",200,104.37989234924316,False,5.294739040945382,636,0.062109375
1010,12095,"[2, 0, 1]",200,104.3848991394043,True,5.294739040945382,636,0.062109375
1010,12096,"[2, 0, 1]",200,104.39324378967285,False,5.294739040945382,636,0.062109375
1010,12097,"[2, 0, 1]",200,104.39825057983398,True,5.294739040945382,636,0.062109375
1010,12098,"[2, 0, 1]",200,104.40659523010254,False,5.294739040945382,636,0.062109375
1010,12099,"[2, 0, 1]",200,104.41160202026367,True,5.294739040945382,636,0.062109375
1010,12100,"[2, 0, 1]",200,104.42018508911133,False,5.294739040945382,636,0.062109375
1010,12101,"[2, 0, 1]",200,104.42519187927246,True,5.294739040945382,636,0.062109375
1010,12102,"[2, 0, 1]",200,104.43377494812012,False,5.294739040945382,636,0.062109375
1010,12103,"[2, 0, 1]",200,104.43878173828125,True,5.294739040945382,636,0.062109375
1010,12104,"[2, 0, 1]",200,104.4473648071289,False,5.294739040945382,636,0.062109375
1010,12105,"[2, 0, 1]",200,104.45594787597656,True,5.294739040945382,636,0.062109375
1010,12106,"[2, 0, 1]",200,104.46453094482422,False,5.294739040945382,636,0.062109375
1010,12107,"[2, 0, 1]",200,104.47001457214355,True,5.294739040945382,636,0.062109375
1010,12108,"[2, 0, 1]",200,104.47835922241211,False,5.294739040945382,636,0.062109375
1010,12109,"[2, 0, 1]",200,104.48384284973145,True,5.294739040945382,636,0.062109375
1010,12110,"[2, 0, 1]",200,104.4924259185791,False,5.294739040945382,636,0.062109375
1010,12111,"[2, 0, 1]",200,104.50124740600586,True,5.294739040945382,636,0.062109375
1010,12112,"[2, 0, 1]",200,104.51078414916992,False,5.294739040945382,636,0.062109375
1010,12113,"[2, 0, 1]",200,104.51626777648926,True,5.294739040945382,636,0.062109375
1010,12114,"[2, 0, 1]",200,104.52508926391602,False,5.294739040945382,636,0.062109375
1010,12115,"[2, 0, 1]",200,104.53057289123535,True,5.294739040945382,636,0.062109375
1010,12116,"[2, 0, 1]",200,104.5389175415039,False,5.294739040945382,636,0.062109375
1010,12117,"[2, 0, 1]",200,104.54416275024414,True,5.294739040945382,636,0.062109375
1010,12118,"[2, 0, 1]",200,104.57921028137207,False,5.294739040945382,636,0.062109375
1010,12119,"[2, 0, 1]",200,104.59113121032715,True,5.294739040945382,636,0.062109375
1010,12120,"[2, 0, 1]",200,104.60519790649414,False,5.294739040945382,636,0.062109375
1010,12121,"[2, 0, 1]",200,104.61235046386719,True,5.294739040945382,636,0.062109375
1010,12122,"[2, 0, 1]",200,104.62379455566406,False,5.294739040945382,636,0.062109375
1010,12123,"[2, 0, 1]",200,104.6295166015625,True,5.294739040945382,636,0.062109375
1010,12124,"[2, 0, 1]",200,104.63905334472656,False,5.294739040945382,636,0.062109375
1010,12125,"[2, 0, 1]",200,104.6440601348877,True,5.294739040945382,636,0.062109375
1010,12126,"[2, 0, 1]",200,104.65288162231445,False,5.294739040945382,636,0.062109375
1010,12127,"[2, 0, 1]",200,104.65788841247559,True,5.294739040945382,636,0.062109375
1010,12128,"[2, 0, 1]",200,104.66647148132324,False,5.294739040945382,636,0.062109375
1010,12129,"[2, 0, 1]",200,104.67123985290527,True,5.294739040945382,636,0.062109375
1010,12130,"[2, 0, 1]",200,104.67982292175293,False,5.294739040945382,636,0.062109375
1010,12131,"[2, 0, 1]",200,104.6905517578125,True,5.294739040945382,636,0.062109375
1010,12132,"[2, 0, 1]",200,104.69961166381836,False,5.294739040945382,636,0.062109375
1010,12133,"[2, 0, 1]",200,104.7048568725586,True,5.294739040945382,636,0.062109375
1010,12134,"[2, 0, 1]",200,104.71367835998535,False,5.294739040945382,636,0.062109375
1010,12135,"[2, 0, 1]",200,104.71892356872559,True,5.294739040945382,636,0.062109375
1010,12136,"[2, 0, 1]",200,104.72702980041504,False,5.294739040945382,636,0.062109375
1010,12137,"[2, 0, 1]",200,104.73227500915527,True,5.294739040945382,636,0.062109375
1010,12138,"[2, 0, 1]",200,104.74038124084473,False,5.294739040945382,636,0.062109375
1010,12139,"[2, 0, 1]",200,104.74538803100586,True,5.294739040945382,636,0.062109375
1010,12140,"[2, 0, 1]",200,104.75397109985352,False,5.294739040945382,636,0.062109375
1010,12141,"[2, 0, 1]",200,104.75945472717285,True,5.294739040945382,636,0.062109375
1010,12142,"[2, 0, 1]",200,104.7677993774414,False,5.294739040945382,636,0.062109375
1010,12143,"[2, 0, 1]",200,104.77280616760254,True,5.294739040945382,636,0.062109375
1010,12144,"[2, 0, 1]",200,104.7813892364502,False,5.294739040945382,636,0.062109375
1010,12145,"[2, 0, 1]",200,104.78639602661133,True,5.294739040945382,636,0.062109375
1010,12146,"[2, 0, 1]",200,104.79879379272461,False,5.294739040945382,636,0.062109375
1010,12147,"[2, 0, 1]",200,104.80475425720215,True,5.294739040945382,636,0.062109375
1010,12148,"[2, 0, 1]",200,104.81405258178711,False,5.294739040945382,636,0.062109375
1010,12149,"[2, 0, 1]",200,104.81953620910645,True,5.294739040945382,636,0.062109375
1010,12150,"[2, 0, 1]",200,104.8281192779541,False,5.294739040945382,636,0.062109375
1010,12151,"[2, 0, 1]",200,104.83312606811523,True,5.294739040945382,636,0.062109375
1010,12152,"[2, 0, 1]",200,104.8421859741211,False,5.294739040945382,636,0.062109375
1010,12153,"[2, 0, 1]",200,104.85029220581055,True,5.294739040945382,636,0.062109375
1010,12154,"[2, 0, 1]",200,104.8588752746582,False,5.294739040945382,636,0.062109375
1010,12155,"[2, 0, 1]",200,104.86412048339844,True,5.294739040945382,636,0.062109375
1010,12156,"[2, 0, 1]",200,104.87246513366699,False,5.294739040945382,636,0.062109375
1010,12157,"[2, 0, 1]",200,104.87747192382812,True,5.294739040945382,636,0.062109375
1010,12158,"[2, 0, 1]",200,104.88605499267578,False,5.294739040945382,636,0.062109375
1010,12159,"[2, 0, 1]",200,104.89082336425781,True,5.294739040945382,636,0.062109375
1010,12160,"[2, 0, 1]",200,104.89964485168457,False,5.294739040945382,636,0.062109375
1010,12161,"[2, 0, 1]",200,104.9046516418457,True,5.294739040945382,636,0.062109375
1010,12162,"[2, 0, 1]",200,104.91323471069336,False,5.294739040945382,636,0.062109375
1010,12163,"[2, 0, 1]",200,104.91800308227539,True,5.294739040945382,636,0.062109375
1010,12164,"[2, 0, 1]",200,104.92658615112305,False,5.294739040945382,636,0.062109375
1010,12165,"[2, 0, 1]",200,104.93159294128418,True,5.294739040945382,636,0.062109375
1010,12166,"[2, 0, 1]",200,104.93993759155273,False,5.294739040945382,636,0.062109375
1010,12167,"[2, 0, 1]",200,104.94494438171387,True,5.294739040945382,636,0.062109375
1010,12168,"[2, 0, 1]",200,104.95328903198242,False,5.294739040945382,636,0.062109375
1010,12169,"[2, 0, 1]",200,104.95829582214355,True,5.294739040945382,636,0.062109375
1010,12170,"[2, 0, 1]",200,104.96640205383301,False,5.294739040945382,636,0.062109375
1010,12171,"[2, 0, 1]",200,104.97164726257324,True,5.294739040945382,636,0.062109375
1010,12172,"[2, 0, 1]",200,104.9797534942627,False,5.294739040945382,636,0.062109375
1010,12173,"[2, 0, 1]",200,104.99095916748047,True,5.294739040945382,636,0.062109375
1010,12174,"[2, 0, 1]",200,104.99978065490723,False,5.294739040945382,636,0.062109375
1010,12175,"[2, 0, 1]",200,105.00478744506836,True,5.294739040945382,636,0.062109375
1010,12176,"[2, 0, 1]",200,105.01360893249512,False,5.294739040945382,636,0.062109375
1010,12177,"[2, 0, 1]",200,105.01837730407715,True,5.294739040945382,636,0.062109375
1010,12178,"[2, 0, 1]",200,105.0269603729248,False,5.294739040945382,636,0.062109375
1010,12179,"[2, 0, 1]",200,105.03172874450684,True,5.294739040945382,636,0.062109375
1010,12180,"[2, 0, 1]",200,105.04007339477539,False,5.294739040945382,636,0.062109375
1010,12181,"[2, 0, 1]",200,105.04531860351562,True,5.294739040945382,636,0.062109375
1010,12182,"[2, 0, 1]",200,105.05366325378418,False,5.294739040945382,636,0.062109375
1010,12183,"[2, 0, 1]",200,105.05867004394531,True,5.294739040945382,636,0.062109375
1010,12184,"[2, 0, 1]",200,105.06725311279297,False,5.294739040945382,636,0.062109375
1010,12185,"[2, 0, 1]",200,105.0724983215332,True,5.294739040945382,636,0.062109375
1010,12186,"[2, 0, 1]",200,105.08084297180176,False,5.294739040945382,636,0.062109375
1010,12187,"[2, 0, 1]",200,105.08584976196289,True,5.294739040945382,636,0.062109375
1010,12188,"[2, 0, 1]",200,105.09419441223145,False,5.294739040945382,636,0.062109375
1010,12189,"[2, 0, 1]",200,105.09896278381348,True,5.294739040945382,636,0.062109375
1010,12190,"[2, 0, 1]",200,105.10778427124023,False,5.294739040945382,636,0.062109375
1010,12191,"[2, 0, 1]",200,105.11302947998047,True,5.294739040945382,636,0.062109375
1010,12192,"[2, 0, 1]",200,105.12161254882812,False,5.294739040945382,636,0.062109375
1010,12193,"[2, 0, 1]",200,105.12638092041016,True,5.294739040945382,636,0.062109375
1010,12194,"[2, 0, 1]",200,105.13496398925781,False,5.294739040945382,636,0.062109375
1010,12195,"[2, 0, 1]",200,105.14307022094727,True,5.294739040945382,636,0.062109375
1010,12196,"[2, 0, 1]",200,105.15165328979492,False,5.294739040945382,636,0.062109375
1010,12197,"[2, 0, 1]",200,105.15642166137695,True,5.294739040945382,636,0.062109375
1010,12198,"[2, 0, 1]",200,105.16476631164551,False,5.294739040945382,636,0.062109375
1010,12199,"[2, 0, 1]",200,105.17001152038574,True,5.294739040945382,636,0.062109375
1010,12200,"[2, 0, 1]",200,105.1783561706543,False,5.294739040945382,636,0.062109375
1010,12201,"[2, 0, 1]",200,105.18336296081543,True,5.294739040945382,636,0.062109375
1010,12202,"[2, 0, 1]",200,105.19194602966309,False,5.294739040945382,636,0.062109375
1010,12203,"[2, 0, 1]",200,105.19742965698242,True,5.294739040945382,636,0.062109375
1010,12204,"[2, 0, 1]",200,105.20625114440918,False,5.294739040945382,636,0.062109375
1010,12205,"[2, 0, 1]",200,105.23152351379395,True,5.294739040945382,636,0.062109375
1010,12206,"[2, 0, 1]",200,105.2403450012207,False,5.294739040945382,636,0.062109375
1010,12207,"[2, 0, 1]",200,105.24582862854004,True,5.294739040945382,636,0.062109375
1010,12208,"[2, 0, 1]",200,105.25393486022949,False,5.294739040945382,636,0.062109375
1010,12209,"[2, 0, 1]",200,105.25918006896973,True,5.294739040945382,636,0.062109375
1010,12210,"[2, 0, 1]",200,105.26752471923828,False,5.294739040945382,636,0.062109375
1010,12211,"[2, 0, 1]",200,105.27229309082031,True,5.294739040945382,636,0.062109375
1010,12212,"[2, 0, 1]",200,105.28111457824707,False,5.294739040945382,636,0.062109375
1010,12213,"[2, 0, 1]",200,105.2858829498291,True,5.294739040945382,636,0.062109375
1010,12214,"[2, 0, 1]",200,105.29446601867676,False,5.294739040945382,636,0.062109375
1010,12215,"[2, 0, 1]",200,105.30638694763184,True,5.294739040945382,636,0.062109375
1010,12216,"[2, 0, 1]",200,105.3154468536377,False,5.294739040945382,636,0.062109375
1010,12217,"[2, 0, 1]",200,105.32045364379883,True,5.294739040945382,636,0.062109375
1010,12218,"[2, 0, 1]",200,105.32903671264648,False,5.294739040945382,636,0.062109375
1010,12219,"[2, 0, 1]",200,105.33380508422852,True,5.294739040945382,636,0.062109375
1010,12220,"[2, 0, 1]",200,105.34262657165527,False,5.294739040945382,636,0.062109375
1010,12221,"[2, 0, 1]",200,105.3473949432373,True,5.294739040945382,636,0.062109375
1010,12222,"[2, 0, 1]",200,105.35573959350586,False,5.294739040945382,636,0.062109375
1010,12223,"[2, 0, 1]",200,105.3609848022461,True,5.294739040945382,636,0.062109375
1010,12224,"[2, 0, 1]",200,105.36909103393555,False,5.294739040945382,636,0.062109375
1010,12225,"[2, 0, 1]",200,105.37433624267578,True,5.294739040945382,636,0.062109375
1010,12226,"[2, 0, 1]",200,105.38315773010254,False,5.294739040945382,636,0.062109375
1010,12227,"[2, 0, 1]",200,105.38864135742188,True,5.294739040945382,636,0.062109375
1010,12228,"[2, 0, 1]",200,105.39746284484863,False,5.294739040945382,636,0.062109375
1010,12229,"[2, 0, 1]",200,105.40294647216797,True,5.294739040945382,636,0.062109375
1010,12230,"[2, 0, 1]",200,105.41486740112305,False,5.294739040945382,636,0.062109375
1010,12231,"[2, 0, 1]",200,105.42035102844238,True,5.294739040945382,636,0.062109375
1010,12232,"[2, 0, 1]",200,105.42893409729004,False,5.294739040945382,636,0.062109375
1010,12233,"[2, 0, 1]",200,105.43417930603027,True,5.294739040945382,636,0.062109375
1010,12234,"[2, 0, 1]",200,105.44276237487793,False,5.294739040945382,636,0.062109375
1010,12235,"[2, 0, 1]",200,105.44800758361816,True,5.294739040945382,636,0.062109375
1010,12236,"[2, 0, 1]",200,105.45659065246582,False,5.294739040945382,636,0.062109375
1010,12237,"[2, 0, 1]",200,105.46517372131348,True,5.294739040945382,636,0.062109375
1010,12238,"[2, 0, 1]",200,105.47375679016113,False,5.294739040945382,636,0.062109375
1010,12239,"[2, 0, 1]",200,105.47900199890137,True,5.294739040945382,636,0.062109375
1010,12240,"[2, 0, 1]",200,105.48734664916992,False,5.294739040945382,636,0.062109375
1010,12241,"[2, 0, 1]",200,105.49259185791016,True,5.294739040945382,636,0.062109375
1010,12242,"[2, 0, 1]",200,105.50093650817871,False,5.294739040945382,636,0.062109375
1010,12243,"[2, 0, 1]",200,105.50618171691895,True,5.294739040945382,636,0.062109375
1010,12244,"[2, 0, 1]",200,105.5142879486084,False,5.294739040945382,636,0.062109375
1010,12245,"[2, 0, 1]",200,105.51953315734863,True,5.294739040945382,636,0.062109375
1010,12246,"[2, 0, 1]",200,105.52787780761719,False,5.294739040945382,636,0.062109375
1010,12247,"[2, 0, 1]",200,105.53264617919922,True,5.294739040945382,636,0.062109375
1010,12248,"[2, 0, 1]",200,105.54122924804688,False,5.294739040945382,636,0.062109375
1010,12249,"[2, 0, 1]",200,105.5459976196289,True,5.294739040945382,636,0.062109375
1010,12250,"[2, 0, 1]",200,105.55458068847656,False,5.294739040945382,636,0.062109375
1010,12251,"[2, 0, 1]",200,105.5593490600586,True,5.294739040945382,636,0.062109375
1010,12252,"[2, 0, 1]",200,105.56745529174805,False,5.294739040945382,636,0.062109375
1010,12253,"[2, 0, 1]",200,105.57270050048828,True,5.294739040945382,636,0.062109375
1010,12254,"[2, 0, 1]",200,105.58080673217773,False,5.294739040945382,636,0.062109375
1010,12255,"[2, 0, 1]",200,105.58605194091797,True,5.294739040945382,636,0.062109375
1010,12256,"[2, 0, 1]",200,105.59439659118652,False,5.294739040945382,636,0.062109375
1010,12257,"[2, 0, 1]",200,105.60250282287598,True,5.294739040945382,636,0.062109375
1010,12258,"[2, 0, 1]",200,105.61132431030273,False,5.294739040945382,636,0.062109375
1010,12259,"[2, 0, 1]",200,105.61633110046387,True,5.294739040945382,636,0.062109375
1010,12260,"[2, 0, 1]",200,105.62539100646973,False,5.294739040945382,636,0.062109375
1010,12261,"[2, 0, 1]",200,105.63063621520996,True,5.294739040945382,636,0.062109375
1010,12262,"[2, 0, 1]",200,105.63898086547852,False,5.294739040945382,636,0.062109375
1010,12263,"[2, 0, 1]",200,105.64374923706055,True,5.294739040945382,636,0.062109375
1010,12264,"[2, 0, 1]",200,105.6523323059082,False,5.294739040945382,636,0.062109375
1010,12265,"[2, 0, 1]",200,105.65710067749023,True,5.294739040945382,636,0.062109375
1010,12266,"[2, 0, 1]",200,105.66568374633789,False,5.294739040945382,636,0.062109375
1010,12267,"[2, 0, 1]",200,105.67092895507812,True,5.294739040945382,636,0.062109375
1010,12268,"[2, 0, 1]",200,105.67951202392578,False,5.294739040945382,636,0.062109375
1010,12269,"[2, 0, 1]",200,105.68428039550781,True,5.294739040945382,636,0.062109375
1010,12270,"[2, 0, 1]",200,105.69262504577637,False,5.294739040945382,636,0.062109375
1010,12271,"[2, 0, 1]",200,105.6978702545166,True,5.294739040945382,636,0.062109375
1010,12272,"[2, 0, 1]",200,105.70597648620605,False,5.294739040945382,636,0.062109375
1010,12273,"[2, 0, 1]",200,105.71432113647461,True,5.294739040945382,636,0.062109375
1010,12274,"[2, 0, 1]",200,105.72290420532227,False,5.294739040945382,636,0.062109375
1010,12275,"[2, 0, 1]",200,105.7283878326416,True,5.294739040945382,636,0.062109375
1010,12276,"[2, 0, 1]",200,105.73673248291016,False,5.294739040945382,636,0.062109375
1010,12277,"[2, 0, 1]",200,105.74221611022949,True,5.294739040945382,636,0.062109375
1010,12278,"[2, 0, 1]",200,105.75056076049805,False,5.294739040945382,636,0.062109375
1010,12279,"[2, 0, 1]",200,105.7586669921875,True,5.294739040945382,636,0.062109375
1010,12280,"[2, 0, 1]",200,105.76725006103516,False,5.294739040945382,636,0.062109375
1010,12281,"[2, 0, 1]",200,105.77225685119629,True,5.294739040945382,636,0.062109375
1010,12282,"[2, 0, 1]",200,105.78060150146484,False,5.294739040945382,636,0.062109375
1010,12283,"[2, 0, 1]",200,105.78560829162598,True,5.294739040945382,636,0.062109375
1010,12284,"[2, 0, 1]",200,105.79419136047363,False,5.294739040945382,636,0.062109375
1010,12285,"[2, 0, 1]",200,105.79895973205566,True,5.294739040945382,636,0.062109375
1010,12286,"[2, 0, 1]",200,105.80730438232422,False,5.294739040945382,636,0.062109375
1010,12287,"[2, 0, 1]",200,105.81254959106445,True,5.294739040945382,636,0.062109375
1010,12288,"[2, 0, 1]",200,105.82184791564941,False,5.294739040945382,636,0.062109375
1010,12289,"[2, 0, 1]",200,105.82685470581055,True,5.294739040945382,636,0.062109375
1010,12290,"[2, 0, 1]",200,105.8356761932373,False,5.294739040945382,636,0.062109375
1010,12291,"[2, 0, 1]",200,105.84044456481934,True,5.294739040945382,636,0.062109375
1010,12292,"[2, 0, 1]",200,105.84855079650879,False,5.294739040945382,636,0.062109375
1010,12293,"[2, 0, 1]",200,105.85379600524902,True,5.294739040945382,636,0.062109375
1010,12294,"[2, 0, 1]",200,105.86214065551758,False,5.294739040945382,636,0.062109375
1010,12295,"[2, 0, 1]",200,105.86714744567871,True,5.294739040945382,636,0.062109375
1010,12296,"[2, 0, 1]",200,105.87573051452637,False,5.294739040945382,636,0.062109375
1010,12297,"[2, 0, 1]",200,105.8807373046875,True,5.294739040945382,636,0.062109375
1010,12298,"[2, 0, 1]",200,105.88908195495605,False,5.294739040945382,636,0.062109375
1010,12299,"[2, 0, 1]",200,105.8967113494873,True,5.294739040945382,636,0.062109375
1010,12300,"[2, 0, 1]",200,105.90600967407227,False,5.294739040945382,636,0.062109375
1010,12301,"[2, 0, 1]",200,105.9110164642334,True,5.294739040945382,636,0.062109375
1010,12302,"[2, 0, 1]",200,105.91959953308105,False,5.294739040945382,636,0.062109375
1010,12303,"[2, 0, 1]",200,105.92460632324219,True,5.294739040945382,636,0.062109375
1010,12304,"[2, 0, 1]",200,105.93295097351074,False,5.294739040945382,636,0.062109375
1010,12305,"[2, 0, 1]",200,105.93795776367188,True,5.294739040945382,636,0.062109375
1010,12306,"[2, 0, 1]",200,105.94606399536133,False,5.294739040945382,636,0.062109375
1010,12307,"[2, 0, 1]",200,105.95130920410156,True,5.294739040945382,636,0.062109375
1010,12308,"[2, 0, 1]",200,105.95965385437012,False,5.294739040945382,636,0.062109375
1010,12309,"[2, 0, 1]",200,105.96466064453125,True,5.294739040945382,636,0.062109375
1010,12310,"[2, 0, 1]",200,105.9730052947998,False,5.294739040945382,636,0.062109375
1010,12311,"[2, 0, 1]",200,105.97825050354004,True,5.294739040945382,636,0.062109375
1010,12312,"[2, 0, 1]",200,105.9865951538086,False,5.294739040945382,636,0.062109375
1010,12313,"[2, 0, 1]",200,105.99160194396973,True,5.294739040945382,636,0.062109375
1010,12314,"[2, 0, 1]",200,106.0030460357666,False,5.294739040945382,636,0.062109375
1010,12315,"[2, 0, 1]",200,106.00829124450684,True,5.294739040945382,636,0.062109375
1010,12316,"[2, 0, 1]",200,106.01687431335449,False,5.294739040945382,636,0.062109375
1010,12317,"[2, 0, 1]",200,106.02188110351562,True,5.294739040945382,636,0.062109375
1010,12318,"[2, 0, 1]",200,106.03046417236328,False,5.294739040945382,636,0.062109375
1010,12319,"[2, 0, 1]",200,106.03547096252441,True,5.294739040945382,636,0.062109375
1010,12320,"[2, 0, 1]",200,106.04405403137207,False,5.294739040945382,636,0.062109375
1010,12321,"[2, 0, 1]",200,106.05359077453613,True,5.294739040945382,636,0.062109375
1010,12322,"[2, 0, 1]",200,106.0628890991211,False,5.294739040945382,636,0.062109375
1010,12323,"[2, 0, 1]",200,106.06813430786133,True,5.294739040945382,636,0.062109375
1010,12324,"[2, 0, 1]",200,106.07671737670898,False,5.294739040945382,636,0.062109375
1010,12325,"[2, 0, 1]",200,106.08148574829102,True,5.294739040945382,636,0.062109375
1010,12326,"[2, 0, 1]",200,106.09006881713867,False,5.294739040945382,636,0.062109375
1010,12327,"[2, 0, 1]",200,106.0950756072998,True,5.294739040945382,636,0.062109375
1010,12328,"[2, 0, 1]",200,106.10342025756836,False,5.294739040945382,636,0.062109375
1010,12329,"[2, 0, 1]",200,106.10842704772949,True,5.294739040945382,636,0.062109375
1010,12330,"[2, 0, 1]",200,106.11701011657715,False,5.294739040945382,636,0.062109375
1010,12331,"[2, 0, 1]",200,106.12201690673828,True,5.294739040945382,636,0.062109375
1010,12332,"[2, 0, 1]",200,106.13083839416504,False,5.294739040945382,636,0.062109375
1010,12333,"[2, 0, 1]",200,106.13560676574707,True,5.294739040945382,636,0.062109375
1010,12334,"[2, 0, 1]",200,106.14395141601562,False,5.294739040945382,636,0.062109375
1010,12335,"[2, 0, 1]",200,106.14895820617676,True,5.294739040945382,636,0.062109375
1010,12336,"[2, 0, 1]",200,106.15730285644531,False,5.294739040945382,636,0.062109375
1010,12337,"[2, 0, 1]",200,106.16254806518555,True,5.294739040945382,636,0.062109375
1010,12338,"[2, 0, 1]",200,106.1708927154541,False,5.294739040945382,636,0.062109375
1010,12339,"[2, 0, 1]",200,106.17589950561523,True,5.294739040945382,636,0.062109375
1010,12340,"[2, 0, 1]",200,106.18448257446289,False,5.294739040945382,636,0.062109375
1010,12341,"[2, 0, 1]",200,106.20379447937012,True,5.294739040945382,636,0.062109375
1010,12342,"[2, 0, 1]",200,106.21261596679688,False,5.294739040945382,636,0.062109375
1010,12343,"[2, 0, 1]",200,106.21762275695801,True,5.294739040945382,636,0.062109375
1010,12344,"[2, 0, 1]",200,106.22596740722656,False,5.294739040945382,636,0.062109375
1010,12345,"[2, 0, 1]",200,106.2312126159668,True,5.294739040945382,636,0.062109375
1010,12346,"[2, 0, 1]",200,106.23955726623535,False,5.294739040945382,636,0.062109375
1010,12347,"[2, 0, 1]",200,106.24432563781738,True,5.294739040945382,636,0.062109375
1010,12348,"[2, 0, 1]",200,106.25267028808594,False,5.294739040945382,636,0.062109375
1010,12349,"[2, 0, 1]",200,106.25767707824707,True,5.294739040945382,636,0.062109375
1010,12350,"[2, 0, 1]",200,106.26626014709473,False,5.294739040945382,636,0.062109375
1010,12351,"[2, 0, 1]",200,106.27126693725586,True,5.294739040945382,636,0.062109375
1010,12352,"[2, 0, 1]",200,106.27985000610352,False,5.294739040945382,636,0.062109375
1010,12353,"[2, 0, 1]",200,106.28485679626465,True,5.294739040945382,636,0.062109375
1010,12354,"[2, 0, 1]",200,106.2932014465332,False,5.294739040945382,636,0.062109375
1010,12355,"[2, 0, 1]",200,106.29820823669434,True,5.294739040945382,636,0.062109375
1010,12356,"[2, 0, 1]",200,106.30655288696289,False,5.294739040945382,636,0.062109375
1010,12357,"[2, 0, 1]",200,106.31179809570312,True,5.294739040945382,636,0.062109375
1010,12358,"[2, 0, 1]",200,106.31990432739258,False,5.294739040945382,636,0.062109375
1010,12359,"[2, 0, 1]",200,106.32491111755371,True,5.294739040945382,636,0.062109375
1010,12360,"[2, 0, 1]",200,106.33349418640137,False,5.294739040945382,636,0.062109375
1010,12361,"[2, 0, 1]",200,106.3382625579834,True,5.294739040945382,636,0.062109375
1010,12362,"[2, 0, 1]",200,106.34708404541016,False,5.294739040945382,636,0.062109375
1010,12363,"[2, 0, 1]",200,106.35519027709961,True,5.294739040945382,636,0.062109375
1010,12364,"[2, 0, 1]",200,106.36401176452637,False,5.294739040945382,636,0.062109375
1010,12365,"[2, 0, 1]",200,106.3690185546875,True,5.294739040945382,636,0.062109375
1010,12366,"[2, 0, 1]",200,106.37760162353516,False,5.294739040945382,636,0.062109375
1010,12367,"[2, 0, 1]",200,106.38260841369629,True,5.294739040945382,636,0.062109375
1010,12368,"[2, 0, 1]",200,106.39119148254395,False,5.294739040945382,636,0.062109375
1010,12369,"[2, 0, 1]",200,106.39619827270508,True,5.294739040945382,636,0.062109375
1010,12370,"[2, 0, 1]",200,106.40478134155273,False,5.294739040945382,636,0.062109375
1010,12371,"[2, 0, 1]",200,106.40954971313477,True,5.294739040945382,636,0.062109375
1010,12372,"[2, 0, 1]",200,106.41789436340332,False,5.294739040945382,636,0.062109375
1010,12373,"[2, 0, 1]",200,106.42290115356445,True,5.294739040945382,636,0.062109375
1010,12374,"[2, 0, 1]",200,106.43124580383301,False,5.294739040945382,636,0.062109375
1010,12375,"[2, 0, 1]",200,106.43625259399414,True,5.294739040945382,636,0.062109375
1010,12376,"[2, 0, 1]",200,106.4448356628418,False,5.294739040945382,636,0.062109375
1010,12377,"[2, 0, 1]",200,106.44984245300293,True,5.294739040945382,636,0.062109375
1010,12378,"[2, 0, 1]",200,106.45818710327148,False,5.294739040945382,636,0.062109375
1010,12379,"[2, 0, 1]",200,106.46319389343262,True,5.294739040945382,636,0.062109375
1010,12380,"[2, 0, 1]",200,106.47201538085938,False,5.294739040945382,636,0.062109375
1010,12381,"[2, 0, 1]",200,106.4767837524414,True,5.294739040945382,636,0.062109375
1010,12382,"[2, 0, 1]",200,106.48536682128906,False,5.294739040945382,636,0.062109375
1010,12383,"[2, 0, 1]",200,106.49323463439941,True,5.294739040945382,636,0.062109375
1010,12384,"[2, 0, 1]",200,106.50205612182617,False,5.294739040945382,636,0.062109375
1010,12385,"[2, 0, 1]",200,106.5070629119873,True,5.294739040945382,636,0.062109375
1010,12386,"[2, 0, 1]",200,106.51540756225586,False,5.294739040945382,636,0.062109375
1010,12387,"[2, 0, 1]",200,106.52041435241699,True,5.294739040945382,636,0.062109375
1010,12388,"[2, 0, 1]",200,106.52899742126465,False,5.294739040945382,636,0.062109375
1010,12389,"[2, 0, 1]",200,106.53424263000488,True,5.294739040945382,636,0.062109375
1010,12390,"[2, 0, 1]",200,106.54234886169434,False,5.294739040945382,636,0.062109375
1010,12391,"[2, 0, 1]",200,106.54759407043457,True,5.294739040945382,636,0.062109375
1010,12392,"[2, 0, 1]",200,106.55593872070312,False,5.294739040945382,636,0.062109375
1010,12393,"[2, 0, 1]",200,106.56094551086426,True,5.294739040945382,636,0.062109375
1010,12394,"[2, 0, 1]",200,106.59360885620117,False,5.294739040945382,636,0.062109375
1010,12395,"[2, 0, 1]",200,106.60576820373535,True,5.294739040945382,636,0.062109375
1010,12396,"[2, 0, 1]",200,106.62198066711426,False,5.294739040945382,636,0.062109375
1010,12397,"[2, 0, 1]",200,106.6291332244873,True,5.294739040945382,636,0.062109375
1010,12398,"[2, 0, 1]",200,106.64534568786621,False,5.294739040945382,636,0.062109375
1010,12399,"[2, 0, 1]",200,106.65202140808105,True,5.294739040945382,636,0.062109375
1010,12400,"[2, 0, 1]",200,106.66203498840332,False,5.294739040945382,636,0.062109375
1010,12401,"[2, 0, 1]",200,106.66751861572266,True,5.294739040945382,636,0.062109375
1010,12402,"[2, 0, 1]",200,106.67681694030762,False,5.294739040945382,636,0.062109375
1010,12403,"[2, 0, 1]",200,106.68182373046875,True,5.294739040945382,636,0.062109375
1010,12404,"[2, 0, 1]",200,106.69112205505371,False,5.294739040945382,636,0.062109375
1010,12405,"[2, 0, 1]",200,106.70351982116699,True,5.294739040945382,636,0.062109375
1010,12406,"[2, 0, 1]",200,106.71281814575195,False,5.294739040945382,636,0.062109375
1010,12407,"[2, 0, 1]",200,106.71830177307129,True,5.294739040945382,636,0.062109375
1010,12408,"[2, 0, 1]",200,106.72712326049805,False,5.294739040945382,636,0.062109375
1010,12409,"[2, 0, 1]",200,106.73236846923828,True,5.294739040945382,636,0.062109375
1010,12410,"[2, 0, 1]",200,106.74118995666504,False,5.294739040945382,636,0.062109375
1010,12411,"[2, 0, 1]",200,106.74667358398438,True,5.294739040945382,636,0.062109375
1010,12412,"[2, 0, 1]",200,106.75549507141113,False,5.294739040945382,636,0.062109375
1010,12413,"[2, 0, 1]",200,106.76050186157227,True,5.294739040945382,636,0.062109375
1010,12414,"[2, 0, 1]",200,106.76932334899902,False,5.294739040945382,636,0.062109375
1010,12415,"[2, 0, 1]",200,106.77409172058105,True,5.294739040945382,636,0.062109375
1010,12416,"[2, 0, 1]",200,106.78243637084961,False,5.294739040945382,636,0.062109375
1010,12417,"[2, 0, 1]",200,106.78768157958984,True,5.294739040945382,636,0.062109375
1010,12418,"[2, 0, 1]",200,106.7960262298584,False,5.294739040945382,636,0.062109375
1010,12419,"[2, 0, 1]",200,106.80103302001953,True,5.294739040945382,636,0.062109375
1010,12420,"[2, 0, 1]",200,106.80961608886719,False,5.294739040945382,636,0.062109375
1010,12421,"[2, 0, 1]",200,106.81486129760742,True,5.294739040945382,636,0.062109375
1010,12422,"[2, 0, 1]",200,106.82344436645508,False,5.294739040945382,636,0.062109375
1010,12423,"[2, 0, 1]",200,106.82845115661621,True,5.294739040945382,636,0.062109375
1010,12424,"[2, 0, 1]",200,106.83703422546387,False,5.294739040945382,636,0.062109375
1010,12425,"[2, 0, 1]",200,106.84490203857422,True,5.294739040945382,636,0.062109375
1010,12426,"[2, 0, 1]",200,106.85420036315918,False,5.294739040945382,636,0.062109375
1010,12427,"[2, 0, 1]",200,106.85896873474121,True,5.294739040945382,636,0.062109375
1010,12428,"[2, 0, 1]",200,106.86779022216797,False,5.294739040945382,636,0.062109375
1010,12429,"[2, 0, 1]",200,106.8727970123291,True,5.294739040945382,636,0.062109375
1010,12430,"[2, 0, 1]",200,106.88138008117676,False,5.294739040945382,636,0.062109375
1010,12431,"[2, 0, 1]",200,106.88614845275879,True,5.294739040945382,636,0.062109375
1010,12432,"[2, 0, 1]",200,106.89496994018555,False,5.294739040945382,636,0.062109375
1010,12433,"[2, 0, 1]",200,106.89973831176758,True,5.294739040945382,636,0.062109375
1010,12434,"[2, 0, 1]",200,106.90808296203613,False,5.294739040945382,636,0.062109375
1010,12435,"[2, 0, 1]",200,106.91285133361816,True,5.294739040945382,636,0.062109375
1010,12436,"[2, 0, 1]",200,106.92119598388672,False,5.294739040945382,636,0.062109375
1010,12437,"[2, 0, 1]",200,106.92644119262695,True,5.294739040945382,636,0.062109375
1010,12438,"[2, 0, 1]",200,106.93478584289551,False,5.294739040945382,636,0.062109375
1010,12439,"[2, 0, 1]",200,106.94026947021484,True,5.294739040945382,636,0.062109375
1010,12440,"[2, 0, 1]",200,106.9483757019043,False,5.294739040945382,636,0.062109375
1010,12441,"[2, 0, 1]",200,106.95672035217285,True,5.294739040945382,636,0.062109375
1010,12442,"[2, 0, 1]",200,106.9650650024414,False,5.294739040945382,636,0.062109375
1010,12443,"[2, 0, 1]",200,106.97078704833984,True,5.294739040945382,636,0.062109375
1010,12444,"[2, 0, 1]",200,106.9791316986084,False,5.294739040945382,636,0.062109375
1010,12445,"[2, 0, 1]",200,106.98461532592773,True,5.294739040945382,636,0.062109375
1010,12446,"[2, 0, 1]",200,106.99295997619629,False,5.294739040945382,636,0.062109375
1010,12447,"[2, 0, 1]",200,107.00130462646484,True,5.294739040945382,636,0.062109375
1010,12448,"[2, 0, 1]",200,107.0101261138916,False,5.294739040945382,636,0.062109375
1010,12449,"[2, 0, 1]",200,107.01489448547363,True,5.294739040945382,636,0.062109375
1010,12450,"[2, 0, 1]",200,107.02371597290039,False,5.294739040945382,636,0.062109375
1010,12451,"[2, 0, 1]",200,107.02872276306152,True,5.294739040945382,636,0.062109375
1010,12452,"[2, 0, 1]",200,107.03754425048828,False,5.294739040945382,636,0.062109375
1010,12453,"[2, 0, 1]",200,107.04255104064941,True,5.294739040945382,636,0.062109375
1010,12454,"[2, 0, 1]",200,107.05113410949707,False,5.294739040945382,636,0.062109375
1010,12455,"[2, 0, 1]",200,107.0561408996582,True,5.294739040945382,636,0.062109375
1010,12456,"[2, 0, 1]",200,107.06472396850586,False,5.294739040945382,636,0.062109375
1010,12457,"[2, 0, 1]",200,107.06973075866699,True,5.294739040945382,636,0.062109375
1010,12458,"[2, 0, 1]",200,107.07783699035645,False,5.294739040945382,636,0.062109375
1010,12459,"[2, 0, 1]",200,107.08308219909668,True,5.294739040945382,636,0.062109375
1010,12460,"[2, 0, 1]",200,107.09118843078613,False,5.294739040945382,636,0.062109375
1010,12461,"[2, 0, 1]",200,107.09643363952637,True,5.294739040945382,636,0.062109375
1010,12462,"[2, 0, 1]",200,107.10477828979492,False,5.294739040945382,636,0.062109375
1010,12463,"[2, 0, 1]",200,107.10978507995605,True,5.294739040945382,636,0.062109375
1010,12464,"[2, 0, 1]",200,107.11812973022461,False,5.294739040945382,636,0.062109375
1010,12465,"[2, 0, 1]",200,107.12289810180664,True,5.294739040945382,636,0.062109375
1010,12466,"[2, 0, 1]",200,107.1312427520752,False,5.294739040945382,636,0.062109375
1010,12467,"[2, 0, 1]",200,107.13934898376465,True,5.294739040945382,636,0.062109375
1010,12468,"[2, 0, 1]",200,107.14864730834961,False,5.294739040945382,636,0.062109375
1010,12469,"[2, 0, 1]",200,107.15365409851074,True,5.294739040945382,636,0.062109375
1010,12470,"[2, 0, 1]",200,107.1622371673584,False,5.294739040945382,636,0.062109375
1010,12471,"[2, 0, 1]",200,107.16700553894043,True,5.294739040945382,636,0.062109375
1010,12472,"[2, 0, 1]",200,107.17582702636719,False,5.294739040945382,636,0.062109375
1010,12473,"[2, 0, 1]",200,107.18083381652832,True,5.294739040945382,636,0.062109375
1010,12474,"[2, 0, 1]",200,107.18941688537598,False,5.294739040945382,636,0.062109375
1010,12475,"[2, 0, 1]",200,107.19466209411621,True,5.294739040945382,636,0.062109375
1010,12476,"[2, 0, 1]",200,107.20348358154297,False,5.294739040945382,636,0.062109375
1010,12477,"[2, 0, 1]",200,107.208251953125,True,5.294739040945382,636,0.062109375
1010,12478,"[2, 0, 1]",200,107.21707344055176,False,5.294739040945382,636,0.062109375
1010,12479,"[2, 0, 1]",200,107.22184181213379,True,5.294739040945382,636,0.062109375
1010,12480,"[2, 0, 1]",200,107.23018646240234,False,5.294739040945382,636,0.062109375
1010,12481,"[2, 0, 1]",200,107.23543167114258,True,5.294739040945382,636,0.062109375
1010,12482,"[2, 0, 1]",200,107.2854995727539,False,5.294739040945382,636,0.062109375
1010,12483,"[2, 0, 1]",200,107.32865333557129,True,5.294739040945382,636,0.062109375
1010,12484,"[2, 0, 1]",200,107.34295845031738,False,5.294739040945382,636,0.062109375
1010,12485,"[2, 0, 1]",200,107.34844207763672,True,5.294739040945382,636,0.062109375
1010,12486,"[2, 0, 1]",200,107.35726356506348,False,5.294739040945382,636,0.062109375
1010,12487,"[2, 0, 1]",200,107.36227035522461,True,5.294739040945382,636,0.062109375
1010,12488,"[2, 0, 1]",200,107.37109184265137,False,5.294739040945382,636,0.062109375
1010,12489,"[2, 0, 1]",200,107.37895965576172,True,5.294739040945382,636,0.062109375
1010,12490,"[2, 0, 1]",200,107.38778114318848,False,5.294739040945382,636,0.062109375
1010,12491,"[2, 0, 1]",200,107.39278793334961,True,5.294739040945382,636,0.062109375
1010,12492,"[2, 0, 1]",200,107.40137100219727,False,5.294739040945382,636,0.062109375
1010,12493,"[2, 0, 1]",200,107.4063777923584,True,5.294739040945382,636,0.062109375
1010,12494,"[2, 0, 1]",200,107.41448402404785,False,5.294739040945382,636,0.062109375
1010,12495,"[2, 0, 1]",200,107.41949081420898,True,5.294739040945382,636,0.062109375
1010,12496,"[2, 0, 1]",200,107.42783546447754,False,5.294739040945382,636,0.062109375
1010,12497,"[2, 0, 1]",200,107.43308067321777,True,5.294739040945382,636,0.062109375
1010,12498,"[2, 0, 1]",200,107.44118690490723,False,5.294739040945382,636,0.062109375
1010,12499,"[2, 0, 1]",200,107.44643211364746,True,5.294739040945382,636,0.062109375
1010,12500,"[2, 0, 1]",200,107.45477676391602,False,5.294739040945382,636,0.062109375
1010,12501,"[2, 0, 1]",200,107.45978355407715,True,5.294739040945382,636,0.062109375
1010,12502,"[2, 0, 1]",200,107.4681282043457,False,5.294739040945382,636,0.062109375
1010,12503,"[2, 0, 1]",200,107.47313499450684,True,5.294739040945382,636,0.062109375
1010,12504,"[2, 0, 1]",200,107.48147964477539,False,5.294739040945382,636,0.062109375
1010,12505,"[2, 0, 1]",200,107.48624801635742,True,5.294739040945382,636,0.062109375
1010,12506,"[2, 0, 1]",200,107.49506950378418,False,5.294739040945382,636,0.062109375
1010,12507,"[2, 0, 1]",200,107.50007629394531,True,5.294739040945382,636,0.062109375
1010,12508,"[2, 0, 1]",200,107.52630233764648,False,5.294739040945382,636,0.062109375
1010,12509,"[2, 0, 1]",200,107.53488540649414,True,5.294739040945382,636,0.062109375
1010,12510,"[2, 0, 1]",200,107.5444221496582,False,5.294739040945382,636,0.062109375
1010,12511,"[2, 0, 1]",200,107.54919052124023,True,5.294739040945382,636,0.062109375
1010,12512,"[2, 0, 1]",200,107.55777359008789,False,5.294739040945382,636,0.062109375
1010,12513,"[2, 0, 1]",200,107.56278038024902,True,5.294739040945382,636,0.062109375
1010,12514,"[2, 0, 1]",200,107.57136344909668,False,5.294739040945382,636,0.062109375
1010,12515,"[2, 0, 1]",200,107.57613182067871,True,5.294739040945382,636,0.062109375
1010,12516,"[2, 0, 1]",200,107.58447647094727,False,5.294739040945382,636,0.062109375
1010,12517,"[2, 0, 1]",200,107.5897216796875,True,5.294739040945382,636,0.062109375
1010,12518,"[2, 0, 1]",200,107.59782791137695,False,5.294739040945382,636,0.062109375
1010,12519,"[2, 0, 1]",200,107.60307312011719,True,5.294739040945382,636,0.062109375
1010,12520,"[2, 0, 1]",200,107.61141777038574,False,5.294739040945382,636,0.062109375
1010,12521,"[2, 0, 1]",200,107.61642456054688,True,5.294739040945382,636,0.062109375
1010,12522,"[2, 0, 1]",200,107.62476921081543,False,5.294739040945382,636,0.062109375
1010,12523,"[2, 0, 1]",200,107.62977600097656,True,5.294739040945382,636,0.062109375
1010,12524,"[2, 0, 1]",200,107.63835906982422,False,5.294739040945382,636,0.062109375
1010,12525,"[2, 0, 1]",200,107.64312744140625,True,5.294739040945382,636,0.062109375
1010,12526,"[2, 0, 1]",200,107.6517105102539,False,5.294739040945382,636,0.062109375
1010,12527,"[2, 0, 1]",200,107.65647888183594,True,5.294739040945382,636,0.062109375
1010,12528,"[2, 0, 1]",200,107.6650619506836,False,5.294739040945382,636,0.062109375
1010,12529,"[2, 0, 1]",200,107.67006874084473,True,5.294739040945382,636,0.062109375
1010,12530,"[2, 0, 1]",200,107.67841339111328,False,5.294739040945382,636,0.062109375
1010,12531,"[2, 0, 1]",200,107.68699645996094,True,5.294739040945382,636,0.062109375
1010,12532,"[2, 0, 1]",200,107.6958179473877,False,5.294739040945382,636,0.062109375
1010,12533,"[2, 0, 1]",200,107.70106315612793,True,5.294739040945382,636,0.062109375
1010,12534,"[2, 0, 1]",200,107.70940780639648,False,5.294739040945382,636,0.062109375
1010,12535,"[2, 0, 1]",200,107.71465301513672,True,5.294739040945382,636,0.062109375
1010,12536,"[2, 0, 1]",200,107.72347450256348,False,5.294739040945382,636,0.062109375
1010,12537,"[2, 0, 1]",200,107.72919654846191,True,5.294739040945382,636,0.062109375
1010,12538,"[2, 0, 1]",200,107.73825645446777,False,5.294739040945382,636,0.062109375
1010,12539,"[2, 0, 1]",200,107.7432632446289,True,5.294739040945382,636,0.062109375
1010,12540,"[2, 0, 1]",200,107.75184631347656,False,5.294739040945382,636,0.062109375
1010,12541,"[2, 0, 1]",200,107.7568531036377,True,5.294739040945382,636,0.062109375
1010,12542,"[2, 0, 1]",200,107.76495933532715,False,5.294739040945382,636,0.062109375
1010,12543,"[2, 0, 1]",200,107.77020454406738,True,5.294739040945382,636,0.062109375
1010,12544,"[2, 0, 1]",200,107.77878761291504,False,5.294739040945382,636,0.062109375
1010,12545,"[2, 0, 1]",200,107.78379440307617,True,5.294739040945382,636,0.062109375
1010,12546,"[2, 0, 1]",200,107.79213905334473,False,5.294739040945382,636,0.062109375
1010,12547,"[2, 0, 1]",200,107.79714584350586,True,5.294739040945382,636,0.062109375
1010,12548,"[2, 0, 1]",200,107.80549049377441,False,5.294739040945382,636,0.062109375
1010,12549,"[2, 0, 1]",200,107.81073570251465,True,5.294739040945382,636,0.062109375
1010,12550,"[2, 0, 1]",200,107.8188419342041,False,5.294739040945382,636,0.062109375
1010,12551,"[2, 0, 1]",200,107.82766342163086,True,5.294739040945382,636,0.062109375
1010,12552,"[2, 0, 1]",200,107.83672332763672,False,5.294739040945382,636,0.062109375
1010,12553,"[2, 0, 1]",200,107.86247253417969,True,5.294739040945382,636,0.062109375
1010,12554,"[2, 0, 1]",200,107.87105560302734,False,5.294739040945382,636,0.062109375
1010,12555,"[2, 0, 1]",200,107.87630081176758,True,5.294739040945382,636,0.062109375
1010,12556,"[2, 0, 1]",200,107.88488388061523,False,5.294739040945382,636,0.062109375
1010,12557,"[2, 0, 1]",200,107.88965225219727,True,5.294739040945382,636,0.062109375
1010,12558,"[2, 0, 1]",200,107.89871215820312,False,5.294739040945382,636,0.062109375
1010,12559,"[2, 0, 1]",200,107.90348052978516,True,5.294739040945382,636,0.062109375
1010,12560,"[2, 0, 1]",200,107.91206359863281,False,5.294739040945382,636,0.062109375
1010,12561,"[2, 0, 1]",200,107.91707038879395,True,5.294739040945382,636,0.062109375
1010,12562,"[2, 0, 1]",200,107.9256534576416,False,5.294739040945382,636,0.062109375
1010,12563,"[2, 0, 1]",200,107.93042182922363,True,5.294739040945382,636,0.062109375
1010,12564,"[2, 0, 1]",200,107.93876647949219,False,5.294739040945382,636,0.062109375
1010,12565,"[2, 0, 1]",200,107.94401168823242,True,5.294739040945382,636,0.062109375
1010,12566,"[2, 0, 1]",200,107.95712471008301,False,5.294739040945382,636,0.062109375
1010,12567,"[2, 0, 1]",200,107.96260833740234,True,5.294739040945382,636,0.062109375
1010,12568,"[2, 0, 1]",200,107.9716682434082,False,5.294739040945382,636,0.062109375
1010,12569,"[2, 0, 1]",200,107.97667503356934,True,5.294739040945382,636,0.062109375
1010,12570,"[2, 0, 1]",200,107.98525810241699,False,5.294739040945382,636,0.062109375
1010,12571,"[2, 0, 1]",200,107.99050331115723,True,5.294739040945382,636,0.062109375
1010,12572,"[2, 0, 1]",200,107.99932479858398,False,5.294739040945382,636,0.062109375
1010,12573,"[2, 0, 1]",200,108.00719261169434,True,5.294739040945382,636,0.062109375
1010,12574,"[2, 0, 1]",200,108.0160140991211,False,5.294739040945382,636,0.062109375
1010,12575,"[2, 0, 1]",200,108.02078247070312,True,5.294739040945382,636,0.062109375
1010,12576,"[2, 0, 1]",200,108.02912712097168,False,5.294739040945382,636,0.062109375
1010,12577,"[2, 0, 1]",200,108.03437232971191,True,5.294739040945382,636,0.062109375
1010,12578,"[2, 0, 1]",200,108.04271697998047,False,5.294739040945382,636,0.062109375
1010,12579,"[2, 0, 1]",200,108.0482006072998,True,5.294739040945382,636,0.062109375
1010,12580,"[2, 0, 1]",200,108.05654525756836,False,5.294739040945382,636,0.062109375
1010,12581,"[2, 0, 1]",200,108.06155204772949,True,5.294739040945382,636,0.062109375
1010,12582,"[2, 0, 1]",200,108.06989669799805,False,5.294739040945382,636,0.062109375
1010,12583,"[2, 0, 1]",200,108.07514190673828,True,5.294739040945382,636,0.062109375
1010,12584,"[2, 0, 1]",200,108.08324813842773,False,5.294739040945382,636,0.062109375
1010,12585,"[2, 0, 1]",200,108.08849334716797,True,5.294739040945382,636,0.062109375
1010,12586,"[2, 0, 1]",200,108.09683799743652,False,5.294739040945382,636,0.062109375
1010,12587,"[2, 0, 1]",200,108.10160636901855,True,5.294739040945382,636,0.062109375
1010,12588,"[2, 0, 1]",200,108.11042785644531,False,5.294739040945382,636,0.062109375
1010,12589,"[2, 0, 1]",200,108.11519622802734,True,5.294739040945382,636,0.062109375
1010,12590,"[2, 0, 1]",200,108.123779296875,False,5.294739040945382,636,0.062109375
1010,12591,"[2, 0, 1]",200,108.12854766845703,True,5.294739040945382,636,0.062109375
1010,12592,"[2, 0, 1]",200,108.13713073730469,False,5.294739040945382,636,0.062109375
1010,12593,"[2, 0, 1]",200,108.14499855041504,True,5.294739040945382,636,0.062109375
1010,12594,"[2, 0, 1]",200,108.1535816192627,False,5.294739040945382,636,0.062109375
1010,12595,"[2, 0, 1]",200,108.15882682800293,True,5.294739040945382,636,0.062109375
1010,12596,"[2, 0, 1]",200,108.16717147827148,False,5.294739040945382,636,0.062109375
1010,12597,"[2, 0, 1]",200,108.17241668701172,True,5.294739040945382,636,0.062109375
1010,12598,"[2, 0, 1]",200,108.18076133728027,False,5.294739040945382,636,0.062109375
1010,12599,"[2, 0, 1]",200,108.1857681274414,True,5.294739040945382,636,0.062109375
1010,12600,"[2, 0, 1]",200,108.19387435913086,False,5.294739040945382,636,0.062109375
1010,12601,"[2, 0, 1]",200,108.19888114929199,True,5.294739040945382,636,0.062109375
1010,12602,"[2, 0, 1]",200,108.20746421813965,False,5.294739040945382,636,0.062109375
1010,12603,"[2, 0, 1]",200,108.21223258972168,True,5.294739040945382,636,0.062109375
1010,12604,"[2, 0, 1]",200,108.22105407714844,False,5.294739040945382,636,0.062109375
1010,12605,"[2, 0, 1]",200,108.22606086730957,True,5.294739040945382,636,0.062109375
1010,12606,"[2, 0, 1]",200,108.23464393615723,False,5.294739040945382,636,0.062109375
1010,12607,"[2, 0, 1]",200,108.23965072631836,True,5.294739040945382,636,0.062109375
1010,12608,"[2, 0, 1]",200,108.24823379516602,False,5.294739040945382,636,0.062109375
1010,12609,"[2, 0, 1]",200,108.25657844543457,True,5.294739040945382,636,0.062109375
1010,12610,"[2, 0, 1]",200,108.26516151428223,False,5.294739040945382,636,0.062109375
1010,12611,"[2, 0, 1]",200,108.27088356018066,True,5.294739040945382,636,0.062109375
1010,12612,"[2, 0, 1]",200,108.27970504760742,False,5.294739040945382,636,0.062109375
1010,12613,"[2, 0, 1]",200,108.28518867492676,True,5.294739040945382,636,0.062109375
1010,12614,"[2, 0, 1]",200,108.29377174377441,False,5.294739040945382,636,0.062109375
1010,12615,"[2, 0, 1]",200,108.30211639404297,True,5.294739040945382,636,0.062109375
1010,12616,"[2, 0, 1]",200,108.31165313720703,False,5.294739040945382,636,0.062109375
1010,12617,"[2, 0, 1]",200,108.31689834594727,True,5.294739040945382,636,0.062109375
1010,12618,"[2, 0, 1]",200,108.32524299621582,False,5.294739040945382,636,0.062109375
1010,12619,"[2, 0, 1]",200,108.33024978637695,True,5.294739040945382,636,0.062109375
1010,12620,"[2, 0, 1]",200,108.33930969238281,False,5.294739040945382,636,0.062109375
1010,12621,"[2, 0, 1]",200,108.34455490112305,True,5.294739040945382,636,0.062109375
1010,12622,"[2, 0, 1]",200,108.3533763885498,False,5.294739040945382,636,0.062109375
1010,12623,"[2, 0, 1]",200,108.35838317871094,True,5.294739040945382,636,0.062109375
1010,12624,"[2, 0, 1]",200,108.3669662475586,False,5.294739040945382,636,0.062109375
1010,12625,"[2, 0, 1]",200,108.37173461914062,True,5.294739040945382,636,0.062109375
1010,12626,"[2, 0, 1]",200,108.38031768798828,False,5.294739040945382,636,0.062109375
1010,12627,"[2, 0, 1]",200,108.38508605957031,True,5.294739040945382,636,0.062109375
1010,12628,"[2, 0, 1]",200,108.39343070983887,False,5.294739040945382,636,0.062109375
1010,12629,"[2, 0, 1]",200,108.3986759185791,True,5.294739040945382,636,0.062109375
1010,12630,"[2, 0, 1]",200,108.40702056884766,False,5.294739040945382,636,0.062109375
1010,12631,"[2, 0, 1]",200,108.41202735900879,True,5.294739040945382,636,0.062109375
1010,12632,"[2, 0, 1]",200,108.42061042785645,False,5.294739040945382,636,0.062109375
1010,12633,"[2, 0, 1]",200,108.42585563659668,True,5.294739040945382,636,0.062109375
1010,12634,"[2, 0, 1]",200,108.43396186828613,False,5.294739040945382,636,0.062109375
1010,12635,"[2, 0, 1]",200,108.44254493713379,True,5.294739040945382,636,0.062109375
1010,12636,"[2, 0, 1]",200,108.45112800598145,False,5.294739040945382,636,0.062109375
1010,12637,"[2, 0, 1]",200,108.45589637756348,True,5.294739040945382,636,0.062109375
1010,12638,"[2, 0, 1]",200,108.46447944641113,False,5.294739040945382,636,0.062109375
1010,12639,"[2, 0, 1]",200,108.46924781799316,True,5.294739040945382,636,0.062109375
1010,12640,"[2, 0, 1]",200,108.47783088684082,False,5.294739040945382,636,0.062109375
1010,12641,"[2, 0, 1]",200,108.48283767700195,True,5.294739040945382,636,0.062109375
1010,12642,"[2, 0, 1]",200,108.49118232727051,False,5.294739040945382,636,0.062109375
1010,12643,"[2, 0, 1]",200,108.49618911743164,True,5.294739040945382,636,0.062109375
1010,12644,"[2, 0, 1]",200,108.5045337677002,False,5.294739040945382,636,0.062109375
1010,12645,"[2, 0, 1]",200,108.50977897644043,True,5.294739040945382,636,0.062109375
1010,12646,"[2, 0, 1]",200,108.51812362670898,False,5.294739040945382,636,0.062109375
1010,12647,"[2, 0, 1]",200,108.52336883544922,True,5.294739040945382,636,0.062109375
1010,12648,"[2, 0, 1]",200,108.53171348571777,False,5.294739040945382,636,0.062109375
1010,12649,"[2, 0, 1]",200,108.5367202758789,True,5.294739040945382,636,0.062109375
1010,12650,"[2, 0, 1]",200,108.54816436767578,False,5.294739040945382,636,0.062109375
1010,12651,"[2, 0, 1]",200,108.55364799499512,True,5.294739040945382,636,0.062109375
1010,12652,"[2, 0, 1]",200,108.56223106384277,False,5.294739040945382,636,0.062109375
1010,12653,"[2, 0, 1]",200,108.5672378540039,True,5.294739040945382,636,0.062109375
1010,12654,"[2, 0, 1]",200,108.57582092285156,False,5.294739040945382,636,0.062109375
1010,12655,"[2, 0, 1]",200,108.5805892944336,True,5.294739040945382,636,0.062109375
1010,12656,"[2, 0, 1]",200,108.61730575561523,False,5.294739040945382,636,0.062109375
1010,12657,"[2, 0, 1]",200,108.63471031188965,True,5.294739040945382,636,0.062109375
1010,12658,"[2, 0, 1]",200,108.65616798400879,False,5.294739040945382,636,0.062109375
1010,12659,"[2, 0, 1]",200,108.66355895996094,True,5.294739040945382,636,0.062109375
1010,12660,"[2, 0, 1]",200,108.6740493774414,False,5.294739040945382,636,0.062109375
1010,12661,"[2, 0, 1]",200,108.68000984191895,True,5.294739040945382,636,0.062109375
1010,12662,"[2, 0, 1]",200,108.68954658508301,False,5.294739040945382,636,0.062109375
1010,12663,"[2, 0, 1]",200,108.69455337524414,True,5.294739040945382,636,0.062109375
1010,12664,"[2, 0, 1]",200,108.7033748626709,False,5.294739040945382,636,0.062109375
1010,12665,"[2, 0, 1]",200,108.70814323425293,True,5.294739040945382,636,0.062109375
1010,12666,"[2, 0, 1]",200,108.71648788452148,False,5.294739040945382,636,0.062109375
1010,12667,"[2, 0, 1]",200,108.72173309326172,True,5.294739040945382,636,0.062109375
1010,12668,"[2, 0, 1]",200,108.73007774353027,False,5.294739040945382,636,0.062109375
1010,12669,"[2, 0, 1]",200,108.73532295227051,True,5.294739040945382,636,0.062109375
1010,12670,"[2, 0, 1]",200,108.74366760253906,False,5.294739040945382,636,0.062109375
1010,12671,"[2, 0, 1]",200,108.7489128112793,True,5.294739040945382,636,0.062109375
1010,12672,"[2, 0, 1]",200,108.75773429870605,False,5.294739040945382,636,0.062109375
1010,12673,"[2, 0, 1]",200,108.76297950744629,True,5.294739040945382,636,0.062109375
1010,12674,"[2, 0, 1]",200,108.77156257629395,False,5.294739040945382,636,0.062109375
1010,12675,"[2, 0, 1]",200,108.77656936645508,True,5.294739040945382,636,0.062109375
1010,12676,"[2, 0, 1]",200,108.78467559814453,False,5.294739040945382,636,0.062109375
1010,12677,"[2, 0, 1]",200,108.79373550415039,True,5.294739040945382,636,0.062109375
1010,12678,"[2, 0, 1]",200,108.80327224731445,False,5.294739040945382,636,0.062109375
1010,12679,"[2, 0, 1]",200,108.80899429321289,True,5.294739040945382,636,0.062109375
1010,12680,"[2, 0, 1]",200,108.81829261779785,False,5.294739040945382,636,0.062109375
1010,12681,"[2, 0, 1]",200,108.82306098937988,True,5.294739040945382,636,0.062109375
1010,12682,"[2, 0, 1]",200,108.83164405822754,False,5.294739040945382,636,0.062109375
1010,12683,"[2, 0, 1]",200,108.83665084838867,True,5.294739040945382,636,0.062109375
1010,12684,"[2, 0, 1]",200,108.84594917297363,False,5.294739040945382,636,0.062109375
1010,12685,"[2, 0, 1]",200,108.85143280029297,True,5.294739040945382,636,0.062109375
1010,12686,"[2, 0, 1]",200,108.86049270629883,False,5.294739040945382,636,0.062109375
1010,12687,"[2, 0, 1]",200,108.86573791503906,True,5.294739040945382,636,0.062109375
1010,12688,"[2, 0, 1]",200,108.87479782104492,False,5.294739040945382,636,0.062109375
1010,12689,"[2, 0, 1]",200,108.87956619262695,True,5.294739040945382,636,0.062109375
1010,12690,"[2, 0, 1]",200,108.88814926147461,False,5.294739040945382,636,0.062109375
1010,12691,"[2, 0, 1]",200,108.89315605163574,True,5.294739040945382,636,0.062109375
1010,12692,"[2, 0, 1]",200,108.9022159576416,False,5.294739040945382,636,0.062109375
1010,12693,"[2, 0, 1]",200,108.90722274780273,True,5.294739040945382,636,0.062109375
1010,12694,"[2, 0, 1]",200,108.91580581665039,False,5.294739040945382,636,0.062109375
1010,12695,"[2, 0, 1]",200,108.92081260681152,True,5.294739040945382,636,0.062109375
1010,12696,"[2, 0, 1]",200,108.92915725708008,False,5.294739040945382,636,0.062109375
1010,12697,"[2, 0, 1]",200,108.93416404724121,True,5.294739040945382,636,0.062109375
1010,12698,"[2, 0, 1]",200,108.94322395324707,False,5.294739040945382,636,0.062109375
1010,12699,"[2, 0, 1]",200,108.95442962646484,True,5.294739040945382,636,0.062109375
1010,12700,"[2, 0, 1]",200,108.9634895324707,False,5.294739040945382,636,0.062109375
1010,12701,"[2, 0, 1]",200,108.96849632263184,True,5.294739040945382,636,0.062109375
1010,12702,"[2, 0, 1]",200,108.97684097290039,False,5.294739040945382,636,0.062109375
1010,12703,"[2, 0, 1]",200,108.98208618164062,True,5.294739040945382,636,0.062109375
1010,12704,"[2, 0, 1]",200,108.99066925048828,False,5.294739040945382,636,0.062109375
1010,12705,"[2, 0, 1]",200,108.99567604064941,True,5.294739040945382,636,0.062109375
1010,12706,"[2, 0, 1]",200,109.00402069091797,False,5.294739040945382,636,0.062109375
1010,12707,"[2, 0, 1]",200,109.0092658996582,True,5.294739040945382,636,0.062109375
1010,12708,"[2, 0, 1]",200,109.01761054992676,False,5.294739040945382,636,0.062109375
1010,12709,"[2, 0, 1]",200,109.02285575866699,True,5.294739040945382,636,0.062109375
1010,12710,"[2, 0, 1]",200,109.03120040893555,False,5.294739040945382,636,0.062109375
1010,12711,"[2, 0, 1]",200,109.03644561767578,True,5.294739040945382,636,0.062109375
1010,12712,"[2, 0, 1]",200,109.04479026794434,False,5.294739040945382,636,0.062109375
1010,12713,"[2, 0, 1]",200,109.04979705810547,True,5.294739040945382,636,0.062109375
1010,12714,"[2, 0, 1]",200,109.05838012695312,False,5.294739040945382,636,0.062109375
1010,12715,"[2, 0, 1]",200,109.06314849853516,True,5.294739040945382,636,0.062109375
1010,12716,"[2, 0, 1]",200,109.07173156738281,False,5.294739040945382,636,0.062109375
1010,12717,"[2, 0, 1]",200,109.07673835754395,True,5.294739040945382,636,0.062109375
1010,12718,"[2, 0, 1]",200,109.0855598449707,False,5.294739040945382,636,0.062109375
1010,12719,"[2, 0, 1]",200,109.09366607666016,True,5.294739040945382,636,0.062109375
1010,12720,"[2, 0, 1]",200,109.10248756408691,False,5.294739040945382,636,0.062109375
1010,12721,"[2, 0, 1]",200,109.10725593566895,True,5.294739040945382,636,0.062109375
1010,12722,"[2, 0, 1]",200,109.1156005859375,False,5.294739040945382,636,0.062109375
1010,12723,"[2, 0, 1]",200,109.12060737609863,True,5.294739040945382,636,0.062109375
1010,12724,"[2, 0, 1]",200,109.12919044494629,False,5.294739040945382,636,0.062109375
1010,12725,"[2, 0, 1]",200,109.13443565368652,True,5.294739040945382,636,0.062109375
1010,12726,"[2, 0, 1]",200,109.14301872253418,False,5.294739040945382,636,0.062109375
1010,12727,"[2, 0, 1]",200,109.14802551269531,True,5.294739040945382,636,0.062109375
1010,12728,"[2, 0, 1]",200,109.15637016296387,False,5.294739040945382,636,0.062109375
1010,12729,"[2, 0, 1]",200,109.161376953125,True,5.294739040945382,636,0.062109375
1010,12730,"[2, 0, 1]",200,109.16972160339355,False,5.294739040945382,636,0.062109375
1010,12731,"[2, 0, 1]",200,109.17472839355469,True,5.294739040945382,636,0.062109375
1010,12732,"[2, 0, 1]",200,109.18331146240234,False,5.294739040945382,636,0.062109375
1010,12733,"[2, 0, 1]",200,109.18807983398438,True,5.294739040945382,636,0.062109375
1010,12734,"[2, 0, 1]",200,109.20047760009766,False,5.294739040945382,636,0.062109375
1010,12735,"[2, 0, 1]",200,109.2064380645752,True,5.294739040945382,636,0.062109375
1010,12736,"[2, 0, 1]",200,109.21525955200195,False,5.294739040945382,636,0.062109375
1010,12737,"[2, 0, 1]",200,109.22050476074219,True,5.294739040945382,636,0.062109375
1010,12738,"[2, 0, 1]",200,109.22932624816895,False,5.294739040945382,636,0.062109375
1010,12739,"[2, 0, 1]",200,109.23433303833008,True,5.294739040945382,636,0.062109375
1010,12740,"[2, 0, 1]",200,109.24315452575684,False,5.294739040945382,636,0.062109375
1010,12741,"[2, 0, 1]",200,109.25149917602539,True,5.294739040945382,636,0.062109375
1010,12742,"[2, 0, 1]",200,109.26055908203125,False,5.294739040945382,636,0.062109375
1010,12743,"[2, 0, 1]",200,109.26580429077148,True,5.294739040945382,636,0.062109375
1010,12744,"[2, 0, 1]",200,109.27438735961914,False,5.294739040945382,636,0.062109375
1010,12745,"[2, 0, 1]",200,109.27963256835938,True,5.294739040945382,636,0.062109375
1010,12746,"[2, 0, 1]",200,109.28821563720703,False,5.294739040945382,636,0.062109375
1010,12747,"[2, 0, 1]",200,109.29346084594727,True,5.294739040945382,636,0.062109375
1010,12748,"[2, 0, 1]",200,109.32731628417969,False,5.294739040945382,636,0.062109375
1010,12749,"[2, 0, 1]",200,109.34019088745117,True,5.294739040945382,636,0.062109375
1010,12750,"[2, 0, 1]",200,109.35783386230469,False,5.294739040945382,636,0.062109375
1010,12751,"[2, 0, 1]",200,109.36522483825684,True,5.294739040945382,636,0.062109375
1010,12752,"[2, 0, 1]",200,109.37762260437012,False,5.294739040945382,636,0.062109375
1010,12753,"[2, 0, 1]",200,109.38405990600586,True,5.294739040945382,636,0.062109375
1010,12754,"[2, 0, 1]",200,109.39311981201172,False,5.294739040945382,636,0.062109375
1010,12755,"[2, 0, 1]",200,109.39860343933105,True,5.294739040945382,636,0.062109375
1010,12756,"[2, 0, 1]",200,109.40694808959961,False,5.294739040945382,636,0.062109375
1010,12757,"[2, 0, 1]",200,109.41219329833984,True,5.294739040945382,636,0.062109375
1010,12758,"[2, 0, 1]",200,109.4207763671875,False,5.294739040945382,636,0.062109375
1010,12759,"[2, 0, 1]",200,109.42625999450684,True,5.294739040945382,636,0.062109375
1010,12760,"[2, 0, 1]",200,109.43460464477539,False,5.294739040945382,636,0.062109375
1010,12761,"[2, 0, 1]",200,109.44628715515137,True,5.294739040945382,636,0.062109375
1010,12762,"[2, 0, 1]",200,109.45558547973633,False,5.294739040945382,636,0.062109375
1010,12763,"[2, 0, 1]",200,109.46106910705566,True,5.294739040945382,636,0.062109375
1010,12764,"[2, 0, 1]",200,109.47036743164062,False,5.294739040945382,636,0.062109375
1010,12765,"[2, 0, 1]",200,109.47656631469727,True,5.294739040945382,636,0.062109375
1010,12766,"[2, 0, 1]",200,109.48657989501953,False,5.294739040945382,636,0.062109375
1010,12767,"[2, 0, 1]",200,109.49277877807617,True,5.294739040945382,636,0.062109375
1010,12768,"[2, 0, 1]",200,109.50231552124023,False,5.294739040945382,636,0.062109375
1010,12769,"[2, 0, 1]",200,109.50732231140137,True,5.294739040945382,636,0.062109375
1010,12770,"[2, 0, 1]",200,109.51638221740723,False,5.294739040945382,636,0.062109375
1010,12771,"[2, 0, 1]",200,109.52138900756836,True,5.294739040945382,636,0.062109375
1010,12772,"[2, 0, 1]",200,109.52997207641602,False,5.294739040945382,636,0.062109375
1010,12773,"[2, 0, 1]",200,109.53497886657715,True,5.294739040945382,636,0.062109375
1010,12774,"[2, 0, 1]",200,109.5438003540039,False,5.294739040945382,636,0.062109375
1010,12775,"[2, 0, 1]",200,109.54880714416504,True,5.294739040945382,636,0.062109375
1010,12776,"[2, 0, 1]",200,109.5576286315918,False,5.294739040945382,636,0.062109375
1010,12777,"[2, 0, 1]",200,109.56645011901855,True,5.294739040945382,636,0.062109375
1010,12778,"[2, 0, 1]",200,109.57503318786621,False,5.294739040945382,636,0.062109375
1010,12779,"[2, 0, 1]",200,109.58027839660645,True,5.294739040945382,636,0.062109375
1010,12780,"[2, 0, 1]",200,109.5890998840332,False,5.294739040945382,636,0.062109375
1010,12781,"[2, 0, 1]",200,109.59458351135254,True,5.294739040945382,636,0.062109375
1010,12782,"[2, 0, 1]",200,109.6036434173584,False,5.294739040945382,636,0.062109375
1010,12783,"[2, 0, 1]",200,109.61198806762695,True,5.294739040945382,636,0.062109375
1010,12784,"[2, 0, 1]",200,109.62104797363281,False,5.294739040945382,636,0.062109375
1010,12785,"[2, 0, 1]",200,109.62605476379395,True,5.294739040945382,636,0.062109375
1010,12786,"[2, 0, 1]",200,109.6348762512207,False,5.294739040945382,636,0.062109375
1010,12787,"[2, 0, 1]",200,109.63988304138184,True,5.294739040945382,636,0.062109375
1010,12788,"[2, 0, 1]",200,109.6487045288086,False,5.294739040945382,636,0.062109375
1010,12789,"[2, 0, 1]",200,109.65371131896973,True,5.294739040945382,636,0.062109375
1010,12790,"[2, 0, 1]",200,109.66277122497559,False,5.294739040945382,636,0.062109375
1010,12791,"[2, 0, 1]",200,109.66801643371582,True,5.294739040945382,636,0.062109375
1010,12792,"[2, 0, 1]",200,109.67636108398438,False,5.294739040945382,636,0.062109375
1010,12793,"[2, 0, 1]",200,109.68136787414551,True,5.294739040945382,636,0.062109375
1010,12794,"[2, 0, 1]",200,109.68995094299316,False,5.294739040945382,636,0.062109375
1010,12795,"[2, 0, 1]",200,109.6954345703125,True,5.294739040945382,636,0.062109375
1010,12796,"[2, 0, 1]",200,109.70377922058105,False,5.294739040945382,636,0.062109375
1010,12797,"[2, 0, 1]",200,109.70878601074219,True,5.294739040945382,636,0.062109375
1010,12798,"[2, 0, 1]",200,109.71736907958984,False,5.294739040945382,636,0.062109375
1010,12799,"[2, 0, 1]",200,109.72237586975098,True,5.294739040945382,636,0.062109375
1010,12800,"[2, 0, 1]",200,109.73119735717773,False,5.294739040945382,636,0.062109375
1010,12801,"[2, 0, 1]",200,109.73620414733887,True,5.294739040945382,636,0.062109375
1010,12802,"[2, 0, 1]",200,109.74478721618652,False,5.294739040945382,636,0.062109375
1010,12803,"[2, 0, 1]",200,109.75313186645508,True,5.294739040945382,636,0.062109375
1010,12804,"[2, 0, 1]",200,109.76219177246094,False,5.294739040945382,636,0.062109375
1010,12805,"[2, 0, 1]",200,109.76719856262207,True,5.294739040945382,636,0.062109375
1010,12806,"[2, 0, 1]",200,109.77578163146973,False,5.294739040945382,636,0.062109375
1010,12807,"[2, 0, 1]",200,109.78078842163086,True,5.294739040945382,636,0.062109375
1010,12808,"[2, 0, 1]",200,109.78913307189941,False,5.294739040945382,636,0.062109375
1010,12809,"[2, 0, 1]",200,109.79413986206055,True,5.294739040945382,636,0.062109375
1010,12810,"[2, 0, 1]",200,109.8024845123291,False,5.294739040945382,636,0.062109375
1010,12811,"[2, 0, 1]",200,109.80749130249023,True,5.294739040945382,636,0.062109375
1010,12812,"[2, 0, 1]",200,109.81631278991699,False,5.294739040945382,636,0.062109375
1010,12813,"[2, 0, 1]",200,109.82155799865723,True,5.294739040945382,636,0.062109375
1010,12814,"[2, 0, 1]",200,109.82990264892578,False,5.294739040945382,636,0.062109375
1010,12815,"[2, 0, 1]",200,109.83514785766602,True,5.294739040945382,636,0.062109375
1010,12816,"[2, 0, 1]",200,109.84349250793457,False,5.294739040945382,636,0.062109375
1010,12817,"[2, 0, 1]",200,109.8487377166748,True,5.294739040945382,636,0.062109375
1010,12818,"[2, 0, 1]",200,109.86042022705078,False,5.294739040945382,636,0.062109375
1010,12819,"[2, 0, 1]",200,109.86638069152832,True,5.294739040945382,636,0.062109375
1010,12820,"[2, 0, 1]",200,109.87567901611328,False,5.294739040945382,636,0.062109375
1010,12821,"[2, 0, 1]",200,109.88116264343262,True,5.294739040945382,636,0.062109375
1010,12822,"[2, 0, 1]",200,109.88974571228027,False,5.294739040945382,636,0.062109375
1010,12823,"[2, 0, 1]",200,109.8947525024414,True,5.294739040945382,636,0.062109375
1010,12824,"[2, 0, 1]",200,109.90357398986816,False,5.294739040945382,636,0.062109375
1010,12825,"[2, 0, 1]",200,109.91168022155762,True,5.294739040945382,636,0.062109375
1010,12826,"[2, 0, 1]",200,109.92050170898438,False,5.294739040945382,636,0.062109375
1010,12827,"[2, 0, 1]",200,109.92550849914551,True,5.294739040945382,636,0.062109375
1010,12828,"[2, 0, 1]",200,109.93385314941406,False,5.294739040945382,636,0.062109375
1010,12829,"[2, 0, 1]",200,109.9393367767334,True,5.294739040945382,636,0.062109375
1010,12830,"[2, 0, 1]",200,109.94768142700195,False,5.294739040945382,636,0.062109375
1010,12831,"[2, 0, 1]",200,109.95292663574219,True,5.294739040945382,636,0.062109375
1010,12832,"[2, 0, 1]",200,109.96150970458984,False,5.294739040945382,636,0.062109375
1010,12833,"[2, 0, 1]",200,109.96675491333008,True,5.294739040945382,636,0.062109375
1010,12834,"[2, 0, 1]",200,109.97509956359863,False,5.294739040945382,636,0.062109375
1010,12835,"[2, 0, 1]",200,109.98010635375977,True,5.294739040945382,636,0.062109375
1010,12836,"[2, 0, 1]",200,109.98845100402832,False,5.294739040945382,636,0.062109375
1010,12837,"[2, 0, 1]",200,109.99345779418945,True,5.294739040945382,636,0.062109375
1010,12838,"[2, 0, 1]",200,110.00180244445801,False,5.294739040945382,636,0.062109375
1010,12839,"[2, 0, 1]",200,110.00680923461914,True,5.294739040945382,636,0.062109375
1010,12840,"[2, 0, 1]",200,110.0153923034668,False,5.294739040945382,636,0.062109375
1010,12841,"[2, 0, 1]",200,110.02039909362793,True,5.294739040945382,636,0.062109375
1010,12842,"[2, 0, 1]",200,110.02874374389648,False,5.294739040945382,636,0.062109375
1010,12843,"[2, 0, 1]",200,110.03398895263672,True,5.294739040945382,636,0.062109375
1010,12844,"[2, 0, 1]",200,110.04233360290527,False,5.294739040945382,636,0.062109375
1010,12845,"[2, 0, 1]",200,110.05091667175293,True,5.294739040945382,636,0.062109375
1010,12846,"[2, 0, 1]",200,110.05949974060059,False,5.294739040945382,636,0.062109375
1010,12847,"[2, 0, 1]",200,110.06498336791992,True,5.294739040945382,636,0.062109375
1010,12848,"[2, 0, 1]",200,110.07332801818848,False,5.294739040945382,636,0.062109375
1010,12849,"[2, 0, 1]",200,110.07857322692871,True,5.294739040945382,636,0.062109375
1010,12850,"[2, 0, 1]",200,110.08667945861816,False,5.294739040945382,636,0.062109375
1010,12851,"[2, 0, 1]",200,110.0919246673584,True,5.294739040945382,636,0.062109375
1010,12852,"[2, 0, 1]",200,110.10026931762695,False,5.294739040945382,636,0.062109375
1010,12853,"[2, 0, 1]",200,110.10551452636719,True,5.294739040945382,636,0.062109375
1010,12854,"[2, 0, 1]",200,110.11385917663574,False,5.294739040945382,636,0.062109375
1010,12855,"[2, 0, 1]",200,110.11886596679688,True,5.294739040945382,636,0.062109375
1010,12856,"[2, 0, 1]",200,110.12768745422363,False,5.294739040945382,636,0.062109375
1010,12857,"[2, 0, 1]",200,110.13269424438477,True,5.294739040945382,636,0.062109375
1010,12858,"[2, 0, 1]",200,110.14151573181152,False,5.294739040945382,636,0.062109375
1010,12859,"[2, 0, 1]",200,110.14676094055176,True,5.294739040945382,636,0.062109375
1010,12860,"[2, 0, 1]",200,110.15534400939941,False,5.294739040945382,636,0.062109375
1010,12861,"[2, 0, 1]",200,110.16035079956055,True,5.294739040945382,636,0.062109375
1010,12862,"[2, 0, 1]",200,110.1689338684082,False,5.294739040945382,636,0.062109375
1010,12863,"[2, 0, 1]",200,110.17394065856934,True,5.294739040945382,636,0.062109375
1010,12864,"[2, 0, 1]",200,110.18252372741699,False,5.294739040945382,636,0.062109375
1010,12865,"[2, 0, 1]",200,110.18776893615723,True,5.294739040945382,636,0.062109375
1010,12866,"[2, 0, 1]",200,110.19682884216309,False,5.294739040945382,636,0.062109375
1010,12867,"[2, 0, 1]",200,110.20517349243164,True,5.294739040945382,636,0.062109375
1010,12868,"[2, 0, 1]",200,110.2137565612793,False,5.294739040945382,636,0.062109375
1010,12869,"[2, 0, 1]",200,110.21876335144043,True,5.294739040945382,636,0.062109375
1010,12870,"[2, 0, 1]",200,110.22758483886719,False,5.294739040945382,636,0.062109375
1010,12871,"[2, 0, 1]",200,110.23259162902832,True,5.294739040945382,636,0.062109375
1010,12872,"[2, 0, 1]",200,110.24093627929688,False,5.294739040945382,636,0.062109375
1010,12873,"[2, 0, 1]",200,110.24594306945801,True,5.294739040945382,636,0.062109375
1010,12874,"[2, 0, 1]",200,110.25428771972656,False,5.294739040945382,636,0.062109375
1010,12875,"[2, 0, 1]",200,110.2592945098877,True,5.294739040945382,636,0.062109375
1010,12876,"[2, 0, 1]",200,110.26787757873535,False,5.294739040945382,636,0.062109375
1010,12877,"[2, 0, 1]",200,110.27288436889648,True,5.294739040945382,636,0.062109375
1010,12878,"[2, 0, 1]",200,110.28146743774414,False,5.294739040945382,636,0.062109375
1010,12879,"[2, 0, 1]",200,110.28671264648438,True,5.294739040945382,636,0.062109375
1010,12880,"[2, 0, 1]",200,110.29529571533203,False,5.294739040945382,636,0.062109375
1010,12881,"[2, 0, 1]",200,110.30030250549316,True,5.294739040945382,636,0.062109375
1010,12882,"[2, 0, 1]",200,110.30864715576172,False,5.294739040945382,636,0.062109375
1010,12883,"[2, 0, 1]",200,110.31389236450195,True,5.294739040945382,636,0.062109375
1010,12884,"[2, 0, 1]",200,110.32223701477051,False,5.294739040945382,636,0.062109375
1010,12885,"[2, 0, 1]",200,110.32700538635254,True,5.294739040945382,636,0.062109375
1010,12886,"[2, 0, 1]",200,110.3355884552002,False,5.294739040945382,636,0.062109375
1010,12887,"[2, 0, 1]",200,110.34321784973145,True,5.294739040945382,636,0.062109375
1010,12888,"[2, 0, 1]",200,110.3520393371582,False,5.294739040945382,636,0.062109375
1010,12889,"[2, 0, 1]",200,110.35704612731934,True,5.294739040945382,636,0.062109375
1010,12890,"[2, 0, 1]",200,110.3658676147461,False,5.294739040945382,636,0.062109375
1010,12891,"[2, 0, 1]",200,110.37063598632812,True,5.294739040945382,636,0.062109375
1010,12892,"[2, 0, 1]",200,110.37921905517578,False,5.294739040945382,636,0.062109375
1010,12893,"[2, 0, 1]",200,110.38422584533691,True,5.294739040945382,636,0.062109375
1010,12894,"[2, 0, 1]",200,110.39257049560547,False,5.294739040945382,636,0.062109375
1010,12895,"[2, 0, 1]",200,110.3975772857666,True,5.294739040945382,636,0.062109375
1010,12896,"[2, 0, 1]",200,110.40592193603516,False,5.294739040945382,636,0.062109375
1010,12897,"[2, 0, 1]",200,110.41092872619629,True,5.294739040945382,636,0.062109375
1010,12898,"[2, 0, 1]",200,110.41927337646484,False,5.294739040945382,636,0.062109375
1010,12899,"[2, 0, 1]",200,110.42451858520508,True,5.294739040945382,636,0.062109375
1010,12900,"[2, 0, 1]",200,110.43310165405273,False,5.294739040945382,636,0.062109375
1010,12901,"[2, 0, 1]",200,110.45956611633301,True,5.294739040945382,636,0.062109375
1010,12902,"[2, 0, 1]",200,110.47124862670898,False,5.294739040945382,636,0.062109375
1010,12903,"[2, 0, 1]",200,110.47720909118652,True,5.294739040945382,636,0.062109375
1010,12904,"[2, 0, 1]",200,110.48603057861328,False,5.294739040945382,636,0.062109375
1010,12905,"[2, 0, 1]",200,110.49151420593262,True,5.294739040945382,636,0.062109375
1010,12906,"[2, 0, 1]",200,110.50009727478027,False,5.294739040945382,636,0.062109375
1010,12907,"[2, 0, 1]",200,110.50534248352051,True,5.294739040945382,636,0.062109375
1010,12908,"[2, 0, 1]",200,110.51392555236816,False,5.294739040945382,636,0.062109375
1010,12909,"[2, 0, 1]",200,110.52155494689941,True,5.294739040945382,636,0.062109375
1010,12910,"[2, 0, 1]",200,110.53085327148438,False,5.294739040945382,636,0.062109375
1010,12911,"[2, 0, 1]",200,110.5356216430664,True,5.294739040945382,636,0.062109375
1010,12912,"[2, 0, 1]",200,110.54420471191406,False,5.294739040945382,636,0.062109375
1010,12913,"[2, 0, 1]",200,110.5492115020752,True,5.294739040945382,636,0.062109375
1010,12914,"[2, 0, 1]",200,110.55755615234375,False,5.294739040945382,636,0.062109375
1010,12915,"[2, 0, 1]",200,110.56256294250488,True,5.294739040945382,636,0.062109375
1010,12916,"[2, 0, 1]",200,110.57114601135254,False,5.294739040945382,636,0.062109375
1010,12917,"[2, 0, 1]",200,110.57591438293457,True,5.294739040945382,636,0.062109375
1010,12918,"[2, 0, 1]",200,110.58473587036133,False,5.294739040945382,636,0.062109375
1010,12919,"[2, 0, 1]",200,110.58974266052246,True,5.294739040945382,636,0.062109375
1010,12920,"[2, 0, 1]",200,110.59808731079102,False,5.294739040945382,636,0.062109375
1010,12921,"[2, 0, 1]",200,110.6252670288086,True,5.294739040945382,636,0.062109375
1010,12922,"[2, 0, 1]",200,110.64696311950684,False,5.294739040945382,636,0.062109375
1010,12923,"[2, 0, 1]",200,110.65554618835449,True,5.294739040945382,636,0.062109375
1010,12924,"[2, 0, 1]",200,110.66818237304688,False,5.294739040945382,636,0.062109375
1010,12925,"[2, 0, 1]",200,110.67438125610352,True,5.294739040945382,636,0.062109375
1010,12926,"[2, 0, 1]",200,110.68534851074219,False,5.294739040945382,636,0.062109375
1010,12927,"[2, 0, 1]",200,110.69083213806152,True,5.294739040945382,636,0.062109375
1010,12928,"[2, 0, 1]",200,110.70013046264648,False,5.294739040945382,636,0.062109375
1010,12929,"[2, 0, 1]",200,110.71419715881348,True,5.294739040945382,636,0.062109375
1010,12930,"[2, 0, 1]",200,110.72421073913574,False,5.294739040945382,636,0.062109375
1010,12931,"[2, 0, 1]",200,110.72921752929688,True,5.294739040945382,636,0.062109375
1010,12932,"[2, 0, 1]",200,110.73827743530273,False,5.294739040945382,636,0.062109375
1010,12933,"[2, 0, 1]",200,110.74304580688477,True,5.294739040945382,636,0.062109375
1010,12934,"[2, 0, 1]",200,110.75162887573242,False,5.294739040945382,636,0.062109375
1010,12935,"[2, 0, 1]",200,110.75663566589355,True,5.294739040945382,636,0.062109375
1010,12936,"[2, 0, 1]",200,110.76521873474121,False,5.294739040945382,636,0.062109375
1010,12937,"[2, 0, 1]",200,110.77022552490234,True,5.294739040945382,636,0.062109375
1010,12938,"[2, 0, 1]",200,110.7785701751709,False,5.294739040945382,636,0.062109375
1010,12939,"[2, 0, 1]",200,110.78381538391113,True,5.294739040945382,636,0.062109375
1010,12940,"[2, 0, 1]",200,110.79239845275879,False,5.294739040945382,636,0.062109375
1010,12941,"[2, 0, 1]",200,110.79764366149902,True,5.294739040945382,636,0.062109375
1010,12942,"[2, 0, 1]",200,110.80670356750488,False,5.294739040945382,636,0.062109375
1010,12943,"[2, 0, 1]",200,110.81171035766602,True,5.294739040945382,636,0.062109375
1010,12944,"[2, 0, 1]",200,110.82029342651367,False,5.294739040945382,636,0.062109375
1010,12945,"[2, 0, 1]",200,110.82887649536133,True,5.294739040945382,636,0.062109375
1010,12946,"[2, 0, 1]",200,110.83745956420898,False,5.294739040945382,636,0.062109375
1010,12947,"[2, 0, 1]",200,110.84294319152832,True,5.294739040945382,636,0.062109375
1010,12948,"[2, 0, 1]",200,110.85128784179688,False,5.294739040945382,636,0.062109375
1010,12949,"[2, 0, 1]",200,110.85677146911621,True,5.294739040945382,636,0.062109375
1010,12950,"[2, 0, 1]",200,110.86511611938477,False,5.294739040945382,636,0.062109375
1010,12951,"[2, 0, 1]",200,110.87393760681152,True,5.294739040945382,636,0.062109375
1010,12952,"[2, 0, 1]",200,110.88252067565918,False,5.294739040945382,636,0.062109375
1010,12953,"[2, 0, 1]",200,110.88800430297852,True,5.294739040945382,636,0.062109375
1010,12954,"[2, 0, 1]",200,110.89658737182617,False,5.294739040945382,636,0.062109375
1010,12955,"[2, 0, 1]",200,110.9018325805664,True,5.294739040945382,636,0.062109375
1010,12956,"[2, 0, 1]",200,110.91041564941406,False,5.294739040945382,636,0.062109375
1010,12957,"[2, 0, 1]",200,110.9156608581543,True,5.294739040945382,636,0.062109375
1010,12958,"[2, 0, 1]",200,110.92400550842285,False,5.294739040945382,636,0.062109375
1010,12959,"[2, 0, 1]",200,110.92901229858398,True,5.294739040945382,636,0.062109375
1010,12960,"[2, 0, 1]",200,110.93735694885254,False,5.294739040945382,636,0.062109375
1010,12961,"[2, 0, 1]",200,110.94236373901367,True,5.294739040945382,636,0.062109375
1010,12962,"[2, 0, 1]",200,110.95070838928223,False,5.294739040945382,636,0.062109375
1010,12963,"[2, 0, 1]",200,110.95595359802246,True,5.294739040945382,636,0.062109375
1010,12964,"[2, 0, 1]",200,110.96453666687012,False,5.294739040945382,636,0.062109375
1010,12965,"[2, 0, 1]",200,110.96954345703125,True,5.294739040945382,636,0.062109375
1010,12966,"[2, 0, 1]",200,110.9778881072998,False,5.294739040945382,636,0.062109375
1010,12967,"[2, 0, 1]",200,110.98289489746094,True,5.294739040945382,636,0.062109375
1010,12968,"[2, 0, 1]",200,110.9914779663086,False,5.294739040945382,636,0.062109375
1010,12969,"[2, 0, 1]",200,110.99648475646973,True,5.294739040945382,636,0.062109375
1010,12970,"[2, 0, 1]",200,111.00506782531738,False,5.294739040945382,636,0.062109375
1010,12971,"[2, 0, 1]",200,111.01317405700684,True,5.294739040945382,636,0.062109375
1010,12972,"[2, 0, 1]",200,111.0224723815918,False,5.294739040945382,636,0.062109375
1010,12973,"[2, 0, 1]",200,111.02771759033203,True,5.294739040945382,636,0.062109375
1010,12974,"[2, 0, 1]",200,111.03630065917969,False,5.294739040945382,636,0.062109375
1010,12975,"[2, 0, 1]",200,111.04130744934082,True,5.294739040945382,636,0.062109375
1010,12976,"[2, 0, 1]",200,111.04989051818848,False,5.294739040945382,636,0.062109375
1010,12977,"[2, 0, 1]",200,111.05489730834961,True,5.294739040945382,636,0.062109375
1010,12978,"[2, 0, 1]",200,111.06371879577637,False,5.294739040945382,636,0.062109375
1010,12979,"[2, 0, 1]",200,111.0687255859375,True,5.294739040945382,636,0.062109375
1010,12980,"[2, 0, 1]",200,111.07754707336426,False,5.294739040945382,636,0.062109375
1010,12981,"[2, 0, 1]",200,111.08255386352539,True,5.294739040945382,636,0.062109375
1010,12982,"[2, 0, 1]",200,111.09137535095215,False,5.294739040945382,636,0.062109375
1010,12983,"[2, 0, 1]",200,111.09638214111328,True,5.294739040945382,636,0.062109375
1010,12984,"[2, 0, 1]",200,111.10448837280273,False,5.294739040945382,636,0.062109375
1010,12985,"[2, 0, 1]",200,111.10973358154297,True,5.294739040945382,636,0.062109375
1010,12986,"[2, 0, 1]",200,111.12165451049805,False,5.294739040945382,636,0.062109375
1010,12987,"[2, 0, 1]",200,111.12761497497559,True,5.294739040945382,636,0.062109375
1010,12988,"[2, 0, 1]",200,111.13715171813965,False,5.294739040945382,636,0.062109375
1010,12989,"[2, 0, 1]",200,111.14287376403809,True,5.294739040945382,636,0.062109375
1010,12990,"[2, 0, 1]",200,111.15217208862305,False,5.294739040945382,636,0.062109375
1010,12991,"[2, 0, 1]",200,111.15741729736328,True,5.294739040945382,636,0.062109375
1010,12992,"[2, 0, 1]",200,111.16600036621094,False,5.294739040945382,636,0.062109375
1010,12993,"[2, 0, 1]",200,111.17410659790039,True,5.294739040945382,636,0.062109375
1010,12994,"[2, 0, 1]",200,111.18292808532715,False,5.294739040945382,636,0.062109375
1010,12995,"[2, 0, 1]",200,111.18817329406738,True,5.294739040945382,636,0.062109375
1010,12996,"[2, 0, 1]",200,111.19699478149414,False,5.294739040945382,636,0.062109375
1010,12997,"[2, 0, 1]",200,111.20176315307617,True,5.294739040945382,636,0.062109375
1010,12998,"[2, 0, 1]",200,111.21034622192383,False,5.294739040945382,636,0.062109375
1010,12999,"[2, 0, 1]",200,111.21535301208496,True,5.294739040945382,636,0.062109375
1010,13000,"[2, 0, 1]",200,111.22393608093262,False,5.294739040945382,636,0.062109375
1010,13001,"[2, 0, 1]",200,111.22894287109375,True,5.294739040945382,636,0.062109375
1010,13002,"[2, 0, 1]",200,111.2372875213623,False,5.294739040945382,636,0.062109375
1010,13003,"[2, 0, 1]",200,111.24205589294434,True,5.294739040945382,636,0.062109375
1010,13004,"[2, 0, 1]",200,111.25040054321289,False,5.294739040945382,636,0.062109375
1010,13005,"[2, 0, 1]",200,111.25540733337402,True,5.294739040945382,636,0.062109375
1010,13006,"[2, 0, 1]",200,111.26375198364258,False,5.294739040945382,636,0.062109375
1010,13007,"[2, 0, 1]",200,111.26899719238281,True,5.294739040945382,636,0.062109375
1010,13008,"[2, 0, 1]",200,111.27710342407227,False,5.294739040945382,636,0.062109375
1010,13009,"[2, 0, 1]",200,111.2823486328125,True,5.294739040945382,636,0.062109375
1010,13010,"[2, 0, 1]",200,111.29093170166016,False,5.294739040945382,636,0.062109375
1010,13011,"[2, 0, 1]",200,111.29617691040039,True,5.294739040945382,636,0.062109375
1010,13012,"[2, 0, 1]",200,111.30475997924805,False,5.294739040945382,636,0.062109375
1010,13013,"[2, 0, 1]",200,111.3126277923584,True,5.294739040945382,636,0.062109375
1010,13014,"[2, 0, 1]",200,111.32168769836426,False,5.294739040945382,636,0.062109375
1010,13015,"[2, 0, 1]",200,111.32669448852539,True,5.294739040945382,636,0.062109375
1010,13016,"[2, 0, 1]",200,111.33503913879395,False,5.294739040945382,636,0.062109375
1010,13017,"[2, 0, 1]",200,111.34004592895508,True,5.294739040945382,636,0.062109375
1010,13018,"[2, 0, 1]",200,111.34862899780273,False,5.294739040945382,636,0.062109375
1010,13019,"[2, 0, 1]",200,111.35363578796387,True,5.294739040945382,636,0.062109375
1010,13020,"[2, 0, 1]",200,111.36245727539062,False,5.294739040945382,636,0.062109375
1010,13021,"[2, 0, 1]",200,111.36722564697266,True,5.294739040945382,636,0.062109375
1010,13022,"[2, 0, 1]",200,111.37604713439941,False,5.294739040945382,636,0.062109375
1010,13023,"[2, 0, 1]",200,111.38081550598145,True,5.294739040945382,636,0.062109375
1010,13024,"[2, 0, 1]",200,111.3896369934082,False,5.294739040945382,636,0.062109375
1010,13025,"[2, 0, 1]",200,111.39488220214844,True,5.294739040945382,636,0.062109375
1010,13026,"[2, 0, 1]",200,111.40298843383789,False,5.294739040945382,636,0.062109375
1010,13027,"[2, 0, 1]",200,111.40823364257812,True,5.294739040945382,636,0.062109375
1010,13028,"[2, 0, 1]",200,111.41657829284668,False,5.294739040945382,636,0.062109375
1010,13029,"[2, 0, 1]",200,111.42158508300781,True,5.294739040945382,636,0.062109375
1010,13030,"[2, 0, 1]",200,111.42992973327637,False,5.294739040945382,636,0.062109375
1010,13031,"[2, 0, 1]",200,111.4351749420166,True,5.294739040945382,636,0.062109375
1010,13032,"[2, 0, 1]",200,111.44351959228516,False,5.294739040945382,636,0.062109375
1010,13033,"[2, 0, 1]",200,111.44852638244629,True,5.294739040945382,636,0.062109375
1010,13034,"[2, 0, 1]",200,111.45710945129395,False,5.294739040945382,636,0.062109375
1010,13035,"[2, 0, 1]",200,111.4649772644043,True,5.294739040945382,636,0.062109375
1010,13036,"[2, 0, 1]",200,111.47356033325195,False,5.294739040945382,636,0.062109375
1010,13037,"[2, 0, 1]",200,111.47856712341309,True,5.294739040945382,636,0.062109375
1010,13038,"[2, 0, 1]",200,111.48715019226074,False,5.294739040945382,636,0.062109375
1010,13039,"[2, 0, 1]",200,111.49191856384277,True,5.294739040945382,636,0.062109375
1010,13040,"[2, 0, 1]",200,111.50026321411133,False,5.294739040945382,636,0.062109375
1010,13041,"[2, 0, 1]",200,111.50550842285156,True,5.294739040945382,636,0.062109375
1010,13042,"[2, 0, 1]",200,111.53054237365723,False,5.294739040945382,636,0.062109375
1010,13043,"[2, 0, 1]",200,111.53578758239746,True,5.294739040945382,636,0.062109375
1010,13044,"[2, 0, 1]",200,111.54460906982422,False,5.294739040945382,636,0.062109375
1010,13045,"[2, 0, 1]",200,111.54985427856445,True,5.294739040945382,636,0.062109375
1010,13046,"[2, 0, 1]",200,111.55819892883301,False,5.294739040945382,636,0.062109375
1010,13047,"[2, 0, 1]",200,111.56296730041504,True,5.294739040945382,636,0.062109375
1010,13048,"[2, 0, 1]",200,111.5715503692627,False,5.294739040945382,636,0.062109375
1010,13049,"[2, 0, 1]",200,111.57631874084473,True,5.294739040945382,636,0.062109375
1010,13050,"[2, 0, 1]",200,111.58490180969238,False,5.294739040945382,636,0.062109375
1010,13051,"[2, 0, 1]",200,111.58990859985352,True,5.294739040945382,636,0.062109375
1010,13052,"[2, 0, 1]",200,111.59873008728027,False,5.294739040945382,636,0.062109375
1010,13053,"[2, 0, 1]",200,111.6034984588623,True,5.294739040945382,636,0.062109375
1010,13054,"[2, 0, 1]",200,111.61231994628906,False,5.294739040945382,636,0.062109375
1010,13055,"[2, 0, 1]",200,111.62042617797852,True,5.294739040945382,636,0.062109375
1010,13056,"[2, 0, 1]",200,111.62877082824707,False,5.294739040945382,636,0.062109375
1010,13057,"[2, 0, 1]",200,111.6340160369873,True,5.294739040945382,636,0.062109375
1010,13058,"[2, 0, 1]",200,111.64236068725586,False,5.294739040945382,636,0.062109375
1010,13059,"[2, 0, 1]",200,111.6476058959961,True,5.294739040945382,636,0.062109375
1010,13060,"[2, 0, 1]",200,111.65618896484375,False,5.294739040945382,636,0.062109375
1010,13061,"[2, 0, 1]",200,111.66143417358398,True,5.294739040945382,636,0.062109375
1010,13062,"[2, 0, 1]",200,111.66977882385254,False,5.294739040945382,636,0.062109375
1010,13063,"[2, 0, 1]",200,111.67502403259277,True,5.294739040945382,636,0.062109375
1010,13064,"[2, 0, 1]",200,111.68313026428223,False,5.294739040945382,636,0.062109375
1010,13065,"[2, 0, 1]",200,111.68813705444336,True,5.294739040945382,636,0.062109375
1010,13066,"[2, 0, 1]",200,111.69672012329102,False,5.294739040945382,636,0.062109375
1010,13067,"[2, 0, 1]",200,111.70172691345215,True,5.294739040945382,636,0.062109375
1010,13068,"[2, 0, 1]",200,111.7103099822998,False,5.294739040945382,636,0.062109375
1010,13069,"[2, 0, 1]",200,111.71531677246094,True,5.294739040945382,636,0.062109375
1010,13070,"[2, 0, 1]",200,111.72699928283691,False,5.294739040945382,636,0.062109375
1010,13071,"[2, 0, 1]",200,111.73224449157715,True,5.294739040945382,636,0.062109375
1010,13072,"[2, 0, 1]",200,111.7410659790039,False,5.294739040945382,636,0.062109375
1010,13073,"[2, 0, 1]",200,111.74607276916504,True,5.294739040945382,636,0.062109375
1010,13074,"[2, 0, 1]",200,111.7548942565918,False,5.294739040945382,636,0.062109375
1010,13075,"[2, 0, 1]",200,111.75990104675293,True,5.294739040945382,636,0.062109375
1010,13076,"[2, 0, 1]",200,111.76848411560059,False,5.294739040945382,636,0.062109375
1010,13077,"[2, 0, 1]",200,111.77611351013184,True,5.294739040945382,636,0.062109375
1010,13078,"[2, 0, 1]",200,111.78469657897949,False,5.294739040945382,636,0.062109375
1010,13079,"[2, 0, 1]",200,111.78970336914062,True,5.294739040945382,636,0.062109375
1010,13080,"[2, 0, 1]",200,111.79828643798828,False,5.294739040945382,636,0.062109375
1010,13081,"[2, 0, 1]",200,111.80353164672852,True,5.294739040945382,636,0.062109375
1010,13082,"[2, 0, 1]",200,111.81187629699707,False,5.294739040945382,636,0.062109375
1010,13083,"[2, 0, 1]",200,111.8168830871582,True,5.294739040945382,636,0.062109375
1010,13084,"[2, 0, 1]",200,111.82522773742676,False,5.294739040945382,636,0.062109375
1010,13085,"[2, 0, 1]",200,111.83023452758789,True,5.294739040945382,636,0.062109375
1010,13086,"[2, 0, 1]",200,111.83905601501465,False,5.294739040945382,636,0.062109375
1010,13087,"[2, 0, 1]",200,111.84382438659668,True,5.294739040945382,636,0.062109375
1010,13088,"[2, 0, 1]",200,111.85264587402344,False,5.294739040945382,636,0.062109375
1010,13089,"[2, 0, 1]",200,111.85765266418457,True,5.294739040945382,636,0.062109375
1010,13090,"[2, 0, 1]",200,111.86623573303223,False,5.294739040945382,636,0.062109375
1010,13091,"[2, 0, 1]",200,111.87124252319336,True,5.294739040945382,636,0.062109375
1010,13092,"[2, 0, 1]",200,111.87982559204102,False,5.294739040945382,636,0.062109375
1010,13093,"[2, 0, 1]",200,111.88459396362305,True,5.294739040945382,636,0.062109375
1010,13094,"[2, 0, 1]",200,111.8929386138916,False,5.294739040945382,636,0.062109375
1010,13095,"[2, 0, 1]",200,111.89818382263184,True,5.294739040945382,636,0.062109375
1010,13096,"[2, 0, 1]",200,111.90676689147949,False,5.294739040945382,636,0.062109375
1010,13097,"[2, 0, 1]",200,111.91487312316895,True,5.294739040945382,636,0.062109375
1010,13098,"[2, 0, 1]",200,111.9234561920166,False,5.294739040945382,636,0.062109375
1010,13099,"[2, 0, 1]",200,111.92870140075684,True,5.294739040945382,636,0.062109375
1010,13100,"[2, 0, 1]",200,111.93704605102539,False,5.294739040945382,636,0.062109375
1010,13101,"[2, 0, 1]",200,111.94229125976562,True,5.294739040945382,636,0.062109375
1010,13102,"[2, 0, 1]",200,111.95039749145508,False,5.294739040945382,636,0.062109375
1010,13103,"[2, 0, 1]",200,111.95516586303711,True,5.294739040945382,636,0.062109375
1010,13104,"[2, 0, 1]",200,111.96374893188477,False,5.294739040945382,636,0.062109375
1010,13105,"[2, 0, 1]",200,111.9687557220459,True,5.294739040945382,636,0.062109375
1010,13106,"[2, 0, 1]",200,111.97733879089355,False,5.294739040945382,636,0.062109375
1010,13107,"[2, 0, 1]",200,111.98210716247559,True,5.294739040945382,636,0.062109375
1010,13108,"[2, 0, 1]",200,111.99069023132324,False,5.294739040945382,636,0.062109375
1010,13109,"[2, 0, 1]",200,111.99569702148438,True,5.294739040945382,636,0.062109375
1010,13110,"[2, 0, 1]",200,112.00404167175293,False,5.294739040945382,636,0.062109375
1010,13111,"[2, 0, 1]",200,112.00952529907227,True,5.294739040945382,636,0.062109375
1010,13112,"[2, 0, 1]",200,112.01786994934082,False,5.294739040945382,636,0.062109375
1010,13113,"[2, 0, 1]",200,112.02597618103027,True,5.294739040945382,636,0.062109375
1010,13114,"[2, 0, 1]",200,112.03455924987793,False,5.294739040945382,636,0.062109375
1010,13115,"[2, 0, 1]",200,112.04004287719727,True,5.294739040945382,636,0.062109375
1010,13116,"[2, 0, 1]",200,112.04862594604492,False,5.294739040945382,636,0.062109375
1010,13117,"[2, 0, 1]",200,112.05410957336426,True,5.294739040945382,636,0.062109375
1010,13118,"[2, 0, 1]",200,112.06245422363281,False,5.294739040945382,636,0.062109375
1010,13119,"[2, 0, 1]",200,112.07056045532227,True,5.294739040945382,636,0.062109375
1010,13120,"[2, 0, 1]",200,112.07890510559082,False,5.294739040945382,636,0.062109375
1010,13121,"[2, 0, 1]",200,112.08367347717285,True,5.294739040945382,636,0.062109375
1010,13122,"[2, 0, 1]",200,112.09225654602051,False,5.294739040945382,636,0.062109375
1010,13123,"[2, 0, 1]",200,112.14256286621094,True,5.294739040945382,636,0.062109375
1010,13124,"[2, 0, 1]",200,112.16449737548828,False,5.294739040945382,636,0.062109375
1010,13125,"[2, 0, 1]",200,112.17284202575684,True,5.294739040945382,636,0.062109375
1010,13126,"[2, 0, 1]",200,112.18547821044922,False,5.294739040945382,636,0.062109375
1010,13127,"[2, 0, 1]",200,112.19215393066406,True,5.294739040945382,636,0.062109375
1010,13128,"[2, 0, 1]",200,112.20288276672363,False,5.294739040945382,636,0.062109375
1010,13129,"[2, 0, 1]",200,112.20860481262207,True,5.294739040945382,636,0.062109375
1010,13130,"[2, 0, 1]",200,112.21790313720703,False,5.294739040945382,636,0.062109375
1010,13131,"[2, 0, 1]",200,112.22338676452637,True,5.294739040945382,636,0.062109375
1010,13132,"[2, 0, 1]",200,112.23196983337402,False,5.294739040945382,636,0.062109375
1010,13133,"[2, 0, 1]",200,112.23721504211426,True,5.294739040945382,636,0.062109375
1010,13134,"[2, 0, 1]",200,112.24555969238281,False,5.294739040945382,636,0.062109375
1010,13135,"[2, 0, 1]",200,112.25056648254395,True,5.294739040945382,636,0.062109375
1010,13136,"[2, 0, 1]",200,112.2591495513916,False,5.294739040945382,636,0.062109375
1010,13137,"[2, 0, 1]",200,112.26415634155273,True,5.294739040945382,636,0.062109375
1010,13138,"[2, 0, 1]",200,112.2732162475586,False,5.294739040945382,636,0.062109375
1010,13139,"[2, 0, 1]",200,112.28370666503906,True,5.294739040945382,636,0.062109375
1010,13140,"[2, 0, 1]",200,112.29324340820312,False,5.294739040945382,636,0.062109375
1010,13141,"[2, 0, 1]",200,112.29944229125977,True,5.294739040945382,636,0.062109375
1010,13142,"[2, 0, 1]",200,112.30874061584473,False,5.294739040945382,636,0.062109375
1010,13143,"[2, 0, 1]",200,112.31422424316406,True,5.294739040945382,636,0.062109375
1010,13144,"[2, 0, 1]",200,112.32304573059082,False,5.294739040945382,636,0.062109375
1010,13145,"[2, 0, 1]",200,112.32805252075195,True,5.294739040945382,636,0.062109375
1010,13146,"[2, 0, 1]",200,112.33663558959961,False,5.294739040945382,636,0.062109375
1010,13147,"[2, 0, 1]",200,112.34188079833984,True,5.294739040945382,636,0.062109375
1010,13148,"[2, 0, 1]",200,112.3499870300293,False,5.294739040945382,636,0.062109375
1010,13149,"[2, 0, 1]",200,112.35523223876953,True,5.294739040945382,636,0.062109375
1010,13150,"[2, 0, 1]",200,112.36381530761719,False,5.294739040945382,636,0.062109375
1010,13151,"[2, 0, 1]",200,112.36858367919922,True,5.294739040945382,636,0.062109375
1010,13152,"[2, 0, 1]",200,112.37716674804688,False,5.294739040945382,636,0.062109375
1010,13153,"[2, 0, 1]",200,112.38217353820801,True,5.294739040945382,636,0.062109375
1010,13154,"[2, 0, 1]",200,112.39790916442871,False,5.294739040945382,636,0.062109375
1010,13155,"[2, 0, 1]",200,112.40386962890625,True,5.294739040945382,636,0.062109375
1010,13156,"[2, 0, 1]",200,112.41292953491211,False,5.294739040945382,636,0.062109375
1010,13157,"[2, 0, 1]",200,112.41841316223145,True,5.294739040945382,636,0.062109375
1010,13158,"[2, 0, 1]",200,112.4272346496582,False,5.294739040945382,636,0.062109375
1010,13159,"[2, 0, 1]",200,112.43271827697754,True,5.294739040945382,636,0.062109375
1010,13160,"[2, 0, 1]",200,112.4413013458252,False,5.294739040945382,636,0.062109375
1010,13161,"[2, 0, 1]",200,112.44988441467285,True,5.294739040945382,636,0.062109375
1010,13162,"[2, 0, 1]",200,112.45846748352051,False,5.294739040945382,636,0.062109375
1010,13163,"[2, 0, 1]",200,112.46371269226074,True,5.294739040945382,636,0.062109375
1010,13164,"[2, 0, 1]",200,112.4725341796875,False,5.294739040945382,636,0.062109375
1010,13165,"[2, 0, 1]",200,112.47754096984863,True,5.294739040945382,636,0.062109375
0001,13166,"[2, 1, 0]",300,112.4870777130127,False,7.0,617,0.06025390625
0001,13167,"[2, 1, 0]",300,112.49232292175293,True,7.0,617,0.06025390625
0001,13168,"[2, 1, 0]",300,112.50114440917969,False,7.0,617,0.06025390625
0001,13169,"[2, 1, 0]",300,112.50615119934082,True,7.0,617,0.06025390625
0001,13170,"[2, 1, 0]",300,112.51497268676758,False,7.0,617,0.06025390625
0001,13171,"[2, 1, 0]",300,112.51997947692871,True,7.0,617,0.06025390625
0001,13172,"[2, 1, 0]",300,112.52808570861816,False,7.0,617,0.06025390625
0001,13173,"[2, 1, 0]",300,112.5335693359375,True,7.0,617,0.06025390625
0001,13174,"[2, 1, 0]",300,112.54215240478516,False,7.0,617,0.06025390625
0001,13175,"[2, 1, 0]",300,112.54763603210449,True,7.0,617,0.06025390625
0001,13176,"[2, 1, 0]",300,112.55598068237305,False,7.0,617,0.06025390625
0001,13177,"[2, 1, 0]",300,112.56146430969238,True,7.0,617,0.06025390625
0001,13178,"[2, 1, 0]",300,112.56957054138184,False,7.0,617,0.06025390625
0001,13179,"[2, 1, 0]",300,112.57481575012207,True,7.0,617,0.06025390625
0001,13180,"[2, 1, 0]",300,112.58339881896973,False,7.0,617,0.06025390625
0001,13181,"[2, 1, 0]",300,112.59150505065918,True,7.0,617,0.06025390625
0001,13182,"[2, 1, 0]",300,112.60032653808594,False,7.0,617,0.06025390625
0001,13183,"[2, 1, 0]",300,112.60581016540527,True,7.0,617,0.06025390625
0001,13184,"[2, 1, 0]",300,112.61439323425293,False,7.0,617,0.06025390625
0001,13185,"[2, 1, 0]",300,112.63322830200195,True,7.0,617,0.06025390625
0001,13186,"[2, 1, 0]",300,112.65873908996582,False,7.0,617,0.06025390625
0001,13187,"[2, 1, 0]",300,112.66970634460449,True,7.0,617,0.06025390625
0001,13188,"[2, 1, 0]",300,112.68258094787598,False,7.0,617,0.06025390625
0001,13189,"[2, 1, 0]",300,112.68973350524902,True,7.0,617,0.06025390625
0001,13190,"[2, 1, 0]",300,112.70022392272949,False,7.0,617,0.06025390625
0001,13191,"[2, 1, 0]",300,112.70594596862793,True,7.0,617,0.06025390625
0001,13192,"[2, 1, 0]",300,112.71500587463379,False,7.0,617,0.06025390625
0001,13193,"[2, 1, 0]",300,112.72048950195312,True,7.0,617,0.06025390625
0001,13194,"[2, 1, 0]",300,112.72907257080078,False,7.0,617,0.06025390625
0001,13195,"[2, 1, 0]",300,112.73431777954102,True,7.0,617,0.06025390625
0001,13196,"[2, 1, 0]",300,112.74290084838867,False,7.0,617,0.06025390625
0001,13197,"[2, 1, 0]",300,112.74933815002441,True,7.0,617,0.06025390625
0001,13198,"[2, 1, 0]",300,112.75959014892578,False,7.0,617,0.06025390625
0001,13199,"[2, 1, 0]",300,112.76507377624512,True,7.0,617,0.06025390625
0001,13200,"[2, 1, 0]",300,112.77389526367188,False,7.0,617,0.06025390625
0001,13201,"[2, 1, 0]",300,112.77937889099121,True,7.0,617,0.06025390625
0001,13202,"[2, 1, 0]",300,112.78796195983887,False,7.0,617,0.06025390625
0001,13203,"[2, 1, 0]",300,112.79892921447754,True,7.0,617,0.06025390625
0001,13204,"[2, 1, 0]",300,112.8084659576416,False,7.0,617,0.06025390625
0001,13205,"[2, 1, 0]",300,112.81371116638184,True,7.0,617,0.06025390625
0001,13206,"[2, 1, 0]",300,112.8227710723877,False,7.0,617,0.06025390625
0001,13207,"[2, 1, 0]",300,112.82825469970703,True,7.0,617,0.06025390625
0001,13208,"[2, 1, 0]",300,112.83659934997559,False,7.0,617,0.06025390625
0001,13209,"[2, 1, 0]",300,112.84494400024414,True,7.0,617,0.06025390625
0001,13210,"[2, 1, 0]",300,112.8549575805664,False,7.0,617,0.06025390625
0001,13211,"[2, 1, 0]",300,112.86044120788574,True,7.0,617,0.06025390625
0001,13212,"[2, 1, 0]",300,112.8692626953125,False,7.0,617,0.06025390625
0001,13213,"[2, 1, 0]",300,112.87474632263184,True,7.0,617,0.06025390625
0001,13214,"[2, 1, 0]",300,112.8838062286377,False,7.0,617,0.06025390625
0001,13215,"[2, 1, 0]",300,112.88881301879883,True,7.0,617,0.06025390625
0001,13216,"[2, 1, 0]",300,112.89763450622559,False,7.0,617,0.06025390625
0001,13217,"[2, 1, 0]",300,112.90240287780762,True,7.0,617,0.06025390625
0001,13218,"[2, 1, 0]",300,112.91098594665527,False,7.0,617,0.06025390625
0001,13219,"[2, 1, 0]",300,112.9159927368164,True,7.0,617,0.06025390625
0001,13220,"[2, 1, 0]",300,112.92433738708496,False,7.0,617,0.06025390625
0001,13221,"[2, 1, 0]",300,112.9295825958252,True,7.0,617,0.06025390625
0001,13222,"[2, 1, 0]",300,112.93792724609375,False,7.0,617,0.06025390625
0001,13223,"[2, 1, 0]",300,112.9462718963623,True,7.0,617,0.06025390625
0001,13224,"[2, 1, 0]",300,112.95580863952637,False,7.0,617,0.06025390625
0001,13225,"[2, 1, 0]",300,112.9608154296875,True,7.0,617,0.06025390625
0001,13226,"[2, 1, 0]",300,112.96963691711426,False,7.0,617,0.06025390625
0001,13227,"[2, 1, 0]",300,112.97464370727539,True,7.0,617,0.06025390625
0001,13228,"[2, 1, 0]",300,112.98346519470215,False,7.0,617,0.06025390625
0001,13229,"[2, 1, 0]",300,112.98823356628418,True,7.0,617,0.06025390625
0001,13230,"[2, 1, 0]",300,112.99681663513184,False,7.0,617,0.06025390625
0001,13231,"[2, 1, 0]",300,113.00206184387207,True,7.0,617,0.06025390625
0001,13232,"[2, 1, 0]",300,113.01112174987793,False,7.0,617,0.06025390625
0001,13233,"[2, 1, 0]",300,113.01612854003906,True,7.0,617,0.06025390625
0001,13234,"[2, 1, 0]",300,113.02447319030762,False,7.0,617,0.06025390625
0001,13235,"[2, 1, 0]",300,113.02947998046875,True,7.0,617,0.06025390625
0001,13236,"[2, 1, 0]",300,113.0378246307373,False,7.0,617,0.06025390625
0001,13237,"[2, 1, 0]",300,113.04306983947754,True,7.0,617,0.06025390625
0001,13238,"[2, 1, 0]",300,113.0516529083252,False,7.0,617,0.06025390625
0001,13239,"[2, 1, 0]",300,113.05689811706543,True,7.0,617,0.06025390625
0001,13240,"[2, 1, 0]",300,113.06524276733398,False,7.0,617,0.06025390625
0001,13241,"[2, 1, 0]",300,113.07024955749512,True,7.0,617,0.06025390625
0001,13242,"[2, 1, 0]",300,113.07835578918457,False,7.0,617,0.06025390625
0001,13243,"[2, 1, 0]",300,113.0833625793457,True,7.0,617,0.06025390625
0001,13244,"[2, 1, 0]",300,113.09194564819336,False,7.0,617,0.06025390625
0001,13245,"[2, 1, 0]",300,113.10029029846191,True,7.0,617,0.06025390625
0001,13246,"[2, 1, 0]",300,113.10935020446777,False,7.0,617,0.06025390625
0001,13247,"[2, 1, 0]",300,113.1141185760498,True,7.0,617,0.06025390625
0001,13248,"[2, 1, 0]",300,113.12270164489746,False,7.0,617,0.06025390625
0001,13249,"[2, 1, 0]",300,113.15131187438965,True,7.0,617,0.06025390625
0001,13250,"[2, 1, 0]",300,113.16132545471191,False,7.0,617,0.06025390625
0001,13251,"[2, 1, 0]",300,113.16704750061035,True,7.0,617,0.06025390625
0001,13252,"[2, 1, 0]",300,113.17563056945801,False,7.0,617,0.06025390625
0001,13253,"[2, 1, 0]",300,113.18063735961914,True,7.0,617,0.06025390625
0001,13254,"[2, 1, 0]",300,113.1892204284668,False,7.0,617,0.06025390625
0001,13255,"[2, 1, 0]",300,113.19422721862793,True,7.0,617,0.06025390625
0001,13256,"[2, 1, 0]",300,113.20281028747559,False,7.0,617,0.06025390625
0001,13257,"[2, 1, 0]",300,113.20781707763672,True,7.0,617,0.06025390625
0001,13258,"[2, 1, 0]",300,113.21640014648438,False,7.0,617,0.06025390625
0001,13259,"[2, 1, 0]",300,113.2211685180664,True,7.0,617,0.06025390625
0001,13260,"[2, 1, 0]",300,113.23285102844238,False,7.0,617,0.06025390625
0001,13261,"[2, 1, 0]",300,113.23809623718262,True,7.0,617,0.06025390625
0001,13262,"[2, 1, 0]",300,113.24691772460938,False,7.0,617,0.06025390625
0001,13263,"[2, 1, 0]",300,113.25216293334961,True,7.0,617,0.06025390625
0001,13264,"[2, 1, 0]",300,113.26146125793457,False,7.0,617,0.06025390625
0001,13265,"[2, 1, 0]",300,113.26980590820312,True,7.0,617,0.06025390625
0001,13266,"[2, 1, 0]",300,113.27862739562988,False,7.0,617,0.06025390625
0001,13267,"[2, 1, 0]",300,113.28363418579102,True,7.0,617,0.06025390625
0001,13268,"[2, 1, 0]",300,113.29197883605957,False,7.0,617,0.06025390625
0001,13269,"[2, 1, 0]",300,113.2969856262207,True,7.0,617,0.06025390625
0001,13270,"[2, 1, 0]",300,113.30533027648926,False,7.0,617,0.06025390625
0001,13271,"[2, 1, 0]",300,113.3108139038086,True,7.0,617,0.06025390625
0001,13272,"[2, 1, 0]",300,113.31939697265625,False,7.0,617,0.06025390625
0001,13273,"[2, 1, 0]",300,113.32440376281738,True,7.0,617,0.06025390625
0001,13274,"[2, 1, 0]",300,113.33298683166504,False,7.0,617,0.06025390625
0001,13275,"[2, 1, 0]",300,113.33799362182617,True,7.0,617,0.06025390625
0001,13276,"[2, 1, 0]",300,113.34633827209473,False,7.0,617,0.06025390625
0001,13277,"[2, 1, 0]",300,113.35158348083496,True,7.0,617,0.06025390625
0001,13278,"[2, 1, 0]",300,113.35992813110352,False,7.0,617,0.06025390625
0001,13279,"[2, 1, 0]",300,113.36541175842285,True,7.0,617,0.06025390625
0001,13280,"[2, 1, 0]",300,113.37399482727051,False,7.0,617,0.06025390625
0001,13281,"[2, 1, 0]",300,113.38210105895996,True,7.0,617,0.06025390625
0001,13282,"[2, 1, 0]",300,113.39092254638672,False,7.0,617,0.06025390625
0001,13283,"[2, 1, 0]",300,113.39664459228516,True,7.0,617,0.06025390625
0001,13284,"[2, 1, 0]",300,113.40522766113281,False,7.0,617,0.06025390625
0001,13285,"[2, 1, 0]",300,113.41094970703125,True,7.0,617,0.06025390625
0001,13286,"[2, 1, 0]",300,113.4192943572998,False,7.0,617,0.06025390625
0001,13287,"[2, 1, 0]",300,113.44361305236816,True,7.0,617,0.06025390625
0001,13288,"[2, 1, 0]",300,113.45291137695312,False,7.0,617,0.06025390625
0001,13289,"[2, 1, 0]",300,113.45791816711426,True,7.0,617,0.06025390625
0001,13290,"[2, 1, 0]",300,113.46650123596191,False,7.0,617,0.06025390625
0001,13291,"[2, 1, 0]",300,113.47126960754395,True,7.0,617,0.06025390625
0001,13292,"[2, 1, 0]",300,113.4800910949707,False,7.0,617,0.06025390625
0001,13293,"[2, 1, 0]",300,113.48509788513184,True,7.0,617,0.06025390625
0001,13294,"[2, 1, 0]",300,113.4939193725586,False,7.0,617,0.06025390625
0001,13295,"[2, 1, 0]",300,113.49892616271973,True,7.0,617,0.06025390625
0001,13296,"[2, 1, 0]",300,113.50727081298828,False,7.0,617,0.06025390625
0001,13297,"[2, 1, 0]",300,113.51227760314941,True,7.0,617,0.06025390625
0001,13298,"[2, 1, 0]",300,113.52086067199707,False,7.0,617,0.06025390625
0001,13299,"[2, 1, 0]",300,113.5258674621582,True,7.0,617,0.06025390625
0001,13300,"[2, 1, 0]",300,113.53445053100586,False,7.0,617,0.06025390625
0001,13301,"[2, 1, 0]",300,113.53945732116699,True,7.0,617,0.06025390625
0001,13302,"[2, 1, 0]",300,113.54780197143555,False,7.0,617,0.06025390625
0001,13303,"[2, 1, 0]",300,113.55304718017578,True,7.0,617,0.06025390625
0001,13304,"[2, 1, 0]",300,113.56115341186523,False,7.0,617,0.06025390625
0001,13305,"[2, 1, 0]",300,113.56616020202637,True,7.0,617,0.06025390625
0001,13306,"[2, 1, 0]",300,113.57450485229492,False,7.0,617,0.06025390625
0001,13307,"[2, 1, 0]",300,113.58261108398438,True,7.0,617,0.06025390625
0001,13308,"[2, 1, 0]",300,113.59167098999023,False,7.0,617,0.06025390625
0001,13309,"[2, 1, 0]",300,113.59667778015137,True,7.0,617,0.06025390625
0001,13310,"[2, 1, 0]",300,113.60907554626465,False,7.0,617,0.06025390625
0001,13311,"[2, 1, 0]",300,113.61455917358398,True,7.0,617,0.06025390625
0001,13312,"[2, 1, 0]",300,113.62338066101074,False,7.0,617,0.06025390625
0001,13313,"[2, 1, 0]",300,113.62838745117188,True,7.0,617,0.06025390625
0001,13314,"[2, 1, 0]",300,113.63744735717773,False,7.0,617,0.06025390625
0001,13315,"[2, 1, 0]",300,113.64221572875977,True,7.0,617,0.06025390625
0001,13316,"[2, 1, 0]",300,113.65079879760742,False,7.0,617,0.06025390625
0001,13317,"[2, 1, 0]",300,113.65556716918945,True,7.0,617,0.06025390625
0001,13318,"[2, 1, 0]",300,113.66415023803711,False,7.0,617,0.06025390625
0001,13319,"[2, 1, 0]",300,113.66915702819824,True,7.0,617,0.06025390625
0001,13320,"[2, 1, 0]",300,113.6782169342041,False,7.0,617,0.06025390625
0001,13321,"[2, 1, 0]",300,113.68298530578613,True,7.0,617,0.06025390625
0001,13322,"[2, 1, 0]",300,113.69204521179199,False,7.0,617,0.06025390625
0001,13323,"[2, 1, 0]",300,113.69681358337402,True,7.0,617,0.06025390625
0001,13324,"[2, 1, 0]",300,113.70563507080078,False,7.0,617,0.06025390625
0001,13325,"[2, 1, 0]",300,113.71040344238281,True,7.0,617,0.06025390625
0001,13326,"[2, 1, 0]",300,113.71874809265137,False,7.0,617,0.06025390625
0001,13327,"[2, 1, 0]",300,113.7237548828125,True,7.0,617,0.06025390625
0001,13328,"[2, 1, 0]",300,113.73233795166016,False,7.0,617,0.06025390625
0001,13329,"[2, 1, 0]",300,113.74092102050781,True,7.0,617,0.06025390625
0001,13330,"[2, 1, 0]",300,113.74974250793457,False,7.0,617,0.06025390625
0001,13331,"[2, 1, 0]",300,113.7549877166748,True,7.0,617,0.06025390625
0001,13332,"[2, 1, 0]",300,113.76380920410156,False,7.0,617,0.06025390625
0001,13333,"[2, 1, 0]",300,113.7688159942627,True,7.0,617,0.06025390625
0001,13334,"[2, 1, 0]",300,113.77739906311035,False,7.0,617,0.06025390625
0001,13335,"[2, 1, 0]",300,113.78264427185059,True,7.0,617,0.06025390625
0001,13336,"[2, 1, 0]",300,113.79122734069824,False,7.0,617,0.06025390625
0001,13337,"[2, 1, 0]",300,113.79671096801758,True,7.0,617,0.06025390625
0001,13338,"[2, 1, 0]",300,113.80529403686523,False,7.0,617,0.06025390625
0001,13339,"[2, 1, 0]",300,113.81053924560547,True,7.0,617,0.06025390625
0001,13340,"[2, 1, 0]",300,113.81888389587402,False,7.0,617,0.06025390625
0001,13341,"[2, 1, 0]",300,113.82412910461426,True,7.0,617,0.06025390625
0001,13342,"[2, 1, 0]",300,113.83271217346191,False,7.0,617,0.06025390625
0001,13343,"[2, 1, 0]",300,113.83771896362305,True,7.0,617,0.06025390625
0001,13344,"[2, 1, 0]",300,113.8460636138916,False,7.0,617,0.06025390625
0001,13345,"[2, 1, 0]",300,113.85130882263184,True,7.0,617,0.06025390625
0001,13346,"[2, 1, 0]",300,113.85965347290039,False,7.0,617,0.06025390625
0001,13347,"[2, 1, 0]",300,113.86466026306152,True,7.0,617,0.06025390625
0001,13348,"[2, 1, 0]",300,113.87324333190918,False,7.0,617,0.06025390625
0001,13349,"[2, 1, 0]",300,113.88134956359863,True,7.0,617,0.06025390625
0001,13350,"[2, 1, 0]",300,113.89040946960449,False,7.0,617,0.06025390625
0001,13351,"[2, 1, 0]",300,113.89541625976562,True,7.0,617,0.06025390625
0001,13352,"[2, 1, 0]",300,113.90376091003418,False,7.0,617,0.06025390625
0001,13353,"[2, 1, 0]",300,113.90876770019531,True,7.0,617,0.06025390625
0001,13354,"[2, 1, 0]",300,113.91735076904297,False,7.0,617,0.06025390625
0001,13355,"[2, 1, 0]",300,113.922119140625,True,7.0,617,0.06025390625
0001,13356,"[2, 1, 0]",300,113.93046379089355,False,7.0,617,0.06025390625
0001,13357,"[2, 1, 0]",300,113.93570899963379,True,7.0,617,0.06025390625
0001,13358,"[2, 1, 0]",300,113.94381523132324,False,7.0,617,0.06025390625
0001,13359,"[2, 1, 0]",300,113.94906044006348,True,7.0,617,0.06025390625
0001,13360,"[2, 1, 0]",300,113.95764350891113,False,7.0,617,0.06025390625
0001,13361,"[2, 1, 0]",300,113.96932601928711,True,7.0,617,0.06025390625
0001,13362,"[2, 1, 0]",300,113.97814750671387,False,7.0,617,0.06025390625
0001,13363,"[2, 1, 0]",300,113.9833927154541,True,7.0,617,0.06025390625
0001,13364,"[2, 1, 0]",300,113.99173736572266,False,7.0,617,0.06025390625
0001,13365,"[2, 1, 0]",300,113.99674415588379,True,7.0,617,0.06025390625
0001,13366,"[2, 1, 0]",300,114.00532722473145,False,7.0,617,0.06025390625
0001,13367,"[2, 1, 0]",300,114.01033401489258,True,7.0,617,0.06025390625
0001,13368,"[2, 1, 0]",300,114.01891708374023,False,7.0,617,0.06025390625
0001,13369,"[2, 1, 0]",300,114.02368545532227,True,7.0,617,0.06025390625
0001,13370,"[2, 1, 0]",300,114.03226852416992,False,7.0,617,0.06025390625
0001,13371,"[2, 1, 0]",300,114.04037475585938,True,7.0,617,0.06025390625
0001,13372,"[2, 1, 0]",300,114.04871940612793,False,7.0,617,0.06025390625
0001,13373,"[2, 1, 0]",300,114.05396461486816,True,7.0,617,0.06025390625
0001,13374,"[2, 1, 0]",300,114.06230926513672,False,7.0,617,0.06025390625
0001,13375,"[2, 1, 0]",300,114.06731605529785,True,7.0,617,0.06025390625
0001,13376,"[2, 1, 0]",300,114.0756607055664,False,7.0,617,0.06025390625
0001,13377,"[2, 1, 0]",300,114.08066749572754,True,7.0,617,0.06025390625
0001,13378,"[2, 1, 0]",300,114.0890121459961,False,7.0,617,0.06025390625
0001,13379,"[2, 1, 0]",300,114.09378051757812,True,7.0,617,0.06025390625
0001,13380,"[2, 1, 0]",300,114.10236358642578,False,7.0,617,0.06025390625
0001,13381,"[2, 1, 0]",300,114.10713195800781,True,7.0,617,0.06025390625
0001,13382,"[2, 1, 0]",300,114.11619186401367,False,7.0,617,0.06025390625
0001,13383,"[2, 1, 0]",300,114.1209602355957,True,7.0,617,0.06025390625
0001,13384,"[2, 1, 0]",300,114.12978172302246,False,7.0,617,0.06025390625
0001,13385,"[2, 1, 0]",300,114.1347885131836,True,7.0,617,0.06025390625
0001,13386,"[2, 1, 0]",300,114.14337158203125,False,7.0,617,0.06025390625
0001,13387,"[2, 1, 0]",300,114.14813995361328,True,7.0,617,0.06025390625
0001,13388,"[2, 1, 0]",300,114.15719985961914,False,7.0,617,0.06025390625
0001,13389,"[2, 1, 0]",300,114.16220664978027,True,7.0,617,0.06025390625
0001,13390,"[2, 1, 0]",300,114.17126655578613,False,7.0,617,0.06025390625
0001,13391,"[2, 1, 0]",300,114.17937278747559,True,7.0,617,0.06025390625
0001,13392,"[2, 1, 0]",300,114.18819427490234,False,7.0,617,0.06025390625
0001,13393,"[2, 1, 0]",300,114.19320106506348,True,7.0,617,0.06025390625
0001,13394,"[2, 1, 0]",300,114.20202255249023,False,7.0,617,0.06025390625
0001,13395,"[2, 1, 0]",300,114.20702934265137,True,7.0,617,0.06025390625
0001,13396,"[2, 1, 0]",300,114.21537399291992,False,7.0,617,0.06025390625
0001,13397,"[2, 1, 0]",300,114.22085762023926,True,7.0,617,0.06025390625
0001,13398,"[2, 1, 0]",300,114.22920227050781,False,7.0,617,0.06025390625
0001,13399,"[2, 1, 0]",300,114.23444747924805,True,7.0,617,0.06025390625
0001,13400,"[2, 1, 0]",300,114.2427921295166,False,7.0,617,0.06025390625
0001,13401,"[2, 1, 0]",300,114.24803733825684,True,7.0,617,0.06025390625
0001,13402,"[2, 1, 0]",300,114.25638198852539,False,7.0,617,0.06025390625
0001,13403,"[2, 1, 0]",300,114.26162719726562,True,7.0,617,0.06025390625
0001,13404,"[2, 1, 0]",300,114.26997184753418,False,7.0,617,0.06025390625
0001,13405,"[2, 1, 0]",300,114.27521705627441,True,7.0,617,0.06025390625
0001,13406,"[2, 1, 0]",300,114.28356170654297,False,7.0,617,0.06025390625
0001,13407,"[2, 1, 0]",300,114.2888069152832,True,7.0,617,0.06025390625
0001,13408,"[2, 1, 0]",300,114.29691314697266,False,7.0,617,0.06025390625
0001,13409,"[2, 1, 0]",300,114.30191993713379,True,7.0,617,0.06025390625
0001,13410,"[2, 1, 0]",300,114.31050300598145,False,7.0,617,0.06025390625
0001,13411,"[2, 1, 0]",300,114.3186092376709,True,7.0,617,0.06025390625
0001,13412,"[2, 1, 0]",300,114.32766914367676,False,7.0,617,0.06025390625
0001,13413,"[2, 1, 0]",300,114.33553695678711,True,7.0,617,0.06025390625
0001,13414,"[2, 1, 0]",300,114.34459686279297,False,7.0,617,0.06025390625
0001,13415,"[2, 1, 0]",300,114.349365234375,True,7.0,617,0.06025390625
0001,13416,"[2, 1, 0]",300,114.35818672180176,False,7.0,617,0.06025390625
0001,13417,"[2, 1, 0]",300,114.36319351196289,True,7.0,617,0.06025390625
0001,13418,"[2, 1, 0]",300,114.37273025512695,False,7.0,617,0.06025390625
0001,13419,"[2, 1, 0]",300,114.37821388244629,True,7.0,617,0.06025390625
0001,13420,"[2, 1, 0]",300,114.38727378845215,False,7.0,617,0.06025390625
0001,13421,"[2, 1, 0]",300,114.39228057861328,True,7.0,617,0.06025390625
0001,13422,"[2, 1, 0]",300,114.40110206604004,False,7.0,617,0.06025390625
0001,13423,"[2, 1, 0]",300,114.40587043762207,True,7.0,617,0.06025390625
0001,13424,"[2, 1, 0]",300,114.41445350646973,False,7.0,617,0.06025390625
0001,13425,"[2, 1, 0]",300,114.41946029663086,True,7.0,617,0.06025390625
0001,13426,"[2, 1, 0]",300,114.42804336547852,False,7.0,617,0.06025390625
0001,13427,"[2, 1, 0]",300,114.43305015563965,True,7.0,617,0.06025390625
0001,13428,"[2, 1, 0]",300,114.4416332244873,False,7.0,617,0.06025390625
0001,13429,"[2, 1, 0]",300,114.44664001464844,True,7.0,617,0.06025390625
0001,13430,"[2, 1, 0]",300,114.45498466491699,False,7.0,617,0.06025390625
0001,13431,"[2, 1, 0]",300,114.45999145507812,True,7.0,617,0.06025390625
0001,13432,"[2, 1, 0]",300,114.49456214904785,False,7.0,617,0.06025390625
0001,13433,"[2, 1, 0]",300,114.54367637634277,True,7.0,617,0.06025390625
0001,13434,"[2, 1, 0]",300,114.59016799926758,False,7.0,617,0.06025390625
0001,13435,"[2, 1, 0]",300,114.59827423095703,True,7.0,617,0.06025390625
0001,13436,"[2, 1, 0]",300,114.6087646484375,False,7.0,617,0.06025390625
0001,13437,"[2, 1, 0]",300,114.61448669433594,True,7.0,617,0.06025390625
0001,13438,"[2, 1, 0]",300,114.6237850189209,False,7.0,617,0.06025390625
0001,13439,"[2, 1, 0]",300,114.62950706481934,True,7.0,617,0.06025390625
0001,13440,"[2, 1, 0]",300,114.65716361999512,False,7.0,617,0.06025390625
0001,13441,"[2, 1, 0]",300,114.67099189758301,True,7.0,617,0.06025390625
0001,13442,"[2, 1, 0]",300,114.69244956970215,False,7.0,617,0.06025390625
0001,13443,"[2, 1, 0]",300,114.6998405456543,True,7.0,617,0.06025390625
0001,13444,"[2, 1, 0]",300,114.71104621887207,False,7.0,617,0.06025390625
0001,13445,"[2, 1, 0]",300,114.71748352050781,True,7.0,617,0.06025390625
0001,13446,"[2, 1, 0]",300,114.72773551940918,False,7.0,617,0.06025390625
0001,13447,"[2, 1, 0]",300,114.73369598388672,True,7.0,617,0.06025390625
0001,13448,"[2, 1, 0]",300,114.74275588989258,False,7.0,617,0.06025390625
0001,13449,"[2, 1, 0]",300,114.75419998168945,True,7.0,617,0.06025390625
0001,13450,"[2, 1, 0]",300,114.76373672485352,False,7.0,617,0.06025390625
0001,13451,"[2, 1, 0]",300,114.76969718933105,True,7.0,617,0.06025390625
0001,13452,"[2, 1, 0]",300,114.77875709533691,False,7.0,617,0.06025390625
0001,13453,"[2, 1, 0]",300,114.78400230407715,True,7.0,617,0.06025390625
0001,13454,"[2, 1, 0]",300,114.7928237915039,False,7.0,617,0.06025390625
0001,13455,"[2, 1, 0]",300,114.80164527893066,True,7.0,617,0.06025390625
0001,13456,"[2, 1, 0]",300,114.81046676635742,False,7.0,617,0.06025390625
0001,13457,"[2, 1, 0]",300,114.81547355651855,True,7.0,617,0.06025390625
0001,13458,"[2, 1, 0]",300,114.82405662536621,False,7.0,617,0.06025390625
0001,13459,"[2, 1, 0]",300,114.82930183410645,True,7.0,617,0.06025390625
0001,13460,"[2, 1, 0]",300,114.8378849029541,False,7.0,617,0.06025390625
0001,13461,"[2, 1, 0]",300,114.84599113464355,True,7.0,617,0.06025390625
0001,13462,"[2, 1, 0]",300,114.85576629638672,False,7.0,617,0.06025390625
0001,13463,"[2, 1, 0]",300,114.86148834228516,True,7.0,617,0.06025390625
0001,13464,"[2, 1, 0]",300,114.87054824829102,False,7.0,617,0.06025390625
0001,13465,"[2, 1, 0]",300,114.87579345703125,True,7.0,617,0.06025390625
0001,13466,"[2, 1, 0]",300,114.88461494445801,False,7.0,617,0.06025390625
0001,13467,"[2, 1, 0]",300,114.88986015319824,True,7.0,617,0.06025390625
0001,13468,"[2, 1, 0]",300,114.8984432220459,False,7.0,617,0.06025390625
0001,13469,"[2, 1, 0]",300,114.90345001220703,True,7.0,617,0.06025390625
0001,13470,"[2, 1, 0]",300,114.91203308105469,False,7.0,617,0.06025390625
0001,13471,"[2, 1, 0]",300,114.91727828979492,True,7.0,617,0.06025390625
0001,13472,"[2, 1, 0]",300,114.92586135864258,False,7.0,617,0.06025390625
0001,13473,"[2, 1, 0]",300,114.93110656738281,True,7.0,617,0.06025390625
0001,13474,"[2, 1, 0]",300,114.93921279907227,False,7.0,617,0.06025390625
0001,13475,"[2, 1, 0]",300,114.94731903076172,True,7.0,617,0.06025390625
0001,13476,"[2, 1, 0]",300,114.95709419250488,False,7.0,617,0.06025390625
0001,13477,"[2, 1, 0]",300,114.96591567993164,True,7.0,617,0.06025390625
0001,13478,"[2, 1, 0]",300,114.9742603302002,False,7.0,617,0.06025390625
0001,13479,"[2, 1, 0]",300,114.97950553894043,True,7.0,617,0.06025390625
0001,13480,"[2, 1, 0]",300,114.98785018920898,False,7.0,617,0.06025390625
0001,13481,"[2, 1, 0]",300,114.99261856079102,True,7.0,617,0.06025390625
0001,13482,"[2, 1, 0]",300,115.00144004821777,False,7.0,617,0.06025390625
0001,13483,"[2, 1, 0]",300,115.0064468383789,True,7.0,617,0.06025390625
0001,13484,"[2, 1, 0]",300,115.01526832580566,False,7.0,617,0.06025390625
0001,13485,"[2, 1, 0]",300,115.0202751159668,True,7.0,617,0.06025390625
0001,13486,"[2, 1, 0]",300,115.02909660339355,False,7.0,617,0.06025390625
0001,13487,"[2, 1, 0]",300,115.03410339355469,True,7.0,617,0.06025390625
0001,13488,"[2, 1, 0]",300,115.04316329956055,False,7.0,617,0.06025390625
0001,13489,"[2, 1, 0]",300,115.04793167114258,True,7.0,617,0.06025390625
0001,13490,"[2, 1, 0]",300,115.05675315856934,False,7.0,617,0.06025390625
0001,13491,"[2, 1, 0]",300,115.06152153015137,True,7.0,617,0.06025390625
0001,13492,"[2, 1, 0]",300,115.07010459899902,False,7.0,617,0.06025390625
0001,13493,"[2, 1, 0]",300,115.07534980773926,True,7.0,617,0.06025390625
0001,13494,"[2, 1, 0]",300,115.08393287658691,False,7.0,617,0.06025390625
0001,13495,"[2, 1, 0]",300,115.08870124816895,True,7.0,617,0.06025390625
0001,13496,"[2, 1, 0]",300,115.0975227355957,False,7.0,617,0.06025390625
0001,13497,"[2, 1, 0]",300,115.10562896728516,True,7.0,617,0.06025390625
0001,13498,"[2, 1, 0]",300,115.11445045471191,False,7.0,617,0.06025390625
0001,13499,"[2, 1, 0]",300,115.11993408203125,True,7.0,617,0.06025390625
0001,13500,"[2, 1, 0]",300,115.1282787322998,False,7.0,617,0.06025390625
0001,13501,"[2, 1, 0]",300,115.13328552246094,True,7.0,617,0.06025390625
0001,13502,"[2, 1, 0]",300,115.14163017272949,False,7.0,617,0.06025390625
0001,13503,"[2, 1, 0]",300,115.14687538146973,True,7.0,617,0.06025390625
0001,13504,"[2, 1, 0]",300,115.15522003173828,False,7.0,617,0.06025390625
0001,13505,"[2, 1, 0]",300,115.16046524047852,True,7.0,617,0.06025390625
0001,13506,"[2, 1, 0]",300,115.16880989074707,False,7.0,617,0.06025390625
0001,13507,"[2, 1, 0]",300,115.1735782623291,True,7.0,617,0.06025390625
0001,13508,"[2, 1, 0]",300,115.18216133117676,False,7.0,617,0.06025390625
0001,13509,"[2, 1, 0]",300,115.18692970275879,True,7.0,617,0.06025390625
0001,13510,"[2, 1, 0]",300,115.19551277160645,False,7.0,617,0.06025390625
0001,13511,"[2, 1, 0]",300,115.20051956176758,True,7.0,617,0.06025390625
0001,13512,"[2, 1, 0]",300,115.21220207214355,False,7.0,617,0.06025390625
0001,13513,"[2, 1, 0]",300,115.21744728088379,True,7.0,617,0.06025390625
0001,13514,"[2, 1, 0]",300,115.22626876831055,False,7.0,617,0.06025390625
0001,13515,"[2, 1, 0]",300,115.23151397705078,True,7.0,617,0.06025390625
0001,13516,"[2, 1, 0]",300,115.24009704589844,False,7.0,617,0.06025390625
0001,13517,"[2, 1, 0]",300,115.24820327758789,True,7.0,617,0.06025390625
0001,13518,"[2, 1, 0]",300,115.25726318359375,False,7.0,617,0.06025390625
0001,13519,"[2, 1, 0]",300,115.26203155517578,True,7.0,617,0.06025390625
0001,13520,"[2, 1, 0]",300,115.27061462402344,False,7.0,617,0.06025390625
0001,13521,"[2, 1, 0]",300,115.27585983276367,True,7.0,617,0.06025390625
0001,13522,"[2, 1, 0]",300,115.28420448303223,False,7.0,617,0.06025390625
0001,13523,"[2, 1, 0]",300,115.28944969177246,True,7.0,617,0.06025390625
0001,13524,"[2, 1, 0]",300,115.29803276062012,False,7.0,617,0.06025390625
0001,13525,"[2, 1, 0]",300,115.30327796936035,True,7.0,617,0.06025390625
0001,13526,"[2, 1, 0]",300,115.3116226196289,False,7.0,617,0.06025390625
0001,13527,"[2, 1, 0]",300,115.31710624694824,True,7.0,617,0.06025390625
0001,13528,"[2, 1, 0]",300,115.3254508972168,False,7.0,617,0.06025390625
0001,13529,"[2, 1, 0]",300,115.33045768737793,True,7.0,617,0.06025390625
0001,13530,"[2, 1, 0]",300,115.33904075622559,False,7.0,617,0.06025390625
0001,13531,"[2, 1, 0]",300,115.34428596496582,True,7.0,617,0.06025390625
0001,13532,"[2, 1, 0]",300,115.35239219665527,False,7.0,617,0.06025390625
0001,13533,"[2, 1, 0]",300,115.3573989868164,True,7.0,617,0.06025390625
0001,13534,"[2, 1, 0]",300,115.36598205566406,False,7.0,617,0.06025390625
0001,13535,"[2, 1, 0]",300,115.3709888458252,True,7.0,617,0.06025390625
0001,13536,"[2, 1, 0]",300,115.37957191467285,False,7.0,617,0.06025390625
0001,13537,"[2, 1, 0]",300,115.38457870483398,True,7.0,617,0.06025390625
0001,13538,"[2, 1, 0]",300,115.39316177368164,False,7.0,617,0.06025390625
0001,13539,"[2, 1, 0]",300,115.40079116821289,True,7.0,617,0.06025390625
0001,13540,"[2, 1, 0]",300,115.40913581848145,False,7.0,617,0.06025390625
0001,13541,"[2, 1, 0]",300,115.41438102722168,True,7.0,617,0.06025390625
0001,13542,"[2, 1, 0]",300,115.42272567749023,False,7.0,617,0.06025390625
0001,13543,"[2, 1, 0]",300,115.42797088623047,True,7.0,617,0.06025390625
0001,13544,"[2, 1, 0]",300,115.43655395507812,False,7.0,617,0.06025390625
0001,13545,"[2, 1, 0]",300,115.44179916381836,True,7.0,617,0.06025390625
0001,13546,"[2, 1, 0]",300,115.45014381408691,False,7.0,617,0.06025390625
0001,13547,"[2, 1, 0]",300,115.45562744140625,True,7.0,617,0.06025390625
0001,13548,"[2, 1, 0]",300,115.4639720916748,False,7.0,617,0.06025390625
0001,13549,"[2, 1, 0]",300,115.46921730041504,True,7.0,617,0.06025390625
0001,13550,"[2, 1, 0]",300,115.4780387878418,False,7.0,617,0.06025390625
0001,13551,"[2, 1, 0]",300,115.48328399658203,True,7.0,617,0.06025390625
0001,13552,"[2, 1, 0]",300,115.49186706542969,False,7.0,617,0.06025390625
0001,13553,"[2, 1, 0]",300,115.49711227416992,True,7.0,617,0.06025390625
0001,13554,"[2, 1, 0]",300,115.50545692443848,False,7.0,617,0.06025390625
0001,13555,"[2, 1, 0]",300,115.52143096923828,True,7.0,617,0.06025390625
0001,13556,"[2, 1, 0]",300,115.53049087524414,False,7.0,617,0.06025390625
0001,13557,"[2, 1, 0]",300,115.53573608398438,True,7.0,617,0.06025390625
0001,13558,"[2, 1, 0]",300,115.54408073425293,False,7.0,617,0.06025390625
0001,13559,"[2, 1, 0]",300,115.55290222167969,True,7.0,617,0.06025390625
0001,13560,"[2, 1, 0]",300,115.56148529052734,False,7.0,617,0.06025390625
0001,13561,"[2, 1, 0]",300,115.56673049926758,True,7.0,617,0.06025390625
0001,13562,"[2, 1, 0]",300,115.57841300964355,False,7.0,617,0.06025390625
0001,13563,"[2, 1, 0]",300,115.58413505554199,True,7.0,617,0.06025390625
0001,13564,"[2, 1, 0]",300,115.59319496154785,False,7.0,617,0.06025390625
0001,13565,"[2, 1, 0]",300,115.59867858886719,True,7.0,617,0.06025390625
0001,13566,"[2, 1, 0]",300,115.60726165771484,False,7.0,617,0.06025390625
0001,13567,"[2, 1, 0]",300,115.61226844787598,True,7.0,617,0.06025390625
0001,13568,"[2, 1, 0]",300,115.62085151672363,False,7.0,617,0.06025390625
0001,13569,"[2, 1, 0]",300,115.62585830688477,True,7.0,617,0.06025390625
0001,13570,"[2, 1, 0]",300,115.63420295715332,False,7.0,617,0.06025390625
0001,13571,"[2, 1, 0]",300,115.63944816589355,True,7.0,617,0.06025390625
0001,13572,"[2, 1, 0]",300,115.64803123474121,False,7.0,617,0.06025390625
0001,13573,"[2, 1, 0]",300,115.65351486206055,True,7.0,617,0.06025390625
0001,13574,"[2, 1, 0]",300,115.6618595123291,False,7.0,617,0.06025390625
0001,13575,"[2, 1, 0]",300,115.66710472106934,True,7.0,617,0.06025390625
0001,13576,"[2, 1, 0]",300,115.67521095275879,False,7.0,617,0.06025390625
0001,13577,"[2, 1, 0]",300,115.68021774291992,True,7.0,617,0.06025390625
0001,13578,"[2, 1, 0]",300,115.68903923034668,False,7.0,617,0.06025390625
0001,13579,"[2, 1, 0]",300,115.69380760192871,True,7.0,617,0.06025390625
0001,13580,"[2, 1, 0]",300,115.70262908935547,False,7.0,617,0.06025390625
0001,13581,"[2, 1, 0]",300,115.71049690246582,True,7.0,617,0.06025390625
0001,13582,"[2, 1, 0]",300,115.71955680847168,False,7.0,617,0.06025390625
0001,13583,"[2, 1, 0]",300,115.72456359863281,True,7.0,617,0.06025390625
0001,13584,"[2, 1, 0]",300,115.73290824890137,False,7.0,617,0.06025390625
0001,13585,"[2, 1, 0]",300,115.7379150390625,True,7.0,617,0.06025390625
0001,13586,"[2, 1, 0]",300,115.74625968933105,False,7.0,617,0.06025390625
0001,13587,"[2, 1, 0]",300,115.75150489807129,True,7.0,617,0.06025390625
0001,13588,"[2, 1, 0]",300,115.76008796691895,False,7.0,617,0.06025390625
0001,13589,"[2, 1, 0]",300,115.76533317565918,True,7.0,617,0.06025390625
0001,13590,"[2, 1, 0]",300,115.77391624450684,False,7.0,617,0.06025390625
0001,13591,"[2, 1, 0]",300,115.77916145324707,True,7.0,617,0.06025390625
0001,13592,"[2, 1, 0]",300,115.78750610351562,False,7.0,617,0.06025390625
0001,13593,"[2, 1, 0]",300,115.79275131225586,True,7.0,617,0.06025390625
0001,13594,"[2, 1, 0]",300,115.80133438110352,False,7.0,617,0.06025390625
0001,13595,"[2, 1, 0]",300,115.80634117126465,True,7.0,617,0.06025390625
0001,13596,"[2, 1, 0]",300,115.8146858215332,False,7.0,617,0.06025390625
0001,13597,"[2, 1, 0]",300,115.84091186523438,True,7.0,617,0.06025390625
0001,13598,"[2, 1, 0]",300,115.84949493408203,False,7.0,617,0.06025390625
0001,13599,"[2, 1, 0]",300,115.85497856140137,True,7.0,617,0.06025390625
0001,13600,"[2, 1, 0]",300,115.86356163024902,False,7.0,617,0.06025390625
0001,13601,"[2, 1, 0]",300,115.87190628051758,True,7.0,617,0.06025390625
0001,13602,"[2, 1, 0]",300,115.88072776794434,False,7.0,617,0.06025390625
0001,13603,"[2, 1, 0]",300,115.88621139526367,True,7.0,617,0.06025390625
0001,13604,"[2, 1, 0]",300,115.89455604553223,False,7.0,617,0.06025390625
0001,13605,"[2, 1, 0]",300,115.89980125427246,True,7.0,617,0.06025390625
0001,13606,"[2, 1, 0]",300,115.90838432312012,False,7.0,617,0.06025390625
0001,13607,"[2, 1, 0]",300,115.91339111328125,True,7.0,617,0.06025390625
0001,13608,"[2, 1, 0]",300,115.9217357635498,False,7.0,617,0.06025390625
0001,13609,"[2, 1, 0]",300,115.92698097229004,True,7.0,617,0.06025390625
0001,13610,"[2, 1, 0]",300,115.9353256225586,False,7.0,617,0.06025390625
0001,13611,"[2, 1, 0]",300,115.94033241271973,True,7.0,617,0.06025390625
0001,13612,"[2, 1, 0]",300,115.94891548156738,False,7.0,617,0.06025390625
0001,13613,"[2, 1, 0]",300,115.95702171325684,True,7.0,617,0.06025390625
0001,13614,"[2, 1, 0]",300,115.9660816192627,False,7.0,617,0.06025390625
0001,13615,"[2, 1, 0]",300,115.97132682800293,True,7.0,617,0.06025390625
0001,13616,"[2, 1, 0]",300,115.97990989685059,False,7.0,617,0.06025390625
0001,13617,"[2, 1, 0]",300,115.99135398864746,True,7.0,617,0.06025390625
0001,13618,"[2, 1, 0]",300,116.00017547607422,False,7.0,617,0.06025390625
0001,13619,"[2, 1, 0]",300,116.00542068481445,True,7.0,617,0.06025390625
0001,13620,"[2, 1, 0]",300,116.01376533508301,False,7.0,617,0.06025390625
0001,13621,"[2, 1, 0]",300,116.01924896240234,True,7.0,617,0.06025390625
0001,13622,"[2, 1, 0]",300,116.0280704498291,False,7.0,617,0.06025390625
0001,13623,"[2, 1, 0]",300,116.03641510009766,True,7.0,617,0.06025390625
0001,13624,"[2, 1, 0]",300,116.04475975036621,False,7.0,617,0.06025390625
0001,13625,"[2, 1, 0]",300,116.05000495910645,True,7.0,617,0.06025390625
0001,13626,"[2, 1, 0]",300,116.0585880279541,False,7.0,617,0.06025390625
0001,13627,"[2, 1, 0]",300,116.06383323669434,True,7.0,617,0.06025390625
0001,13628,"[2, 1, 0]",300,116.07241630554199,False,7.0,617,0.06025390625
0001,13629,"[2, 1, 0]",300,116.07766151428223,True,7.0,617,0.06025390625
0001,13630,"[2, 1, 0]",300,116.08648300170898,False,7.0,617,0.06025390625
0001,13631,"[2, 1, 0]",300,116.09196662902832,True,7.0,617,0.06025390625
0001,13632,"[2, 1, 0]",300,116.10054969787598,False,7.0,617,0.06025390625
0001,13633,"[2, 1, 0]",300,116.14561080932617,True,7.0,617,0.06025390625
0001,13634,"[2, 1, 0]",300,116.27388000488281,False,7.0,617,0.06025390625
0001,13635,"[2, 1, 0]",300,116.29390716552734,True,7.0,617,0.06025390625
0001,13636,"[2, 1, 0]",300,116.33110046386719,False,7.0,617,0.06025390625
0001,13637,"[2, 1, 0]",300,116.33849143981934,True,7.0,617,0.06025390625
0001,13638,"[2, 1, 0]",300,116.35112762451172,False,7.0,617,0.06025390625
0001,13639,"[2, 1, 0]",300,116.35732650756836,True,7.0,617,0.06025390625
0001,13640,"[2, 1, 0]",300,116.36686325073242,False,7.0,617,0.06025390625
0001,13641,"[2, 1, 0]",300,116.37234687805176,True,7.0,617,0.06025390625
0001,13642,"[2, 1, 0]",300,116.38116836547852,False,7.0,617,0.06025390625
0001,13643,"[2, 1, 0]",300,116.40143394470215,True,7.0,617,0.06025390625
0001,13644,"[2, 1, 0]",300,116.41097068786621,False,7.0,617,0.06025390625
0001,13645,"[2, 1, 0]",300,116.41597747802734,True,7.0,617,0.06025390625
0001,13646,"[2, 1, 0]",300,116.4252758026123,False,7.0,617,0.06025390625
0001,13647,"[2, 1, 0]",300,116.43075942993164,True,7.0,617,0.06025390625
0001,13648,"[2, 1, 0]",300,116.4395809173584,False,7.0,617,0.06025390625
0001,13649,"[2, 1, 0]",300,116.44482612609863,True,7.0,617,0.06025390625
0001,13650,"[2, 1, 0]",300,116.45340919494629,False,7.0,617,0.06025390625
0001,13651,"[2, 1, 0]",300,116.45889282226562,True,7.0,617,0.06025390625
0001,13652,"[2, 1, 0]",300,116.46747589111328,False,7.0,617,0.06025390625
0001,13653,"[2, 1, 0]",300,116.47295951843262,True,7.0,617,0.06025390625
0001,13654,"[2, 1, 0]",300,116.48225784301758,False,7.0,617,0.06025390625
0001,13655,"[2, 1, 0]",300,116.48797988891602,True,7.0,617,0.06025390625
0001,13656,"[2, 1, 0]",300,116.5013313293457,False,7.0,617,0.06025390625
0001,13657,"[2, 1, 0]",300,116.50633811950684,True,7.0,617,0.06025390625
0001,13658,"[2, 1, 0]",300,116.5153980255127,False,7.0,617,0.06025390625
0001,13659,"[2, 1, 0]",300,116.52040481567383,True,7.0,617,0.06025390625
0001,13660,"[2, 1, 0]",300,116.52898788452148,False,7.0,617,0.06025390625
0001,13661,"[2, 1, 0]",300,116.53399467468262,True,7.0,617,0.06025390625
0001,13662,"[2, 1, 0]",300,116.54281616210938,False,7.0,617,0.06025390625
0001,13663,"[2, 1, 0]",300,116.55163764953613,True,7.0,617,0.06025390625
0001,13664,"[2, 1, 0]",300,116.5609359741211,False,7.0,617,0.06025390625
0001,13665,"[2, 1, 0]",300,116.56975746154785,True,7.0,617,0.06025390625
0001,13666,"[2, 1, 0]",300,116.57905578613281,False,7.0,617,0.06025390625
0001,13667,"[2, 1, 0]",300,116.58453941345215,True,7.0,617,0.06025390625
0001,13668,"[2, 1, 0]",300,116.5933609008789,False,7.0,617,0.06025390625
0001,13669,"[2, 1, 0]",300,116.59860610961914,True,7.0,617,0.06025390625
0001,13670,"[2, 1, 0]",300,116.6069507598877,False,7.0,617,0.06025390625
0001,13671,"[2, 1, 0]",300,116.61219596862793,True,7.0,617,0.06025390625
0001,13672,"[2, 1, 0]",300,116.62077903747559,False,7.0,617,0.06025390625
0001,13673,"[2, 1, 0]",300,116.62602424621582,True,7.0,617,0.06025390625
0001,13674,"[2, 1, 0]",300,116.63460731506348,False,7.0,617,0.06025390625
0001,13675,"[2, 1, 0]",300,116.63961410522461,True,7.0,617,0.06025390625
0001,13676,"[2, 1, 0]",300,116.64843559265137,False,7.0,617,0.06025390625
0001,13677,"[2, 1, 0]",300,116.6536808013916,True,7.0,617,0.06025390625
0001,13678,"[2, 1, 0]",300,116.66202545166016,False,7.0,617,0.06025390625
0001,13679,"[2, 1, 0]",300,116.66703224182129,True,7.0,617,0.06025390625
0001,13680,"[2, 1, 0]",300,116.67561531066895,False,7.0,617,0.06025390625
0001,13681,"[2, 1, 0]",300,116.68086051940918,True,7.0,617,0.06025390625
0001,13682,"[2, 1, 0]",300,116.68920516967773,False,7.0,617,0.06025390625
0001,13683,"[2, 1, 0]",300,116.69445037841797,True,7.0,617,0.06025390625
0001,13684,"[2, 1, 0]",300,116.70279502868652,False,7.0,617,0.06025390625
0001,13685,"[2, 1, 0]",300,116.71137809753418,True,7.0,617,0.06025390625
0001,13686,"[2, 1, 0]",300,116.72019958496094,False,7.0,617,0.06025390625
0001,13687,"[2, 1, 0]",300,116.72520637512207,True,7.0,617,0.06025390625
0001,13688,"[2, 1, 0]",300,116.73426628112793,False,7.0,617,0.06025390625
0001,13689,"[2, 1, 0]",300,116.73927307128906,True,7.0,617,0.06025390625
0001,13690,"[2, 1, 0]",300,116.74785614013672,False,7.0,617,0.06025390625
0001,13691,"[2, 1, 0]",300,116.75286293029785,True,7.0,617,0.06025390625
0001,13692,"[2, 1, 0]",300,116.7612075805664,False,7.0,617,0.06025390625
0001,13693,"[2, 1, 0]",300,116.76621437072754,True,7.0,617,0.06025390625
0001,13694,"[2, 1, 0]",300,116.7747974395752,False,7.0,617,0.06025390625
0001,13695,"[2, 1, 0]",300,116.77956581115723,True,7.0,617,0.06025390625
0001,13696,"[2, 1, 0]",300,116.78838729858398,False,7.0,617,0.06025390625
0001,13697,"[2, 1, 0]",300,116.79315567016602,True,7.0,617,0.06025390625
0001,13698,"[2, 1, 0]",300,116.80150032043457,False,7.0,617,0.06025390625
0001,13699,"[2, 1, 0]",300,116.8067455291748,True,7.0,617,0.06025390625
0001,13700,"[2, 1, 0]",300,116.81509017944336,False,7.0,617,0.06025390625
0001,13701,"[2, 1, 0]",300,116.8203353881836,True,7.0,617,0.06025390625
0001,13702,"[2, 1, 0]",300,116.82891845703125,False,7.0,617,0.06025390625
0001,13703,"[2, 1, 0]",300,116.83392524719238,True,7.0,617,0.06025390625
0001,13704,"[2, 1, 0]",300,116.84226989746094,False,7.0,617,0.06025390625
0001,13705,"[2, 1, 0]",300,116.84751510620117,True,7.0,617,0.06025390625
0001,13706,"[2, 1, 0]",300,116.85585975646973,False,7.0,617,0.06025390625
0001,13707,"[2, 1, 0]",300,116.86396598815918,True,7.0,617,0.06025390625
0001,13708,"[2, 1, 0]",300,116.87302589416504,False,7.0,617,0.06025390625
0001,13709,"[2, 1, 0]",300,116.87803268432617,True,7.0,617,0.06025390625
0001,13710,"[2, 1, 0]",300,116.88637733459473,False,7.0,617,0.06025390625
0001,13711,"[2, 1, 0]",300,116.89138412475586,True,7.0,617,0.06025390625
0001,13712,"[2, 1, 0]",300,116.89996719360352,False,7.0,617,0.06025390625
0001,13713,"[2, 1, 0]",300,116.90783500671387,True,7.0,617,0.06025390625
0001,13714,"[2, 1, 0]",300,116.91713333129883,False,7.0,617,0.06025390625
0001,13715,"[2, 1, 0]",300,116.92214012145996,True,7.0,617,0.06025390625
0001,13716,"[2, 1, 0]",300,116.93120002746582,False,7.0,617,0.06025390625
0001,13717,"[2, 1, 0]",300,116.93620681762695,True,7.0,617,0.06025390625
0001,13718,"[2, 1, 0]",300,116.94478988647461,False,7.0,617,0.06025390625
0001,13719,"[2, 1, 0]",300,116.94979667663574,True,7.0,617,0.06025390625
0001,13720,"[2, 1, 0]",300,116.9583797454834,False,7.0,617,0.06025390625
0001,13721,"[2, 1, 0]",300,116.96314811706543,True,7.0,617,0.06025390625
0001,13722,"[2, 1, 0]",300,116.97149276733398,False,7.0,617,0.06025390625
0001,13723,"[2, 1, 0]",300,116.97673797607422,True,7.0,617,0.06025390625
0001,13724,"[2, 1, 0]",300,116.98484420776367,False,7.0,617,0.06025390625
0001,13725,"[2, 1, 0]",300,116.9898509979248,True,7.0,617,0.06025390625
0001,13726,"[2, 1, 0]",300,116.99819564819336,False,7.0,617,0.06025390625
0001,13727,"[2, 1, 0]",300,117.00606346130371,True,7.0,617,0.06025390625
0001,13728,"[2, 1, 0]",300,117.01488494873047,False,7.0,617,0.06025390625
0001,13729,"[2, 1, 0]",300,117.0198917388916,True,7.0,617,0.06025390625
0001,13730,"[2, 1, 0]",300,117.02847480773926,False,7.0,617,0.06025390625
0001,13731,"[2, 1, 0]",300,117.03348159790039,True,7.0,617,0.06025390625
0001,13732,"[2, 1, 0]",300,117.04182624816895,False,7.0,617,0.06025390625
0001,13733,"[2, 1, 0]",300,117.04683303833008,True,7.0,617,0.06025390625
0001,13734,"[2, 1, 0]",300,117.05517768859863,False,7.0,617,0.06025390625
0001,13735,"[2, 1, 0]",300,117.06018447875977,True,7.0,617,0.06025390625
0001,13736,"[2, 1, 0]",300,117.06876754760742,False,7.0,617,0.06025390625
0001,13737,"[2, 1, 0]",300,117.07377433776855,True,7.0,617,0.06025390625
0001,13738,"[2, 1, 0]",300,117.08211898803711,False,7.0,617,0.06025390625
0001,13739,"[2, 1, 0]",300,117.08712577819824,True,7.0,617,0.06025390625
0001,13740,"[2, 1, 0]",300,117.0954704284668,False,7.0,617,0.06025390625
0001,13741,"[2, 1, 0]",300,117.10071563720703,True,7.0,617,0.06025390625
0001,13742,"[2, 1, 0]",300,117.10882186889648,False,7.0,617,0.06025390625
0001,13743,"[2, 1, 0]",300,117.11382865905762,True,7.0,617,0.06025390625
0001,13744,"[2, 1, 0]",300,117.12217330932617,False,7.0,617,0.06025390625
0001,13745,"[2, 1, 0]",300,117.1271800994873,True,7.0,617,0.06025390625
0001,13746,"[2, 1, 0]",300,117.13600158691406,False,7.0,617,0.06025390625
0001,13747,"[2, 1, 0]",300,117.1410083770752,True,7.0,617,0.06025390625
0001,13748,"[2, 1, 0]",300,117.14982986450195,False,7.0,617,0.06025390625
0001,13749,"[2, 1, 0]",300,117.1576976776123,True,7.0,617,0.06025390625
0001,13750,"[2, 1, 0]",300,117.16628074645996,False,7.0,617,0.06025390625
0001,13751,"[2, 1, 0]",300,117.1715259552002,True,7.0,617,0.06025390625
0001,13752,"[2, 1, 0]",300,117.17987060546875,False,7.0,617,0.06025390625
0001,13753,"[2, 1, 0]",300,117.18511581420898,True,7.0,617,0.06025390625
0001,13754,"[2, 1, 0]",300,117.19322204589844,False,7.0,617,0.06025390625
0001,13755,"[2, 1, 0]",300,117.19846725463867,True,7.0,617,0.06025390625
0001,13756,"[2, 1, 0]",300,117.20657348632812,False,7.0,617,0.06025390625
0001,13757,"[2, 1, 0]",300,117.21181869506836,True,7.0,617,0.06025390625
0001,13758,"[2, 1, 0]",300,117.22016334533691,False,7.0,617,0.06025390625
0001,13759,"[2, 1, 0]",300,117.22493171691895,True,7.0,617,0.06025390625
0001,13760,"[2, 1, 0]",300,117.2332763671875,False,7.0,617,0.06025390625
0001,13761,"[2, 1, 0]",300,117.23828315734863,True,7.0,617,0.06025390625
0001,13762,"[2, 1, 0]",300,117.24686622619629,False,7.0,617,0.06025390625
0001,13763,"[2, 1, 0]",300,117.25163459777832,True,7.0,617,0.06025390625
0001,13764,"[2, 1, 0]",300,117.2637939453125,False,7.0,617,0.06025390625
0001,13765,"[2, 1, 0]",300,117.26880073547363,True,7.0,617,0.06025390625
0001,13766,"[2, 1, 0]",300,117.27786064147949,False,7.0,617,0.06025390625
0001,13767,"[2, 1, 0]",300,117.28262901306152,True,7.0,617,0.06025390625
0001,13768,"[2, 1, 0]",300,117.29121208190918,False,7.0,617,0.06025390625
0001,13769,"[2, 1, 0]",300,117.29931831359863,True,7.0,617,0.06025390625
0001,13770,"[2, 1, 0]",300,117.30790138244629,False,7.0,617,0.06025390625
0001,13771,"[2, 1, 0]",300,117.31290817260742,True,7.0,617,0.06025390625
0001,13772,"[2, 1, 0]",300,117.32149124145508,False,7.0,617,0.06025390625
0001,13773,"[2, 1, 0]",300,117.32649803161621,True,7.0,617,0.06025390625
0001,13774,"[2, 1, 0]",300,117.33460426330566,False,7.0,617,0.06025390625
0001,13775,"[2, 1, 0]",300,117.3396110534668,True,7.0,617,0.06025390625
0001,13776,"[2, 1, 0]",300,117.34819412231445,False,7.0,617,0.06025390625
0001,13777,"[2, 1, 0]",300,117.35320091247559,True,7.0,617,0.06025390625
0001,13778,"[2, 1, 0]",300,117.36154556274414,False,7.0,617,0.06025390625
0001,13779,"[2, 1, 0]",300,117.36655235290527,True,7.0,617,0.06025390625
0001,13780,"[2, 1, 0]",300,117.37513542175293,False,7.0,617,0.06025390625
0001,13781,"[2, 1, 0]",300,117.38014221191406,True,7.0,617,0.06025390625
0001,13782,"[2, 1, 0]",300,117.38848686218262,False,7.0,617,0.06025390625
0001,13783,"[2, 1, 0]",300,117.39397048950195,True,7.0,617,0.06025390625
0001,13784,"[2, 1, 0]",300,117.40231513977051,False,7.0,617,0.06025390625
0001,13785,"[2, 1, 0]",300,117.41065979003906,True,7.0,617,0.06025390625
0001,13786,"[2, 1, 0]",300,117.41924285888672,False,7.0,617,0.06025390625
0001,13787,"[2, 1, 0]",300,117.42472648620605,True,7.0,617,0.06025390625
0001,13788,"[2, 1, 0]",300,117.43354797363281,False,7.0,617,0.06025390625
0001,13789,"[2, 1, 0]",300,117.43903160095215,True,7.0,617,0.06025390625
0001,13790,"[2, 1, 0]",300,117.4478530883789,False,7.0,617,0.06025390625
0001,13791,"[2, 1, 0]",300,117.45572090148926,True,7.0,617,0.06025390625
0001,13792,"[2, 1, 0]",300,117.46430397033691,False,7.0,617,0.06025390625
0001,13793,"[2, 1, 0]",300,117.46978759765625,True,7.0,617,0.06025390625
0001,13794,"[2, 1, 0]",300,117.4781322479248,False,7.0,617,0.06025390625
0001,13795,"[2, 1, 0]",300,117.48409271240234,True,7.0,617,0.06025390625
0001,13796,"[2, 1, 0]",300,117.4933910369873,False,7.0,617,0.06025390625
0001,13797,"[2, 1, 0]",300,117.49863624572754,True,7.0,617,0.06025390625
0001,13798,"[2, 1, 0]",300,117.5074577331543,False,7.0,617,0.06025390625
0001,13799,"[2, 1, 0]",300,117.51246452331543,True,7.0,617,0.06025390625
0001,13800,"[2, 1, 0]",300,117.52104759216309,False,7.0,617,0.06025390625
0001,13801,"[2, 1, 0]",300,117.52605438232422,True,7.0,617,0.06025390625
0001,13802,"[2, 1, 0]",300,117.53416061401367,False,7.0,617,0.06025390625
0001,13803,"[2, 1, 0]",300,117.5394058227539,True,7.0,617,0.06025390625
0001,13804,"[2, 1, 0]",300,117.54798889160156,False,7.0,617,0.06025390625
0001,13805,"[2, 1, 0]",300,117.5532341003418,True,7.0,617,0.06025390625
0001,13806,"[2, 1, 0]",300,117.56181716918945,False,7.0,617,0.06025390625
0001,13807,"[2, 1, 0]",300,117.56706237792969,True,7.0,617,0.06025390625
0001,13808,"[2, 1, 0]",300,117.57516860961914,False,7.0,617,0.06025390625
0001,13809,"[2, 1, 0]",300,117.58041381835938,True,7.0,617,0.06025390625
0001,13810,"[2, 1, 0]",300,117.58875846862793,False,7.0,617,0.06025390625
0001,13811,"[2, 1, 0]",300,117.59662628173828,True,7.0,617,0.06025390625
0001,13812,"[2, 1, 0]",300,117.60544776916504,False,7.0,617,0.06025390625
0001,13813,"[2, 1, 0]",300,117.61021614074707,True,7.0,617,0.06025390625
0001,13814,"[2, 1, 0]",300,117.62523651123047,False,7.0,617,0.06025390625
0001,13815,"[2, 1, 0]",300,117.6304817199707,True,7.0,617,0.06025390625
0001,13816,"[2, 1, 0]",300,117.63930320739746,False,7.0,617,0.06025390625
0001,13817,"[2, 1, 0]",300,117.6445484161377,True,7.0,617,0.06025390625
0001,13818,"[2, 1, 0]",300,117.65313148498535,False,7.0,617,0.06025390625
0001,13819,"[2, 1, 0]",300,117.65789985656738,True,7.0,617,0.06025390625
0001,13820,"[2, 1, 0]",300,117.66648292541504,False,7.0,617,0.06025390625
0001,13821,"[2, 1, 0]",300,117.67148971557617,True,7.0,617,0.06025390625
0001,13822,"[2, 1, 0]",300,117.67983436584473,False,7.0,617,0.06025390625
0001,13823,"[2, 1, 0]",300,117.68507957458496,True,7.0,617,0.06025390625
0001,13824,"[2, 1, 0]",300,117.69342422485352,False,7.0,617,0.06025390625
0001,13825,"[2, 1, 0]",300,117.69866943359375,True,7.0,617,0.06025390625
0001,13826,"[2, 1, 0]",300,117.7070140838623,False,7.0,617,0.06025390625
0001,13827,"[2, 1, 0]",300,117.71225929260254,True,7.0,617,0.06025390625
0001,13828,"[2, 1, 0]",300,117.7206039428711,False,7.0,617,0.06025390625
0001,13829,"[2, 1, 0]",300,117.72584915161133,True,7.0,617,0.06025390625
0001,13830,"[2, 1, 0]",300,117.73419380187988,False,7.0,617,0.06025390625
0001,13831,"[2, 1, 0]",300,117.73943901062012,True,7.0,617,0.06025390625
0001,13832,"[2, 1, 0]",300,117.74778366088867,False,7.0,617,0.06025390625
0001,13833,"[2, 1, 0]",300,117.75612831115723,True,7.0,617,0.06025390625
0001,13834,"[2, 1, 0]",300,117.76471138000488,False,7.0,617,0.06025390625
0001,13835,"[2, 1, 0]",300,117.76971817016602,True,7.0,617,0.06025390625
0001,13836,"[2, 1, 0]",300,117.77877807617188,False,7.0,617,0.06025390625
0001,13837,"[2, 1, 0]",300,117.7835464477539,True,7.0,617,0.06025390625
0001,13838,"[2, 1, 0]",300,117.79236793518066,False,7.0,617,0.06025390625
0001,13839,"[2, 1, 0]",300,117.7973747253418,True,7.0,617,0.06025390625
0001,13840,"[2, 1, 0]",300,117.80571937561035,False,7.0,617,0.06025390625
0001,13841,"[2, 1, 0]",300,117.81072616577148,True,7.0,617,0.06025390625
0001,13842,"[2, 1, 0]",300,117.81954765319824,False,7.0,617,0.06025390625
0001,13843,"[2, 1, 0]",300,117.82455444335938,True,7.0,617,0.06025390625
0001,13844,"[2, 1, 0]",300,117.83313751220703,False,7.0,617,0.06025390625
0001,13845,"[2, 1, 0]",300,117.83814430236816,True,7.0,617,0.06025390625
0001,13846,"[2, 1, 0]",300,117.84648895263672,False,7.0,617,0.06025390625
0001,13847,"[2, 1, 0]",300,117.85149574279785,True,7.0,617,0.06025390625
0001,13848,"[2, 1, 0]",300,117.8598403930664,False,7.0,617,0.06025390625
0001,13849,"[2, 1, 0]",300,117.86484718322754,True,7.0,617,0.06025390625
0001,13850,"[2, 1, 0]",300,117.90657043457031,False,7.0,617,0.06025390625
0001,13851,"[2, 1, 0]",300,117.91825294494629,True,7.0,617,0.06025390625
0001,13852,"[2, 1, 0]",300,117.93160438537598,False,7.0,617,0.06025390625
0001,13853,"[2, 1, 0]",300,117.94447898864746,True,7.0,617,0.06025390625
0001,13854,"[2, 1, 0]",300,117.95520782470703,False,7.0,617,0.06025390625
0001,13855,"[2, 1, 0]",300,117.96116828918457,True,7.0,617,0.06025390625
0001,13856,"[2, 1, 0]",300,117.97046661376953,False,7.0,617,0.06025390625
0001,13857,"[2, 1, 0]",300,117.97618865966797,True,7.0,617,0.06025390625
0001,13858,"[2, 1, 0]",300,117.98739433288574,False,7.0,617,0.06025390625
0001,13859,"[2, 1, 0]",300,117.99383163452148,True,7.0,617,0.06025390625
0001,13860,"[2, 1, 0]",300,118.00336837768555,False,7.0,617,0.06025390625
0001,13861,"[2, 1, 0]",300,118.00885200500488,True,7.0,617,0.06025390625
0001,13862,"[2, 1, 0]",300,118.01791191101074,False,7.0,617,0.06025390625
0001,13863,"[2, 1, 0]",300,118.02315711975098,True,7.0,617,0.06025390625
0001,13864,"[2, 1, 0]",300,118.03269386291504,False,7.0,617,0.06025390625
0001,13865,"[2, 1, 0]",300,118.0419921875,True,7.0,617,0.06025390625
0001,13866,"[2, 1, 0]",300,118.05200576782227,False,7.0,617,0.06025390625
0001,13867,"[2, 1, 0]",300,118.0577278137207,True,7.0,617,0.06025390625
0001,13868,"[2, 1, 0]",300,118.06964874267578,False,7.0,617,0.06025390625
0001,13869,"[2, 1, 0]",300,118.07513236999512,True,7.0,617,0.06025390625
0001,13870,"[2, 1, 0]",300,118.08466911315918,False,7.0,617,0.06025390625
0001,13871,"[2, 1, 0]",300,118.09039115905762,True,7.0,617,0.06025390625
0001,13872,"[2, 1, 0]",300,118.09945106506348,False,7.0,617,0.06025390625
0001,13873,"[2, 1, 0]",300,118.10493469238281,True,7.0,617,0.06025390625
0001,13874,"[2, 1, 0]",300,118.11399459838867,False,7.0,617,0.06025390625
0001,13875,"[2, 1, 0]",300,118.12305450439453,True,7.0,617,0.06025390625
0001,13876,"[2, 1, 0]",300,118.13211441040039,False,7.0,617,0.06025390625
0001,13877,"[2, 1, 0]",300,118.13735961914062,True,7.0,617,0.06025390625
0001,13878,"[2, 1, 0]",300,118.14641952514648,False,7.0,617,0.06025390625
0001,13879,"[2, 1, 0]",300,118.15166473388672,True,7.0,617,0.06025390625
0001,13880,"[2, 1, 0]",300,118.16000938415527,False,7.0,617,0.06025390625
0001,13881,"[2, 1, 0]",300,118.1650161743164,True,7.0,617,0.06025390625
0001,13882,"[2, 1, 0]",300,118.17407608032227,False,7.0,617,0.06025390625
0001,13883,"[2, 1, 0]",300,118.1790828704834,True,7.0,617,0.06025390625
0001,13884,"[2, 1, 0]",300,118.18766593933105,False,7.0,617,0.06025390625
0001,13885,"[2, 1, 0]",300,118.19267272949219,True,7.0,617,0.06025390625
0001,13886,"[2, 1, 0]",300,118.20197105407715,False,7.0,617,0.06025390625
0001,13887,"[2, 1, 0]",300,118.20745468139648,True,7.0,617,0.06025390625
0001,13888,"[2, 1, 0]",300,118.21675300598145,False,7.0,617,0.06025390625
0001,13889,"[2, 1, 0]",300,118.22271347045898,True,7.0,617,0.06025390625
0001,13890,"[2, 1, 0]",300,118.23153495788574,False,7.0,617,0.06025390625
0001,13891,"[2, 1, 0]",300,118.23701858520508,True,7.0,617,0.06025390625
0001,13892,"[2, 1, 0]",300,118.24703216552734,False,7.0,617,0.06025390625
0001,13893,"[2, 1, 0]",300,118.25203895568848,True,7.0,617,0.06025390625
0001,13894,"[2, 1, 0]",300,118.26133728027344,False,7.0,617,0.06025390625
0001,13895,"[2, 1, 0]",300,118.2701587677002,True,7.0,617,0.06025390625
0001,13896,"[2, 1, 0]",300,118.27945709228516,False,7.0,617,0.06025390625
0001,13897,"[2, 1, 0]",300,118.2851791381836,True,7.0,617,0.06025390625
0001,13898,"[2, 1, 0]",300,118.29376220703125,False,7.0,617,0.06025390625
0001,13899,"[2, 1, 0]",300,118.29876899719238,True,7.0,617,0.06025390625
0001,13900,"[2, 1, 0]",300,118.30711364746094,False,7.0,617,0.06025390625
0001,13901,"[2, 1, 0]",300,118.31235885620117,True,7.0,617,0.06025390625
0001,13902,"[2, 1, 0]",300,118.32094192504883,False,7.0,617,0.06025390625
0001,13903,"[2, 1, 0]",300,118.32642555236816,True,7.0,617,0.06025390625
0001,13904,"[2, 1, 0]",300,118.33524703979492,False,7.0,617,0.06025390625
0001,13905,"[2, 1, 0]",300,118.34096908569336,True,7.0,617,0.06025390625
0001,13906,"[2, 1, 0]",300,118.34931373596191,False,7.0,617,0.06025390625
0001,13907,"[2, 1, 0]",300,118.35479736328125,True,7.0,617,0.06025390625
0001,13908,"[2, 1, 0]",300,118.3631420135498,False,7.0,617,0.06025390625
0001,13909,"[2, 1, 0]",300,118.36838722229004,True,7.0,617,0.06025390625
0001,13910,"[2, 1, 0]",300,118.37887763977051,False,7.0,617,0.06025390625
0001,13911,"[2, 1, 0]",300,118.38674545288086,True,7.0,617,0.06025390625
0001,13912,"[2, 1, 0]",300,118.40057373046875,False,7.0,617,0.06025390625
0001,13913,"[2, 1, 0]",300,118.4084415435791,True,7.0,617,0.06025390625
0001,13914,"[2, 1, 0]",300,118.4239387512207,False,7.0,617,0.06025390625
0001,13915,"[2, 1, 0]",300,118.43562126159668,True,7.0,617,0.06025390625
0001,13916,"[2, 1, 0]",300,118.44706535339355,False,7.0,617,0.06025390625
0001,13917,"[2, 1, 0]",300,118.45636367797852,True,7.0,617,0.06025390625
0001,13918,"[2, 1, 0]",300,118.46566200256348,False,7.0,617,0.06025390625
0001,13919,"[2, 1, 0]",300,118.47066879272461,True,7.0,617,0.06025390625
0001,13920,"[2, 1, 0]",300,118.47949028015137,False,7.0,617,0.06025390625
0001,13921,"[2, 1, 0]",300,118.4847354888916,True,7.0,617,0.06025390625
0001,13922,"[2, 1, 0]",300,118.49331855773926,False,7.0,617,0.06025390625
0001,13923,"[2, 1, 0]",300,118.49832534790039,True,7.0,617,0.06025390625
0001,13924,"[2, 1, 0]",300,118.50714683532715,False,7.0,617,0.06025390625
0001,13925,"[2, 1, 0]",300,118.51215362548828,True,7.0,617,0.06025390625
0001,13926,"[2, 1, 0]",300,118.52049827575684,False,7.0,617,0.06025390625
0001,13927,"[2, 1, 0]",300,118.52550506591797,True,7.0,617,0.06025390625
0001,13928,"[2, 1, 0]",300,118.53408813476562,False,7.0,617,0.06025390625
0001,13929,"[2, 1, 0]",300,118.53933334350586,True,7.0,617,0.06025390625
0001,13930,"[2, 1, 0]",300,118.54863166809082,False,7.0,617,0.06025390625
0001,13931,"[2, 1, 0]",300,118.55387687683105,True,7.0,617,0.06025390625
0001,13932,"[2, 1, 0]",300,118.56245994567871,False,7.0,617,0.06025390625
0001,13933,"[2, 1, 0]",300,118.56746673583984,True,7.0,617,0.06025390625
0001,13934,"[2, 1, 0]",300,118.5760498046875,False,7.0,617,0.06025390625
0001,13935,"[2, 1, 0]",300,118.58129501342773,True,7.0,617,0.06025390625
0001,13936,"[2, 1, 0]",300,118.58963966369629,False,7.0,617,0.06025390625
0001,13937,"[2, 1, 0]",300,118.59798431396484,True,7.0,617,0.06025390625
0001,13938,"[2, 1, 0]",300,118.6068058013916,False,7.0,617,0.06025390625
0001,13939,"[2, 1, 0]",300,118.61228942871094,True,7.0,617,0.06025390625
0001,13940,"[2, 1, 0]",300,118.6208724975586,False,7.0,617,0.06025390625
0001,13941,"[2, 1, 0]",300,118.62587928771973,True,7.0,617,0.06025390625
0001,13942,"[2, 1, 0]",300,118.63422393798828,False,7.0,617,0.06025390625
0001,13943,"[2, 1, 0]",300,118.63946914672852,True,7.0,617,0.06025390625
0001,13944,"[2, 1, 0]",300,118.64781379699707,False,7.0,617,0.06025390625
0001,13945,"[2, 1, 0]",300,119.05956268310547,True,7.0,617,0.06025390625
0001,13946,"[2, 1, 0]",300,119.07410621643066,False,7.0,617,0.06025390625
0001,13947,"[2, 1, 0]",300,119.0800666809082,True,7.0,617,0.06025390625
0001,13948,"[2, 1, 0]",300,119.08936500549316,False,7.0,617,0.06025390625
0001,13949,"[2, 1, 0]",300,119.0946102142334,True,7.0,617,0.06025390625
0001,13950,"[2, 1, 0]",300,119.10343170166016,False,7.0,617,0.06025390625
0001,13951,"[2, 1, 0]",300,119.10891532897949,True,7.0,617,0.06025390625
0001,13952,"[2, 1, 0]",300,119.11773681640625,False,7.0,617,0.06025390625
0001,13953,"[2, 1, 0]",300,119.12870407104492,True,7.0,617,0.06025390625
0001,13954,"[2, 1, 0]",300,119.13704872131348,False,7.0,617,0.06025390625
0001,13955,"[2, 1, 0]",300,119.14277076721191,True,7.0,617,0.06025390625
0001,13956,"[2, 1, 0]",300,119.15135383605957,False,7.0,617,0.06025390625
0001,13957,"[2, 1, 0]",300,119.15707588195801,True,7.0,617,0.06025390625
0001,13958,"[2, 1, 0]",300,119.16565895080566,False,7.0,617,0.06025390625
0001,13959,"[2, 1, 0]",300,119.17424201965332,True,7.0,617,0.06025390625
0001,13960,"[2, 1, 0]",300,119.18330192565918,False,7.0,617,0.06025390625
0001,13961,"[2, 1, 0]",300,119.18854713439941,True,7.0,617,0.06025390625
0001,13962,"[2, 1, 0]",300,119.19713020324707,False,7.0,617,0.06025390625
0001,13963,"[2, 1, 0]",300,119.2023754119873,True,7.0,617,0.06025390625
0001,13964,"[2, 1, 0]",300,119.21095848083496,False,7.0,617,0.06025390625
0001,13965,"[2, 1, 0]",300,119.21906471252441,True,7.0,617,0.06025390625
0001,13966,"[2, 1, 0]",300,119.22883987426758,False,7.0,617,0.06025390625
0001,13967,"[2, 1, 0]",300,119.23408508300781,True,7.0,617,0.06025390625
0001,13968,"[2, 1, 0]",300,119.24338340759277,False,7.0,617,0.06025390625
0001,13969,"[2, 1, 0]",300,119.2483901977539,True,7.0,617,0.06025390625
0001,13970,"[2, 1, 0]",300,119.25721168518066,False,7.0,617,0.06025390625
0001,13971,"[2, 1, 0]",300,119.2622184753418,True,7.0,617,0.06025390625
0001,13972,"[2, 1, 0]",300,119.27080154418945,False,7.0,617,0.06025390625
0001,13973,"[2, 1, 0]",300,119.27580833435059,True,7.0,617,0.06025390625
0001,13974,"[2, 1, 0]",300,119.28439140319824,False,7.0,617,0.06025390625
0001,13975,"[2, 1, 0]",300,119.28939819335938,True,7.0,617,0.06025390625
0001,13976,"[2, 1, 0]",300,119.29869651794434,False,7.0,617,0.06025390625
0001,13977,"[2, 1, 0]",300,119.30346488952637,True,7.0,617,0.06025390625
0001,13978,"[2, 1, 0]",300,119.31228637695312,False,7.0,617,0.06025390625
0001,13979,"[2, 1, 0]",300,119.32039260864258,True,7.0,617,0.06025390625
0001,13980,"[2, 1, 0]",300,119.32945251464844,False,7.0,617,0.06025390625
0001,13981,"[2, 1, 0]",300,119.33445930480957,True,7.0,617,0.06025390625
0001,13982,"[2, 1, 0]",300,119.34280395507812,False,7.0,617,0.06025390625
0001,13983,"[2, 1, 0]",300,119.34804916381836,True,7.0,617,0.06025390625
0001,13984,"[2, 1, 0]",300,119.35615539550781,False,7.0,617,0.06025390625
0001,13985,"[2, 1, 0]",300,119.36140060424805,True,7.0,617,0.06025390625
0001,13986,"[2, 1, 0]",300,119.3697452545166,False,7.0,617,0.06025390625
0001,13987,"[2, 1, 0]",300,119.37499046325684,True,7.0,617,0.06025390625
0001,13988,"[2, 1, 0]",300,119.38357353210449,False,7.0,617,0.06025390625
0001,13989,"[2, 1, 0]",300,119.38881874084473,True,7.0,617,0.06025390625
0001,13990,"[2, 1, 0]",300,119.39716339111328,False,7.0,617,0.06025390625
0001,13991,"[2, 1, 0]",300,119.40240859985352,True,7.0,617,0.06025390625
0001,13992,"[2, 1, 0]",300,119.41075325012207,False,7.0,617,0.06025390625
0001,13993,"[2, 1, 0]",300,119.4155216217041,True,7.0,617,0.06025390625
0001,13994,"[2, 1, 0]",300,119.42410469055176,False,7.0,617,0.06025390625
0001,13995,"[2, 1, 0]",300,119.42887306213379,True,7.0,617,0.06025390625
0001,13996,"[2, 1, 0]",300,119.43769454956055,False,7.0,617,0.06025390625
0001,13997,"[2, 1, 0]",300,119.44270133972168,True,7.0,617,0.06025390625
0001,13998,"[2, 1, 0]",300,119.45152282714844,False,7.0,617,0.06025390625
0001,13999,"[2, 1, 0]",300,119.45629119873047,True,7.0,617,0.06025390625
0001,14000,"[2, 1, 0]",300,119.46439743041992,False,7.0,617,0.06025390625
0001,14001,"[2, 1, 0]",300,119.47274208068848,True,7.0,617,0.06025390625
0001,14002,"[2, 1, 0]",300,119.48108673095703,False,7.0,617,0.06025390625
0001,14003,"[2, 1, 0]",300,119.48633193969727,True,7.0,617,0.06025390625
0001,14004,"[2, 1, 0]",300,119.49491500854492,False,7.0,617,0.06025390625
0001,14005,"[2, 1, 0]",300,119.49992179870605,True,7.0,617,0.06025390625
0001,14006,"[2, 1, 0]",300,119.537353515625,False,7.0,617,0.06025390625
0001,14007,"[2, 1, 0]",300,119.54474449157715,True,7.0,617,0.06025390625
0001,14008,"[2, 1, 0]",300,119.55428123474121,False,7.0,617,0.06025390625
0001,14009,"[2, 1, 0]",300,119.55952644348145,True,7.0,617,0.06025390625
0001,14010,"[2, 1, 0]",300,119.56787109375,False,7.0,617,0.06025390625
0001,14011,"[2, 1, 0]",300,119.57311630249023,True,7.0,617,0.06025390625
0001,14012,"[2, 1, 0]",300,119.58169937133789,False,7.0,617,0.06025390625
0001,14013,"[2, 1, 0]",300,119.58694458007812,True,7.0,617,0.06025390625
0001,14014,"[2, 1, 0]",300,119.59552764892578,False,7.0,617,0.06025390625
0001,14015,"[2, 1, 0]",300,119.60053443908691,True,7.0,617,0.06025390625
0001,14016,"[2, 1, 0]",300,119.61245536804199,False,7.0,617,0.06025390625
0001,14017,"[2, 1, 0]",300,119.61770057678223,True,7.0,617,0.06025390625
0001,14018,"[2, 1, 0]",300,119.62628364562988,False,7.0,617,0.06025390625
0001,14019,"[2, 1, 0]",300,119.6444034576416,True,7.0,617,0.06025390625
0001,14020,"[2, 1, 0]",300,119.66872215270996,False,7.0,617,0.06025390625
0001,14021,"[2, 1, 0]",300,119.68851089477539,True,7.0,617,0.06025390625
0001,14022,"[2, 1, 0]",300,119.70186233520508,False,7.0,617,0.06025390625
0001,14023,"[2, 1, 0]",300,119.70877647399902,True,7.0,617,0.06025390625
0001,14024,"[2, 1, 0]",300,119.71926689147949,False,7.0,617,0.06025390625
0001,14025,"[2, 1, 0]",300,119.72522735595703,True,7.0,617,0.06025390625
0001,14026,"[2, 1, 0]",300,119.73428726196289,False,7.0,617,0.06025390625
0001,14027,"[2, 1, 0]",300,119.73977088928223,True,7.0,617,0.06025390625
0001,14028,"[2, 1, 0]",300,119.74835395812988,False,7.0,617,0.06025390625
0001,14029,"[2, 1, 0]",300,119.75359916687012,True,7.0,617,0.06025390625
0001,14030,"[2, 1, 0]",300,119.76265907287598,False,7.0,617,0.06025390625
0001,14031,"[2, 1, 0]",300,119.76766586303711,True,7.0,617,0.06025390625
0001,14032,"[2, 1, 0]",300,119.77601051330566,False,7.0,617,0.06025390625
0001,14033,"[2, 1, 0]",300,119.7812557220459,True,7.0,617,0.06025390625
0001,14034,"[2, 1, 0]",300,119.78983879089355,False,7.0,617,0.06025390625
0001,14035,"[2, 1, 0]",300,119.79508399963379,True,7.0,617,0.06025390625
0001,14036,"[2, 1, 0]",300,119.80366706848145,False,7.0,617,0.06025390625
0001,14037,"[2, 1, 0]",300,119.80867385864258,True,7.0,617,0.06025390625
0001,14038,"[2, 1, 0]",300,119.81725692749023,False,7.0,617,0.06025390625
0001,14039,"[2, 1, 0]",300,119.82250213623047,True,7.0,617,0.06025390625
0001,14040,"[2, 1, 0]",300,119.83108520507812,False,7.0,617,0.06025390625
0001,14041,"[2, 1, 0]",300,119.83633041381836,True,7.0,617,0.06025390625
0001,14042,"[2, 1, 0]",300,119.84467506408691,False,7.0,617,0.06025390625
0001,14043,"[2, 1, 0]",300,119.85301971435547,True,7.0,617,0.06025390625
0001,14044,"[2, 1, 0]",300,119.86184120178223,False,7.0,617,0.06025390625
0001,14045,"[2, 1, 0]",300,119.86684799194336,True,7.0,617,0.06025390625
0001,14046,"[2, 1, 0]",300,119.87566947937012,False,7.0,617,0.06025390625
0001,14047,"[2, 1, 0]",300,119.88043785095215,True,7.0,617,0.06025390625
0001,14048,"[2, 1, 0]",300,119.91190910339355,False,7.0,617,0.06025390625
0001,14049,"[2, 1, 0]",300,119.92454528808594,True,7.0,617,0.06025390625
0001,14050,"[2, 1, 0]",300,119.94099617004395,False,7.0,617,0.06025390625
0001,14051,"[2, 1, 0]",300,119.94814872741699,True,7.0,617,0.06025390625
0001,14052,"[2, 1, 0]",300,119.95959281921387,False,7.0,617,0.06025390625
0001,14053,"[2, 1, 0]",300,119.96579170227051,True,7.0,617,0.06025390625
0001,14054,"[2, 1, 0]",300,119.97652053833008,False,7.0,617,0.06025390625
0001,14055,"[2, 1, 0]",300,119.98319625854492,True,7.0,617,0.06025390625
0001,14056,"[2, 1, 0]",300,119.99320983886719,False,7.0,617,0.06025390625
0001,14057,"[2, 1, 0]",300,119.99869346618652,True,7.0,617,0.06025390625
0001,14058,"[2, 1, 0]",300,120.00775337219238,False,7.0,617,0.06025390625
0001,14059,"[2, 1, 0]",300,120.01299858093262,True,7.0,617,0.06025390625
0001,14060,"[2, 1, 0]",300,120.02182006835938,False,7.0,617,0.06025390625
0001,14061,"[2, 1, 0]",300,120.02754211425781,True,7.0,617,0.06025390625
0001,14062,"[2, 1, 0]",300,120.03588676452637,False,7.0,617,0.06025390625
0001,14063,"[2, 1, 0]",300,120.04661560058594,True,7.0,617,0.06025390625
0001,14064,"[2, 1, 0]",300,120.0563907623291,False,7.0,617,0.06025390625
0001,14065,"[2, 1, 0]",300,120.06187438964844,True,7.0,617,0.06025390625
0001,14066,"[2, 1, 0]",300,120.07498741149902,False,7.0,617,0.06025390625
0001,14067,"[2, 1, 0]",300,120.08118629455566,True,7.0,617,0.06025390625
0001,14068,"[2, 1, 0]",300,120.09119987487793,False,7.0,617,0.06025390625
0001,14069,"[2, 1, 0]",300,120.09668350219727,True,7.0,617,0.06025390625
0001,14070,"[2, 1, 0]",300,120.10574340820312,False,7.0,617,0.06025390625
0001,14071,"[2, 1, 0]",300,120.11098861694336,True,7.0,617,0.06025390625
0001,14072,"[2, 1, 0]",300,120.11933326721191,False,7.0,617,0.06025390625
0001,14073,"[2, 1, 0]",300,120.12457847595215,True,7.0,617,0.06025390625
0001,14074,"[2, 1, 0]",300,120.1329231262207,False,7.0,617,0.06025390625
0001,14075,"[2, 1, 0]",300,120.13792991638184,True,7.0,617,0.06025390625
0001,14076,"[2, 1, 0]",300,120.14651298522949,False,7.0,617,0.06025390625
0001,14077,"[2, 1, 0]",300,120.15151977539062,True,7.0,617,0.06025390625
0001,14078,"[2, 1, 0]",300,120.16010284423828,False,7.0,617,0.06025390625
0001,14079,"[2, 1, 0]",300,120.16510963439941,True,7.0,617,0.06025390625
0001,14080,"[2, 1, 0]",300,120.17369270324707,False,7.0,617,0.06025390625
0001,14081,"[2, 1, 0]",300,120.1786994934082,True,7.0,617,0.06025390625
0001,14082,"[2, 1, 0]",300,120.18728256225586,False,7.0,617,0.06025390625
0001,14083,"[2, 1, 0]",300,120.19205093383789,True,7.0,617,0.06025390625
0001,14084,"[2, 1, 0]",300,120.20087242126465,False,7.0,617,0.06025390625
0001,14085,"[2, 1, 0]",300,120.2092170715332,True,7.0,617,0.06025390625
0001,14086,"[2, 1, 0]",300,120.21780014038086,False,7.0,617,0.06025390625
0001,14087,"[2, 1, 0]",300,120.2230453491211,True,7.0,617,0.06025390625
0001,14088,"[2, 1, 0]",300,120.23138999938965,False,7.0,617,0.06025390625
0001,14089,"[2, 1, 0]",300,120.23663520812988,True,7.0,617,0.06025390625
0001,14090,"[2, 1, 0]",300,120.24497985839844,False,7.0,617,0.06025390625
0001,14091,"[2, 1, 0]",300,120.25022506713867,True,7.0,617,0.06025390625
0001,14092,"[2, 1, 0]",300,120.25856971740723,False,7.0,617,0.06025390625
0001,14093,"[2, 1, 0]",300,120.26381492614746,True,7.0,617,0.06025390625
0001,14094,"[2, 1, 0]",300,120.27215957641602,False,7.0,617,0.06025390625
0001,14095,"[2, 1, 0]",300,120.27716636657715,True,7.0,617,0.06025390625
0001,14096,"[2, 1, 0]",300,120.2855110168457,False,7.0,617,0.06025390625
0001,14097,"[2, 1, 0]",300,120.29051780700684,True,7.0,617,0.06025390625
0001,14098,"[2, 1, 0]",300,120.29910087585449,False,7.0,617,0.06025390625
0001,14099,"[2, 1, 0]",300,120.30410766601562,True,7.0,617,0.06025390625
0001,14100,"[2, 1, 0]",300,120.31269073486328,False,7.0,617,0.06025390625
0001,14101,"[2, 1, 0]",300,120.31745910644531,True,7.0,617,0.06025390625
0001,14102,"[2, 1, 0]",300,120.32628059387207,False,7.0,617,0.06025390625
0001,14103,"[2, 1, 0]",300,120.3310489654541,True,7.0,617,0.06025390625
0001,14104,"[2, 1, 0]",300,120.33963203430176,False,7.0,617,0.06025390625
0001,14105,"[2, 1, 0]",300,120.34749984741211,True,7.0,617,0.06025390625
0001,14106,"[2, 1, 0]",300,120.35632133483887,False,7.0,617,0.06025390625
0001,14107,"[2, 1, 0]",300,120.361328125,True,7.0,617,0.06025390625
0001,14108,"[2, 1, 0]",300,120.36967277526855,False,7.0,617,0.06025390625
0001,14109,"[2, 1, 0]",300,120.37467956542969,True,7.0,617,0.06025390625
0001,14110,"[2, 1, 0]",300,120.38302421569824,False,7.0,617,0.06025390625
0001,14111,"[2, 1, 0]",300,120.38826942443848,True,7.0,617,0.06025390625
0001,14112,"[2, 1, 0]",300,120.39637565612793,False,7.0,617,0.06025390625
0001,14113,"[2, 1, 0]",300,120.40138244628906,True,7.0,617,0.06025390625
0001,14114,"[2, 1, 0]",300,120.40996551513672,False,7.0,617,0.06025390625
0001,14115,"[2, 1, 0]",300,120.41497230529785,True,7.0,617,0.06025390625
0001,14116,"[2, 1, 0]",300,120.42355537414551,False,7.0,617,0.06025390625
0001,14117,"[2, 1, 0]",300,120.43166160583496,True,7.0,617,0.06025390625
0001,14118,"[2, 1, 0]",300,120.44048309326172,False,7.0,617,0.06025390625
0001,14119,"[2, 1, 0]",300,120.44572830200195,True,7.0,617,0.06025390625
0001,14120,"[2, 1, 0]",300,120.45454978942871,False,7.0,617,0.06025390625
0001,14121,"[2, 1, 0]",300,120.46241760253906,True,7.0,617,0.06025390625
0001,14122,"[2, 1, 0]",300,120.47171592712402,False,7.0,617,0.06025390625
0001,14123,"[2, 1, 0]",300,120.47696113586426,True,7.0,617,0.06025390625
0001,14124,"[2, 1, 0]",300,120.48578262329102,False,7.0,617,0.06025390625
0001,14125,"[2, 1, 0]",300,120.49102783203125,True,7.0,617,0.06025390625
0001,14126,"[2, 1, 0]",300,120.4996109008789,False,7.0,617,0.06025390625
0001,14127,"[2, 1, 0]",300,120.50724029541016,True,7.0,617,0.06025390625
0001,14128,"[2, 1, 0]",300,120.51582336425781,False,7.0,617,0.06025390625
0001,14129,"[2, 1, 0]",300,120.52106857299805,True,7.0,617,0.06025390625
0001,14130,"[2, 1, 0]",300,120.5294132232666,False,7.0,617,0.06025390625
0001,14131,"[2, 1, 0]",300,120.53465843200684,True,7.0,617,0.06025390625
0001,14132,"[2, 1, 0]",300,120.54324150085449,False,7.0,617,0.06025390625
0001,14133,"[2, 1, 0]",300,120.54848670959473,True,7.0,617,0.06025390625
0001,14134,"[2, 1, 0]",300,120.55659294128418,False,7.0,617,0.06025390625
0001,14135,"[2, 1, 0]",300,120.56183815002441,True,7.0,617,0.06025390625
0001,14136,"[2, 1, 0]",300,120.56994438171387,False,7.0,617,0.06025390625
0001,14137,"[2, 1, 0]",300,120.574951171875,True,7.0,617,0.06025390625
0001,14138,"[2, 1, 0]",300,120.58353424072266,False,7.0,617,0.06025390625
0001,14139,"[2, 1, 0]",300,120.58830261230469,True,7.0,617,0.06025390625
0001,14140,"[2, 1, 0]",300,120.59688568115234,False,7.0,617,0.06025390625
0001,14141,"[2, 1, 0]",300,120.60189247131348,True,7.0,617,0.06025390625
0001,14142,"[2, 1, 0]",300,120.60999870300293,False,7.0,617,0.06025390625
0001,14143,"[2, 1, 0]",300,120.61524391174316,True,7.0,617,0.06025390625
0001,14144,"[2, 1, 0]",300,120.62358856201172,False,7.0,617,0.06025390625
0001,14145,"[2, 1, 0]",300,120.62883377075195,True,7.0,617,0.06025390625
0001,14146,"[2, 1, 0]",300,120.6369400024414,False,7.0,617,0.06025390625
0001,14147,"[2, 1, 0]",300,120.65720558166504,True,7.0,617,0.06025390625
0001,14148,"[2, 1, 0]",300,120.6660270690918,False,7.0,617,0.06025390625
0001,14149,"[2, 1, 0]",300,120.67103385925293,True,7.0,617,0.06025390625
0001,14150,"[2, 1, 0]",300,120.67914009094238,False,7.0,617,0.06025390625
0001,14151,"[2, 1, 0]",300,120.68438529968262,True,7.0,617,0.06025390625
0001,14152,"[2, 1, 0]",300,120.69249153137207,False,7.0,617,0.06025390625
0001,14153,"[2, 1, 0]",300,120.6977367401123,True,7.0,617,0.06025390625
0001,14154,"[2, 1, 0]",300,120.70608139038086,False,7.0,617,0.06025390625
0001,14155,"[2, 1, 0]",300,120.71108818054199,True,7.0,617,0.06025390625
0001,14156,"[2, 1, 0]",300,120.71943283081055,False,7.0,617,0.06025390625
0001,14157,"[2, 1, 0]",300,120.72420120239258,True,7.0,617,0.06025390625
0001,14158,"[2, 1, 0]",300,120.73278427124023,False,7.0,617,0.06025390625
0001,14159,"[2, 1, 0]",300,120.73779106140137,True,7.0,617,0.06025390625
0001,14160,"[2, 1, 0]",300,120.74661254882812,False,7.0,617,0.06025390625
0001,14161,"[2, 1, 0]",300,120.75138092041016,True,7.0,617,0.06025390625
0001,14162,"[2, 1, 0]",300,120.75996398925781,False,7.0,617,0.06025390625
0001,14163,"[2, 1, 0]",300,120.76497077941895,True,7.0,617,0.06025390625
0001,14164,"[2, 1, 0]",300,120.7737922668457,False,7.0,617,0.06025390625
0001,14165,"[2, 1, 0]",300,120.77856063842773,True,7.0,617,0.06025390625
0001,14166,"[2, 1, 0]",300,120.78690528869629,False,7.0,617,0.06025390625
0001,14167,"[2, 1, 0]",300,120.79501152038574,True,7.0,617,0.06025390625
0001,14168,"[2, 1, 0]",300,120.8038330078125,False,7.0,617,0.06025390625
0001,14169,"[2, 1, 0]",300,120.81217765808105,True,7.0,617,0.06025390625
0001,14170,"[2, 1, 0]",300,120.82099914550781,False,7.0,617,0.06025390625
0001,14171,"[2, 1, 0]",300,120.82600593566895,True,7.0,617,0.06025390625
0001,14172,"[2, 1, 0]",300,120.8343505859375,False,7.0,617,0.06025390625
0001,14173,"[2, 1, 0]",300,120.83911895751953,True,7.0,617,0.06025390625
0001,14174,"[2, 1, 0]",300,120.84770202636719,False,7.0,617,0.06025390625
0001,14175,"[2, 1, 0]",300,120.85270881652832,True,7.0,617,0.06025390625
0001,14176,"[2, 1, 0]",300,120.86105346679688,False,7.0,617,0.06025390625
0001,14177,"[2, 1, 0]",300,120.86606025695801,True,7.0,617,0.06025390625
0001,14178,"[2, 1, 0]",300,120.87464332580566,False,7.0,617,0.06025390625
0001,14179,"[2, 1, 0]",300,120.8794116973877,True,7.0,617,0.06025390625
0001,14180,"[2, 1, 0]",300,120.88775634765625,False,7.0,617,0.06025390625
0001,14181,"[2, 1, 0]",300,120.89300155639648,True,7.0,617,0.06025390625
0001,14182,"[2, 1, 0]",300,120.90158462524414,False,7.0,617,0.06025390625
0001,14183,"[2, 1, 0]",300,120.90682983398438,True,7.0,617,0.06025390625
0001,14184,"[2, 1, 0]",300,120.91517448425293,False,7.0,617,0.06025390625
0001,14185,"[2, 1, 0]",300,120.92018127441406,True,7.0,617,0.06025390625
0001,14186,"[2, 1, 0]",300,120.92852592468262,False,7.0,617,0.06025390625
0001,14187,"[2, 1, 0]",300,120.93377113342285,True,7.0,617,0.06025390625
0001,14188,"[2, 1, 0]",300,120.94235420227051,False,7.0,617,0.06025390625
0001,14189,"[2, 1, 0]",300,120.95069885253906,True,7.0,617,0.06025390625
0001,14190,"[2, 1, 0]",300,120.95904350280762,False,7.0,617,0.06025390625
0001,14191,"[2, 1, 0]",300,120.96405029296875,True,7.0,617,0.06025390625
0001,14192,"[2, 1, 0]",300,120.9726333618164,False,7.0,617,0.06025390625
0001,14193,"[2, 1, 0]",300,120.97740173339844,True,7.0,617,0.06025390625
0001,14194,"[2, 1, 0]",300,120.9862232208252,False,7.0,617,0.06025390625
0001,14195,"[2, 1, 0]",300,120.99123001098633,True,7.0,617,0.06025390625
0001,14196,"[2, 1, 0]",300,120.99957466125488,False,7.0,617,0.06025390625
0001,14197,"[2, 1, 0]",300,121.00458145141602,True,7.0,617,0.06025390625
0001,14198,"[2, 1, 0]",300,121.01316452026367,False,7.0,617,0.06025390625
0001,14199,"[2, 1, 0]",300,121.0181713104248,True,7.0,617,0.06025390625
0001,14200,"[2, 1, 0]",300,121.02651596069336,False,7.0,617,0.06025390625
0001,14201,"[2, 1, 0]",300,121.0317611694336,True,7.0,617,0.06025390625
0001,14202,"[2, 1, 0]",300,121.04010581970215,False,7.0,617,0.06025390625
0001,14203,"[2, 1, 0]",300,121.04511260986328,True,7.0,617,0.06025390625
0001,14204,"[2, 1, 0]",300,121.05369567871094,False,7.0,617,0.06025390625
0001,14205,"[2, 1, 0]",300,121.05894088745117,True,7.0,617,0.06025390625
0001,14206,"[2, 1, 0]",300,121.06728553771973,False,7.0,617,0.06025390625
0001,14207,"[2, 1, 0]",300,121.07229232788086,True,7.0,617,0.06025390625
0001,14208,"[2, 1, 0]",300,121.08063697814941,False,7.0,617,0.06025390625
0001,14209,"[2, 1, 0]",300,121.08564376831055,True,7.0,617,0.06025390625
0001,14210,"[2, 1, 0]",300,121.0942268371582,False,7.0,617,0.06025390625
0001,14211,"[2, 1, 0]",300,121.10185623168945,True,7.0,617,0.06025390625
0001,14212,"[2, 1, 0]",300,121.11043930053711,False,7.0,617,0.06025390625
0001,14213,"[2, 1, 0]",300,121.11544609069824,True,7.0,617,0.06025390625
0001,14214,"[2, 1, 0]",300,121.1237907409668,False,7.0,617,0.06025390625
0001,14215,"[2, 1, 0]",300,121.12903594970703,True,7.0,617,0.06025390625
0001,14216,"[2, 1, 0]",300,121.13738059997559,False,7.0,617,0.06025390625
0001,14217,"[2, 1, 0]",300,121.14548683166504,True,7.0,617,0.06025390625
0001,14218,"[2, 1, 0]",300,121.1540699005127,False,7.0,617,0.06025390625
0001,14219,"[2, 1, 0]",300,121.15955352783203,True,7.0,617,0.06025390625
0001,14220,"[2, 1, 0]",300,121.16813659667969,False,7.0,617,0.06025390625
0001,14221,"[2, 1, 0]",300,121.17338180541992,True,7.0,617,0.06025390625
0001,14222,"[2, 1, 0]",300,121.18196487426758,False,7.0,617,0.06025390625
0001,14223,"[2, 1, 0]",300,121.18721008300781,True,7.0,617,0.06025390625
0001,14224,"[2, 1, 0]",300,121.19579315185547,False,7.0,617,0.06025390625
0001,14225,"[2, 1, 0]",300,121.2010383605957,True,7.0,617,0.06025390625
0001,14226,"[2, 1, 0]",300,121.20938301086426,False,7.0,617,0.06025390625
0001,14227,"[2, 1, 0]",300,121.21415138244629,True,7.0,617,0.06025390625
0001,14228,"[2, 1, 0]",300,121.22297286987305,False,7.0,617,0.06025390625
0001,14229,"[2, 1, 0]",300,121.22774124145508,True,7.0,617,0.06025390625
0001,14230,"[2, 1, 0]",300,121.23632431030273,False,7.0,617,0.06025390625
0001,14231,"[2, 1, 0]",300,121.2470531463623,True,7.0,617,0.06025390625
0001,14232,"[2, 1, 0]",300,121.25611305236816,False,7.0,617,0.06025390625
0001,14233,"[2, 1, 0]",300,121.2608814239502,True,7.0,617,0.06025390625
0001,14234,"[2, 1, 0]",300,121.26970291137695,False,7.0,617,0.06025390625
0001,14235,"[2, 1, 0]",300,121.27470970153809,True,7.0,617,0.06025390625
0001,14236,"[2, 1, 0]",300,121.28305435180664,False,7.0,617,0.06025390625
0001,14237,"[2, 1, 0]",300,121.28829956054688,True,7.0,617,0.06025390625
0001,14238,"[2, 1, 0]",300,121.29664421081543,False,7.0,617,0.06025390625
0001,14239,"[2, 1, 0]",300,121.30188941955566,True,7.0,617,0.06025390625
0001,14240,"[2, 1, 0]",300,121.31047248840332,False,7.0,617,0.06025390625
0001,14241,"[2, 1, 0]",300,121.31571769714355,True,7.0,617,0.06025390625
0001,14242,"[2, 1, 0]",300,121.32406234741211,False,7.0,617,0.06025390625
0001,14243,"[2, 1, 0]",300,121.32930755615234,True,7.0,617,0.06025390625
0001,14244,"[2, 1, 0]",300,121.337890625,False,7.0,617,0.06025390625
0001,14245,"[2, 1, 0]",300,121.34313583374023,True,7.0,617,0.06025390625
0001,14246,"[2, 1, 0]",300,121.35148048400879,False,7.0,617,0.06025390625
0001,14247,"[2, 1, 0]",300,121.35648727416992,True,7.0,617,0.06025390625
0001,14248,"[2, 1, 0]",300,121.36507034301758,False,7.0,617,0.06025390625
0001,14249,"[2, 1, 0]",300,121.37007713317871,True,7.0,617,0.06025390625
0001,14250,"[2, 1, 0]",300,121.37866020202637,False,7.0,617,0.06025390625
0001,14251,"[2, 1, 0]",300,121.3836669921875,True,7.0,617,0.06025390625
0001,14252,"[2, 1, 0]",300,121.39272689819336,False,7.0,617,0.06025390625
0001,14253,"[2, 1, 0]",300,121.40059471130371,True,7.0,617,0.06025390625
0001,14254,"[2, 1, 0]",300,121.40941619873047,False,7.0,617,0.06025390625
0001,14255,"[2, 1, 0]",300,121.4144229888916,True,7.0,617,0.06025390625
0001,14256,"[2, 1, 0]",300,121.42276763916016,False,7.0,617,0.06025390625
0001,14257,"[2, 1, 0]",300,121.42777442932129,True,7.0,617,0.06025390625
0001,14258,"[2, 1, 0]",300,121.43611907958984,False,7.0,617,0.06025390625
0001,14259,"[2, 1, 0]",300,121.44112586975098,True,7.0,617,0.06025390625
0001,14260,"[2, 1, 0]",300,121.44923210144043,False,7.0,617,0.06025390625
0001,14261,"[2, 1, 0]",300,121.45447731018066,True,7.0,617,0.06025390625
0001,14262,"[2, 1, 0]",300,121.46258354187012,False,7.0,617,0.06025390625
0001,14263,"[2, 1, 0]",300,121.46759033203125,True,7.0,617,0.06025390625
0001,14264,"[2, 1, 0]",300,121.47641181945801,False,7.0,617,0.06025390625
0001,14265,"[2, 1, 0]",300,121.48141860961914,True,7.0,617,0.06025390625
0001,14266,"[2, 1, 0]",300,121.4900016784668,False,7.0,617,0.06025390625
0001,14267,"[2, 1, 0]",300,121.49477005004883,True,7.0,617,0.06025390625
0001,14268,"[2, 1, 0]",300,121.5062141418457,False,7.0,617,0.06025390625
0001,14269,"[2, 1, 0]",300,121.51145935058594,True,7.0,617,0.06025390625
0001,14270,"[2, 1, 0]",300,121.5200424194336,False,7.0,617,0.06025390625
0001,14271,"[2, 1, 0]",300,121.52504920959473,True,7.0,617,0.06025390625
0001,14272,"[2, 1, 0]",300,121.53339385986328,False,7.0,617,0.06025390625
0001,14273,"[2, 1, 0]",300,121.54126167297363,True,7.0,617,0.06025390625
0001,14274,"[2, 1, 0]",300,121.54984474182129,False,7.0,617,0.06025390625
0001,14275,"[2, 1, 0]",300,121.55508995056152,True,7.0,617,0.06025390625
0001,14276,"[2, 1, 0]",300,121.56319618225098,False,7.0,617,0.06025390625
0001,14277,"[2, 1, 0]",300,121.56820297241211,True,7.0,617,0.06025390625
0001,14278,"[2, 1, 0]",300,121.57678604125977,False,7.0,617,0.06025390625
0001,14279,"[2, 1, 0]",300,121.5817928314209,True,7.0,617,0.06025390625
0001,14280,"[2, 1, 0]",300,121.59037590026855,False,7.0,617,0.06025390625
0001,14281,"[2, 1, 0]",300,121.59538269042969,True,7.0,617,0.06025390625
0001,14282,"[2, 1, 0]",300,121.60396575927734,False,7.0,617,0.06025390625
0001,14283,"[2, 1, 0]",300,121.60873413085938,True,7.0,617,0.06025390625
0001,14284,"[2, 1, 0]",300,121.61731719970703,False,7.0,617,0.06025390625
0001,14285,"[2, 1, 0]",300,121.62208557128906,True,7.0,617,0.06025390625
0001,14286,"[2, 1, 0]",300,121.63043022155762,False,7.0,617,0.06025390625
0001,14287,"[2, 1, 0]",300,121.63567543029785,True,7.0,617,0.06025390625
0001,14288,"[2, 1, 0]",300,121.64425849914551,False,7.0,617,0.06025390625
0001,14289,"[2, 1, 0]",300,121.65284156799316,True,7.0,617,0.06025390625
0001,14290,"[2, 1, 0]",300,121.66142463684082,False,7.0,617,0.06025390625
0001,14291,"[2, 1, 0]",300,121.66690826416016,True,7.0,617,0.06025390625
0001,14292,"[2, 1, 0]",300,121.67525291442871,False,7.0,617,0.06025390625
0001,14293,"[2, 1, 0]",300,121.70076370239258,True,7.0,617,0.06025390625
0001,14294,"[2, 1, 0]",300,121.70910835266113,False,7.0,617,0.06025390625
0001,14295,"[2, 1, 0]",300,121.73199653625488,True,7.0,617,0.06025390625
0001,14296,"[2, 1, 0]",300,121.74081802368164,False,7.0,617,0.06025390625
0001,14297,"[2, 1, 0]",300,121.74606323242188,True,7.0,617,0.06025390625
0001,14298,"[2, 1, 0]",300,121.75464630126953,False,7.0,617,0.06025390625
0001,14299,"[2, 1, 0]",300,121.75965309143066,True,7.0,617,0.06025390625
0001,14300,"[2, 1, 0]",300,121.76823616027832,False,7.0,617,0.06025390625
0001,14301,"[2, 1, 0]",300,121.77300453186035,True,7.0,617,0.06025390625
0001,14302,"[2, 1, 0]",300,121.78158760070801,False,7.0,617,0.06025390625
0001,14303,"[2, 1, 0]",300,121.78659439086914,True,7.0,617,0.06025390625
0001,14304,"[2, 1, 0]",300,121.7951774597168,False,7.0,617,0.06025390625
0001,14305,"[2, 1, 0]",300,121.80018424987793,True,7.0,617,0.06025390625
0001,14306,"[2, 1, 0]",300,121.80852890014648,False,7.0,617,0.06025390625
0001,14307,"[2, 1, 0]",300,121.81353569030762,True,7.0,617,0.06025390625
0001,14308,"[2, 1, 0]",300,121.82211875915527,False,7.0,617,0.06025390625
0001,14309,"[2, 1, 0]",300,121.8271255493164,True,7.0,617,0.06025390625
0001,14310,"[2, 1, 0]",300,121.83547019958496,False,7.0,617,0.06025390625
0001,14311,"[2, 1, 0]",300,121.8404769897461,True,7.0,617,0.06025390625
0001,14312,"[2, 1, 0]",300,121.84882164001465,False,7.0,617,0.06025390625
0001,14313,"[2, 1, 0]",300,121.85406684875488,True,7.0,617,0.06025390625
0001,14314,"[2, 1, 0]",300,121.86217308044434,False,7.0,617,0.06025390625
0001,14315,"[2, 1, 0]",300,121.87004089355469,True,7.0,617,0.06025390625
0001,14316,"[2, 1, 0]",300,121.87910079956055,False,7.0,617,0.06025390625
0001,14317,"[2, 1, 0]",300,121.88410758972168,True,7.0,617,0.06025390625
0001,14318,"[2, 1, 0]",300,121.89602851867676,False,7.0,617,0.06025390625
0001,14319,"[2, 1, 0]",300,121.90127372741699,True,7.0,617,0.06025390625
0001,14320,"[2, 1, 0]",300,121.93465232849121,False,7.0,617,0.06025390625
0001,14321,"[2, 1, 0]",300,121.94657325744629,True,7.0,617,0.06025390625
0001,14322,"[2, 1, 0]",300,121.9625473022461,False,7.0,617,0.06025390625
0001,14323,"[2, 1, 0]",300,121.96946144104004,True,7.0,617,0.06025390625
0001,14324,"[2, 1, 0]",300,121.98019027709961,False,7.0,617,0.06025390625
0001,14325,"[2, 1, 0]",300,121.98615074157715,True,7.0,617,0.06025390625
0001,14326,"[2, 1, 0]",300,121.99568748474121,False,7.0,617,0.06025390625
0001,14327,"[2, 1, 0]",300,122.00093269348145,True,7.0,617,0.06025390625
0001,14328,"[2, 1, 0]",300,122.0097541809082,False,7.0,617,0.06025390625
0001,14329,"[2, 1, 0]",300,122.01476097106934,True,7.0,617,0.06025390625
0001,14330,"[2, 1, 0]",300,122.0238208770752,False,7.0,617,0.06025390625
0001,14331,"[2, 1, 0]",300,122.02882766723633,True,7.0,617,0.06025390625
0001,14332,"[2, 1, 0]",300,122.03764915466309,False,7.0,617,0.06025390625
0001,14333,"[2, 1, 0]",300,122.04265594482422,True,7.0,617,0.06025390625
0001,14334,"[2, 1, 0]",300,122.05171585083008,False,7.0,617,0.06025390625
0001,14335,"[2, 1, 0]",300,122.05719947814941,True,7.0,617,0.06025390625
0001,14336,"[2, 1, 0]",300,122.06602096557617,False,7.0,617,0.06025390625
0001,14337,"[2, 1, 0]",300,122.07674980163574,True,7.0,617,0.06025390625
0001,14338,"[2, 1, 0]",300,122.0860481262207,False,7.0,617,0.06025390625
0001,14339,"[2, 1, 0]",300,122.09177017211914,True,7.0,617,0.06025390625
0001,14340,"[2, 1, 0]",300,122.1013069152832,False,7.0,617,0.06025390625
0001,14341,"[2, 1, 0]",300,122.10631370544434,True,7.0,617,0.06025390625
0001,14342,"[2, 1, 0]",300,122.11489677429199,False,7.0,617,0.06025390625
0001,14343,"[2, 1, 0]",300,122.11990356445312,True,7.0,617,0.06025390625
0001,14344,"[2, 1, 0]",300,122.12848663330078,False,7.0,617,0.06025390625
0001,14345,"[2, 1, 0]",300,122.13349342346191,True,7.0,617,0.06025390625
0001,14346,"[2, 1, 0]",300,122.14207649230957,False,7.0,617,0.06025390625
0001,14347,"[2, 1, 0]",300,122.1470832824707,True,7.0,617,0.06025390625
0001,14348,"[2, 1, 0]",300,122.15566635131836,False,7.0,617,0.06025390625
0001,14349,"[2, 1, 0]",300,122.16043472290039,True,7.0,617,0.06025390625
0001,14350,"[2, 1, 0]",300,122.16925621032715,False,7.0,617,0.06025390625
0001,14351,"[2, 1, 0]",300,122.17426300048828,True,7.0,617,0.06025390625
0001,14352,"[2, 1, 0]",300,122.18236923217773,False,7.0,617,0.06025390625
0001,14353,"[2, 1, 0]",300,122.18761444091797,True,7.0,617,0.06025390625
0001,14354,"[2, 1, 0]",300,122.19619750976562,False,7.0,617,0.06025390625
0001,14355,"[2, 1, 0]",300,122.20120429992676,True,7.0,617,0.06025390625
0001,14356,"[2, 1, 0]",300,122.20978736877441,False,7.0,617,0.06025390625
0001,14357,"[2, 1, 0]",300,122.21860885620117,True,7.0,617,0.06025390625
0001,14358,"[2, 1, 0]",300,122.22743034362793,False,7.0,617,0.06025390625
0001,14359,"[2, 1, 0]",300,122.23267555236816,True,7.0,617,0.06025390625
0001,14360,"[2, 1, 0]",300,122.24125862121582,False,7.0,617,0.06025390625
0001,14361,"[2, 1, 0]",300,122.24650382995605,True,7.0,617,0.06025390625
0001,14362,"[2, 1, 0]",300,122.25508689880371,False,7.0,617,0.06025390625
0001,14363,"[2, 1, 0]",300,122.26033210754395,True,7.0,617,0.06025390625
0001,14364,"[2, 1, 0]",300,122.2689151763916,False,7.0,617,0.06025390625
0001,14365,"[2, 1, 0]",300,122.27392196655273,True,7.0,617,0.06025390625
0001,14366,"[2, 1, 0]",300,122.28202819824219,False,7.0,617,0.06025390625
0001,14367,"[2, 1, 0]",300,122.28727340698242,True,7.0,617,0.06025390625
0001,14368,"[2, 1, 0]",300,122.29537963867188,False,7.0,617,0.06025390625
0001,14369,"[2, 1, 0]",300,122.30396270751953,True,7.0,617,0.06025390625
0001,14370,"[2, 1, 0]",300,122.3134994506836,False,7.0,617,0.06025390625
0001,14371,"[2, 1, 0]",300,122.31874465942383,True,7.0,617,0.06025390625
0001,14372,"[2, 1, 0]",300,122.32756614685059,False,7.0,617,0.06025390625
0001,14373,"[2, 1, 0]",300,122.33257293701172,True,7.0,617,0.06025390625
0001,14374,"[2, 1, 0]",300,122.34091758728027,False,7.0,617,0.06025390625
0001,14375,"[2, 1, 0]",300,122.3456859588623,True,7.0,617,0.06025390625
0001,14376,"[2, 1, 0]",300,122.35426902770996,False,7.0,617,0.06025390625
0001,14377,"[2, 1, 0]",300,122.35903739929199,True,7.0,617,0.06025390625
0001,14378,"[2, 1, 0]",300,122.36762046813965,False,7.0,617,0.06025390625
0001,14379,"[2, 1, 0]",300,122.3757266998291,True,7.0,617,0.06025390625
0001,14380,"[2, 1, 0]",300,122.38454818725586,False,7.0,617,0.06025390625
0001,14381,"[2, 1, 0]",300,122.38955497741699,True,7.0,617,0.06025390625
0001,14382,"[2, 1, 0]",300,122.39766120910645,False,7.0,617,0.06025390625
0001,14383,"[2, 1, 0]",300,122.40266799926758,True,7.0,617,0.06025390625
0001,14384,"[2, 1, 0]",300,122.41101264953613,False,7.0,617,0.06025390625
0001,14385,"[2, 1, 0]",300,122.41625785827637,True,7.0,617,0.06025390625
0001,14386,"[2, 1, 0]",300,122.42436408996582,False,7.0,617,0.06025390625
0001,14387,"[2, 1, 0]",300,122.42960929870605,True,7.0,617,0.06025390625
0001,14388,"[2, 1, 0]",300,122.43819236755371,False,7.0,617,0.06025390625
0001,14389,"[2, 1, 0]",300,122.44296073913574,True,7.0,617,0.06025390625
0001,14390,"[2, 1, 0]",300,122.4515438079834,False,7.0,617,0.06025390625
0001,14391,"[2, 1, 0]",300,122.45655059814453,True,7.0,617,0.06025390625
0001,14392,"[2, 1, 0]",300,122.46489524841309,False,7.0,617,0.06025390625
0001,14393,"[2, 1, 0]",300,122.46990203857422,True,7.0,617,0.06025390625
0001,14394,"[2, 1, 0]",300,122.47848510742188,False,7.0,617,0.06025390625
0001,14395,"[2, 1, 0]",300,122.4832534790039,True,7.0,617,0.06025390625
0001,14396,"[2, 1, 0]",300,122.49207496643066,False,7.0,617,0.06025390625
0001,14397,"[2, 1, 0]",300,122.4970817565918,True,7.0,617,0.06025390625
0001,14398,"[2, 1, 0]",300,122.50542640686035,False,7.0,617,0.06025390625
0001,14399,"[2, 1, 0]",300,122.5132942199707,True,7.0,617,0.06025390625
0000,14400,"[2, 1, 0]",300,122.52211570739746,False,4.0,614,0.0599609375
0000,14401,"[2, 1, 0]",300,122.5273609161377,True,4.0,614,0.0599609375
0000,14402,"[2, 1, 0]",300,122.53570556640625,False,4.0,614,0.0599609375
0000,14403,"[2, 1, 0]",300,122.54095077514648,True,4.0,614,0.0599609375
0000,14404,"[2, 1, 0]",300,122.54905700683594,False,4.0,614,0.0599609375
0000,14405,"[2, 1, 0]",300,122.55406379699707,True,4.0,614,0.0599609375
0000,14406,"[2, 1, 0]",300,122.56240844726562,False,4.0,614,0.0599609375
0000,14407,"[2, 1, 0]",300,122.56741523742676,True,4.0,614,0.0599609375
0000,14408,"[2, 1, 0]",300,122.57599830627441,False,4.0,614,0.0599609375
0000,14409,"[2, 1, 0]",300,122.58100509643555,True,4.0,614,0.0599609375
0000,14410,"[2, 1, 0]",300,122.5893497467041,False,4.0,614,0.0599609375
0000,14411,"[2, 1, 0]",300,122.59435653686523,True,4.0,614,0.0599609375
0000,14412,"[2, 1, 0]",300,122.60270118713379,False,4.0,614,0.0599609375
0000,14413,"[2, 1, 0]",300,122.60794639587402,True,4.0,614,0.0599609375
0000,14414,"[2, 1, 0]",300,122.61605262756348,False,4.0,614,0.0599609375
0000,14415,"[2, 1, 0]",300,122.62129783630371,True,4.0,614,0.0599609375
0000,14416,"[2, 1, 0]",300,122.62964248657227,False,4.0,614,0.0599609375
0000,14417,"[2, 1, 0]",300,122.6346492767334,True,4.0,614,0.0599609375
0000,14418,"[2, 1, 0]",300,122.64323234558105,False,4.0,614,0.0599609375
0000,14419,"[2, 1, 0]",300,122.65133857727051,True,4.0,614,0.0599609375
0000,14420,"[2, 1, 0]",300,122.66039848327637,False,4.0,614,0.0599609375
0000,14421,"[2, 1, 0]",300,122.66802787780762,True,4.0,614,0.0599609375
0000,14422,"[2, 1, 0]",300,122.67684936523438,False,4.0,614,0.0599609375
0000,14423,"[2, 1, 0]",300,122.68185615539551,True,4.0,614,0.0599609375
0000,14424,"[2, 1, 0]",300,122.69043922424316,False,4.0,614,0.0599609375
0000,14425,"[2, 1, 0]",300,122.6954460144043,True,4.0,614,0.0599609375
0000,14426,"[2, 1, 0]",300,122.70402908325195,False,4.0,614,0.0599609375
0000,14427,"[2, 1, 0]",300,122.70879745483398,True,4.0,614,0.0599609375
0000,14428,"[2, 1, 0]",300,122.71761894226074,False,4.0,614,0.0599609375
0000,14429,"[2, 1, 0]",300,122.72262573242188,True,4.0,614,0.0599609375
0000,14430,"[2, 1, 0]",300,122.73073196411133,False,4.0,614,0.0599609375
0000,14431,"[2, 1, 0]",300,122.73597717285156,True,4.0,614,0.0599609375
0000,14432,"[2, 1, 0]",300,122.74408340454102,False,4.0,614,0.0599609375
0000,14433,"[2, 1, 0]",300,122.74932861328125,True,4.0,614,0.0599609375
0000,14434,"[2, 1, 0]",300,122.7576732635498,False,4.0,614,0.0599609375
0000,14435,"[2, 1, 0]",300,122.76244163513184,True,4.0,614,0.0599609375
0000,14436,"[2, 1, 0]",300,122.77102470397949,False,4.0,614,0.0599609375
0000,14437,"[2, 1, 0]",300,122.77603149414062,True,4.0,614,0.0599609375
0000,14438,"[2, 1, 0]",300,122.78461456298828,False,4.0,614,0.0599609375
0000,14439,"[2, 1, 0]",300,122.78962135314941,True,4.0,614,0.0599609375
0000,14440,"[2, 1, 0]",300,122.79844284057617,False,4.0,614,0.0599609375
0000,14441,"[2, 1, 0]",300,122.80941009521484,True,4.0,614,0.0599609375
0000,14442,"[2, 1, 0]",300,122.8179931640625,False,4.0,614,0.0599609375
0000,14443,"[2, 1, 0]",300,122.82299995422363,True,4.0,614,0.0599609375
0000,14444,"[2, 1, 0]",300,122.83134460449219,False,4.0,614,0.0599609375
0000,14445,"[2, 1, 0]",300,122.83658981323242,True,4.0,614,0.0599609375
0000,14446,"[2, 1, 0]",300,122.84493446350098,False,4.0,614,0.0599609375
0000,14447,"[2, 1, 0]",300,122.84994125366211,True,4.0,614,0.0599609375
0000,14448,"[2, 1, 0]",300,122.85828590393066,False,4.0,614,0.0599609375
0000,14449,"[2, 1, 0]",300,122.8635311126709,True,4.0,614,0.0599609375
0000,14450,"[2, 1, 0]",300,122.87163734436035,False,4.0,614,0.0599609375
0000,14451,"[2, 1, 0]",300,122.87664413452148,True,4.0,614,0.0599609375
0000,14452,"[2, 1, 0]",300,122.88498878479004,False,4.0,614,0.0599609375
0000,14453,"[2, 1, 0]",300,122.88999557495117,True,4.0,614,0.0599609375
0000,14454,"[2, 1, 0]",300,122.89834022521973,False,4.0,614,0.0599609375
0000,14455,"[2, 1, 0]",300,122.90334701538086,True,4.0,614,0.0599609375
0000,14456,"[2, 1, 0]",300,122.91145324707031,False,4.0,614,0.0599609375
0000,14457,"[2, 1, 0]",300,122.91979789733887,True,4.0,614,0.0599609375
0000,14458,"[2, 1, 0]",300,122.92838096618652,False,4.0,614,0.0599609375
0000,14459,"[2, 1, 0]",300,122.93386459350586,True,4.0,614,0.0599609375
0000,14460,"[2, 1, 0]",300,122.94244766235352,False,4.0,614,0.0599609375
0000,14461,"[2, 1, 0]",300,122.94816970825195,True,4.0,614,0.0599609375
0000,14462,"[2, 1, 0]",300,122.95651435852051,False,4.0,614,0.0599609375
0000,14463,"[2, 1, 0]",300,122.96462059020996,True,4.0,614,0.0599609375
0000,14464,"[2, 1, 0]",300,122.97320365905762,False,4.0,614,0.0599609375
0000,14465,"[2, 1, 0]",300,122.97821044921875,True,4.0,614,0.0599609375
0000,14466,"[2, 1, 0]",300,122.9865550994873,False,4.0,614,0.0599609375
0000,14467,"[2, 1, 0]",300,122.99156188964844,True,4.0,614,0.0599609375
0000,14468,"[2, 1, 0]",300,123.0001449584961,False,4.0,614,0.0599609375
0000,14469,"[2, 1, 0]",300,123.00777435302734,True,4.0,614,0.0599609375
0000,14470,"[2, 1, 0]",300,123.0168342590332,False,4.0,614,0.0599609375
0000,14471,"[2, 1, 0]",300,123.02160263061523,True,4.0,614,0.0599609375
0000,14472,"[2, 1, 0]",300,123.03042411804199,False,4.0,614,0.0599609375
0000,14473,"[2, 1, 0]",300,123.03543090820312,True,4.0,614,0.0599609375
0000,14474,"[2, 1, 0]",300,123.04401397705078,False,4.0,614,0.0599609375
0000,14475,"[2, 1, 0]",300,123.04902076721191,True,4.0,614,0.0599609375
0000,14476,"[2, 1, 0]",300,123.05736541748047,False,4.0,614,0.0599609375
0000,14477,"[2, 1, 0]",300,123.0623722076416,True,4.0,614,0.0599609375
0000,14478,"[2, 1, 0]",300,123.07047843933105,False,4.0,614,0.0599609375
0000,14479,"[2, 1, 0]",300,123.07572364807129,True,4.0,614,0.0599609375
0000,14480,"[2, 1, 0]",300,123.08406829833984,False,4.0,614,0.0599609375
0000,14481,"[2, 1, 0]",300,123.08931350708008,True,4.0,614,0.0599609375
0000,14482,"[2, 1, 0]",300,123.09765815734863,False,4.0,614,0.0599609375
0000,14483,"[2, 1, 0]",300,123.10528755187988,True,4.0,614,0.0599609375
0000,14484,"[2, 1, 0]",300,123.11410903930664,False,4.0,614,0.0599609375
0000,14485,"[2, 1, 0]",300,123.11911582946777,True,4.0,614,0.0599609375
0000,14486,"[2, 1, 0]",300,123.12769889831543,False,4.0,614,0.0599609375
0000,14487,"[2, 1, 0]",300,123.13270568847656,True,4.0,614,0.0599609375
0000,14488,"[2, 1, 0]",300,123.14128875732422,False,4.0,614,0.0599609375
0000,14489,"[2, 1, 0]",300,123.14605712890625,True,4.0,614,0.0599609375
0000,14490,"[2, 1, 0]",300,123.1546401977539,False,4.0,614,0.0599609375
0000,14491,"[2, 1, 0]",300,123.15964698791504,True,4.0,614,0.0599609375
0000,14492,"[2, 1, 0]",300,123.1682300567627,False,4.0,614,0.0599609375
0000,14493,"[2, 1, 0]",300,123.17347526550293,True,4.0,614,0.0599609375
0000,14494,"[2, 1, 0]",300,123.18158149719238,False,4.0,614,0.0599609375
0000,14495,"[2, 1, 0]",300,123.18682670593262,True,4.0,614,0.0599609375
0000,14496,"[2, 1, 0]",300,123.19517135620117,False,4.0,614,0.0599609375
0000,14497,"[2, 1, 0]",300,123.2001781463623,True,4.0,614,0.0599609375
0000,14498,"[2, 1, 0]",300,123.20852279663086,False,4.0,614,0.0599609375
0000,14499,"[2, 1, 0]",300,123.21329116821289,True,4.0,614,0.0599609375
0000,14500,"[2, 1, 0]",300,123.22187423706055,False,4.0,614,0.0599609375
0000,14501,"[2, 1, 0]",300,123.22688102722168,True,4.0,614,0.0599609375
0000,14502,"[2, 1, 0]",300,123.23570251464844,False,4.0,614,0.0599609375
0000,14503,"[2, 1, 0]",300,123.24070930480957,True,4.0,614,0.0599609375
0000,14504,"[2, 1, 0]",300,123.24953079223633,False,4.0,614,0.0599609375
0000,14505,"[2, 1, 0]",300,123.25716018676758,True,4.0,614,0.0599609375
0000,14506,"[2, 1, 0]",300,123.26574325561523,False,4.0,614,0.0599609375
0000,14507,"[2, 1, 0]",300,123.27075004577637,True,4.0,614,0.0599609375
0000,14508,"[2, 1, 0]",300,123.27909469604492,False,4.0,614,0.0599609375
0000,14509,"[2, 1, 0]",300,123.28433990478516,True,4.0,614,0.0599609375
0000,14510,"[2, 1, 0]",300,123.29268455505371,False,4.0,614,0.0599609375
0000,14511,"[2, 1, 0]",300,123.29792976379395,True,4.0,614,0.0599609375
0000,14512,"[2, 1, 0]",300,123.3062744140625,False,4.0,614,0.0599609375
0000,14513,"[2, 1, 0]",300,123.31151962280273,True,4.0,614,0.0599609375
0000,14514,"[2, 1, 0]",300,123.31986427307129,False,4.0,614,0.0599609375
0000,14515,"[2, 1, 0]",300,123.32463264465332,True,4.0,614,0.0599609375
0000,14516,"[2, 1, 0]",300,123.33321571350098,False,4.0,614,0.0599609375
0000,14517,"[2, 1, 0]",300,123.33822250366211,True,4.0,614,0.0599609375
0000,14518,"[2, 1, 0]",300,123.34680557250977,False,4.0,614,0.0599609375
0000,14519,"[2, 1, 0]",300,123.3515739440918,True,4.0,614,0.0599609375
0000,14520,"[2, 1, 0]",300,123.36444854736328,False,4.0,614,0.0599609375
0000,14521,"[2, 1, 0]",300,123.36945533752441,True,4.0,614,0.0599609375
0000,14522,"[2, 1, 0]",300,123.37827682495117,False,4.0,614,0.0599609375
0000,14523,"[2, 1, 0]",300,123.3832836151123,True,4.0,614,0.0599609375
0000,14524,"[2, 1, 0]",300,123.39210510253906,False,4.0,614,0.0599609375
0000,14525,"[2, 1, 0]",300,123.39973449707031,True,4.0,614,0.0599609375
0000,14526,"[2, 1, 0]",300,123.41094017028809,False,4.0,614,0.0599609375
0000,14527,"[2, 1, 0]",300,123.41761589050293,True,4.0,614,0.0599609375
0000,14528,"[2, 1, 0]",300,123.42596054077148,False,4.0,614,0.0599609375
0000,14529,"[2, 1, 0]",300,123.43096733093262,True,4.0,614,0.0599609375
0000,14530,"[2, 1, 0]",300,123.43931198120117,False,4.0,614,0.0599609375
0000,14531,"[2, 1, 0]",300,123.4443187713623,True,4.0,614,0.0599609375
0000,14532,"[2, 1, 0]",300,123.45290184020996,False,4.0,614,0.0599609375
0000,14533,"[2, 1, 0]",300,123.4579086303711,True,4.0,614,0.0599609375
0000,14534,"[2, 1, 0]",300,123.46625328063965,False,4.0,614,0.0599609375
0000,14535,"[2, 1, 0]",300,123.47149848937988,True,4.0,614,0.0599609375
0000,14536,"[2, 1, 0]",300,123.47984313964844,False,4.0,614,0.0599609375
0000,14537,"[2, 1, 0]",300,123.48508834838867,True,4.0,614,0.0599609375
0000,14538,"[2, 1, 0]",300,123.49343299865723,False,4.0,614,0.0599609375
0000,14539,"[2, 1, 0]",300,123.49843978881836,True,4.0,614,0.0599609375
0000,14540,"[2, 1, 0]",300,123.50749969482422,False,4.0,614,0.0599609375
0000,14541,"[2, 1, 0]",300,123.52275848388672,True,4.0,614,0.0599609375
0000,14542,"[2, 1, 0]",300,123.53181838989258,False,4.0,614,0.0599609375
0000,14543,"[2, 1, 0]",300,123.53706359863281,True,4.0,614,0.0599609375
0000,14544,"[2, 1, 0]",300,123.54540824890137,False,4.0,614,0.0599609375
0000,14545,"[2, 1, 0]",300,123.5504150390625,True,4.0,614,0.0599609375
0000,14546,"[2, 1, 0]",300,123.55875968933105,False,4.0,614,0.0599609375
0000,14547,"[2, 1, 0]",300,123.56686592102051,True,4.0,614,0.0599609375
0000,14548,"[2, 1, 0]",300,123.57568740844727,False,4.0,614,0.0599609375
0000,14549,"[2, 1, 0]",300,123.5804557800293,True,4.0,614,0.0599609375
0000,14550,"[2, 1, 0]",300,123.58903884887695,False,4.0,614,0.0599609375
0000,14551,"[2, 1, 0]",300,123.59404563903809,True,4.0,614,0.0599609375
0000,14552,"[2, 1, 0]",300,123.60239028930664,False,4.0,614,0.0599609375
0000,14553,"[2, 1, 0]",300,123.60763549804688,True,4.0,614,0.0599609375
0000,14554,"[2, 1, 0]",300,123.61598014831543,False,4.0,614,0.0599609375
0000,14555,"[2, 1, 0]",300,123.62122535705566,True,4.0,614,0.0599609375
0000,14556,"[2, 1, 0]",300,123.62980842590332,False,4.0,614,0.0599609375
0000,14557,"[2, 1, 0]",300,123.63481521606445,True,4.0,614,0.0599609375
0000,14558,"[2, 1, 0]",300,123.64315986633301,False,4.0,614,0.0599609375
0000,14559,"[2, 1, 0]",300,123.64840507507324,True,4.0,614,0.0599609375
0000,14560,"[2, 1, 0]",300,123.6569881439209,False,4.0,614,0.0599609375
0000,14561,"[2, 1, 0]",300,123.66199493408203,True,4.0,614,0.0599609375
0000,14562,"[2, 1, 0]",300,123.67057800292969,False,4.0,614,0.0599609375
0000,14563,"[2, 1, 0]",300,123.67582321166992,True,4.0,614,0.0599609375
0000,14564,"[2, 1, 0]",300,123.68392944335938,False,4.0,614,0.0599609375
0000,14565,"[2, 1, 0]",300,123.68893623352051,True,4.0,614,0.0599609375
0000,14566,"[2, 1, 0]",300,123.69751930236816,False,4.0,614,0.0599609375
0000,14567,"[2, 1, 0]",300,123.70562553405762,True,4.0,614,0.0599609375
0000,14568,"[2, 1, 0]",300,123.71492385864258,False,4.0,614,0.0599609375
0000,14569,"[2, 1, 0]",300,123.71993064880371,True,4.0,614,0.0599609375
0000,14570,"[2, 1, 0]",300,123.73161315917969,False,4.0,614,0.0599609375
0000,14571,"[2, 1, 0]",300,123.73709678649902,True,4.0,614,0.0599609375
0000,14572,"[2, 1, 0]",300,123.74615669250488,False,4.0,614,0.0599609375
0000,14573,"[2, 1, 0]",300,123.75116348266602,True,4.0,614,0.0599609375
0000,14574,"[2, 1, 0]",300,123.75974655151367,False,4.0,614,0.0599609375
0000,14575,"[2, 1, 0]",300,123.7647533416748,True,4.0,614,0.0599609375
0000,14576,"[2, 1, 0]",300,123.77333641052246,False,4.0,614,0.0599609375
0000,14577,"[2, 1, 0]",300,123.7783432006836,True,4.0,614,0.0599609375
0000,14578,"[2, 1, 0]",300,123.78692626953125,False,4.0,614,0.0599609375
0000,14579,"[2, 1, 0]",300,123.79193305969238,True,4.0,614,0.0599609375
0000,14580,"[2, 1, 0]",300,123.80027770996094,False,4.0,614,0.0599609375
0000,14581,"[2, 1, 0]",300,123.80528450012207,True,4.0,614,0.0599609375
0000,14582,"[2, 1, 0]",300,123.81386756896973,False,4.0,614,0.0599609375
0000,14583,"[2, 1, 0]",300,123.81911277770996,True,4.0,614,0.0599609375
0000,14584,"[2, 1, 0]",300,123.82745742797852,False,4.0,614,0.0599609375
0000,14585,"[2, 1, 0]",300,123.83246421813965,True,4.0,614,0.0599609375
0000,14586,"[2, 1, 0]",300,123.8410472869873,False,4.0,614,0.0599609375
0000,14587,"[2, 1, 0]",300,123.84605407714844,True,4.0,614,0.0599609375
0000,14588,"[2, 1, 0]",300,123.8548755645752,False,4.0,614,0.0599609375
0000,14589,"[2, 1, 0]",300,123.86274337768555,True,4.0,614,0.0599609375
0000,14590,"[2, 1, 0]",300,123.8713264465332,False,4.0,614,0.0599609375
0000,14591,"[2, 1, 0]",300,123.87633323669434,True,4.0,614,0.0599609375
0000,14592,"[2, 1, 0]",300,123.8851547241211,False,4.0,614,0.0599609375
0000,14593,"[2, 1, 0]",300,123.88992309570312,True,4.0,614,0.0599609375
0000,14594,"[2, 1, 0]",300,123.89826774597168,False,4.0,614,0.0599609375
0000,14595,"[2, 1, 0]",300,123.90327453613281,True,4.0,614,0.0599609375
0000,14596,"[2, 1, 0]",300,123.91185760498047,False,4.0,614,0.0599609375
0000,14597,"[2, 1, 0]",300,123.9166259765625,True,4.0,614,0.0599609375
0000,14598,"[2, 1, 0]",300,123.94452095031738,False,4.0,614,0.0599609375
0000,14599,"[2, 1, 0]",300,123.95763397216797,True,4.0,614,0.0599609375
0000,14600,"[2, 1, 0]",300,123.97503852844238,False,4.0,614,0.0599609375
0000,14601,"[2, 1, 0]",300,123.98242950439453,True,4.0,614,0.0599609375
0000,14602,"[2, 1, 0]",300,123.9936351776123,False,4.0,614,0.0599609375
0000,14603,"[2, 1, 0]",300,123.99959564208984,True,4.0,614,0.0599609375
0000,14604,"[2, 1, 0]",300,124.0091323852539,False,4.0,614,0.0599609375
0000,14605,"[2, 1, 0]",300,124.01461601257324,True,4.0,614,0.0599609375
0000,14606,"[2, 1, 0]",300,124.0236759185791,False,4.0,614,0.0599609375
0000,14607,"[2, 1, 0]",300,124.02868270874023,True,4.0,614,0.0599609375
0000,14608,"[2, 1, 0]",300,124.03750419616699,False,4.0,614,0.0599609375
0000,14609,"[2, 1, 0]",300,124.04775619506836,True,4.0,614,0.0599609375
0000,14610,"[2, 1, 0]",300,124.05657768249512,False,4.0,614,0.0599609375
0000,14611,"[2, 1, 0]",300,124.06277656555176,True,4.0,614,0.0599609375
0000,14612,"[2, 1, 0]",300,124.07326698303223,False,4.0,614,0.0599609375
0000,14613,"[2, 1, 0]",300,124.07922744750977,True,4.0,614,0.0599609375
0000,14614,"[2, 1, 0]",300,124.08804893493652,False,4.0,614,0.0599609375
0000,14615,"[2, 1, 0]",300,124.09377098083496,True,4.0,614,0.0599609375
0000,14616,"[2, 1, 0]",300,124.10306930541992,False,4.0,614,0.0599609375
0000,14617,"[2, 1, 0]",300,124.10831451416016,True,4.0,614,0.0599609375
0000,14618,"[2, 1, 0]",300,124.11737442016602,False,4.0,614,0.0599609375
0000,14619,"[2, 1, 0]",300,124.12238121032715,True,4.0,614,0.0599609375
0000,14620,"[2, 1, 0]",300,124.13144111633301,False,4.0,614,0.0599609375
0000,14621,"[2, 1, 0]",300,124.14050102233887,True,4.0,614,0.0599609375
0000,14622,"[2, 1, 0]",300,124.15051460266113,False,4.0,614,0.0599609375
0000,14623,"[2, 1, 0]",300,124.15599822998047,True,4.0,614,0.0599609375
0000,14624,"[2, 1, 0]",300,124.16481971740723,False,4.0,614,0.0599609375
0000,14625,"[2, 1, 0]",300,124.17340278625488,True,4.0,614,0.0599609375
0000,14626,"[2, 1, 0]",300,124.18198585510254,False,4.0,614,0.0599609375
0000,14627,"[2, 1, 0]",300,124.18770790100098,True,4.0,614,0.0599609375
0000,14628,"[2, 1, 0]",300,124.19605255126953,False,4.0,614,0.0599609375
0000,14629,"[2, 1, 0]",300,124.20177459716797,True,4.0,614,0.0599609375
0000,14630,"[2, 1, 0]",300,124.21059608459473,False,4.0,614,0.0599609375
0000,14631,"[2, 1, 0]",300,124.2215633392334,True,4.0,614,0.0599609375
0000,14632,"[2, 1, 0]",300,124.23038482666016,False,4.0,614,0.0599609375
0000,14633,"[2, 1, 0]",300,124.23586845397949,True,4.0,614,0.0599609375
0000,14634,"[2, 1, 0]",300,124.24421310424805,False,4.0,614,0.0599609375
0000,14635,"[2, 1, 0]",300,124.24945831298828,True,4.0,614,0.0599609375
0000,14636,"[2, 1, 0]",300,124.25780296325684,False,4.0,614,0.0599609375
0000,14637,"[2, 1, 0]",300,124.26304817199707,True,4.0,614,0.0599609375
0000,14638,"[2, 1, 0]",300,124.27163124084473,False,4.0,614,0.0599609375
0000,14639,"[2, 1, 0]",300,124.27687644958496,True,4.0,614,0.0599609375
0000,14640,"[2, 1, 0]",300,124.28569793701172,False,4.0,614,0.0599609375
0000,14641,"[2, 1, 0]",300,124.31073188781738,True,4.0,614,0.0599609375
0000,14642,"[2, 1, 0]",300,124.31955337524414,False,4.0,614,0.0599609375
0000,14643,"[2, 1, 0]",300,124.32503700256348,True,4.0,614,0.0599609375
0000,14644,"[2, 1, 0]",300,124.33362007141113,False,4.0,614,0.0599609375
0000,14645,"[2, 1, 0]",300,124.33886528015137,True,4.0,614,0.0599609375
0000,14646,"[2, 1, 0]",300,124.34744834899902,False,4.0,614,0.0599609375
0000,14647,"[2, 1, 0]",300,124.35245513916016,True,4.0,614,0.0599609375
0000,14648,"[2, 1, 0]",300,124.36127662658691,False,4.0,614,0.0599609375
0000,14649,"[2, 1, 0]",300,124.36604499816895,True,4.0,614,0.0599609375
0000,14650,"[2, 1, 0]",300,124.3746280670166,False,4.0,614,0.0599609375
0000,14651,"[2, 1, 0]",300,124.38249588012695,True,4.0,614,0.0599609375
0000,14652,"[2, 1, 0]",300,124.39155578613281,False,4.0,614,0.0599609375
0000,14653,"[2, 1, 0]",300,124.39680099487305,True,4.0,614,0.0599609375
0000,14654,"[2, 1, 0]",300,124.4056224822998,False,4.0,614,0.0599609375
0000,14655,"[2, 1, 0]",300,124.41086769104004,True,4.0,614,0.0599609375
0000,14656,"[2, 1, 0]",300,124.4194507598877,False,4.0,614,0.0599609375
0000,14657,"[2, 1, 0]",300,124.42469596862793,True,4.0,614,0.0599609375
0000,14658,"[2, 1, 0]",300,124.43327903747559,False,4.0,614,0.0599609375
0000,14659,"[2, 1, 0]",300,124.43828582763672,True,4.0,614,0.0599609375
0000,14660,"[2, 1, 0]",300,124.44686889648438,False,4.0,614,0.0599609375
0000,14661,"[2, 1, 0]",300,124.45187568664551,True,4.0,614,0.0599609375
0000,14662,"[2, 1, 0]",300,124.46045875549316,False,4.0,614,0.0599609375
0000,14663,"[2, 1, 0]",300,124.4654655456543,True,4.0,614,0.0599609375
0000,14664,"[2, 1, 0]",300,124.47452545166016,False,4.0,614,0.0599609375
0000,14665,"[2, 1, 0]",300,124.47953224182129,True,4.0,614,0.0599609375
0000,14666,"[2, 1, 0]",300,124.48787689208984,False,4.0,614,0.0599609375
0000,14667,"[2, 1, 0]",300,124.49288368225098,True,4.0,614,0.0599609375
0000,14668,"[2, 1, 0]",300,124.50146675109863,False,4.0,614,0.0599609375
0000,14669,"[2, 1, 0]",300,124.50671195983887,True,4.0,614,0.0599609375
0000,14670,"[2, 1, 0]",300,124.51505661010742,False,4.0,614,0.0599609375
0000,14671,"[2, 1, 0]",300,124.52316284179688,True,4.0,614,0.0599609375
0000,14672,"[2, 1, 0]",300,124.53198432922363,False,4.0,614,0.0599609375
0000,14673,"[2, 1, 0]",300,124.54032897949219,True,4.0,614,0.0599609375
0000,14674,"[2, 1, 0]",300,124.54891204833984,False,4.0,614,0.0599609375
0000,14675,"[2, 1, 0]",300,124.55415725708008,True,4.0,614,0.0599609375
0000,14676,"[2, 1, 0]",300,124.56274032592773,False,4.0,614,0.0599609375
0000,14677,"[2, 1, 0]",300,124.56798553466797,True,4.0,614,0.0599609375
0000,14678,"[2, 1, 0]",300,124.57609176635742,False,4.0,614,0.0599609375
0000,14679,"[2, 1, 0]",300,124.58109855651855,True,4.0,614,0.0599609375
0000,14680,"[2, 1, 0]",300,124.58968162536621,False,4.0,614,0.0599609375
0000,14681,"[2, 1, 0]",300,124.59468841552734,True,4.0,614,0.0599609375
0000,14682,"[2, 1, 0]",300,124.6035099029541,False,4.0,614,0.0599609375
0000,14683,"[2, 1, 0]",300,124.60851669311523,True,4.0,614,0.0599609375
0000,14684,"[2, 1, 0]",300,124.61709976196289,False,4.0,614,0.0599609375
0000,14685,"[2, 1, 0]",300,124.62210655212402,True,4.0,614,0.0599609375
0000,14686,"[2, 1, 0]",300,124.63021278381348,False,4.0,614,0.0599609375
0000,14687,"[2, 1, 0]",300,124.63545799255371,True,4.0,614,0.0599609375
0000,14688,"[2, 1, 0]",300,124.64404106140137,False,4.0,614,0.0599609375
0000,14689,"[2, 1, 0]",300,124.6492862701416,True,4.0,614,0.0599609375
0000,14690,"[2, 1, 0]",300,124.65763092041016,False,4.0,614,0.0599609375
0000,14691,"[2, 1, 0]",300,124.66287612915039,True,4.0,614,0.0599609375
0000,14692,"[2, 1, 0]",300,124.67098236083984,False,4.0,614,0.0599609375
0000,14693,"[2, 1, 0]",300,124.6790885925293,True,4.0,614,0.0599609375
0000,14694,"[2, 1, 0]",300,124.68767166137695,False,4.0,614,0.0599609375
0000,14695,"[2, 1, 0]",300,124.69267845153809,True,4.0,614,0.0599609375
0000,14696,"[2, 1, 0]",300,124.70149993896484,False,4.0,614,0.0599609375
0000,14697,"[2, 1, 0]",300,124.70626831054688,True,4.0,614,0.0599609375
0000,14698,"[2, 1, 0]",300,124.71485137939453,False,4.0,614,0.0599609375
0000,14699,"[2, 1, 0]",300,124.71985816955566,True,4.0,614,0.0599609375
0000,14700,"[2, 1, 0]",300,124.72844123840332,False,4.0,614,0.0599609375
0000,14701,"[2, 1, 0]",300,124.73344802856445,True,4.0,614,0.0599609375
0000,14702,"[2, 1, 0]",300,124.74226951599121,False,4.0,614,0.0599609375
0000,14703,"[2, 1, 0]",300,124.74727630615234,True,4.0,614,0.0599609375
0000,14704,"[2, 1, 0]",300,124.7563362121582,False,4.0,614,0.0599609375
0000,14705,"[2, 1, 0]",300,124.76134300231934,True,4.0,614,0.0599609375
0000,14706,"[2, 1, 0]",300,124.76992607116699,False,4.0,614,0.0599609375
0000,14707,"[2, 1, 0]",300,124.77493286132812,True,4.0,614,0.0599609375
0000,14708,"[2, 1, 0]",300,124.78375434875488,False,4.0,614,0.0599609375
0000,14709,"[2, 1, 0]",300,124.78876113891602,True,4.0,614,0.0599609375
0000,14710,"[2, 1, 0]",300,124.79734420776367,False,4.0,614,0.0599609375
0000,14711,"[2, 1, 0]",300,124.8023509979248,True,4.0,614,0.0599609375
0000,14712,"[2, 1, 0]",300,124.81069564819336,False,4.0,614,0.0599609375
0000,14713,"[2, 1, 0]",300,124.81570243835449,True,4.0,614,0.0599609375
0000,14714,"[2, 1, 0]",300,124.82428550720215,False,4.0,614,0.0599609375
0000,14715,"[2, 1, 0]",300,124.91893768310547,True,4.0,614,0.0599609375
0000,14716,"[2, 1, 0]",300,124.94254112243652,False,4.0,614,0.0599609375
0000,14717,"[2, 1, 0]",300,124.95064735412598,True,4.0,614,0.0599609375
0000,14718,"[2, 1, 0]",300,124.96328353881836,False,4.0,614,0.0599609375
0000,14719,"[2, 1, 0]",300,124.9701976776123,True,4.0,614,0.0599609375
0000,14720,"[2, 1, 0]",300,124.98068809509277,False,4.0,614,0.0599609375
0000,14721,"[2, 1, 0]",300,124.99189376831055,True,4.0,614,0.0599609375
0000,14722,"[2, 1, 0]",300,125.00214576721191,False,4.0,614,0.0599609375
0000,14723,"[2, 1, 0]",300,125.00786781311035,True,4.0,614,0.0599609375
0000,14724,"[2, 1, 0]",300,125.01788139343262,False,4.0,614,0.0599609375
0000,14725,"[2, 1, 0]",300,125.02336502075195,True,4.0,614,0.0599609375
0000,14726,"[2, 1, 0]",300,125.03266334533691,False,4.0,614,0.0599609375
0000,14727,"[2, 1, 0]",300,125.03814697265625,True,4.0,614,0.0599609375
0000,14728,"[2, 1, 0]",300,125.04720687866211,False,4.0,614,0.0599609375
0000,14729,"[2, 1, 0]",300,125.05245208740234,True,4.0,614,0.0599609375
0000,14730,"[2, 1, 0]",300,125.0617504119873,False,4.0,614,0.0599609375
0000,14731,"[2, 1, 0]",300,125.06723403930664,True,4.0,614,0.0599609375
0000,14732,"[2, 1, 0]",300,125.0762939453125,False,4.0,614,0.0599609375
0000,14733,"[2, 1, 0]",300,125.08177757263184,True,4.0,614,0.0599609375
0000,14734,"[2, 1, 0]",300,125.0905990600586,False,4.0,614,0.0599609375
0000,14735,"[2, 1, 0]",300,125.10013580322266,True,4.0,614,0.0599609375
0000,14736,"[2, 1, 0]",300,125.10991096496582,False,4.0,614,0.0599609375
0000,14737,"[2, 1, 0]",300,125.11515617370605,True,4.0,614,0.0599609375
0000,14738,"[2, 1, 0]",300,125.12445449829102,False,4.0,614,0.0599609375
0000,14739,"[2, 1, 0]",300,125.12946128845215,True,4.0,614,0.0599609375
0000,14740,"[2, 1, 0]",300,125.13852119445801,False,4.0,614,0.0599609375
0000,14741,"[2, 1, 0]",300,125.14328956604004,True,4.0,614,0.0599609375
0000,14742,"[2, 1, 0]",300,125.1523494720459,False,4.0,614,0.0599609375
0000,14743,"[2, 1, 0]",300,125.15830993652344,True,4.0,614,0.0599609375
0000,14744,"[2, 1, 0]",300,125.1676082611084,False,4.0,614,0.0599609375
0000,14745,"[2, 1, 0]",300,125.17404556274414,True,4.0,614,0.0599609375
0000,14746,"[2, 1, 0]",300,125.18310546875,False,4.0,614,0.0599609375
0000,14747,"[2, 1, 0]",300,125.18835067749023,True,4.0,614,0.0599609375
0000,14748,"[2, 1, 0]",300,125.1978874206543,False,4.0,614,0.0599609375
0000,14749,"[2, 1, 0]",300,125.20337104797363,True,4.0,614,0.0599609375
0000,14750,"[2, 1, 0]",300,125.2129077911377,False,4.0,614,0.0599609375
0000,14751,"[2, 1, 0]",300,125.21839141845703,True,4.0,614,0.0599609375
0000,14752,"[2, 1, 0]",300,125.22697448730469,False,4.0,614,0.0599609375
0000,14753,"[2, 1, 0]",300,125.23221969604492,True,4.0,614,0.0599609375
0000,14754,"[2, 1, 0]",300,125.24104118347168,False,4.0,614,0.0599609375
0000,14755,"[2, 1, 0]",300,125.24628639221191,True,4.0,614,0.0599609375
0000,14756,"[2, 1, 0]",300,125.25486946105957,False,4.0,614,0.0599609375
0000,14757,"[2, 1, 0]",300,125.26440620422363,True,4.0,614,0.0599609375
0000,14758,"[2, 1, 0]",300,125.2737045288086,False,4.0,614,0.0599609375
0000,14759,"[2, 1, 0]",300,125.27894973754883,True,4.0,614,0.0599609375
0000,14760,"[2, 1, 0]",300,125.28777122497559,False,4.0,614,0.0599609375
0000,14761,"[2, 1, 0]",300,125.29277801513672,True,4.0,614,0.0599609375
0000,14762,"[2, 1, 0]",300,125.30159950256348,False,4.0,614,0.0599609375
0000,14763,"[2, 1, 0]",300,125.30660629272461,True,4.0,614,0.0599609375
0000,14764,"[2, 1, 0]",300,125.31518936157227,False,4.0,614,0.0599609375
0000,14765,"[2, 1, 0]",300,125.3201961517334,True,4.0,614,0.0599609375
0000,14766,"[2, 1, 0]",300,125.32901763916016,False,4.0,614,0.0599609375
0000,14767,"[2, 1, 0]",300,125.33402442932129,True,4.0,614,0.0599609375
0000,14768,"[2, 1, 0]",300,125.34284591674805,False,4.0,614,0.0599609375
0000,14769,"[2, 1, 0]",300,125.34809112548828,True,4.0,614,0.0599609375
0000,14770,"[2, 1, 0]",300,125.35667419433594,False,4.0,614,0.0599609375
0000,14771,"[2, 1, 0]",300,125.36144256591797,True,4.0,614,0.0599609375
0000,14772,"[2, 1, 0]",300,125.37360191345215,False,4.0,614,0.0599609375
0000,14773,"[2, 1, 0]",300,125.37932395935059,True,4.0,614,0.0599609375
0000,14774,"[2, 1, 0]",300,125.38814544677734,False,4.0,614,0.0599609375
0000,14775,"[2, 1, 0]",300,125.39315223693848,True,4.0,614,0.0599609375
0000,14776,"[2, 1, 0]",300,125.40221214294434,False,4.0,614,0.0599609375
0000,14777,"[2, 1, 0]",300,125.41055679321289,True,4.0,614,0.0599609375
0000,14778,"[2, 1, 0]",300,125.41985511779785,False,4.0,614,0.0599609375
0000,14779,"[2, 1, 0]",300,125.42486190795898,True,4.0,614,0.0599609375
0000,14780,"[2, 1, 0]",300,125.43416023254395,False,4.0,614,0.0599609375
0000,14781,"[2, 1, 0]",300,125.43988227844238,True,4.0,614,0.0599609375
0000,14782,"[2, 1, 0]",300,125.44918060302734,False,4.0,614,0.0599609375
0000,14783,"[2, 1, 0]",300,125.45442581176758,True,4.0,614,0.0599609375
0000,14784,"[2, 1, 0]",300,125.46324729919434,False,4.0,614,0.0599609375
0000,14785,"[2, 1, 0]",300,125.46849250793457,True,4.0,614,0.0599609375
0000,14786,"[2, 1, 0]",300,125.47707557678223,False,4.0,614,0.0599609375
0000,14787,"[2, 1, 0]",300,125.48255920410156,True,4.0,614,0.0599609375
0000,14788,"[2, 1, 0]",300,125.49114227294922,False,4.0,614,0.0599609375
0000,14789,"[2, 1, 0]",300,125.49638748168945,True,4.0,614,0.0599609375
0000,14790,"[2, 1, 0]",300,125.50568580627441,False,4.0,614,0.0599609375
0000,14791,"[2, 1, 0]",300,125.51093101501465,True,4.0,614,0.0599609375
0000,14792,"[2, 1, 0]",300,125.5195140838623,False,4.0,614,0.0599609375
0000,14793,"[2, 1, 0]",300,125.52809715270996,True,4.0,614,0.0599609375
0000,14794,"[2, 1, 0]",300,125.53691864013672,False,4.0,614,0.0599609375
0000,14795,"[2, 1, 0]",300,125.54240226745605,True,4.0,614,0.0599609375
0000,14796,"[2, 1, 0]",300,125.55098533630371,False,4.0,614,0.0599609375
0000,14797,"[2, 1, 0]",300,125.55646896362305,True,4.0,614,0.0599609375
0000,14798,"[2, 1, 0]",300,125.5652904510498,False,4.0,614,0.0599609375
0000,14799,"[2, 1, 0]",300,125.57363510131836,True,4.0,614,0.0599609375
0000,14800,"[2, 1, 0]",300,125.58269500732422,False,4.0,614,0.0599609375
0000,14801,"[2, 1, 0]",300,125.58746337890625,True,4.0,614,0.0599609375
0000,14802,"[2, 1, 0]",300,125.59628486633301,False,4.0,614,0.0599609375
0000,14803,"[2, 1, 0]",300,125.60105323791504,True,4.0,614,0.0599609375
0000,14804,"[2, 1, 0]",300,125.6098747253418,False,4.0,614,0.0599609375
0000,14805,"[2, 1, 0]",300,125.61464309692383,True,4.0,614,0.0599609375
0000,14806,"[2, 1, 0]",300,125.62370300292969,False,4.0,614,0.0599609375
0000,14807,"[2, 1, 0]",300,125.62870979309082,True,4.0,614,0.0599609375
0000,14808,"[2, 1, 0]",300,125.63776969909668,False,4.0,614,0.0599609375
0000,14809,"[2, 1, 0]",300,125.64277648925781,True,4.0,614,0.0599609375
0000,14810,"[2, 1, 0]",300,125.65183639526367,False,4.0,614,0.0599609375
0000,14811,"[2, 1, 0]",300,125.6570816040039,True,4.0,614,0.0599609375
0000,14812,"[2, 1, 0]",300,125.66566467285156,False,4.0,614,0.0599609375
0000,14813,"[2, 1, 0]",300,125.6706714630127,True,4.0,614,0.0599609375
0000,14814,"[2, 1, 0]",300,125.67925453186035,False,4.0,614,0.0599609375
0000,14815,"[2, 1, 0]",300,125.68449974060059,True,4.0,614,0.0599609375
0000,14816,"[2, 1, 0]",300,125.69308280944824,False,4.0,614,0.0599609375
0000,14817,"[2, 1, 0]",300,125.69808959960938,True,4.0,614,0.0599609375
0000,14818,"[2, 1, 0]",300,125.70691108703613,False,4.0,614,0.0599609375
0000,14819,"[2, 1, 0]",300,125.71525573730469,True,4.0,614,0.0599609375
0000,14820,"[2, 1, 0]",300,125.72431564331055,False,4.0,614,0.0599609375
0000,14821,"[2, 1, 0]",300,125.72956085205078,True,4.0,614,0.0599609375
0000,14822,"[2, 1, 0]",300,125.74148178100586,False,4.0,614,0.0599609375
0000,14823,"[2, 1, 0]",300,125.7469654083252,True,4.0,614,0.0599609375
0000,14824,"[2, 1, 0]",300,125.75650215148926,False,4.0,614,0.0599609375
0000,14825,"[2, 1, 0]",300,125.76150894165039,True,4.0,614,0.0599609375
0000,14826,"[2, 1, 0]",300,125.77104568481445,False,4.0,614,0.0599609375
0000,14827,"[2, 1, 0]",300,125.77700614929199,True,4.0,614,0.0599609375
0000,14828,"[2, 1, 0]",300,125.78582763671875,False,4.0,614,0.0599609375
0000,14829,"[2, 1, 0]",300,125.79107284545898,True,4.0,614,0.0599609375
0000,14830,"[2, 1, 0]",300,125.79965591430664,False,4.0,614,0.0599609375
0000,14831,"[2, 1, 0]",300,125.80466270446777,True,4.0,614,0.0599609375
0000,14832,"[2, 1, 0]",300,125.81324577331543,False,4.0,614,0.0599609375
0000,14833,"[2, 1, 0]",300,125.81849098205566,True,4.0,614,0.0599609375
0000,14834,"[2, 1, 0]",300,125.82731246948242,False,4.0,614,0.0599609375
0000,14835,"[2, 1, 0]",300,125.83255767822266,True,4.0,614,0.0599609375
0000,14836,"[2, 1, 0]",300,125.84090232849121,False,4.0,614,0.0599609375
0000,14837,"[2, 1, 0]",300,125.84614753723145,True,4.0,614,0.0599609375
0000,14838,"[2, 1, 0]",300,125.8547306060791,False,4.0,614,0.0599609375
0000,14839,"[2, 1, 0]",300,125.85997581481934,True,4.0,614,0.0599609375
0000,14840,"[2, 1, 0]",300,125.86832046508789,False,4.0,614,0.0599609375
0000,14841,"[2, 1, 0]",300,125.88047981262207,True,4.0,614,0.0599609375
0000,14842,"[2, 1, 0]",300,125.88906288146973,False,4.0,614,0.0599609375
0000,14843,"[2, 1, 0]",300,125.89454650878906,True,4.0,614,0.0599609375
0000,14844,"[2, 1, 0]",300,125.90289115905762,False,4.0,614,0.0599609375
0000,14845,"[2, 1, 0]",300,125.90837478637695,True,4.0,614,0.0599609375
0000,14846,"[2, 1, 0]",300,125.91695785522461,False,4.0,614,0.0599609375
0000,14847,"[2, 1, 0]",300,125.92220306396484,True,4.0,614,0.0599609375
0000,14848,"[2, 1, 0]",300,125.9307861328125,False,4.0,614,0.0599609375
0000,14849,"[2, 1, 0]",300,125.93626976013184,True,4.0,614,0.0599609375
0000,14850,"[2, 1, 0]",300,125.97131729125977,False,4.0,614,0.0599609375
0000,14851,"[2, 1, 0]",300,125.98347663879395,True,4.0,614,0.0599609375
0000,14852,"[2, 1, 0]",300,126.00088119506836,False,4.0,614,0.0599609375
0000,14853,"[2, 1, 0]",300,126.0080337524414,True,4.0,614,0.0599609375
0000,14854,"[2, 1, 0]",300,126.01947784423828,False,4.0,614,0.0599609375
0000,14855,"[2, 1, 0]",300,126.02543830871582,True,4.0,614,0.0599609375
0000,14856,"[2, 1, 0]",300,126.0368824005127,False,4.0,614,0.0599609375
0000,14857,"[2, 1, 0]",300,126.04284286499023,True,4.0,614,0.0599609375
0000,14858,"[2, 1, 0]",300,126.0526180267334,False,4.0,614,0.0599609375
0000,14859,"[2, 1, 0]",300,126.05881690979004,True,4.0,614,0.0599609375
0000,14860,"[2, 1, 0]",300,126.0688304901123,False,4.0,614,0.0599609375
0000,14861,"[2, 1, 0]",300,126.08051300048828,True,4.0,614,0.0599609375
0000,14862,"[2, 1, 0]",300,126.09076499938965,False,4.0,614,0.0599609375
0000,14863,"[2, 1, 0]",300,126.09648704528809,True,4.0,614,0.0599609375
0000,14864,"[2, 1, 0]",300,126.10507011413574,False,4.0,614,0.0599609375
0000,14865,"[2, 1, 0]",300,126.11031532287598,True,4.0,614,0.0599609375
0000,14866,"[2, 1, 0]",300,126.11889839172363,False,4.0,614,0.0599609375
0000,14867,"[2, 1, 0]",300,126.12462043762207,True,4.0,614,0.0599609375
0000,14868,"[2, 1, 0]",300,126.13320350646973,False,4.0,614,0.0599609375
0000,14869,"[2, 1, 0]",300,126.13844871520996,True,4.0,614,0.0599609375
0000,14870,"[2, 1, 0]",300,126.14798545837402,False,4.0,614,0.0599609375
0000,14871,"[2, 1, 0]",300,126.15323066711426,True,4.0,614,0.0599609375
0000,14872,"[2, 1, 0]",300,126.16252899169922,False,4.0,614,0.0599609375
0000,14873,"[2, 1, 0]",300,126.17254257202148,True,4.0,614,0.0599609375
0000,14874,"[2, 1, 0]",300,126.18231773376465,False,4.0,614,0.0599609375
0000,14875,"[2, 1, 0]",300,126.18780136108398,True,4.0,614,0.0599609375
0000,14876,"[2, 1, 0]",300,126.19686126708984,False,4.0,614,0.0599609375
0000,14877,"[2, 1, 0]",300,126.20258331298828,True,4.0,614,0.0599609375
0000,14878,"[2, 1, 0]",300,126.21212005615234,False,4.0,614,0.0599609375
0000,14879,"[2, 1, 0]",300,126.21760368347168,True,4.0,614,0.0599609375
0000,14880,"[2, 1, 0]",300,126.22618675231934,False,4.0,614,0.0599609375
0000,14881,"[2, 1, 0]",300,126.23143196105957,True,4.0,614,0.0599609375
0000,14882,"[2, 1, 0]",300,126.24025344848633,False,4.0,614,0.0599609375
0000,14883,"[2, 1, 0]",300,126.24883651733398,True,4.0,614,0.0599609375
0000,14884,"[2, 1, 0]",300,126.25813484191895,False,4.0,614,0.0599609375
0000,14885,"[2, 1, 0]",300,126.26338005065918,True,4.0,614,0.0599609375
0000,14886,"[2, 1, 0]",300,126.27196311950684,False,4.0,614,0.0599609375
0000,14887,"[2, 1, 0]",300,126.27720832824707,True,4.0,614,0.0599609375
0000,14888,"[2, 1, 0]",300,126.28602981567383,False,4.0,614,0.0599609375
0000,14889,"[2, 1, 0]",300,126.29127502441406,True,4.0,614,0.0599609375
0000,14890,"[2, 1, 0]",300,126.29985809326172,False,4.0,614,0.0599609375
0000,14891,"[2, 1, 0]",300,126.30486488342285,True,4.0,614,0.0599609375
0000,14892,"[2, 1, 0]",300,126.31344795227051,False,4.0,614,0.0599609375
0000,14893,"[2, 1, 0]",300,126.31893157958984,True,4.0,614,0.0599609375
0000,14894,"[2, 1, 0]",300,126.3272762298584,False,4.0,614,0.0599609375
0000,14895,"[2, 1, 0]",300,126.33252143859863,True,4.0,614,0.0599609375
0000,14896,"[2, 1, 0]",300,126.34110450744629,False,4.0,614,0.0599609375
0000,14897,"[2, 1, 0]",300,126.34634971618652,True,4.0,614,0.0599609375
0000,14898,"[2, 1, 0]",300,126.35493278503418,False,4.0,614,0.0599609375
0000,14899,"[2, 1, 0]",300,126.36017799377441,True,4.0,614,0.0599609375
0000,14900,"[2, 1, 0]",300,126.36852264404297,False,4.0,614,0.0599609375
0000,14901,"[2, 1, 0]",300,126.3737678527832,True,4.0,614,0.0599609375
0000,14902,"[2, 1, 0]",300,126.38235092163086,False,4.0,614,0.0599609375
0000,14903,"[2, 1, 0]",300,126.39117240905762,True,4.0,614,0.0599609375
0000,14904,"[2, 1, 0]",300,126.39999389648438,False,4.0,614,0.0599609375
0000,14905,"[2, 1, 0]",300,126.40523910522461,True,4.0,614,0.0599609375
0000,14906,"[2, 1, 0]",300,126.41406059265137,False,4.0,614,0.0599609375
0000,14907,"[2, 1, 0]",300,126.4193058013916,True,4.0,614,0.0599609375
0000,14908,"[2, 1, 0]",300,126.42765045166016,False,4.0,614,0.0599609375
0000,14909,"[2, 1, 0]",300,126.43289566040039,True,4.0,614,0.0599609375
0000,14910,"[2, 1, 0]",300,126.44195556640625,False,4.0,614,0.0599609375
0000,14911,"[2, 1, 0]",300,126.44720077514648,True,4.0,614,0.0599609375
0000,14912,"[2, 1, 0]",300,126.45554542541504,False,4.0,614,0.0599609375
0000,14913,"[2, 1, 0]",300,126.46079063415527,True,4.0,614,0.0599609375
0000,14914,"[2, 1, 0]",300,126.46913528442383,False,4.0,614,0.0599609375
0000,14915,"[2, 1, 0]",300,126.47414207458496,True,4.0,614,0.0599609375
0000,14916,"[2, 1, 0]",300,126.48248672485352,False,4.0,614,0.0599609375
0000,14917,"[2, 1, 0]",300,126.48749351501465,True,4.0,614,0.0599609375
0000,14918,"[2, 1, 0]",300,126.4960765838623,False,4.0,614,0.0599609375
0000,14919,"[2, 1, 0]",300,126.50108337402344,True,4.0,614,0.0599609375
0000,14920,"[2, 1, 0]",300,126.5096664428711,False,4.0,614,0.0599609375
0000,14921,"[2, 1, 0]",300,126.51467323303223,True,4.0,614,0.0599609375
0000,14922,"[2, 1, 0]",300,126.52301788330078,False,4.0,614,0.0599609375
0000,14923,"[2, 1, 0]",300,126.53183937072754,True,4.0,614,0.0599609375
0000,14924,"[2, 1, 0]",300,126.5408992767334,False,4.0,614,0.0599609375
0000,14925,"[2, 1, 0]",300,126.54900550842285,True,4.0,614,0.0599609375
0000,14926,"[2, 1, 0]",300,126.55782699584961,False,4.0,614,0.0599609375
0000,14927,"[2, 1, 0]",300,126.56283378601074,True,4.0,614,0.0599609375
0000,14928,"[2, 1, 0]",300,126.5716552734375,False,4.0,614,0.0599609375
0000,14929,"[2, 1, 0]",300,126.57666206359863,True,4.0,614,0.0599609375
0000,14930,"[2, 1, 0]",300,126.58548355102539,False,4.0,614,0.0599609375
0000,14931,"[2, 1, 0]",300,126.59025192260742,True,4.0,614,0.0599609375
0000,14932,"[2, 1, 0]",300,126.59883499145508,False,4.0,614,0.0599609375
0000,14933,"[2, 1, 0]",300,126.60360336303711,True,4.0,614,0.0599609375
0000,14934,"[2, 1, 0]",300,126.61194801330566,False,4.0,614,0.0599609375
0000,14935,"[2, 1, 0]",300,126.6171932220459,True,4.0,614,0.0599609375
0000,14936,"[2, 1, 0]",300,126.62553787231445,False,4.0,614,0.0599609375
0000,14937,"[2, 1, 0]",300,126.63054466247559,True,4.0,614,0.0599609375
0000,14938,"[2, 1, 0]",300,126.63888931274414,False,4.0,614,0.0599609375
0000,14939,"[2, 1, 0]",300,126.64413452148438,True,4.0,614,0.0599609375
0000,14940,"[2, 1, 0]",300,126.65247917175293,False,4.0,614,0.0599609375
0000,14941,"[2, 1, 0]",300,126.65748596191406,True,4.0,614,0.0599609375
0000,14942,"[2, 1, 0]",300,126.66606903076172,False,4.0,614,0.0599609375
0000,14943,"[2, 1, 0]",300,126.67083740234375,True,4.0,614,0.0599609375
0000,14944,"[2, 1, 0]",300,126.67965888977051,False,4.0,614,0.0599609375
0000,14945,"[2, 1, 0]",300,126.68752670288086,True,4.0,614,0.0599609375
0000,14946,"[2, 1, 0]",300,126.69658660888672,False,4.0,614,0.0599609375
0000,14947,"[2, 1, 0]",300,126.70159339904785,True,4.0,614,0.0599609375
0000,14948,"[2, 1, 0]",300,126.71017646789551,False,4.0,614,0.0599609375
0000,14949,"[2, 1, 0]",300,126.71518325805664,True,4.0,614,0.0599609375
0000,14950,"[2, 1, 0]",300,126.7240047454834,False,4.0,614,0.0599609375
0000,14951,"[2, 1, 0]",300,126.72877311706543,True,4.0,614,0.0599609375
0000,14952,"[2, 1, 0]",300,126.73711776733398,False,4.0,614,0.0599609375
0000,14953,"[2, 1, 0]",300,126.74236297607422,True,4.0,614,0.0599609375
0000,14954,"[2, 1, 0]",300,126.75046920776367,False,4.0,614,0.0599609375
0000,14955,"[2, 1, 0]",300,126.7557144165039,True,4.0,614,0.0599609375
0000,14956,"[2, 1, 0]",300,126.76429748535156,False,4.0,614,0.0599609375
0000,14957,"[2, 1, 0]",300,126.7693042755127,True,4.0,614,0.0599609375
0000,14958,"[2, 1, 0]",300,126.77764892578125,False,4.0,614,0.0599609375
0000,14959,"[2, 1, 0]",300,126.78289413452148,True,4.0,614,0.0599609375
0000,14960,"[2, 1, 0]",300,126.79100036621094,False,4.0,614,0.0599609375
0000,14961,"[2, 1, 0]",300,126.79910659790039,True,4.0,614,0.0599609375
0000,14962,"[2, 1, 0]",300,126.80792808532715,False,4.0,614,0.0599609375
0000,14963,"[2, 1, 0]",300,126.81341171264648,True,4.0,614,0.0599609375
0000,14964,"[2, 1, 0]",300,126.82175636291504,False,4.0,614,0.0599609375
0000,14965,"[2, 1, 0]",300,126.82700157165527,True,4.0,614,0.0599609375
0000,14966,"[2, 1, 0]",300,126.83558464050293,False,4.0,614,0.0599609375
0000,14967,"[2, 1, 0]",300,126.84369087219238,True,4.0,614,0.0599609375
0000,14968,"[2, 1, 0]",300,126.85251235961914,False,4.0,614,0.0599609375
0000,14969,"[2, 1, 0]",300,126.85751914978027,True,4.0,614,0.0599609375
0000,14970,"[2, 1, 0]",300,126.86586380004883,False,4.0,614,0.0599609375
0000,14971,"[2, 1, 0]",300,126.87110900878906,True,4.0,614,0.0599609375
0000,14972,"[2, 1, 0]",300,126.87969207763672,False,4.0,614,0.0599609375
0000,14973,"[2, 1, 0]",300,126.88803672790527,True,4.0,614,0.0599609375
0000,14974,"[2, 1, 0]",300,126.89661979675293,False,4.0,614,0.0599609375
0000,14975,"[2, 1, 0]",300,126.90186500549316,True,4.0,614,0.0599609375
0000,14976,"[2, 1, 0]",300,126.91044807434082,False,4.0,614,0.0599609375
0000,14977,"[2, 1, 0]",300,126.92713737487793,True,4.0,614,0.0599609375
0000,14978,"[2, 1, 0]",300,126.9521713256836,False,4.0,614,0.0599609375
0000,14979,"[2, 1, 0]",300,126.96337699890137,True,4.0,614,0.0599609375
0000,14980,"[2, 1, 0]",300,126.97601318359375,False,4.0,614,0.0599609375
0000,14981,"[2, 1, 0]",300,126.9826889038086,True,4.0,614,0.0599609375
0000,14982,"[2, 1, 0]",300,126.99270248413086,False,4.0,614,0.0599609375
0000,14983,"[2, 1, 0]",300,126.9981861114502,True,4.0,614,0.0599609375
0000,14984,"[2, 1, 0]",300,127.00700759887695,False,4.0,614,0.0599609375
0000,14985,"[2, 1, 0]",300,127.01272964477539,True,4.0,614,0.0599609375
0000,14986,"[2, 1, 0]",300,127.02155113220215,False,4.0,614,0.0599609375
0000,14987,"[2, 1, 0]",300,127.06279754638672,True,4.0,614,0.0599609375
0000,14988,"[2, 1, 0]",300,127.0911693572998,False,4.0,614,0.0599609375
0000,14989,"[2, 1, 0]",300,127.12526321411133,True,4.0,614,0.0599609375
0000,14990,"[2, 1, 0]",300,127.13861465454102,False,4.0,614,0.0599609375
0000,14991,"[2, 1, 0]",300,127.14648246765137,True,4.0,614,0.0599609375
0000,14992,"[2, 1, 0]",300,127.15744972229004,False,4.0,614,0.0599609375
0000,14993,"[2, 1, 0]",300,127.16412544250488,True,4.0,614,0.0599609375
0000,14994,"[2, 1, 0]",300,127.17366218566895,False,4.0,614,0.0599609375
0000,14995,"[2, 1, 0]",300,127.17986106872559,True,4.0,614,0.0599609375
0000,14996,"[2, 1, 0]",300,127.18844413757324,False,4.0,614,0.0599609375
0000,14997,"[2, 1, 0]",300,127.19392776489258,True,4.0,614,0.0599609375
0000,14998,"[2, 1, 0]",300,127.20227241516113,False,4.0,614,0.0599609375
0000,14999,"[2, 1, 0]",300,127.20751762390137,True,4.0,614,0.0599609375
0000,15000,"[2, 1, 0]",300,127.21610069274902,False,4.0,614,0.0599609375
0000,15001,"[2, 1, 0]",300,127.22158432006836,True,4.0,614,0.0599609375
0000,15002,"[2, 1, 0]",300,127.23016738891602,False,4.0,614,0.0599609375
0000,15003,"[2, 1, 0]",300,127.23565101623535,True,4.0,614,0.0599609375
0000,15004,"[2, 1, 0]",300,127.24471092224121,False,4.0,614,0.0599609375
0000,15005,"[2, 1, 0]",300,127.24995613098145,True,4.0,614,0.0599609375
0000,15006,"[2, 1, 0]",300,127.2587776184082,False,4.0,614,0.0599609375
0000,15007,"[2, 1, 0]",300,127.26378440856934,True,4.0,614,0.0599609375
0000,15008,"[2, 1, 0]",300,127.27189064025879,False,4.0,614,0.0599609375
0000,15009,"[2, 1, 0]",300,127.33006477355957,True,4.0,614,0.0599609375
0000,15010,"[2, 1, 0]",300,127.35247611999512,False,4.0,614,0.0599609375
0000,15011,"[2, 1, 0]",300,127.36010551452637,True,4.0,614,0.0599609375
0000,15012,"[2, 1, 0]",300,127.37178802490234,False,4.0,614,0.0599609375
0000,15013,"[2, 1, 0]",300,127.37846374511719,True,4.0,614,0.0599609375
0000,15014,"[2, 1, 0]",300,127.38823890686035,False,4.0,614,0.0599609375
0000,15015,"[2, 1, 0]",300,127.39396095275879,True,4.0,614,0.0599609375
0000,15016,"[2, 1, 0]",300,127.40254402160645,False,4.0,614,0.0599609375
0000,15017,"[2, 1, 0]",300,127.40802764892578,True,4.0,614,0.0599609375
0000,15018,"[2, 1, 0]",300,127.41684913635254,False,4.0,614,0.0599609375
0000,15019,"[2, 1, 0]",300,127.42233276367188,True,4.0,614,0.0599609375
0000,15020,"[2, 1, 0]",300,127.43091583251953,False,4.0,614,0.0599609375
0000,15021,"[2, 1, 0]",300,127.43616104125977,True,4.0,614,0.0599609375
0000,15022,"[2, 1, 0]",300,127.44450569152832,False,4.0,614,0.0599609375
0000,15023,"[2, 1, 0]",300,127.44998931884766,True,4.0,614,0.0599609375
0000,15024,"[2, 1, 0]",300,127.46357917785645,False,4.0,614,0.0599609375
0000,15025,"[2, 1, 0]",300,127.46882438659668,True,4.0,614,0.0599609375
0000,15026,"[2, 1, 0]",300,127.47788429260254,False,4.0,614,0.0599609375
0000,15027,"[2, 1, 0]",300,127.48312950134277,True,4.0,614,0.0599609375
0000,15028,"[2, 1, 0]",300,127.49218940734863,False,4.0,614,0.0599609375
0000,15029,"[2, 1, 0]",300,127.50053405761719,True,4.0,614,0.0599609375
0000,15030,"[2, 1, 0]",300,127.52890586853027,False,4.0,614,0.0599609375
0000,15031,"[2, 1, 0]",300,127.53438949584961,True,4.0,614,0.0599609375
0000,15032,"[2, 1, 0]",300,127.54368782043457,False,4.0,614,0.0599609375
0000,15033,"[2, 1, 0]",300,127.5486946105957,True,4.0,614,0.0599609375
0000,15034,"[2, 1, 0]",300,127.55751609802246,False,4.0,614,0.0599609375
0000,15035,"[2, 1, 0]",300,127.5625228881836,True,4.0,614,0.0599609375
0000,15036,"[2, 1, 0]",300,127.57134437561035,False,4.0,614,0.0599609375
0000,15037,"[2, 1, 0]",300,127.57635116577148,True,4.0,614,0.0599609375
0000,15038,"[2, 1, 0]",300,127.58493423461914,False,4.0,614,0.0599609375
0000,15039,"[2, 1, 0]",300,127.58994102478027,True,4.0,614,0.0599609375
0000,15040,"[2, 1, 0]",300,127.59876251220703,False,4.0,614,0.0599609375
0000,15041,"[2, 1, 0]",300,127.60376930236816,True,4.0,614,0.0599609375
0000,15042,"[2, 1, 0]",300,127.61259078979492,False,4.0,614,0.0599609375
0000,15043,"[2, 1, 0]",300,127.61759757995605,True,4.0,614,0.0599609375
0000,15044,"[2, 1, 0]",300,127.62594223022461,False,4.0,614,0.0599609375
0000,15045,"[2, 1, 0]",300,127.63118743896484,True,4.0,614,0.0599609375
0000,15046,"[2, 1, 0]",300,127.6395320892334,False,4.0,614,0.0599609375
0000,15047,"[2, 1, 0]",300,127.64477729797363,True,4.0,614,0.0599609375
0000,15048,"[2, 1, 0]",300,127.65312194824219,False,4.0,614,0.0599609375
0000,15049,"[2, 1, 0]",300,127.65812873840332,True,4.0,614,0.0599609375
0000,15050,"[2, 1, 0]",300,127.66647338867188,False,4.0,614,0.0599609375
0000,15051,"[2, 1, 0]",300,127.67863273620605,True,4.0,614,0.0599609375
0000,15052,"[2, 1, 0]",300,127.68769264221191,False,4.0,614,0.0599609375
0000,15053,"[2, 1, 0]",300,127.69293785095215,True,4.0,614,0.0599609375
0000,15054,"[2, 1, 0]",300,127.7012825012207,False,4.0,614,0.0599609375
0000,15055,"[2, 1, 0]",300,127.70652770996094,True,4.0,614,0.0599609375
0000,15056,"[2, 1, 0]",300,127.7151107788086,False,4.0,614,0.0599609375
0000,15057,"[2, 1, 0]",300,127.72035598754883,True,4.0,614,0.0599609375
0000,15058,"[2, 1, 0]",300,127.72846221923828,False,4.0,614,0.0599609375
0000,15059,"[2, 1, 0]",300,127.73346900939941,True,4.0,614,0.0599609375
0000,15060,"[2, 1, 0]",300,127.74205207824707,False,4.0,614,0.0599609375
0000,15061,"[2, 1, 0]",300,127.7470588684082,True,4.0,614,0.0599609375
0000,15062,"[2, 1, 0]",300,127.75564193725586,False,4.0,614,0.0599609375
0000,15063,"[2, 1, 0]",300,127.76064872741699,True,4.0,614,0.0599609375
0000,15064,"[2, 1, 0]",300,127.76923179626465,False,4.0,614,0.0599609375
0000,15065,"[2, 1, 0]",300,127.77400016784668,True,4.0,614,0.0599609375
0000,15066,"[2, 1, 0]",300,127.78210639953613,False,4.0,614,0.0599609375
0000,15067,"[2, 1, 0]",300,127.78735160827637,True,4.0,614,0.0599609375
0000,15068,"[2, 1, 0]",300,127.79569625854492,False,4.0,614,0.0599609375
0000,15069,"[2, 1, 0]",300,127.80094146728516,True,4.0,614,0.0599609375
0000,15070,"[2, 1, 0]",300,127.80952453613281,False,4.0,614,0.0599609375
0000,15071,"[2, 1, 0]",300,127.81763076782227,True,4.0,614,0.0599609375
0000,15072,"[2, 1, 0]",300,127.82645225524902,False,4.0,614,0.0599609375
0000,15073,"[2, 1, 0]",300,127.83169746398926,True,4.0,614,0.0599609375
0000,15074,"[2, 1, 0]",300,127.84385681152344,False,4.0,614,0.0599609375
0000,15075,"[2, 1, 0]",300,127.84981727600098,True,4.0,614,0.0599609375
0000,15076,"[2, 1, 0]",300,127.85863876342773,False,4.0,614,0.0599609375
0000,15077,"[2, 1, 0]",300,127.86412239074707,True,4.0,614,0.0599609375
0000,15078,"[2, 1, 0]",300,127.87294387817383,False,4.0,614,0.0599609375
0000,15079,"[2, 1, 0]",300,127.87795066833496,True,4.0,614,0.0599609375
0000,15080,"[2, 1, 0]",300,127.88629531860352,False,4.0,614,0.0599609375
0000,15081,"[2, 1, 0]",300,127.89154052734375,True,4.0,614,0.0599609375
0000,15082,"[2, 1, 0]",300,127.8998851776123,False,4.0,614,0.0599609375
0000,15083,"[2, 1, 0]",300,127.90513038635254,True,4.0,614,0.0599609375
0000,15084,"[2, 1, 0]",300,127.9137134552002,False,4.0,614,0.0599609375
0000,15085,"[2, 1, 0]",300,127.91895866394043,True,4.0,614,0.0599609375
0000,15086,"[2, 1, 0]",300,127.92730331420898,False,4.0,614,0.0599609375
0000,15087,"[2, 1, 0]",300,127.93254852294922,True,4.0,614,0.0599609375
0000,15088,"[2, 1, 0]",300,127.94089317321777,False,4.0,614,0.0599609375
0000,15089,"[2, 1, 0]",300,127.94613838195801,True,4.0,614,0.0599609375
0000,15090,"[2, 1, 0]",300,127.95448303222656,False,4.0,614,0.0599609375
0000,15091,"[2, 1, 0]",300,127.97236442565918,True,4.0,614,0.0599609375
0000,15092,"[2, 1, 0]",300,127.99811363220215,False,4.0,614,0.0599609375
0000,15093,"[2, 1, 0]",300,128.01432609558105,True,4.0,614,0.0599609375
0000,15094,"[2, 1, 0]",300,128.02696228027344,False,4.0,614,0.0599609375
0000,15095,"[2, 1, 0]",300,128.03363800048828,True,4.0,614,0.0599609375
0000,15096,"[2, 1, 0]",300,128.04508209228516,False,4.0,614,0.0599609375
0000,15097,"[2, 1, 0]",300,128.0517578125,True,4.0,614,0.0599609375
0000,15098,"[2, 1, 0]",300,128.06177139282227,False,4.0,614,0.0599609375
0000,15099,"[2, 1, 0]",300,128.0670166015625,True,4.0,614,0.0599609375
0000,15100,"[2, 1, 0]",300,128.07583808898926,False,4.0,614,0.0599609375
0000,15101,"[2, 1, 0]",300,128.0808448791504,True,4.0,614,0.0599609375
0000,15102,"[2, 1, 0]",300,128.08966636657715,False,4.0,614,0.0599609375
0000,15103,"[2, 1, 0]",300,128.09467315673828,True,4.0,614,0.0599609375
0000,15104,"[2, 1, 0]",300,128.10325622558594,False,4.0,614,0.0599609375
0000,15105,"[2, 1, 0]",300,128.10802459716797,True,4.0,614,0.0599609375
0000,15106,"[2, 1, 0]",300,128.11684608459473,False,4.0,614,0.0599609375
0000,15107,"[2, 1, 0]",300,128.12161445617676,True,4.0,614,0.0599609375
0000,15108,"[2, 1, 0]",300,128.13043594360352,False,4.0,614,0.0599609375
0000,15109,"[2, 1, 0]",300,128.13520431518555,True,4.0,614,0.0599609375
0000,15110,"[2, 1, 0]",300,128.1440258026123,False,4.0,614,0.0599609375
0000,15111,"[2, 1, 0]",300,128.14879417419434,True,4.0,614,0.0599609375
0000,15112,"[2, 1, 0]",300,128.1571388244629,False,4.0,614,0.0599609375
0000,15113,"[2, 1, 0]",300,128.16619873046875,True,4.0,614,0.0599609375
0000,15114,"[2, 1, 0]",300,128.1752586364746,False,4.0,614,0.0599609375
0000,15115,"[2, 1, 0]",300,128.18050384521484,True,4.0,614,0.0599609375
0000,15116,"[2, 1, 0]",300,128.1893253326416,False,4.0,614,0.0599609375
0000,15117,"[2, 1, 0]",300,128.19433212280273,True,4.0,614,0.0599609375
0000,15118,"[2, 1, 0]",300,128.2036304473877,False,4.0,614,0.0599609375
0000,15119,"[2, 1, 0]",300,128.20887565612793,True,4.0,614,0.0599609375
0000,15120,"[2, 1, 0]",300,128.2179355621338,False,4.0,614,0.0599609375
0000,15121,"[2, 1, 0]",300,128.22318077087402,True,4.0,614,0.0599609375
0000,15122,"[2, 1, 0]",300,128.23176383972168,False,4.0,614,0.0599609375
0000,15123,"[2, 1, 0]",300,128.2367706298828,True,4.0,614,0.0599609375
0000,15124,"[2, 1, 0]",300,128.24559211730957,False,4.0,614,0.0599609375
0000,15125,"[2, 1, 0]",300,128.25417518615723,True,4.0,614,0.0599609375
0000,15126,"[2, 1, 0]",300,128.2637119293213,False,4.0,614,0.0599609375
0000,15127,"[2, 1, 0]",300,128.26919555664062,True,4.0,614,0.0599609375
0000,15128,"[2, 1, 0]",300,128.2813549041748,False,4.0,614,0.0599609375
0000,15129,"[2, 1, 0]",300,128.29017639160156,True,4.0,614,0.0599609375
0000,15130,"[2, 1, 0]",300,128.29899787902832,False,4.0,614,0.0599609375
0000,15131,"[2, 1, 0]",300,128.30495834350586,True,4.0,614,0.0599609375
0000,15132,"[2, 1, 0]",300,128.3133029937744,False,4.0,614,0.0599609375
0000,15133,"[2, 1, 0]",300,128.31878662109375,True,4.0,614,0.0599609375
0000,15134,"[2, 1, 0]",300,128.3273696899414,False,4.0,614,0.0599609375
0000,15135,"[2, 1, 0]",300,128.33547592163086,True,4.0,614,0.0599609375
0000,15136,"[2, 1, 0]",300,128.34429740905762,False,4.0,614,0.0599609375
0000,15137,"[2, 1, 0]",300,128.34930419921875,True,4.0,614,0.0599609375
0000,15138,"[2, 1, 0]",300,128.3576488494873,False,4.0,614,0.0599609375
0000,15139,"[2, 1, 0]",300,128.36289405822754,True,4.0,614,0.0599609375
0000,15140,"[2, 1, 0]",300,128.3712387084961,False,4.0,614,0.0599609375
0000,15141,"[2, 1, 0]",300,128.37600708007812,True,4.0,614,0.0599609375
0000,15142,"[2, 1, 0]",300,128.38459014892578,False,4.0,614,0.0599609375
0000,15143,"[2, 1, 0]",300,128.3895969390869,True,4.0,614,0.0599609375
0000,15144,"[2, 1, 0]",300,128.39794158935547,False,4.0,614,0.0599609375
0000,15145,"[2, 1, 0]",300,128.4029483795166,True,4.0,614,0.0599609375
0000,15146,"[2, 1, 0]",300,128.41129302978516,False,4.0,614,0.0599609375
0000,15147,"[2, 1, 0]",300,128.4162998199463,True,4.0,614,0.0599609375
0000,15148,"[2, 1, 0]",300,128.42512130737305,False,4.0,614,0.0599609375
0000,15149,"[2, 1, 0]",300,128.42988967895508,True,4.0,614,0.0599609375
0000,15150,"[2, 1, 0]",300,128.43823432922363,False,4.0,614,0.0599609375
0000,15151,"[2, 1, 0]",300,128.44324111938477,True,4.0,614,0.0599609375
0000,15152,"[2, 1, 0]",300,128.45158576965332,False,4.0,614,0.0599609375
0000,15153,"[2, 1, 0]",300,128.45683097839355,True,4.0,614,0.0599609375
0000,15154,"[2, 1, 0]",300,128.4651756286621,False,4.0,614,0.0599609375
0000,15155,"[2, 1, 0]",300,128.47304344177246,True,4.0,614,0.0599609375
0000,15156,"[2, 1, 0]",300,128.48234176635742,False,4.0,614,0.0599609375
0000,15157,"[2, 1, 0]",300,128.48758697509766,True,4.0,614,0.0599609375
0000,15158,"[2, 1, 0]",300,128.4959316253662,False,4.0,614,0.0599609375
0000,15159,"[2, 1, 0]",300,128.50069999694824,True,4.0,614,0.0599609375
0000,15160,"[2, 1, 0]",300,128.509521484375,False,4.0,614,0.0599609375
0000,15161,"[2, 1, 0]",300,128.51428985595703,True,4.0,614,0.0599609375
0000,15162,"[2, 1, 0]",300,128.5228729248047,False,4.0,614,0.0599609375
0000,15163,"[2, 1, 0]",300,128.52787971496582,True,4.0,614,0.0599609375
0000,15164,"[2, 1, 0]",300,128.53646278381348,False,4.0,614,0.0599609375
0000,15165,"[2, 1, 0]",300,128.5414695739746,True,4.0,614,0.0599609375
0000,15166,"[2, 1, 0]",300,128.55029106140137,False,4.0,614,0.0599609375
0000,15167,"[2, 1, 0]",300,128.5552978515625,True,4.0,614,0.0599609375
0000,15168,"[2, 1, 0]",300,128.56411933898926,False,4.0,614,0.0599609375
0000,15169,"[2, 1, 0]",300,128.5688877105713,True,4.0,614,0.0599609375
0000,15170,"[2, 1, 0]",300,128.57723236083984,False,4.0,614,0.0599609375
0000,15171,"[2, 1, 0]",300,128.58247756958008,True,4.0,614,0.0599609375
0000,15172,"[2, 1, 0]",300,128.59106063842773,False,4.0,614,0.0599609375
0000,15173,"[2, 1, 0]",300,128.59630584716797,True,4.0,614,0.0599609375
0000,15174,"[2, 1, 0]",300,128.60465049743652,False,4.0,614,0.0599609375
0000,15175,"[2, 1, 0]",300,128.65138053894043,True,4.0,614,0.0599609375
0000,15176,"[2, 1, 0]",300,128.6933422088623,False,4.0,614,0.0599609375
0000,15177,"[2, 1, 0]",300,128.70502471923828,True,4.0,614,0.0599609375
0000,15178,"[2, 1, 0]",300,128.71479988098145,False,4.0,614,0.0599609375
0000,15179,"[2, 1, 0]",300,128.72004508972168,True,4.0,614,0.0599609375
0000,15180,"[2, 1, 0]",300,128.72886657714844,False,4.0,614,0.0599609375
0000,15181,"[2, 1, 0]",300,128.73387336730957,True,4.0,614,0.0599609375
0000,15182,"[2, 1, 0]",300,128.74221801757812,False,4.0,614,0.0599609375
0000,15183,"[2, 1, 0]",300,128.74722480773926,True,4.0,614,0.0599609375
0000,15184,"[2, 1, 0]",300,128.7558078765869,False,4.0,614,0.0599609375
0000,15185,"[2, 1, 0]",300,128.76057624816895,True,4.0,614,0.0599609375
0000,15186,"[2, 1, 0]",300,128.7693977355957,False,4.0,614,0.0599609375
0000,15187,"[2, 1, 0]",300,128.77416610717773,True,4.0,614,0.0599609375
0000,15188,"[2, 1, 0]",300,128.7829875946045,False,4.0,614,0.0599609375
0000,15189,"[2, 1, 0]",300,128.78799438476562,True,4.0,614,0.0599609375
0000,15190,"[2, 1, 0]",300,128.79657745361328,False,4.0,614,0.0599609375
0000,15191,"[2, 1, 0]",300,128.8015842437744,True,4.0,614,0.0599609375
0000,15192,"[2, 1, 0]",300,128.80969047546387,False,4.0,614,0.0599609375
0000,15193,"[2, 1, 0]",300,128.8149356842041,True,4.0,614,0.0599609375
0000,15194,"[2, 1, 0]",300,128.82328033447266,False,4.0,614,0.0599609375
0000,15195,"[2, 1, 0]",300,128.8282871246338,True,4.0,614,0.0599609375
0000,15196,"[2, 1, 0]",300,128.83663177490234,False,4.0,614,0.0599609375
0000,15197,"[2, 1, 0]",300,128.84521484375,True,4.0,614,0.0599609375
0000,15198,"[2, 1, 0]",300,128.85403633117676,False,4.0,614,0.0599609375
0000,15199,"[2, 1, 0]",300,128.8590431213379,True,4.0,614,0.0599609375
0000,15200,"[2, 1, 0]",300,128.86738777160645,False,4.0,614,0.0599609375
0000,15201,"[2, 1, 0]",300,128.87287139892578,True,4.0,614,0.0599609375
0000,15202,"[2, 1, 0]",300,128.88121604919434,False,4.0,614,0.0599609375
0000,15203,"[2, 1, 0]",300,128.88598442077637,True,4.0,614,0.0599609375
0000,15204,"[2, 1, 0]",300,128.89456748962402,False,4.0,614,0.0599609375
0000,15205,"[2, 1, 0]",300,128.89957427978516,True,4.0,614,0.0599609375
0000,15206,"[2, 1, 0]",300,128.9081573486328,False,4.0,614,0.0599609375
0000,15207,"[2, 1, 0]",300,128.91316413879395,True,4.0,614,0.0599609375
0000,15208,"[2, 1, 0]",300,128.9217472076416,False,4.0,614,0.0599609375
0000,15209,"[2, 1, 0]",300,128.92675399780273,True,4.0,614,0.0599609375
0000,15210,"[2, 1, 0]",300,128.9353370666504,False,4.0,614,0.0599609375
0000,15211,"[2, 1, 0]",300,128.94034385681152,True,4.0,614,0.0599609375
0000,15212,"[2, 1, 0]",300,128.94868850708008,False,4.0,614,0.0599609375
0000,15213,"[2, 1, 0]",300,128.9539337158203,True,4.0,614,0.0599609375
0000,15214,"[2, 1, 0]",300,128.96203994750977,False,4.0,614,0.0599609375
0000,15215,"[2, 1, 0]",300,128.96728515625,True,4.0,614,0.0599609375
0000,15216,"[2, 1, 0]",300,128.97562980651855,False,4.0,614,0.0599609375
0000,15217,"[2, 1, 0]",300,128.9806365966797,True,4.0,614,0.0599609375
0000,15218,"[2, 1, 0]",300,128.98898124694824,False,4.0,614,0.0599609375
0000,15219,"[2, 1, 0]",300,128.9966106414795,True,4.0,614,0.0599609375
0000,15220,"[2, 1, 0]",300,129.00543212890625,False,4.0,614,0.0599609375
0000,15221,"[2, 1, 0]",300,129.01043891906738,True,4.0,614,0.0599609375
0000,15222,"[2, 1, 0]",300,129.01902198791504,False,4.0,614,0.0599609375
0000,15223,"[2, 1, 0]",300,129.02379035949707,True,4.0,614,0.0599609375
0000,15224,"[2, 1, 0]",300,129.03189659118652,False,4.0,614,0.0599609375
0000,15225,"[2, 1, 0]",300,129.04024124145508,True,4.0,614,0.0599609375
0000,15226,"[2, 1, 0]",300,129.04858589172363,False,4.0,614,0.0599609375
0000,15227,"[2, 1, 0]",300,129.05383110046387,True,4.0,614,0.0599609375
0000,15228,"[2, 1, 0]",300,129.06241416931152,False,4.0,614,0.0599609375
0000,15229,"[2, 1, 0]",300,129.06742095947266,True,4.0,614,0.0599609375
0000,15230,"[2, 1, 0]",300,129.0757656097412,False,4.0,614,0.0599609375
0000,15231,"[2, 1, 0]",300,129.08101081848145,True,4.0,614,0.0599609375
0000,15232,"[2, 1, 0]",300,129.0891170501709,False,4.0,614,0.0599609375
0000,15233,"[2, 1, 0]",300,129.09412384033203,True,4.0,614,0.0599609375
0000,15234,"[2, 1, 0]",300,129.1027069091797,False,4.0,614,0.0599609375
0000,15235,"[2, 1, 0]",300,129.10747528076172,True,4.0,614,0.0599609375
0000,15236,"[2, 1, 0]",300,129.11605834960938,False,4.0,614,0.0599609375
0000,15237,"[2, 1, 0]",300,129.1210651397705,True,4.0,614,0.0599609375
0000,15238,"[2, 1, 0]",300,129.12964820861816,False,4.0,614,0.0599609375
0000,15239,"[2, 1, 0]",300,129.13799285888672,True,4.0,614,0.0599609375
0000,15240,"[2, 1, 0]",300,129.14657592773438,False,4.0,614,0.0599609375
0000,15241,"[2, 1, 0]",300,129.1518211364746,True,4.0,614,0.0599609375
0000,15242,"[2, 1, 0]",300,129.16016578674316,False,4.0,614,0.0599609375
0000,15243,"[2, 1, 0]",300,129.1651725769043,True,4.0,614,0.0599609375
0000,15244,"[2, 1, 0]",300,129.17375564575195,False,4.0,614,0.0599609375
0000,15245,"[2, 1, 0]",300,129.1790008544922,True,4.0,614,0.0599609375
0000,15246,"[2, 1, 0]",300,129.18734550476074,False,4.0,614,0.0599609375
0000,15247,"[2, 1, 0]",300,129.19259071350098,True,4.0,614,0.0599609375
0000,15248,"[2, 1, 0]",300,129.20093536376953,False,4.0,614,0.0599609375
0000,15249,"[2, 1, 0]",300,129.20570373535156,True,4.0,614,0.0599609375
0000,15250,"[2, 1, 0]",300,129.21404838562012,False,4.0,614,0.0599609375
0000,15251,"[2, 1, 0]",300,129.21905517578125,True,4.0,614,0.0599609375
0000,15252,"[2, 1, 0]",300,129.2276382446289,False,4.0,614,0.0599609375
0000,15253,"[2, 1, 0]",300,129.23264503479004,True,4.0,614,0.0599609375
0000,15254,"[2, 1, 0]",300,129.2412281036377,False,4.0,614,0.0599609375
0000,15255,"[2, 1, 0]",300,129.24623489379883,True,4.0,614,0.0599609375
0000,15256,"[2, 1, 0]",300,129.25481796264648,False,4.0,614,0.0599609375
0000,15257,"[2, 1, 0]",300,129.25958633422852,True,4.0,614,0.0599609375
0000,15258,"[2, 1, 0]",300,129.26816940307617,False,4.0,614,0.0599609375
0000,15259,"[2, 1, 0]",300,129.2731761932373,True,4.0,614,0.0599609375
0000,15260,"[2, 1, 0]",300,129.28152084350586,False,4.0,614,0.0599609375
0000,15261,"[2, 1, 0]",300,129.2896270751953,True,4.0,614,0.0599609375
0000,15262,"[2, 1, 0]",300,129.29773330688477,False,4.0,614,0.0599609375
0000,15263,"[2, 1, 0]",300,129.3027400970459,True,4.0,614,0.0599609375
0000,15264,"[2, 1, 0]",300,129.31132316589355,False,4.0,614,0.0599609375
0000,15265,"[2, 1, 0]",300,129.3163299560547,True,4.0,614,0.0599609375
0000,15266,"[2, 1, 0]",300,129.32491302490234,False,4.0,614,0.0599609375
0000,15267,"[2, 1, 0]",300,129.32991981506348,True,4.0,614,0.0599609375
0000,15268,"[2, 1, 0]",300,129.33826446533203,False,4.0,614,0.0599609375
0000,15269,"[2, 1, 0]",300,129.34327125549316,True,4.0,614,0.0599609375
0000,15270,"[2, 1, 0]",300,129.35185432434082,False,4.0,614,0.0599609375
0000,15271,"[2, 1, 0]",300,129.35662269592285,True,4.0,614,0.0599609375
0000,15272,"[2, 1, 0]",300,129.3649673461914,False,4.0,614,0.0599609375
0000,15273,"[2, 1, 0]",300,129.37021255493164,True,4.0,614,0.0599609375
0000,15274,"[2, 1, 0]",300,129.3783187866211,False,4.0,614,0.0599609375
0000,15275,"[2, 1, 0]",300,129.38356399536133,True,4.0,614,0.0599609375
0000,15276,"[2, 1, 0]",300,129.3950080871582,False,4.0,614,0.0599609375
0000,15277,"[2, 1, 0]",300,129.40049171447754,True,4.0,614,0.0599609375
0000,15278,"[2, 1, 0]",300,129.4088363647461,False,4.0,614,0.0599609375
0000,15279,"[2, 1, 0]",300,129.41360473632812,True,4.0,614,0.0599609375
0000,15280,"[2, 1, 0]",300,129.42242622375488,False,4.0,614,0.0599609375
0000,15281,"[2, 1, 0]",300,129.43029403686523,True,4.0,614,0.0599609375
0000,15282,"[2, 1, 0]",300,129.4388771057129,False,4.0,614,0.0599609375
0000,15283,"[2, 1, 0]",300,129.44412231445312,True,4.0,614,0.0599609375
0000,15284,"[2, 1, 0]",300,129.45294380187988,False,4.0,614,0.0599609375
0000,15285,"[2, 1, 0]",300,129.46176528930664,True,4.0,614,0.0599609375
0000,15286,"[2, 1, 0]",300,129.4703483581543,False,4.0,614,0.0599609375
0000,15287,"[2, 1, 0]",300,129.47535514831543,True,4.0,614,0.0599609375
0000,15288,"[2, 1, 0]",300,129.4839382171631,False,4.0,614,0.0599609375
0000,15289,"[2, 1, 0]",300,129.48894500732422,True,4.0,614,0.0599609375
0000,15290,"[2, 1, 0]",300,129.49728965759277,False,4.0,614,0.0599609375
0000,15291,"[2, 1, 0]",300,129.502534866333,True,4.0,614,0.0599609375
0000,15292,"[2, 1, 0]",300,129.51087951660156,False,4.0,614,0.0599609375
0000,15293,"[2, 1, 0]",300,129.5161247253418,True,4.0,614,0.0599609375
0000,15294,"[2, 1, 0]",300,129.52446937561035,False,4.0,614,0.0599609375
0000,15295,"[2, 1, 0]",300,129.5297145843506,True,4.0,614,0.0599609375
0000,15296,"[2, 1, 0]",300,129.53805923461914,False,4.0,614,0.0599609375
0000,15297,"[2, 1, 0]",300,129.5464038848877,True,4.0,614,0.0599609375
0000,15298,"[2, 1, 0]",300,129.55498695373535,False,4.0,614,0.0599609375
0000,15299,"[2, 1, 0]",300,129.5604705810547,True,4.0,614,0.0599609375
0000,15300,"[2, 1, 0]",300,129.56881523132324,False,4.0,614,0.0599609375
0000,15301,"[2, 1, 0]",300,129.57429885864258,True,4.0,614,0.0599609375
0000,15302,"[2, 1, 0]",300,129.58288192749023,False,4.0,614,0.0599609375
0000,15303,"[2, 1, 0]",300,129.5907497406006,True,4.0,614,0.0599609375
0000,15304,"[2, 1, 0]",300,129.59957122802734,False,4.0,614,0.0599609375
0000,15305,"[2, 1, 0]",300,129.60457801818848,True,4.0,614,0.0599609375
0000,15306,"[2, 1, 0]",300,129.61316108703613,False,4.0,614,0.0599609375
0000,15307,"[2, 1, 0]",300,129.61816787719727,True,4.0,614,0.0599609375
0000,15308,"[2, 1, 0]",300,129.62675094604492,False,4.0,614,0.0599609375
0000,15309,"[2, 1, 0]",300,129.63175773620605,True,4.0,614,0.0599609375
0000,15310,"[2, 1, 0]",300,129.6403408050537,False,4.0,614,0.0599609375
0000,15311,"[2, 1, 0]",300,129.64534759521484,True,4.0,614,0.0599609375
0000,15312,"[2, 1, 0]",300,129.6534538269043,False,4.0,614,0.0599609375
0000,15313,"[2, 1, 0]",300,129.65869903564453,True,4.0,614,0.0599609375
0000,15314,"[2, 1, 0]",300,129.6670436859131,False,4.0,614,0.0599609375
0000,15315,"[2, 1, 0]",300,129.67228889465332,True,4.0,614,0.0599609375
0000,15316,"[2, 1, 0]",300,129.68063354492188,False,4.0,614,0.0599609375
0000,15317,"[2, 1, 0]",300,129.6858787536621,True,4.0,614,0.0599609375
0000,15318,"[2, 1, 0]",300,129.69422340393066,False,4.0,614,0.0599609375
0000,15319,"[2, 1, 0]",300,129.6994686126709,True,4.0,614,0.0599609375
0000,15320,"[2, 1, 0]",300,129.70781326293945,False,4.0,614,0.0599609375
0000,15321,"[2, 1, 0]",300,129.7130584716797,True,4.0,614,0.0599609375
0000,15322,"[2, 1, 0]",300,129.72140312194824,False,4.0,614,0.0599609375
0000,15323,"[2, 1, 0]",300,129.7292709350586,True,4.0,614,0.0599609375
0000,15324,"[2, 1, 0]",300,129.73809242248535,False,4.0,614,0.0599609375
0000,15325,"[2, 1, 0]",300,129.74309921264648,True,4.0,614,0.0599609375
0000,15326,"[2, 1, 0]",300,129.75478172302246,False,4.0,614,0.0599609375
0000,15327,"[2, 1, 0]",300,129.7600269317627,True,4.0,614,0.0599609375
0000,15328,"[2, 1, 0]",300,129.76861000061035,False,4.0,614,0.0599609375
0000,15329,"[2, 1, 0]",300,129.7738552093506,True,4.0,614,0.0599609375
0000,15330,"[2, 1, 0]",300,129.78196144104004,False,4.0,614,0.0599609375
0000,15331,"[2, 1, 0]",300,129.78720664978027,True,4.0,614,0.0599609375
0000,15332,"[2, 1, 0]",300,129.79578971862793,False,4.0,614,0.0599609375
0000,15333,"[2, 1, 0]",300,129.80103492736816,True,4.0,614,0.0599609375
0000,15334,"[2, 1, 0]",300,129.80937957763672,False,4.0,614,0.0599609375
0000,15335,"[2, 1, 0]",300,129.81462478637695,True,4.0,614,0.0599609375
0000,15336,"[2, 1, 0]",300,129.8229694366455,False,4.0,614,0.0599609375
0000,15337,"[2, 1, 0]",300,129.84848022460938,True,4.0,614,0.0599609375
0000,15338,"[2, 1, 0]",300,129.85682487487793,False,4.0,614,0.0599609375
0000,15339,"[2, 1, 0]",300,129.86254692077637,True,4.0,614,0.0599609375
0000,15340,"[2, 1, 0]",300,129.87089157104492,False,4.0,614,0.0599609375
0000,15341,"[2, 1, 0]",300,129.87613677978516,True,4.0,614,0.0599609375
0000,15342,"[2, 1, 0]",300,129.8847198486328,False,4.0,614,0.0599609375
0000,15343,"[2, 1, 0]",300,129.88996505737305,True,4.0,614,0.0599609375
0000,15344,"[2, 1, 0]",300,129.8980712890625,False,4.0,614,0.0599609375
0000,15345,"[2, 1, 0]",300,129.90641593933105,True,4.0,614,0.0599609375
0000,15346,"[2, 1, 0]",300,129.9152374267578,False,4.0,614,0.0599609375
0000,15347,"[2, 1, 0]",300,129.92000579833984,True,4.0,614,0.0599609375
0000,15348,"[2, 1, 0]",300,129.9285888671875,False,4.0,614,0.0599609375
0000,15349,"[2, 1, 0]",300,129.93359565734863,True,4.0,614,0.0599609375
0000,15350,"[2, 1, 0]",300,129.9421787261963,False,4.0,614,0.0599609375
0000,15351,"[2, 1, 0]",300,129.94718551635742,True,4.0,614,0.0599609375
0000,15352,"[2, 1, 0]",300,129.95553016662598,False,4.0,614,0.0599609375
0000,15353,"[2, 1, 0]",300,129.9607753753662,True,4.0,614,0.0599609375
0000,15354,"[2, 1, 0]",300,129.96912002563477,False,4.0,614,0.0599609375
0000,15355,"[2, 1, 0]",300,129.974365234375,True,4.0,614,0.0599609375
0000,15356,"[2, 1, 0]",300,130.00726699829102,False,4.0,614,0.0599609375
0000,15357,"[2, 1, 0]",300,130.0194263458252,True,4.0,614,0.0599609375
0000,15358,"[2, 1, 0]",300,130.0349235534668,False,4.0,614,0.0599609375
0000,15359,"[2, 1, 0]",300,130.04183769226074,True,4.0,614,0.0599609375
0000,15360,"[2, 1, 0]",300,130.05328178405762,False,4.0,614,0.0599609375
0000,15361,"[2, 1, 0]",300,130.05924224853516,True,4.0,614,0.0599609375
0000,15362,"[2, 1, 0]",300,130.06877899169922,False,4.0,614,0.0599609375
0000,15363,"[2, 1, 0]",300,130.07426261901855,True,4.0,614,0.0599609375
0000,15364,"[2, 1, 0]",300,130.0828456878662,False,4.0,614,0.0599609375
0000,15365,"[2, 1, 0]",300,130.0966739654541,True,4.0,614,0.0599609375
0000,15366,"[2, 1, 0]",300,130.10597229003906,False,4.0,614,0.0599609375
0000,15367,"[2, 1, 0]",300,130.1114559173584,True,4.0,614,0.0599609375
0000,15368,"[2, 1, 0]",300,130.12146949768066,False,4.0,614,0.0599609375
0000,15369,"[2, 1, 0]",300,130.1276683807373,True,4.0,614,0.0599609375
0000,15370,"[2, 1, 0]",300,130.13744354248047,False,4.0,614,0.0599609375
0000,15371,"[2, 1, 0]",300,130.1426887512207,True,4.0,614,0.0599609375
0000,15372,"[2, 1, 0]",300,130.15127182006836,False,4.0,614,0.0599609375
0000,15373,"[2, 1, 0]",300,130.1562786102295,True,4.0,614,0.0599609375
0000,15374,"[2, 1, 0]",300,130.16510009765625,False,4.0,614,0.0599609375
0000,15375,"[2, 1, 0]",300,130.17034530639648,True,4.0,614,0.0599609375
0000,15376,"[2, 1, 0]",300,130.17940521240234,False,4.0,614,0.0599609375
0000,15377,"[2, 1, 0]",300,130.1884651184082,True,4.0,614,0.0599609375
0000,15378,"[2, 1, 0]",300,130.19800186157227,False,4.0,614,0.0599609375
0000,15379,"[2, 1, 0]",300,130.2037239074707,True,4.0,614,0.0599609375
0000,15380,"[2, 1, 0]",300,130.21230697631836,False,4.0,614,0.0599609375
0000,15381,"[2, 1, 0]",300,130.2175521850586,True,4.0,614,0.0599609375
0000,15382,"[2, 1, 0]",300,130.22589683532715,False,4.0,614,0.0599609375
0000,15383,"[2, 1, 0]",300,130.23114204406738,True,4.0,614,0.0599609375
0000,15384,"[2, 1, 0]",300,130.23972511291504,False,4.0,614,0.0599609375
0000,15385,"[2, 1, 0]",300,130.24497032165527,True,4.0,614,0.0599609375
0000,15386,"[2, 1, 0]",300,130.25331497192383,False,4.0,614,0.0599609375
0000,15387,"[2, 1, 0]",300,130.26189804077148,True,4.0,614,0.0599609375
0000,15388,"[2, 1, 0]",300,130.27095794677734,False,4.0,614,0.0599609375
0000,15389,"[2, 1, 0]",300,130.27691841125488,True,4.0,614,0.0599609375
0000,15390,"[2, 1, 0]",300,130.28621673583984,False,4.0,614,0.0599609375
0000,15391,"[2, 1, 0]",300,130.29146194458008,True,4.0,614,0.0599609375
0000,15392,"[2, 1, 0]",300,130.30028343200684,False,4.0,614,0.0599609375
0000,15393,"[2, 1, 0]",300,130.30505180358887,True,4.0,614,0.0599609375
0000,15394,"[2, 1, 0]",300,130.31387329101562,False,4.0,614,0.0599609375
0000,15395,"[2, 1, 0]",300,130.31888008117676,True,4.0,614,0.0599609375
0000,15396,"[2, 1, 0]",300,130.3274631500244,False,4.0,614,0.0599609375
0000,15397,"[2, 1, 0]",300,130.33246994018555,True,4.0,614,0.0599609375
0000,15398,"[2, 1, 0]",300,130.3408145904541,False,4.0,614,0.0599609375
0000,15399,"[2, 1, 0]",300,130.34605979919434,True,4.0,614,0.0599609375
0000,15400,"[2, 1, 0]",300,130.3544044494629,False,4.0,614,0.0599609375
0000,15401,"[2, 1, 0]",300,130.35964965820312,True,4.0,614,0.0599609375
0000,15402,"[2, 1, 0]",300,130.36799430847168,False,4.0,614,0.0599609375
0000,15403,"[2, 1, 0]",300,130.3730010986328,True,4.0,614,0.0599609375
0000,15404,"[2, 1, 0]",300,130.38134574890137,False,4.0,614,0.0599609375
0000,15405,"[2, 1, 0]",300,130.3865909576416,True,4.0,614,0.0599609375
0000,15406,"[2, 1, 0]",300,130.39517402648926,False,4.0,614,0.0599609375
0000,15407,"[2, 1, 0]",300,130.4030418395996,True,4.0,614,0.0599609375
0000,15408,"[2, 1, 0]",300,130.41210174560547,False,4.0,614,0.0599609375
0000,15409,"[2, 1, 0]",300,130.4168701171875,True,4.0,614,0.0599609375
0000,15410,"[2, 1, 0]",300,130.42545318603516,False,4.0,614,0.0599609375
0000,15411,"[2, 1, 0]",300,130.4304599761963,True,4.0,614,0.0599609375
0000,15412,"[2, 1, 0]",300,130.43904304504395,False,4.0,614,0.0599609375
0000,15413,"[2, 1, 0]",300,130.44404983520508,True,4.0,614,0.0599609375
0000,15414,"[2, 1, 0]",300,130.45263290405273,False,4.0,614,0.0599609375
0000,15415,"[2, 1, 0]",300,130.45740127563477,True,4.0,614,0.0599609375
0000,15416,"[2, 1, 0]",300,130.46574592590332,False,4.0,614,0.0599609375
0000,15417,"[2, 1, 0]",300,130.47099113464355,True,4.0,614,0.0599609375
0000,15418,"[2, 1, 0]",300,130.479097366333,False,4.0,614,0.0599609375
0000,15419,"[2, 1, 0]",300,130.48434257507324,True,4.0,614,0.0599609375
0000,15420,"[2, 1, 0]",300,130.4926872253418,False,4.0,614,0.0599609375
0000,15421,"[2, 1, 0]",300,130.49793243408203,True,4.0,614,0.0599609375
0000,15422,"[2, 1, 0]",300,130.5062770843506,False,4.0,614,0.0599609375
0000,15423,"[2, 1, 0]",300,130.51152229309082,True,4.0,614,0.0599609375
0000,15424,"[2, 1, 0]",300,130.52010536193848,False,4.0,614,0.0599609375
0000,15425,"[2, 1, 0]",300,130.5248737335205,True,4.0,614,0.0599609375
0000,15426,"[2, 1, 0]",300,130.53345680236816,False,4.0,614,0.0599609375
0000,15427,"[2, 1, 0]",300,130.54156303405762,True,4.0,614,0.0599609375
0000,15428,"[2, 1, 0]",300,130.55062294006348,False,4.0,614,0.0599609375
0000,15429,"[2, 1, 0]",300,130.55872917175293,True,4.0,614,0.0599609375
0000,15430,"[2, 1, 0]",300,130.5675506591797,False,4.0,614,0.0599609375
0000,15431,"[2, 1, 0]",300,130.57279586791992,True,4.0,614,0.0599609375
0000,15432,"[2, 1, 0]",300,130.58137893676758,False,4.0,614,0.0599609375
0000,15433,"[2, 1, 0]",300,130.5863857269287,True,4.0,614,0.0599609375
0000,15434,"[2, 1, 0]",300,130.59496879577637,False,4.0,614,0.0599609375
0000,15435,"[2, 1, 0]",300,130.5999755859375,True,4.0,614,0.0599609375
0000,15436,"[2, 1, 0]",300,130.60855865478516,False,4.0,614,0.0599609375
0000,15437,"[2, 1, 0]",300,130.6133270263672,True,4.0,614,0.0599609375
0000,15438,"[2, 1, 0]",300,130.62167167663574,False,4.0,614,0.0599609375
0000,15439,"[2, 1, 0]",300,130.62667846679688,True,4.0,614,0.0599609375
0000,15440,"[2, 1, 0]",300,130.63502311706543,False,4.0,614,0.0599609375
0000,15441,"[2, 1, 0]",300,130.64026832580566,True,4.0,614,0.0599609375
0000,15442,"[2, 1, 0]",300,130.64861297607422,False,4.0,614,0.0599609375
0000,15443,"[2, 1, 0]",300,130.65385818481445,True,4.0,614,0.0599609375
0000,15444,"[2, 1, 0]",300,130.6619644165039,False,4.0,614,0.0599609375
0000,15445,"[2, 1, 0]",300,130.66697120666504,True,4.0,614,0.0599609375
0000,15446,"[2, 1, 0]",300,130.6755542755127,False,4.0,614,0.0599609375
0000,15447,"[2, 1, 0]",300,130.68032264709473,True,4.0,614,0.0599609375
0000,15448,"[2, 1, 0]",300,130.68914413452148,False,4.0,614,0.0599609375
0000,15449,"[2, 1, 0]",300,130.69725036621094,True,4.0,614,0.0599609375
0000,15450,"[2, 1, 0]",300,130.7060718536377,False,4.0,614,0.0599609375
0000,15451,"[2, 1, 0]",300,130.71107864379883,True,4.0,614,0.0599609375
0000,15452,"[2, 1, 0]",300,130.71966171264648,False,4.0,614,0.0599609375
0000,15453,"[2, 1, 0]",300,130.72466850280762,True,4.0,614,0.0599609375
0000,15454,"[2, 1, 0]",300,130.73301315307617,False,4.0,614,0.0599609375
0000,15455,"[2, 1, 0]",300,130.7382583618164,True,4.0,614,0.0599609375
0000,15456,"[2, 1, 0]",300,130.74660301208496,False,4.0,614,0.0599609375
0000,15457,"[2, 1, 0]",300,130.7518482208252,True,4.0,614,0.0599609375
0000,15458,"[2, 1, 0]",300,130.75995445251465,False,4.0,614,0.0599609375
0000,15459,"[2, 1, 0]",300,130.76496124267578,True,4.0,614,0.0599609375
0000,15460,"[2, 1, 0]",300,130.77354431152344,False,4.0,614,0.0599609375
0000,15461,"[2, 1, 0]",300,130.77831268310547,True,4.0,614,0.0599609375
0000,15462,"[2, 1, 0]",300,130.78713417053223,False,4.0,614,0.0599609375
0000,15463,"[2, 1, 0]",300,130.79214096069336,True,4.0,614,0.0599609375
0000,15464,"[2, 1, 0]",300,130.8004856109619,False,4.0,614,0.0599609375
0000,15465,"[2, 1, 0]",300,130.80883026123047,True,4.0,614,0.0599609375
0000,15466,"[2, 1, 0]",300,130.81717491149902,False,4.0,614,0.0599609375
0000,15467,"[2, 1, 0]",300,130.82289695739746,True,4.0,614,0.0599609375
0000,15468,"[2, 1, 0]",300,130.83124160766602,False,4.0,614,0.0599609375
0000,15469,"[2, 1, 0]",300,130.83672523498535,True,4.0,614,0.0599609375
0000,15470,"[2, 1, 0]",300,130.845308303833,False,4.0,614,0.0599609375
0000,15471,"[2, 1, 0]",300,130.85317611694336,True,4.0,614,0.0599609375
0000,15472,"[2, 1, 0]",300,130.86223602294922,False,4.0,614,0.0599609375
0000,15473,"[2, 1, 0]",300,130.86724281311035,True,4.0,614,0.0599609375
0000,15474,"[2, 1, 0]",300,130.875825881958,False,4.0,614,0.0599609375
0000,15475,"[2, 1, 0]",300,130.88083267211914,True,4.0,614,0.0599609375
0000,15476,"[2, 1, 0]",300,130.8891773223877,False,4.0,614,0.0599609375
0000,15477,"[2, 1, 0]",300,130.89728355407715,True,4.0,614,0.0599609375
0000,15478,"[2, 1, 0]",300,130.9061050415039,False,4.0,614,0.0599609375
0000,15479,"[2, 1, 0]",300,130.91135025024414,True,4.0,614,0.0599609375
0000,15480,"[2, 1, 0]",300,130.92041015625,False,4.0,614,0.0599609375
0000,15481,"[2, 1, 0]",300,130.92541694641113,True,4.0,614,0.0599609375
0000,15482,"[2, 1, 0]",300,130.9340000152588,False,4.0,614,0.0599609375
0000,15483,"[2, 1, 0]",300,130.93900680541992,True,4.0,614,0.0599609375
0000,15484,"[2, 1, 0]",300,130.94758987426758,False,4.0,614,0.0599609375
0000,15485,"[2, 1, 0]",300,130.9528350830078,True,4.0,614,0.0599609375
0000,15486,"[2, 1, 0]",300,130.96117973327637,False,4.0,614,0.0599609375
0000,15487,"[2, 1, 0]",300,130.9664249420166,True,4.0,614,0.0599609375
0000,15488,"[2, 1, 0]",300,130.97524642944336,False,4.0,614,0.0599609375
0000,15489,"[2, 1, 0]",300,130.9802532196045,True,4.0,614,0.0599609375
0000,15490,"[2, 1, 0]",300,130.98883628845215,False,4.0,614,0.0599609375
0000,15491,"[2, 1, 0]",300,130.9967041015625,True,4.0,614,0.0599609375
0000,15492,"[2, 1, 0]",300,131.00552558898926,False,4.0,614,0.0599609375
0000,15493,"[2, 1, 0]",300,131.0105323791504,True,4.0,614,0.0599609375
0000,15494,"[2, 1, 0]",300,131.01911544799805,False,4.0,614,0.0599609375
0000,15495,"[2, 1, 0]",300,131.02388381958008,True,4.0,614,0.0599609375
0000,15496,"[2, 1, 0]",300,131.03222846984863,False,4.0,614,0.0599609375
0000,15497,"[2, 1, 0]",300,131.03723526000977,True,4.0,614,0.0599609375
0000,15498,"[2, 1, 0]",300,131.04557991027832,False,4.0,614,0.0599609375
0000,15499,"[2, 1, 0]",300,131.05082511901855,True,4.0,614,0.0599609375
0000,15500,"[2, 1, 0]",300,131.0591697692871,False,4.0,614,0.0599609375
0000,15501,"[2, 1, 0]",300,131.06465339660645,True,4.0,614,0.0599609375
0000,15502,"[2, 1, 0]",300,131.072998046875,False,4.0,614,0.0599609375
0000,15503,"[2, 1, 0]",300,131.07824325561523,True,4.0,614,0.0599609375
0000,15504,"[2, 1, 0]",300,131.0863494873047,False,4.0,614,0.0599609375
0000,15505,"[2, 1, 0]",300,131.09159469604492,True,4.0,614,0.0599609375
0000,15506,"[2, 1, 0]",300,131.09993934631348,False,4.0,614,0.0599609375
0000,15507,"[2, 1, 0]",300,131.1051845550537,True,4.0,614,0.0599609375
0000,15508,"[2, 1, 0]",300,131.11352920532227,False,4.0,614,0.0599609375
0000,15509,"[2, 1, 0]",300,131.1182975769043,True,4.0,614,0.0599609375
0000,15510,"[2, 1, 0]",300,131.12664222717285,False,4.0,614,0.0599609375
0000,15511,"[2, 1, 0]",300,131.13164901733398,True,4.0,614,0.0599609375
0000,15512,"[2, 1, 0]",300,131.14023208618164,False,4.0,614,0.0599609375
0000,15513,"[2, 1, 0]",300,131.148099899292,True,4.0,614,0.0599609375
0000,15514,"[2, 1, 0]",300,131.15668296813965,False,4.0,614,0.0599609375
0000,15515,"[2, 1, 0]",300,131.16168975830078,True,4.0,614,0.0599609375
0000,15516,"[2, 1, 0]",300,131.17027282714844,False,4.0,614,0.0599609375
0000,15517,"[2, 1, 0]",300,131.17551803588867,True,4.0,614,0.0599609375
0000,15518,"[2, 1, 0]",300,131.18386268615723,False,4.0,614,0.0599609375
0000,15519,"[2, 1, 0]",300,131.18910789489746,True,4.0,614,0.0599609375
0000,15520,"[2, 1, 0]",300,131.19745254516602,False,4.0,614,0.0599609375
0000,15521,"[2, 1, 0]",300,131.20245933532715,True,4.0,614,0.0599609375
0000,15522,"[2, 1, 0]",300,131.2108039855957,False,4.0,614,0.0599609375
0000,15523,"[2, 1, 0]",300,131.21604919433594,True,4.0,614,0.0599609375
0000,15524,"[2, 1, 0]",300,131.2243938446045,False,4.0,614,0.0599609375
0000,15525,"[2, 1, 0]",300,131.22916221618652,True,4.0,614,0.0599609375
0000,15526,"[2, 1, 0]",300,131.23774528503418,False,4.0,614,0.0599609375
0000,15527,"[2, 1, 0]",300,131.2427520751953,True,4.0,614,0.0599609375
0000,15528,"[2, 1, 0]",300,131.2544345855713,False,4.0,614,0.0599609375
0000,15529,"[2, 1, 0]",300,131.25944137573242,True,4.0,614,0.0599609375
0000,15530,"[2, 1, 0]",300,131.26826286315918,False,4.0,614,0.0599609375
0000,15531,"[2, 1, 0]",300,131.2732696533203,True,4.0,614,0.0599609375
0000,15532,"[2, 1, 0]",300,131.28209114074707,False,4.0,614,0.0599609375
0000,15533,"[2, 1, 0]",300,131.29019737243652,True,4.0,614,0.0599609375
0000,15534,"[2, 1, 0]",300,131.29901885986328,False,4.0,614,0.0599609375
0000,15535,"[2, 1, 0]",300,131.30426406860352,True,4.0,614,0.0599609375
0000,15536,"[2, 1, 0]",300,131.31260871887207,False,4.0,614,0.0599609375
0000,15537,"[2, 1, 0]",300,131.3178539276123,True,4.0,614,0.0599609375
0000,15538,"[2, 1, 0]",300,131.32643699645996,False,4.0,614,0.0599609375
0000,15539,"[2, 1, 0]",300,131.3314437866211,True,4.0,614,0.0599609375
0000,15540,"[2, 1, 0]",300,131.34002685546875,False,4.0,614,0.0599609375
0000,15541,"[2, 1, 0]",300,131.34527206420898,True,4.0,614,0.0599609375
0000,15542,"[2, 1, 0]",300,131.35385513305664,False,4.0,614,0.0599609375
0000,15543,"[2, 1, 0]",300,131.35910034179688,True,4.0,614,0.0599609375
0000,15544,"[2, 1, 0]",300,131.36744499206543,False,4.0,614,0.0599609375
0000,15545,"[2, 1, 0]",300,131.37269020080566,True,4.0,614,0.0599609375
0000,15546,"[2, 1, 0]",300,131.38079643249512,False,4.0,614,0.0599609375
0000,15547,"[2, 1, 0]",300,131.38580322265625,True,4.0,614,0.0599609375
0000,15548,"[2, 1, 0]",300,131.3948631286621,False,4.0,614,0.0599609375
0000,15549,"[2, 1, 0]",300,131.40010833740234,True,4.0,614,0.0599609375
0000,15550,"[2, 1, 0]",300,131.4084529876709,False,4.0,614,0.0599609375
0000,15551,"[2, 1, 0]",300,131.41345977783203,True,4.0,614,0.0599609375
0000,15552,"[2, 1, 0]",300,131.4220428466797,False,4.0,614,0.0599609375
0000,15553,"[2, 1, 0]",300,131.42704963684082,True,4.0,614,0.0599609375
0000,15554,"[2, 1, 0]",300,131.43563270568848,False,4.0,614,0.0599609375
0000,15555,"[2, 1, 0]",300,131.44350051879883,True,4.0,614,0.0599609375
0000,15556,"[2, 1, 0]",300,131.4523220062256,False,4.0,614,0.0599609375
0000,15557,"[2, 1, 0]",300,131.45732879638672,True,4.0,614,0.0599609375
0000,15558,"[2, 1, 0]",300,131.46567344665527,False,4.0,614,0.0599609375
0000,15559,"[2, 1, 0]",300,131.4706802368164,True,4.0,614,0.0599609375
0000,15560,"[2, 1, 0]",300,131.47902488708496,False,4.0,614,0.0599609375
0000,15561,"[2, 1, 0]",300,131.4842700958252,True,4.0,614,0.0599609375
0000,15562,"[2, 1, 0]",300,131.49237632751465,False,4.0,614,0.0599609375
0000,15563,"[2, 1, 0]",300,131.49762153625488,True,4.0,614,0.0599609375
0000,15564,"[2, 1, 0]",300,131.50572776794434,False,4.0,614,0.0599609375
0000,15565,"[2, 1, 0]",300,131.52170181274414,True,4.0,614,0.0599609375
0000,15566,"[2, 1, 0]",300,131.5305233001709,False,4.0,614,0.0599609375
0000,15567,"[2, 1, 0]",300,131.53576850891113,True,4.0,614,0.0599609375
0000,15568,"[2, 1, 0]",300,131.5441131591797,False,4.0,614,0.0599609375
0000,15569,"[2, 1, 0]",300,131.54888153076172,True,4.0,614,0.0599609375
0000,15570,"[2, 1, 0]",300,131.55770301818848,False,4.0,614,0.0599609375
0000,15571,"[2, 1, 0]",300,131.5624713897705,True,4.0,614,0.0599609375
0000,15572,"[2, 1, 0]",300,131.57153129577637,False,4.0,614,0.0599609375
0000,15573,"[2, 1, 0]",300,131.5765380859375,True,4.0,614,0.0599609375
0000,15574,"[2, 1, 0]",300,131.58512115478516,False,4.0,614,0.0599609375
0000,15575,"[2, 1, 0]",300,131.59608840942383,True,4.0,614,0.0599609375
0000,15576,"[2, 1, 0]",300,131.6049098968506,False,4.0,614,0.0599609375
0000,15577,"[2, 1, 0]",300,131.60991668701172,True,4.0,614,0.0599609375
0000,15578,"[2, 1, 0]",300,131.6213607788086,False,4.0,614,0.0599609375
0000,15579,"[2, 1, 0]",300,131.62684440612793,True,4.0,614,0.0599609375
0000,15580,"[2, 1, 0]",300,131.6361427307129,False,4.0,614,0.0599609375
0000,15581,"[2, 1, 0]",300,131.64114952087402,True,4.0,614,0.0599609375
0000,15582,"[2, 1, 0]",300,131.64949417114258,False,4.0,614,0.0599609375
0000,15583,"[2, 1, 0]",300,131.6547393798828,True,4.0,614,0.0599609375
0000,15584,"[2, 1, 0]",300,131.66308403015137,False,4.0,614,0.0599609375
0000,15585,"[2, 1, 0]",300,131.6683292388916,True,4.0,614,0.0599609375
0000,15586,"[2, 1, 0]",300,131.67667388916016,False,4.0,614,0.0599609375
0000,15587,"[2, 1, 0]",300,131.6819190979004,True,4.0,614,0.0599609375
0000,15588,"[2, 1, 0]",300,131.69050216674805,False,4.0,614,0.0599609375
0000,15589,"[2, 1, 0]",300,131.69550895690918,True,4.0,614,0.0599609375
0000,15590,"[2, 1, 0]",300,131.70385360717773,False,4.0,614,0.0599609375
0000,15591,"[2, 1, 0]",300,131.70909881591797,True,4.0,614,0.0599609375
0000,15592,"[2, 1, 0]",300,131.71720504760742,False,4.0,614,0.0599609375
0000,15593,"[2, 1, 0]",300,131.72197341918945,True,4.0,614,0.0599609375
0000,15594,"[2, 1, 0]",300,131.7305564880371,False,4.0,614,0.0599609375
0000,15595,"[2, 1, 0]",300,131.73556327819824,True,4.0,614,0.0599609375
0000,15596,"[2, 1, 0]",300,131.7441463470459,False,4.0,614,0.0599609375
0000,15597,"[2, 1, 0]",300,131.75177574157715,True,4.0,614,0.0599609375
0000,15598,"[2, 1, 0]",300,131.7603588104248,False,4.0,614,0.0599609375
0000,15599,"[2, 1, 0]",300,131.76560401916504,True,4.0,614,0.0599609375
0000,15600,"[2, 1, 0]",300,131.7739486694336,False,4.0,614,0.0599609375
0000,15601,"[2, 1, 0]",300,131.77919387817383,True,4.0,614,0.0599609375
0000,15602,"[2, 1, 0]",300,131.78753852844238,False,4.0,614,0.0599609375
0000,15603,"[2, 1, 0]",300,131.79254531860352,True,4.0,614,0.0599609375
0000,15604,"[2, 1, 0]",300,131.80088996887207,False,4.0,614,0.0599609375
0000,15605,"[2, 1, 0]",300,131.8058967590332,True,4.0,614,0.0599609375
0000,15606,"[2, 1, 0]",300,131.81447982788086,False,4.0,614,0.0599609375
0000,15607,"[2, 1, 0]",300,131.819486618042,True,4.0,614,0.0599609375
0000,15608,"[2, 1, 0]",300,131.82950019836426,False,4.0,614,0.0599609375
0000,15609,"[2, 1, 0]",300,131.8347454071045,True,4.0,614,0.0599609375
0000,15610,"[2, 1, 0]",300,131.84309005737305,False,4.0,614,0.0599609375
0000,15611,"[2, 1, 0]",300,131.84833526611328,True,4.0,614,0.0599609375
0000,15612,"[2, 1, 0]",300,131.85667991638184,False,4.0,614,0.0599609375
0000,15613,"[2, 1, 0]",300,131.86192512512207,True,4.0,614,0.0599609375
0000,15614,"[2, 1, 0]",300,131.87050819396973,False,4.0,614,0.0599609375
0000,15615,"[2, 1, 0]",300,131.87575340270996,True,4.0,614,0.0599609375
0000,15616,"[2, 1, 0]",300,131.8838596343994,False,4.0,614,0.0599609375
0000,15617,"[2, 1, 0]",300,131.89196586608887,True,4.0,614,0.0599609375
0000,15618,"[2, 1, 0]",300,131.90102577209473,False,4.0,614,0.0599609375
0000,15619,"[2, 1, 0]",300,131.90603256225586,True,4.0,614,0.0599609375
0000,15620,"[2, 1, 0]",300,131.91962242126465,False,4.0,614,0.0599609375
0000,15621,"[2, 1, 0]",300,131.93678855895996,True,4.0,614,0.0599609375
0000,15622,"[2, 1, 0]",300,131.96063041687012,False,4.0,614,0.0599609375
0000,15623,"[2, 1, 0]",300,131.974458694458,True,4.0,614,0.0599609375
0000,15624,"[2, 1, 0]",300,132.02548027038574,False,4.0,614,0.0599609375
0000,15625,"[2, 1, 0]",300,132.04264640808105,True,4.0,614,0.0599609375
0000,15626,"[2, 1, 0]",300,132.06720352172852,False,4.0,614,0.0599609375
0000,15627,"[2, 1, 0]",300,132.0784091949463,True,4.0,614,0.0599609375
1000,15628,"[0, 2, 1]",200,132.0953369140625,False,2.0,612,0.059765625
1000,15629,"[0, 1, 2]",15,132.1265697479248,True,2.0,612,0.059765625
1000,15630,"[0, 2, 1]",200,132.1547031402588,False,2.0,612,0.059765625
1000,15631,"[0, 1, 2]",15,132.16328620910645,True,2.0,612,0.059765625
1000,15632,"[0, 2, 1]",200,132.17568397521973,False,2.0,612,0.059765625
1000,15633,"[0, 1, 2]",15,132.1873664855957,True,2.0,612,0.059765625
1000,15634,"[0, 2, 1]",200,132.19761848449707,False,2.0,612,0.059765625
1000,15635,"[0, 1, 2]",15,132.2038173675537,True,2.0,612,0.059765625
1000,15636,"[0, 2, 1]",200,132.21311569213867,False,2.0,612,0.059765625
1000,15637,"[0, 1, 2]",15,132.2188377380371,True,2.0,612,0.059765625
1000,15638,"[0, 2, 1]",200,132.22789764404297,False,2.0,612,0.059765625
1000,15639,"[0, 1, 2]",15,132.23719596862793,True,2.0,612,0.059765625
1000,15640,"[0, 2, 1]",200,132.2464942932129,False,2.0,612,0.059765625
1000,15641,"[0, 1, 2]",15,132.25221633911133,True,2.0,612,0.059765625
1000,15642,"[0, 2, 1]",200,132.2612762451172,False,2.0,612,0.059765625
1000,15643,"[0, 1, 2]",15,132.26652145385742,True,2.0,612,0.059765625
1000,15644,"[0, 2, 1]",200,132.27510452270508,False,2.0,612,0.059765625
1000,15645,"[0, 1, 2]",15,132.28082656860352,True,2.0,612,0.059765625
1000,15646,"[0, 2, 1]",200,132.2944164276123,False,2.0,612,0.059765625
1000,15647,"[0, 1, 2]",15,132.30037689208984,True,2.0,612,0.059765625
1000,15648,"[0, 2, 1]",200,132.3099136352539,False,2.0,612,0.059765625
1000,15649,"[0, 1, 2]",15,132.31539726257324,True,2.0,612,0.059765625
1000,15650,"[0, 2, 1]",200,132.3244571685791,False,2.0,612,0.059765625
1000,15651,"[0, 1, 2]",15,132.33041763305664,True,2.0,612,0.059765625
1000,15652,"[0, 2, 1]",200,132.3409080505371,False,2.0,612,0.059765625
1000,15653,"[0, 1, 2]",15,132.34686851501465,True,2.0,612,0.059765625
1000,15654,"[0, 2, 1]",200,132.3568820953369,False,2.0,612,0.059765625
1000,15655,"[0, 1, 2]",15,132.36284255981445,True,2.0,612,0.059765625
1000,15656,"[0, 2, 1]",200,132.3721408843994,False,2.0,612,0.059765625
1000,15657,"[0, 1, 2]",15,132.37714767456055,True,2.0,612,0.059765625
1000,15658,"[0, 2, 1]",200,132.3859691619873,False,2.0,612,0.059765625
1000,15659,"[0, 1, 2]",15,132.39121437072754,True,2.0,612,0.059765625
1000,15660,"[0, 2, 1]",200,132.40408897399902,False,2.0,612,0.059765625
1000,15661,"[0, 1, 2]",15,132.40933418273926,True,2.0,612,0.059765625
1000,15662,"[0, 2, 1]",200,132.41839408874512,False,2.0,612,0.059765625
1000,15663,"[0, 1, 2]",15,132.42363929748535,True,2.0,612,0.059765625
1000,15664,"[0, 2, 1]",200,132.4324607849121,False,2.0,612,0.059765625
1000,15665,"[0, 1, 2]",15,132.43818283081055,True,2.0,612,0.059765625
1000,15666,"[0, 2, 1]",200,132.4465274810791,False,2.0,612,0.059765625
1000,15667,"[0, 1, 2]",15,132.45224952697754,True,2.0,612,0.059765625
1000,15668,"[0, 2, 1]",200,132.4608325958252,False,2.0,612,0.059765625
1000,15669,"[0, 1, 2]",15,132.46607780456543,True,2.0,612,0.059765625
1000,15670,"[0, 2, 1]",200,132.4748992919922,False,2.0,612,0.059765625
1000,15671,"[0, 1, 2]",15,132.48014450073242,True,2.0,612,0.059765625
1000,15672,"[0, 2, 1]",200,132.48848915100098,False,2.0,612,0.059765625
1000,15673,"[0, 1, 2]",15,132.493257522583,True,2.0,612,0.059765625
1000,15674,"[0, 2, 1]",200,132.50255584716797,False,2.0,612,0.059765625
1000,15675,"[0, 1, 2]",15,132.5075626373291,True,2.0,612,0.059765625
1000,15676,"[0, 2, 1]",200,132.51638412475586,False,2.0,612,0.059765625
1000,15677,"[0, 1, 2]",15,132.5218677520752,True,2.0,612,0.059765625
1000,15678,"[0, 2, 1]",200,132.53068923950195,False,2.0,612,0.059765625
1000,15679,"[0, 1, 2]",15,132.5359344482422,True,2.0,612,0.059765625
1000,15680,"[0, 2, 1]",200,132.54451751708984,False,2.0,612,0.059765625
1000,15681,"[0, 1, 2]",15,132.554292678833,True,2.0,612,0.059765625
1000,15682,"[0, 2, 1]",200,132.56335258483887,False,2.0,612,0.059765625
1000,15683,"[0, 1, 2]",15,132.568359375,True,2.0,612,0.059765625
1000,15684,"[0, 2, 1]",200,132.57741928100586,False,2.0,612,0.059765625
1000,15685,"[0, 1, 2]",15,132.582426071167,True,2.0,612,0.059765625
1000,15686,"[0, 2, 1]",200,132.59100914001465,False,2.0,612,0.059765625
1000,15687,"[0, 1, 2]",15,132.61985778808594,True,2.0,612,0.059765625
1000,15688,"[0, 2, 1]",200,132.6310634613037,False,2.0,612,0.059765625
1000,15689,"[0, 1, 2]",15,132.63678550720215,True,2.0,612,0.059765625
1000,15690,"[0, 2, 1]",200,132.6456069946289,False,2.0,612,0.059765625
1000,15691,"[0, 1, 2]",15,132.65085220336914,True,2.0,612,0.059765625
1000,15692,"[0, 2, 1]",200,132.6591968536377,False,2.0,612,0.059765625
1000,15693,"[0, 1, 2]",15,132.66468048095703,True,2.0,612,0.059765625
1000,15694,"[0, 2, 1]",200,132.6732635498047,False,2.0,612,0.059765625
1000,15695,"[0, 1, 2]",15,132.67874717712402,True,2.0,612,0.059765625
1000,15696,"[0, 2, 1]",200,132.68709182739258,False,2.0,612,0.059765625
1000,15697,"[0, 1, 2]",15,132.6923370361328,True,2.0,612,0.059765625
1000,15698,"[0, 2, 1]",200,132.70068168640137,False,2.0,612,0.059765625
1000,15699,"[0, 1, 2]",15,132.7059268951416,True,2.0,612,0.059765625
1000,15700,"[0, 2, 1]",200,132.71403312683105,False,2.0,612,0.059765625
1000,15701,"[0, 1, 2]",15,132.7192783355713,True,2.0,612,0.059765625
1000,15702,"[0, 2, 1]",200,132.73096084594727,False,2.0,612,0.059765625
1000,15703,"[0, 1, 2]",15,132.7359676361084,True,2.0,612,0.059765625
1000,15704,"[0, 2, 1]",200,132.74502754211426,False,2.0,612,0.059765625
1000,15705,"[0, 1, 2]",15,132.7505111694336,True,2.0,612,0.059765625
1000,15706,"[0, 2, 1]",200,132.75885581970215,False,2.0,612,0.059765625
1000,15707,"[0, 1, 2]",15,132.76410102844238,True,2.0,612,0.059765625
1000,15708,"[0, 2, 1]",200,132.77292251586914,False,2.0,612,0.059765625
1000,15709,"[0, 1, 2]",15,132.77769088745117,True,2.0,612,0.059765625
1000,15710,"[0, 2, 1]",200,132.78627395629883,False,2.0,612,0.059765625
1000,15711,"[0, 1, 2]",15,132.79151916503906,True,2.0,612,0.059765625
1000,15712,"[0, 2, 1]",200,132.80367851257324,False,2.0,612,0.059765625
1000,15713,"[0, 1, 2]",15,132.80892372131348,True,2.0,612,0.059765625
1000,15714,"[0, 2, 1]",200,132.81798362731934,False,2.0,612,0.059765625
1000,15715,"[0, 1, 2]",15,132.82346725463867,True,2.0,612,0.059765625
1000,15716,"[0, 2, 1]",200,132.83228874206543,False,2.0,612,0.059765625
1000,15717,"[0, 1, 2]",15,132.83801078796387,True,2.0,612,0.059765625
1000,15718,"[0, 2, 1]",200,132.84730911254883,False,2.0,612,0.059765625
1000,15719,"[0, 1, 2]",15,132.85303115844727,True,2.0,612,0.059765625
1000,15720,"[0, 2, 1]",200,132.86209106445312,False,2.0,612,0.059765625
1000,15721,"[0, 1, 2]",15,132.86709785461426,True,2.0,612,0.059765625
1000,15722,"[0, 2, 1]",200,132.8756809234619,False,2.0,612,0.059765625
1000,15723,"[0, 1, 2]",15,132.88426399230957,True,2.0,612,0.059765625
1000,15724,"[0, 2, 1]",200,132.89332389831543,False,2.0,612,0.059765625
1000,15725,"[0, 1, 2]",15,132.89880752563477,True,2.0,612,0.059765625
1000,15726,"[0, 2, 1]",200,132.90739059448242,False,2.0,612,0.059765625
1000,15727,"[0, 1, 2]",15,132.91239738464355,True,2.0,612,0.059765625
1000,15728,"[0, 2, 1]",200,132.9209804534912,False,2.0,612,0.059765625
1000,15729,"[0, 1, 2]",15,132.92598724365234,True,2.0,612,0.059765625
1000,15730,"[0, 2, 1]",200,132.9348087310791,False,2.0,612,0.059765625
1000,15731,"[0, 1, 2]",15,132.93981552124023,True,2.0,612,0.059765625
1000,15732,"[0, 2, 1]",200,132.948637008667,False,2.0,612,0.059765625
1000,15733,"[0, 1, 2]",15,132.95340538024902,True,2.0,612,0.059765625
1000,15734,"[0, 2, 1]",200,132.96175003051758,False,2.0,612,0.059765625
1000,15735,"[0, 1, 2]",15,132.96747207641602,True,2.0,612,0.059765625
1000,15736,"[0, 2, 1]",200,132.97581672668457,False,2.0,612,0.059765625
1000,15737,"[0, 1, 2]",15,132.9810619354248,True,2.0,612,0.059765625
1000,15738,"[0, 2, 1]",200,132.98940658569336,False,2.0,612,0.059765625
1000,15739,"[0, 1, 2]",15,132.9946517944336,True,2.0,612,0.059765625
1000,15740,"[0, 2, 1]",200,133.00323486328125,False,2.0,612,0.059765625
1000,15741,"[0, 1, 2]",15,133.00848007202148,True,2.0,612,0.059765625
1000,15742,"[0, 2, 1]",200,133.01682472229004,False,2.0,612,0.059765625
1000,15743,"[0, 1, 2]",15,133.02206993103027,True,2.0,612,0.059765625
1000,15744,"[0, 2, 1]",200,133.03422927856445,False,2.0,612,0.059765625
1000,15745,"[0, 1, 2]",15,133.0394744873047,True,2.0,612,0.059765625
1000,15746,"[0, 2, 1]",200,133.04781913757324,False,2.0,612,0.059765625
1000,15747,"[0, 1, 2]",15,133.05330276489258,True,2.0,612,0.059765625
1000,15748,"[0, 2, 1]",200,133.06164741516113,False,2.0,612,0.059765625
1000,15749,"[0, 1, 2]",15,133.06689262390137,True,2.0,612,0.059765625
1000,15750,"[0, 2, 1]",200,133.07523727416992,False,2.0,612,0.059765625
1000,15751,"[0, 1, 2]",15,133.08048248291016,True,2.0,612,0.059765625
1000,15752,"[0, 2, 1]",200,133.0888271331787,False,2.0,612,0.059765625
1000,15753,"[0, 1, 2]",15,133.09383392333984,True,2.0,612,0.059765625
1000,15754,"[0, 2, 1]",200,133.1026554107666,False,2.0,612,0.059765625
1000,15755,"[0, 1, 2]",15,133.10766220092773,True,2.0,612,0.059765625
1000,15756,"[0, 2, 1]",200,133.1164836883545,False,2.0,612,0.059765625
1000,15757,"[0, 1, 2]",15,133.12149047851562,True,2.0,612,0.059765625
1000,15758,"[0, 2, 1]",200,133.13007354736328,False,2.0,612,0.059765625
1000,15759,"[0, 1, 2]",15,133.1350803375244,True,2.0,612,0.059765625
1000,15760,"[0, 2, 1]",200,133.14390182495117,False,2.0,612,0.059765625
1000,15761,"[0, 1, 2]",15,133.1489086151123,True,2.0,612,0.059765625
1000,15762,"[0, 2, 1]",200,133.15749168395996,False,2.0,612,0.059765625
1000,15763,"[0, 1, 2]",15,133.1624984741211,True,2.0,612,0.059765625
1000,15764,"[0, 2, 1]",200,133.17155838012695,False,2.0,612,0.059765625
1000,15765,"[0, 1, 2]",15,133.1794261932373,True,2.0,612,0.059765625
1000,15766,"[0, 2, 1]",200,133.18848609924316,False,2.0,612,0.059765625
1000,15767,"[0, 1, 2]",15,133.1934928894043,True,2.0,612,0.059765625
1000,15768,"[0, 2, 1]",200,133.20183753967285,False,2.0,612,0.059765625
1000,15769,"[0, 1, 2]",15,133.2070827484131,True,2.0,612,0.059765625
1000,15770,"[0, 2, 1]",200,133.21566581726074,False,2.0,612,0.059765625
1000,15771,"[0, 1, 2]",15,133.22067260742188,True,2.0,612,0.059765625
1000,15772,"[0, 2, 1]",200,133.22901725769043,False,2.0,612,0.059765625
1000,15773,"[0, 1, 2]",15,133.23402404785156,True,2.0,612,0.059765625
1000,15774,"[0, 2, 1]",200,133.24260711669922,False,2.0,612,0.059765625
1000,15775,"[0, 1, 2]",15,133.24785232543945,True,2.0,612,0.059765625
1000,15776,"[0, 2, 1]",200,133.2566738128662,False,2.0,612,0.059765625
1000,15777,"[0, 1, 2]",15,133.26191902160645,True,2.0,612,0.059765625
1000,15778,"[0, 2, 1]",200,133.2700252532959,False,2.0,612,0.059765625
1000,15779,"[0, 1, 2]",15,133.27527046203613,True,2.0,612,0.059765625
1000,15780,"[0, 2, 1]",200,133.2836151123047,False,2.0,612,0.059765625
1000,15781,"[0, 1, 2]",15,133.28862190246582,True,2.0,612,0.059765625
1000,15782,"[0, 2, 1]",200,133.29720497131348,False,2.0,612,0.059765625
1000,15783,"[0, 1, 2]",15,133.3024501800537,True,2.0,612,0.059765625
1000,15784,"[0, 2, 1]",200,133.31079483032227,False,2.0,612,0.059765625
1000,15785,"[0, 1, 2]",15,133.3155632019043,True,2.0,612,0.059765625
1000,15786,"[0, 2, 1]",200,133.32748413085938,False,2.0,612,0.059765625
1000,15787,"[0, 1, 2]",15,133.3324909210205,True,2.0,612,0.059765625
1000,15788,"[0, 2, 1]",200,133.34131240844727,False,2.0,612,0.059765625
1000,15789,"[0, 1, 2]",15,133.3463191986084,True,2.0,612,0.059765625
1000,15790,"[0, 2, 1]",200,133.35514068603516,False,2.0,612,0.059765625
1000,15791,"[0, 1, 2]",15,133.3599090576172,True,2.0,612,0.059765625
1000,15792,"[0, 2, 1]",200,133.36873054504395,False,2.0,612,0.059765625
1000,15793,"[0, 1, 2]",15,133.37373733520508,True,2.0,612,0.059765625
1000,15794,"[0, 2, 1]",200,133.38232040405273,False,2.0,612,0.059765625
1000,15795,"[0, 1, 2]",15,133.38732719421387,True,2.0,612,0.059765625
1000,15796,"[0, 2, 1]",200,133.40234756469727,False,2.0,612,0.059765625
1000,15797,"[0, 1, 2]",15,133.4078311920166,True,2.0,612,0.059765625
1000,15798,"[0, 2, 1]",200,133.41665267944336,False,2.0,612,0.059765625
1000,15799,"[0, 1, 2]",15,133.4221363067627,True,2.0,612,0.059765625
1000,15800,"[0, 2, 1]",200,133.43119621276855,False,2.0,612,0.059765625
1000,15801,"[0, 1, 2]",15,133.4400177001953,True,2.0,612,0.059765625
1000,15802,"[0, 2, 1]",200,133.44883918762207,False,2.0,612,0.059765625
1000,15803,"[0, 1, 2]",15,133.4543228149414,True,2.0,612,0.059765625
1000,15804,"[0, 2, 1]",200,133.46314430236816,False,2.0,612,0.059765625
1000,15805,"[0, 1, 2]",15,133.4683895111084,True,2.0,612,0.059765625
1000,15806,"[0, 2, 1]",200,133.47721099853516,False,2.0,612,0.059765625
1000,15807,"[0, 1, 2]",15,133.4853172302246,True,2.0,612,0.059765625
1000,15808,"[0, 2, 1]",200,133.49390029907227,False,2.0,612,0.059765625
1000,15809,"[0, 1, 2]",15,133.4986686706543,True,2.0,612,0.059765625
1000,15810,"[0, 2, 1]",200,133.50749015808105,False,2.0,612,0.059765625
1000,15811,"[0, 1, 2]",15,133.5127353668213,True,2.0,612,0.059765625
1000,15812,"[0, 2, 1]",200,133.52131843566895,False,2.0,612,0.059765625
1000,15813,"[0, 1, 2]",15,133.52632522583008,True,2.0,612,0.059765625
1000,15814,"[0, 2, 1]",200,133.53466987609863,False,2.0,612,0.059765625
1000,15815,"[0, 1, 2]",15,133.53991508483887,True,2.0,612,0.059765625
1000,15816,"[0, 2, 1]",200,133.54825973510742,False,2.0,612,0.059765625
1000,15817,"[0, 1, 2]",15,133.55350494384766,True,2.0,612,0.059765625
1000,15818,"[0, 2, 1]",200,133.5616111755371,False,2.0,612,0.059765625
1000,15819,"[0, 1, 2]",15,133.56709480285645,True,2.0,612,0.059765625
1000,15820,"[0, 2, 1]",200,133.575439453125,False,2.0,612,0.059765625
1000,15821,"[0, 1, 2]",15,133.58044624328613,True,2.0,612,0.059765625
1000,15822,"[0, 2, 1]",200,133.5890293121338,False,2.0,612,0.059765625
1000,15823,"[0, 1, 2]",15,133.59427452087402,True,2.0,612,0.059765625
1000,15824,"[0, 2, 1]",200,133.60261917114258,False,2.0,612,0.059765625
1000,15825,"[0, 1, 2]",15,133.6076259613037,True,2.0,612,0.059765625
1000,15826,"[0, 2, 1]",200,133.61668586730957,False,2.0,612,0.059765625
1000,15827,"[0, 1, 2]",15,133.6219310760498,True,2.0,612,0.059765625
1000,15828,"[0, 2, 1]",200,133.63361358642578,False,2.0,612,0.059765625
1000,15829,"[0, 1, 2]",15,133.6386203765869,True,2.0,612,0.059765625
1000,15830,"[0, 2, 1]",200,133.64744186401367,False,2.0,612,0.059765625
1000,15831,"[0, 1, 2]",15,133.6526870727539,True,2.0,612,0.059765625
1000,15832,"[0, 2, 1]",200,133.66127014160156,False,2.0,612,0.059765625
1000,15833,"[0, 1, 2]",15,133.6662769317627,True,2.0,612,0.059765625
1000,15834,"[0, 2, 1]",200,133.67462158203125,False,2.0,612,0.059765625
1000,15835,"[0, 1, 2]",15,133.67986679077148,True,2.0,612,0.059765625
1000,15836,"[0, 2, 1]",200,133.68844985961914,False,2.0,612,0.059765625
1000,15837,"[0, 1, 2]",15,133.69345664978027,True,2.0,612,0.059765625
1000,15838,"[0, 2, 1]",200,133.70227813720703,False,2.0,612,0.059765625
1000,15839,"[0, 1, 2]",15,133.70728492736816,True,2.0,612,0.059765625
1000,15840,"[0, 2, 1]",200,133.71610641479492,False,2.0,612,0.059765625
1000,15841,"[0, 1, 2]",15,133.72087478637695,True,2.0,612,0.059765625
1000,15842,"[0, 2, 1]",200,133.7296962738037,False,2.0,612,0.059765625
1000,15843,"[0, 1, 2]",15,133.73470306396484,True,2.0,612,0.059765625
1000,15844,"[0, 2, 1]",200,133.7435245513916,False,2.0,612,0.059765625
1000,15845,"[0, 1, 2]",15,133.74829292297363,True,2.0,612,0.059765625
1000,15846,"[0, 2, 1]",200,133.7566375732422,False,2.0,612,0.059765625
1000,15847,"[0, 1, 2]",15,133.76188278198242,True,2.0,612,0.059765625
1000,15848,"[0, 2, 1]",200,133.77070426940918,False,2.0,612,0.059765625
1000,15849,"[0, 1, 2]",15,133.77928733825684,True,2.0,612,0.059765625
1000,15850,"[0, 2, 1]",200,133.7878704071045,False,2.0,612,0.059765625
1000,15851,"[0, 1, 2]",15,133.79311561584473,True,2.0,612,0.059765625
1000,15852,"[0, 2, 1]",200,133.80146026611328,False,2.0,612,0.059765625
1000,15853,"[0, 1, 2]",15,133.80670547485352,True,2.0,612,0.059765625
1000,15854,"[0, 2, 1]",200,133.81505012512207,False,2.0,612,0.059765625
1000,15855,"[0, 1, 2]",15,133.8202953338623,True,2.0,612,0.059765625
1000,15856,"[0, 2, 1]",200,133.82863998413086,False,2.0,612,0.059765625
1000,15857,"[0, 1, 2]",15,133.833646774292,True,2.0,612,0.059765625
1000,15858,"[0, 2, 1]",200,133.84199142456055,False,2.0,612,0.059765625
1000,15859,"[0, 1, 2]",15,133.84699821472168,True,2.0,612,0.059765625
1000,15860,"[0, 2, 1]",200,133.85558128356934,False,2.0,612,0.059765625
1000,15861,"[0, 1, 2]",15,133.86034965515137,True,2.0,612,0.059765625
1000,15862,"[0, 2, 1]",200,133.86893272399902,False,2.0,612,0.059765625
1000,15863,"[0, 1, 2]",15,133.87393951416016,True,2.0,612,0.059765625
1000,15864,"[0, 2, 1]",200,133.8822841644287,False,2.0,612,0.059765625
1000,15865,"[0, 1, 2]",15,133.88752937316895,True,2.0,612,0.059765625
1000,15866,"[0, 2, 1]",200,133.8961124420166,False,2.0,612,0.059765625
1000,15867,"[0, 1, 2]",15,133.90088081359863,True,2.0,612,0.059765625
1000,15868,"[0, 2, 1]",200,133.9092254638672,False,2.0,612,0.059765625
1000,15869,"[0, 1, 2]",15,133.91423225402832,True,2.0,612,0.059765625
1000,15870,"[0, 2, 1]",200,133.9254379272461,False,2.0,612,0.059765625
1000,15871,"[0, 1, 2]",15,133.93092155456543,True,2.0,612,0.059765625
1000,15872,"[0, 2, 1]",200,133.93902778625488,False,2.0,612,0.059765625
1000,15873,"[0, 1, 2]",15,133.94403457641602,True,2.0,612,0.059765625
1000,15874,"[0, 2, 1]",200,133.95261764526367,False,2.0,612,0.059765625
1000,15875,"[0, 1, 2]",15,133.9576244354248,True,2.0,612,0.059765625
1000,15876,"[0, 2, 1]",200,133.96644592285156,False,2.0,612,0.059765625
1000,15877,"[0, 1, 2]",15,133.9716911315918,True,2.0,612,0.059765625
1000,15878,"[0, 2, 1]",200,133.98075103759766,False,2.0,612,0.059765625
1000,15879,"[0, 1, 2]",15,133.9857578277588,True,2.0,612,0.059765625
1000,15880,"[0, 2, 1]",200,133.99791717529297,False,2.0,612,0.059765625
1000,15881,"[0, 1, 2]",15,134.0031623840332,True,2.0,612,0.059765625
1000,15882,"[0, 2, 1]",200,134.01198387145996,False,2.0,612,0.059765625
1000,15883,"[0, 1, 2]",15,134.04011726379395,True,2.0,612,0.059765625
1000,15884,"[0, 2, 1]",200,134.0634822845459,False,2.0,612,0.059765625
1000,15885,"[0, 1, 2]",15,134.07373428344727,True,2.0,612,0.059765625
1000,15886,"[0, 2, 1]",200,134.08589363098145,False,2.0,612,0.059765625
1000,15887,"[0, 1, 2]",15,134.0928077697754,True,2.0,612,0.059765625
1000,15888,"[0, 2, 1]",200,134.10544395446777,False,2.0,612,0.059765625
1000,15889,"[0, 1, 2]",15,134.1109275817871,True,2.0,612,0.059765625
1000,15890,"[0, 2, 1]",200,134.12022590637207,False,2.0,612,0.059765625
1000,15891,"[0, 1, 2]",15,134.14669036865234,True,2.0,612,0.059765625
1000,15892,"[0, 2, 1]",200,134.1564655303955,False,2.0,612,0.059765625
1000,15893,"[0, 1, 2]",15,134.16171073913574,True,2.0,612,0.059765625
1000,15894,"[0, 2, 1]",200,134.1710090637207,False,2.0,612,0.059765625
1000,15895,"[0, 1, 2]",15,134.17649269104004,True,2.0,612,0.059765625
1000,15896,"[0, 2, 1]",200,134.2146396636963,False,2.0,612,0.059765625
1000,15897,"[0, 1, 2]",15,134.22656059265137,True,2.0,612,0.059765625
1000,15898,"[0, 2, 1]",200,134.24086570739746,False,2.0,612,0.059765625
1000,15899,"[0, 1, 2]",15,134.2482566833496,True,2.0,612,0.059765625
1000,15900,"[0, 2, 1]",200,134.25898551940918,False,2.0,612,0.059765625
1000,15901,"[0, 1, 2]",15,134.26542282104492,True,2.0,612,0.059765625
1000,15902,"[0, 2, 1]",200,134.27495956420898,False,2.0,612,0.059765625
1000,15903,"[0, 1, 2]",15,134.28068161010742,True,2.0,612,0.059765625
1000,15904,"[0, 2, 1]",200,134.28950309753418,False,2.0,612,0.059765625
1000,15905,"[0, 1, 2]",15,134.2947483062744,True,2.0,612,0.059765625
1000,15906,"[0, 2, 1]",200,134.30380821228027,False,2.0,612,0.059765625
1000,15907,"[0, 1, 2]",15,134.3088150024414,True,2.0,612,0.059765625
1000,15908,"[0, 2, 1]",200,134.31739807128906,False,2.0,612,0.059765625
1000,15909,"[0, 1, 2]",15,134.3226432800293,True,2.0,612,0.059765625
1000,15910,"[0, 2, 1]",200,134.33146476745605,False,2.0,612,0.059765625
1000,15911,"[0, 1, 2]",15,134.3367099761963,True,2.0,612,0.059765625
1000,15912,"[0, 2, 1]",200,134.3514919281006,False,2.0,612,0.059765625
1000,15913,"[0, 1, 2]",15,134.35697555541992,True,2.0,612,0.059765625
1000,15914,"[0, 2, 1]",200,134.36579704284668,False,2.0,612,0.059765625
1000,15915,"[0, 1, 2]",15,134.3710422515869,True,2.0,612,0.059765625
1000,15916,"[0, 2, 1]",200,134.38010215759277,False,2.0,612,0.059765625
1000,15917,"[0, 1, 2]",15,134.3855857849121,True,2.0,612,0.059765625
1000,15918,"[0, 2, 1]",200,134.39416885375977,False,2.0,612,0.059765625
1000,15919,"[0, 1, 2]",15,134.3989372253418,True,2.0,612,0.059765625
1000,15920,"[0, 2, 1]",200,134.40775871276855,False,2.0,612,0.059765625
1000,15921,"[0, 1, 2]",15,134.4127655029297,True,2.0,612,0.059765625
1000,15922,"[0, 2, 1]",200,134.42134857177734,False,2.0,612,0.059765625
1000,15923,"[0, 1, 2]",15,134.42659378051758,True,2.0,612,0.059765625
1000,15924,"[0, 2, 1]",200,134.43541526794434,False,2.0,612,0.059765625
1000,15925,"[0, 1, 2]",15,134.44066047668457,True,2.0,612,0.059765625
1000,15926,"[0, 2, 1]",200,134.44924354553223,False,2.0,612,0.059765625
1000,15927,"[0, 1, 2]",15,134.45425033569336,True,2.0,612,0.059765625
1000,15928,"[0, 2, 1]",200,134.46307182312012,False,2.0,612,0.059765625
1000,15929,"[0, 1, 2]",15,134.46807861328125,True,2.0,612,0.059765625
1000,15930,"[0, 2, 1]",200,134.476900100708,False,2.0,612,0.059765625
1000,15931,"[0, 1, 2]",15,134.48190689086914,True,2.0,612,0.059765625
1000,15932,"[0, 2, 1]",200,134.490966796875,False,2.0,612,0.059765625
1000,15933,"[0, 1, 2]",15,134.49931144714355,True,2.0,612,0.059765625
1000,15934,"[0, 2, 1]",200,134.5083713531494,False,2.0,612,0.059765625
1000,15935,"[0, 1, 2]",15,134.51361656188965,True,2.0,612,0.059765625
1000,15936,"[0, 2, 1]",200,134.5224380493164,False,2.0,612,0.059765625
1000,15937,"[0, 1, 2]",15,134.52744483947754,True,2.0,612,0.059765625
1000,15938,"[0, 2, 1]",200,134.5360279083252,False,2.0,612,0.059765625
1000,15939,"[0, 1, 2]",15,134.54127311706543,True,2.0,612,0.059765625
1000,15940,"[0, 2, 1]",200,134.5500946044922,False,2.0,612,0.059765625
1000,15941,"[0, 1, 2]",15,134.55510139465332,True,2.0,612,0.059765625
1000,15942,"[0, 2, 1]",200,134.56392288208008,False,2.0,612,0.059765625
1000,15943,"[0, 1, 2]",15,134.5691680908203,True,2.0,612,0.059765625
1000,15944,"[0, 2, 1]",200,134.57798957824707,False,2.0,612,0.059765625
1000,15945,"[0, 1, 2]",15,134.5829963684082,True,2.0,612,0.059765625
1000,15946,"[0, 2, 1]",200,134.59157943725586,False,2.0,612,0.059765625
1000,15947,"[0, 1, 2]",15,134.5968246459961,True,2.0,612,0.059765625
1000,15948,"[0, 2, 1]",200,134.60564613342285,False,2.0,612,0.059765625
1000,15949,"[0, 1, 2]",15,134.61065292358398,True,2.0,612,0.059765625
1000,15950,"[0, 2, 1]",200,134.61923599243164,False,2.0,612,0.059765625
1000,15951,"[0, 1, 2]",15,134.62424278259277,True,2.0,612,0.059765625
1000,15952,"[0, 2, 1]",200,134.63282585144043,False,2.0,612,0.059765625
1000,15953,"[0, 1, 2]",15,134.63783264160156,True,2.0,612,0.059765625
1000,15954,"[0, 2, 1]",200,134.65023040771484,False,2.0,612,0.059765625
1000,15955,"[0, 1, 2]",15,134.65547561645508,True,2.0,612,0.059765625
1000,15956,"[0, 2, 1]",200,134.66405868530273,False,2.0,612,0.059765625
1000,15957,"[0, 1, 2]",15,134.66906547546387,True,2.0,612,0.059765625
1000,15958,"[0, 2, 1]",200,134.67764854431152,False,2.0,612,0.059765625
1000,15959,"[0, 1, 2]",15,134.68265533447266,True,2.0,612,0.059765625
1000,15960,"[0, 2, 1]",200,134.69171524047852,False,2.0,612,0.059765625
1000,15961,"[0, 1, 2]",15,134.69672203063965,True,2.0,612,0.059765625
1000,15962,"[0, 2, 1]",200,134.7057819366455,False,2.0,612,0.059765625
1000,15963,"[0, 1, 2]",15,134.71078872680664,True,2.0,612,0.059765625
1000,15964,"[0, 2, 1]",200,134.72366333007812,False,2.0,612,0.059765625
1000,15965,"[0, 1, 2]",15,134.72962379455566,True,2.0,612,0.059765625
1000,15966,"[0, 2, 1]",200,134.73987579345703,False,2.0,612,0.059765625
1000,15967,"[0, 1, 2]",15,134.74535942077637,True,2.0,612,0.059765625
1000,15968,"[0, 2, 1]",200,134.75441932678223,False,2.0,612,0.059765625
1000,15969,"[0, 1, 2]",15,134.76324081420898,True,2.0,612,0.059765625
1000,15970,"[0, 2, 1]",200,134.77277755737305,False,2.0,612,0.059765625
1000,15971,"[0, 1, 2]",15,134.77849960327148,True,2.0,612,0.059765625
1000,15972,"[0, 2, 1]",200,134.78779792785645,False,2.0,612,0.059765625
1000,15973,"[0, 1, 2]",15,134.7939968109131,True,2.0,612,0.059765625
1000,15974,"[0, 2, 1]",200,134.80353355407715,False,2.0,612,0.059765625
1000,15975,"[0, 1, 2]",15,134.8130702972412,True,2.0,612,0.059765625
1000,15976,"[0, 2, 1]",200,134.82236862182617,False,2.0,612,0.059765625
1000,15977,"[0, 1, 2]",15,134.8278522491455,True,2.0,612,0.059765625
1000,15978,"[0, 2, 1]",200,134.83691215515137,False,2.0,612,0.059765625
1000,15979,"[0, 1, 2]",15,134.8423957824707,True,2.0,612,0.059765625
1000,15980,"[0, 2, 1]",200,134.85121726989746,False,2.0,612,0.059765625
1000,15981,"[0, 1, 2]",15,134.8562240600586,True,2.0,612,0.059765625
1000,15982,"[0, 2, 1]",200,134.86480712890625,False,2.0,612,0.059765625
1000,15983,"[0, 1, 2]",15,134.8702907562256,True,2.0,612,0.059765625
1000,15984,"[0, 2, 1]",200,134.88006591796875,False,2.0,612,0.059765625
1000,15985,"[0, 1, 2]",15,134.8860263824463,True,2.0,612,0.059765625
1000,15986,"[0, 2, 1]",200,134.89484786987305,False,2.0,612,0.059765625
1000,15987,"[0, 1, 2]",15,134.90009307861328,True,2.0,612,0.059765625
1000,15988,"[0, 2, 1]",200,134.90867614746094,False,2.0,612,0.059765625
1000,15989,"[0, 1, 2]",15,134.91439819335938,True,2.0,612,0.059765625
1000,15990,"[0, 2, 1]",200,134.92298126220703,False,2.0,612,0.059765625
1000,15991,"[0, 1, 2]",15,134.92822647094727,True,2.0,612,0.059765625
1000,15992,"[0, 2, 1]",200,134.93680953979492,False,2.0,612,0.059765625
1000,15993,"[0, 1, 2]",15,134.94205474853516,True,2.0,612,0.059765625
1000,15994,"[0, 2, 1]",200,134.9508762359619,False,2.0,612,0.059765625
1000,15995,"[0, 1, 2]",15,134.95612144470215,True,2.0,612,0.059765625
1000,15996,"[0, 2, 1]",200,134.96899604797363,False,2.0,612,0.059765625
1000,15997,"[0, 1, 2]",15,134.97400283813477,True,2.0,612,0.059765625
1000,15998,"[0, 2, 1]",200,134.98306274414062,False,2.0,612,0.059765625
1000,15999,"[0, 1, 2]",15,134.98830795288086,True,2.0,612,0.059765625
1000,16000,"[0, 2, 1]",200,134.99736785888672,False,2.0,612,0.059765625
1000,16001,"[0, 1, 2]",15,135.00261306762695,True,2.0,612,0.059765625
1000,16002,"[0, 2, 1]",200,135.0111961364746,False,2.0,612,0.059765625
1000,16003,"[0, 1, 2]",15,135.01644134521484,True,2.0,612,0.059765625
1000,16004,"[0, 2, 1]",200,135.0259780883789,False,2.0,612,0.059765625
1000,16005,"[0, 1, 2]",15,135.03193855285645,True,2.0,612,0.059765625
1000,16006,"[0, 2, 1]",200,135.0405216217041,False,2.0,612,0.059765625
1000,16007,"[0, 1, 2]",15,135.04624366760254,True,2.0,612,0.059765625
1000,16008,"[0, 2, 1]",200,135.0545883178711,False,2.0,612,0.059765625
1000,16009,"[0, 1, 2]",15,135.05983352661133,True,2.0,612,0.059765625
1000,16010,"[0, 2, 1]",200,135.0691318511963,False,2.0,612,0.059765625
1000,16011,"[0, 1, 2]",15,135.07461547851562,True,2.0,612,0.059765625
1000,16012,"[0, 2, 1]",200,135.08343696594238,False,2.0,612,0.059765625
1000,16013,"[0, 1, 2]",15,135.08868217468262,True,2.0,612,0.059765625
1000,16014,"[0, 2, 1]",200,135.09798049926758,False,2.0,612,0.059765625
1000,16015,"[0, 1, 2]",15,135.1032257080078,True,2.0,612,0.059765625
1000,16016,"[0, 2, 1]",200,135.11228561401367,False,2.0,612,0.059765625
1000,16017,"[0, 1, 2]",15,135.12468338012695,True,2.0,612,0.059765625
1000,16018,"[0, 2, 1]",200,135.1339817047119,False,2.0,612,0.059765625
1000,16019,"[0, 1, 2]",15,135.13946533203125,True,2.0,612,0.059765625
1000,16020,"[0, 2, 1]",200,135.1480484008789,False,2.0,612,0.059765625
1000,16021,"[0, 1, 2]",15,135.15353202819824,True,2.0,612,0.059765625
1000,16022,"[0, 2, 1]",200,135.1618766784668,False,2.0,612,0.059765625
1000,16023,"[0, 1, 2]",15,135.16736030578613,True,2.0,612,0.059765625
1000,16024,"[0, 2, 1]",200,135.1757049560547,False,2.0,612,0.059765625
1000,16025,"[0, 1, 2]",15,135.18118858337402,True,2.0,612,0.059765625
1000,16026,"[0, 2, 1]",200,135.18977165222168,False,2.0,612,0.059765625
1000,16027,"[0, 1, 2]",15,135.1950168609619,True,2.0,612,0.059765625
1000,16028,"[0, 2, 1]",200,135.20336151123047,False,2.0,612,0.059765625
1000,16029,"[0, 1, 2]",15,135.2088451385498,True,2.0,612,0.059765625
1000,16030,"[0, 2, 1]",200,135.21742820739746,False,2.0,612,0.059765625
1000,16031,"[0, 1, 2]",15,135.2229118347168,True,2.0,612,0.059765625
1000,16032,"[0, 2, 1]",200,135.23125648498535,False,2.0,612,0.059765625
1000,16033,"[0, 1, 2]",15,135.2365016937256,True,2.0,612,0.059765625
1000,16034,"[0, 2, 1]",200,135.24460792541504,False,2.0,612,0.059765625
1000,16035,"[0, 1, 2]",15,135.27345657348633,True,2.0,612,0.059765625
1000,16036,"[0, 2, 1]",200,135.2827548980713,False,2.0,612,0.059765625
1000,16037,"[0, 1, 2]",15,135.28847694396973,True,2.0,612,0.059765625
1000,16038,"[0, 2, 1]",200,135.300874710083,False,2.0,612,0.059765625
1000,16039,"[0, 1, 2]",15,135.30683517456055,True,2.0,612,0.059765625
1000,16040,"[0, 2, 1]",200,135.3156566619873,False,2.0,612,0.059765625
1000,16041,"[0, 1, 2]",15,135.32114028930664,True,2.0,612,0.059765625
1000,16042,"[0, 2, 1]",200,135.3299617767334,False,2.0,612,0.059765625
1000,16043,"[0, 1, 2]",15,135.33544540405273,True,2.0,612,0.059765625
1000,16044,"[0, 2, 1]",200,135.3445053100586,False,2.0,612,0.059765625
1000,16045,"[0, 1, 2]",15,135.34975051879883,True,2.0,612,0.059765625
1000,16046,"[0, 2, 1]",200,135.3585720062256,False,2.0,612,0.059765625
1000,16047,"[0, 1, 2]",15,135.36381721496582,True,2.0,612,0.059765625
1000,16048,"[0, 2, 1]",200,135.3762149810791,False,2.0,612,0.059765625
1000,16049,"[0, 1, 2]",15,135.38193702697754,True,2.0,612,0.059765625
1000,16050,"[0, 2, 1]",200,135.3907585144043,False,2.0,612,0.059765625
1000,16051,"[0, 1, 2]",15,135.39648056030273,True,2.0,612,0.059765625
1000,16052,"[0, 2, 1]",200,135.4055404663086,False,2.0,612,0.059765625
1000,16053,"[0, 1, 2]",15,135.41126251220703,True,2.0,612,0.059765625
1000,16054,"[0, 2, 1]",200,135.4196071624756,False,2.0,612,0.059765625
1000,16055,"[0, 1, 2]",15,135.42556762695312,True,2.0,612,0.059765625
1000,16056,"[0, 2, 1]",200,135.43367385864258,False,2.0,612,0.059765625
1000,16057,"[0, 1, 2]",15,135.4391574859619,True,2.0,612,0.059765625
1000,16058,"[0, 2, 1]",200,135.44821739196777,False,2.0,612,0.059765625
1000,16059,"[0, 1, 2]",15,135.45703887939453,True,2.0,612,0.059765625
1000,16060,"[0, 2, 1]",200,135.4658603668213,False,2.0,612,0.059765625
1000,16061,"[0, 1, 2]",15,135.47110557556152,True,2.0,612,0.059765625
1000,16062,"[0, 2, 1]",200,135.48040390014648,False,2.0,612,0.059765625
1000,16063,"[0, 1, 2]",15,135.48731803894043,True,2.0,612,0.059765625
1000,16064,"[0, 2, 1]",200,135.4985237121582,False,2.0,612,0.059765625
1000,16065,"[0, 1, 2]",15,135.50424575805664,True,2.0,612,0.059765625
1000,16066,"[0, 2, 1]",200,135.57076454162598,False,2.0,612,0.059765625
1000,16067,"[0, 1, 2]",15,135.58506965637207,True,2.0,612,0.059765625
1000,16068,"[0, 2, 1]",200,135.6029510498047,False,2.0,612,0.059765625
1000,16069,"[0, 1, 2]",15,135.61058044433594,True,2.0,612,0.059765625
1000,16070,"[0, 2, 1]",200,135.6222629547119,False,2.0,612,0.059765625
1000,16071,"[0, 1, 2]",15,135.62846183776855,True,2.0,612,0.059765625
1000,16072,"[0, 2, 1]",200,135.63776016235352,False,2.0,612,0.059765625
1000,16073,"[0, 1, 2]",15,135.64348220825195,True,2.0,612,0.059765625
1000,16074,"[0, 2, 1]",200,135.6527805328369,False,2.0,612,0.059765625
1000,16075,"[0, 1, 2]",15,135.65802574157715,True,2.0,612,0.059765625
1000,16076,"[0, 2, 1]",200,135.667085647583,False,2.0,612,0.059765625
1000,16077,"[0, 1, 2]",15,135.67233085632324,True,2.0,612,0.059765625
1000,16078,"[0, 2, 1]",200,135.6821060180664,False,2.0,612,0.059765625
1000,16079,"[0, 1, 2]",15,135.68758964538574,True,2.0,612,0.059765625
1000,16080,"[0, 2, 1]",200,135.70570945739746,False,2.0,612,0.059765625
1000,16081,"[0, 1, 2]",15,135.7121467590332,True,2.0,612,0.059765625
1000,16082,"[0, 2, 1]",200,135.72144508361816,False,2.0,612,0.059765625
1000,16083,"[0, 1, 2]",15,135.7269287109375,True,2.0,612,0.059765625
1000,16084,"[0, 2, 1]",200,135.73575019836426,False,2.0,612,0.059765625
1000,16085,"[0, 1, 2]",15,135.7412338256836,True,2.0,612,0.059765625
1000,16086,"[0, 2, 1]",200,135.75029373168945,False,2.0,612,0.059765625
1000,16087,"[0, 1, 2]",15,135.7555389404297,True,2.0,612,0.059765625
1000,16088,"[0, 2, 1]",200,135.76507568359375,False,2.0,612,0.059765625
1000,16089,"[0, 1, 2]",15,135.7707977294922,True,2.0,612,0.059765625
1000,16090,"[0, 2, 1]",200,135.78009605407715,False,2.0,612,0.059765625
1000,16091,"[0, 1, 2]",15,135.78557968139648,True,2.0,612,0.059765625
1000,16092,"[0, 2, 1]",200,135.79463958740234,False,2.0,612,0.059765625
1000,16093,"[0, 1, 2]",15,135.79988479614258,True,2.0,612,0.059765625
1000,16094,"[0, 2, 1]",200,135.80942153930664,False,2.0,612,0.059765625
1000,16095,"[0, 1, 2]",15,135.81442832946777,True,2.0,612,0.059765625
1000,16096,"[0, 2, 1]",200,135.82420349121094,False,2.0,612,0.059765625
1000,16097,"[0, 1, 2]",15,135.82944869995117,True,2.0,612,0.059765625
1000,16098,"[0, 2, 1]",200,135.83874702453613,False,2.0,612,0.059765625
1000,16099,"[0, 1, 2]",15,135.84423065185547,True,2.0,612,0.059765625
1000,16100,"[0, 2, 1]",200,135.85305213928223,False,2.0,612,0.059765625
1000,16101,"[0, 1, 2]",15,135.87331771850586,True,2.0,612,0.059765625
1000,16102,"[0, 2, 1]",200,135.88309288024902,False,2.0,612,0.059765625
1000,16103,"[0, 1, 2]",15,135.88786125183105,True,2.0,612,0.059765625
1000,16104,"[0, 2, 1]",200,135.8969211578369,False,2.0,612,0.059765625
1000,16105,"[0, 1, 2]",15,135.90168952941895,True,2.0,612,0.059765625
1000,16106,"[0, 2, 1]",200,135.9107494354248,False,2.0,612,0.059765625
1000,16107,"[0, 1, 2]",15,135.91575622558594,True,2.0,612,0.059765625
1000,16108,"[0, 2, 1]",200,135.9245777130127,False,2.0,612,0.059765625
1000,16109,"[0, 1, 2]",15,135.92982292175293,True,2.0,612,0.059765625
1000,16110,"[0, 2, 1]",200,135.939359664917,False,2.0,612,0.059765625
1000,16111,"[0, 1, 2]",15,135.94484329223633,True,2.0,612,0.059765625
1000,16112,"[0, 2, 1]",200,135.95342636108398,False,2.0,612,0.059765625
1000,16113,"[0, 1, 2]",15,135.95867156982422,True,2.0,612,0.059765625
1000,16114,"[0, 2, 1]",200,135.96725463867188,False,2.0,612,0.059765625
1000,16115,"[0, 1, 2]",15,135.9724998474121,True,2.0,612,0.059765625
1000,16116,"[0, 2, 1]",200,135.9860897064209,False,2.0,612,0.059765625
1000,16117,"[0, 1, 2]",15,135.99371910095215,True,2.0,612,0.059765625
1000,16118,"[0, 2, 1]",200,136.01160049438477,False,2.0,612,0.059765625
1000,16119,"[0, 1, 2]",15,136.0189914703369,True,2.0,612,0.059765625
1000,16120,"[0, 2, 1]",200,136.02852821350098,False,2.0,612,0.059765625
1000,16121,"[0, 1, 2]",15,136.0335350036621,True,2.0,612,0.059765625
1000,16122,"[0, 2, 1]",200,136.09719276428223,False,2.0,612,0.059765625
1000,16123,"[0, 1, 2]",15,136.1098289489746,True,2.0,612,0.059765625
1000,16124,"[0, 2, 1]",200,136.1243724822998,False,2.0,612,0.059765625
1000,16125,"[0, 1, 2]",15,136.13224029541016,True,2.0,612,0.059765625
1000,16126,"[0, 2, 1]",200,136.14392280578613,False,2.0,612,0.059765625
1000,16127,"[0, 1, 2]",15,136.15036010742188,True,2.0,612,0.059765625
1000,16128,"[0, 2, 1]",200,136.16013526916504,False,2.0,612,0.059765625
1000,16129,"[0, 1, 2]",15,136.16585731506348,True,2.0,612,0.059765625
1000,16130,"[0, 2, 1]",200,136.17563247680664,False,2.0,612,0.059765625
1000,16131,"[0, 1, 2]",15,136.18111610412598,True,2.0,612,0.059765625
1000,16132,"[0, 2, 1]",200,136.1978054046631,False,2.0,612,0.059765625
1000,16133,"[0, 1, 2]",15,136.20352745056152,True,2.0,612,0.059765625
1000,16134,"[0, 2, 1]",200,136.2144947052002,False,2.0,612,0.059765625
1000,16135,"[0, 1, 2]",15,136.22140884399414,True,2.0,612,0.059765625
1000,16136,"[0, 2, 1]",200,136.2318992614746,False,2.0,612,0.059765625
1000,16137,"[0, 1, 2]",15,136.24286651611328,True,2.0,612,0.059765625
1000,16138,"[0, 2, 1]",200,136.25288009643555,False,2.0,612,0.059765625
1000,16139,"[0, 1, 2]",15,136.2590789794922,True,2.0,612,0.059765625
1000,16140,"[0, 2, 1]",200,136.26837730407715,False,2.0,612,0.059765625
1000,16141,"[0, 1, 2]",15,136.27386093139648,True,2.0,612,0.059765625
1000,16142,"[0, 2, 1]",200,136.28268241882324,False,2.0,612,0.059765625
1000,16143,"[0, 1, 2]",15,136.2919807434082,True,2.0,612,0.059765625
1000,16144,"[0, 2, 1]",200,136.30127906799316,False,2.0,612,0.059765625
1000,16145,"[0, 1, 2]",15,136.3070011138916,True,2.0,612,0.059765625
1000,16146,"[0, 2, 1]",200,136.31653785705566,False,2.0,612,0.059765625
1000,16147,"[0, 1, 2]",15,136.3215446472168,True,2.0,612,0.059765625
1000,16148,"[0, 2, 1]",200,136.33036613464355,False,2.0,612,0.059765625
1000,16149,"[0, 1, 2]",15,136.3356113433838,True,2.0,612,0.059765625
1000,16150,"[0, 2, 1]",200,136.34443283081055,False,2.0,612,0.059765625
1000,16151,"[0, 1, 2]",15,136.34943962097168,True,2.0,612,0.059765625
1000,16152,"[0, 2, 1]",200,136.35826110839844,False,2.0,612,0.059765625
1000,16153,"[0, 1, 2]",15,136.36326789855957,True,2.0,612,0.059765625
1000,16154,"[0, 2, 1]",200,136.37208938598633,False,2.0,612,0.059765625
1000,16155,"[0, 1, 2]",15,136.37709617614746,True,2.0,612,0.059765625
1000,16156,"[0, 2, 1]",200,136.38591766357422,False,2.0,612,0.059765625
1000,16157,"[0, 1, 2]",15,136.39092445373535,True,2.0,612,0.059765625
1000,16158,"[0, 2, 1]",200,136.399507522583,False,2.0,612,0.059765625
1000,16159,"[0, 1, 2]",15,136.40451431274414,True,2.0,612,0.059765625
1000,16160,"[0, 2, 1]",200,136.4133358001709,False,2.0,612,0.059765625
1000,16161,"[0, 1, 2]",15,136.41834259033203,True,2.0,612,0.059765625
1000,16162,"[0, 2, 1]",200,136.4269256591797,False,2.0,612,0.059765625
1000,16163,"[0, 1, 2]",15,136.43169403076172,True,2.0,612,0.059765625
1000,16164,"[0, 2, 1]",200,136.4436149597168,False,2.0,612,0.059765625
1000,16165,"[0, 1, 2]",15,136.44909858703613,True,2.0,612,0.059765625
1000,16166,"[0, 2, 1]",200,136.4576816558838,False,2.0,612,0.059765625
1000,16167,"[0, 1, 2]",15,136.46292686462402,True,2.0,612,0.059765625
1000,16168,"[0, 2, 1]",200,136.47127151489258,False,2.0,612,0.059765625
1000,16169,"[0, 1, 2]",15,136.4765167236328,True,2.0,612,0.059765625
1000,16170,"[0, 2, 1]",200,136.48486137390137,False,2.0,612,0.059765625
1000,16171,"[0, 1, 2]",15,136.4901065826416,True,2.0,612,0.059765625
1000,16172,"[0, 2, 1]",200,136.49821281433105,False,2.0,612,0.059765625
1000,16173,"[0, 1, 2]",15,136.5034580230713,True,2.0,612,0.059765625
1000,16174,"[0, 2, 1]",200,136.51227951049805,False,2.0,612,0.059765625
1000,16175,"[0, 1, 2]",15,136.51776313781738,True,2.0,612,0.059765625
1000,16176,"[0, 2, 1]",200,136.52610778808594,False,2.0,612,0.059765625
1000,16177,"[0, 1, 2]",15,136.53135299682617,True,2.0,612,0.059765625
1000,16178,"[0, 2, 1]",200,136.53945922851562,False,2.0,612,0.059765625
1000,16179,"[0, 1, 2]",15,136.54446601867676,True,2.0,612,0.059765625
1000,16180,"[0, 2, 1]",200,136.5528106689453,False,2.0,612,0.059765625
1000,16181,"[0, 1, 2]",15,136.55781745910645,True,2.0,612,0.059765625
1000,16182,"[0, 2, 1]",200,136.566162109375,False,2.0,612,0.059765625
1000,16183,"[0, 1, 2]",15,136.57140731811523,True,2.0,612,0.059765625
1000,16184,"[0, 2, 1]",200,136.5799903869629,False,2.0,612,0.059765625
1000,16185,"[0, 1, 2]",15,136.58833503723145,True,2.0,612,0.059765625
1000,16186,"[0, 2, 1]",200,136.5966796875,False,2.0,612,0.059765625
1000,16187,"[0, 1, 2]",15,136.60216331481934,True,2.0,612,0.059765625
1000,16188,"[0, 2, 1]",200,136.6109848022461,False,2.0,612,0.059765625
1000,16189,"[0, 1, 2]",15,136.61599159240723,True,2.0,612,0.059765625
1000,16190,"[0, 2, 1]",200,136.62481307983398,False,2.0,612,0.059765625
1000,16191,"[0, 1, 2]",15,136.62981986999512,True,2.0,612,0.059765625
1000,16192,"[0, 2, 1]",200,136.63864135742188,False,2.0,612,0.059765625
1000,16193,"[0, 1, 2]",15,136.643648147583,True,2.0,612,0.059765625
1000,16194,"[0, 2, 1]",200,136.65223121643066,False,2.0,612,0.059765625
1000,16195,"[0, 1, 2]",15,136.6574764251709,True,2.0,612,0.059765625
1000,16196,"[0, 2, 1]",200,136.66558265686035,False,2.0,612,0.059765625
1000,16197,"[0, 1, 2]",15,136.6708278656006,True,2.0,612,0.059765625
1000,16198,"[0, 2, 1]",200,136.67893409729004,False,2.0,612,0.059765625
1000,16199,"[0, 1, 2]",15,136.68441772460938,True,2.0,612,0.059765625
1000,16200,"[0, 2, 1]",200,136.69514656066895,False,2.0,612,0.059765625
1000,16201,"[0, 1, 2]",15,136.7018222808838,True,2.0,612,0.059765625
1000,16202,"[0, 2, 1]",200,136.71040534973145,False,2.0,612,0.059765625
1000,16203,"[0, 1, 2]",15,136.71565055847168,True,2.0,612,0.059765625
1000,16204,"[0, 2, 1]",200,136.72399520874023,False,2.0,612,0.059765625
1000,16205,"[0, 1, 2]",15,136.72924041748047,True,2.0,612,0.059765625
1000,16206,"[0, 2, 1]",200,136.74092292785645,False,2.0,612,0.059765625
1000,16207,"[0, 1, 2]",15,136.74640655517578,True,2.0,612,0.059765625
1000,16208,"[0, 2, 1]",200,136.75475120544434,False,2.0,612,0.059765625
1000,16209,"[0, 1, 2]",15,136.75951957702637,True,2.0,612,0.059765625
1000,16210,"[0, 2, 1]",200,136.76810264587402,False,2.0,612,0.059765625
1000,16211,"[0, 1, 2]",15,136.77310943603516,True,2.0,612,0.059765625
1000,16212,"[0, 2, 1]",200,136.7816925048828,False,2.0,612,0.059765625
1000,16213,"[0, 1, 2]",15,136.78669929504395,True,2.0,612,0.059765625
1000,16214,"[0, 2, 1]",200,136.7955207824707,False,2.0,612,0.059765625
1000,16215,"[0, 1, 2]",15,136.80052757263184,True,2.0,612,0.059765625
1000,16216,"[0, 2, 1]",200,136.8124485015869,False,2.0,612,0.059765625
1000,16217,"[0, 1, 2]",15,136.81769371032715,True,2.0,612,0.059765625
1000,16218,"[0, 2, 1]",200,136.826753616333,False,2.0,612,0.059765625
1000,16219,"[0, 1, 2]",15,136.83223724365234,True,2.0,612,0.059765625
1000,16220,"[0, 2, 1]",200,136.8410587310791,False,2.0,612,0.059765625
1000,16221,"[0, 1, 2]",15,136.84630393981934,True,2.0,612,0.059765625
1000,16222,"[0, 2, 1]",200,136.854887008667,False,2.0,612,0.059765625
1000,16223,"[0, 1, 2]",15,136.85989379882812,True,2.0,612,0.059765625
1000,16224,"[0, 2, 1]",200,136.86847686767578,False,2.0,612,0.059765625
1000,16225,"[0, 1, 2]",15,136.8734836578369,True,2.0,612,0.059765625
1000,16226,"[0, 2, 1]",200,136.88230514526367,False,2.0,612,0.059765625
1000,16227,"[0, 1, 2]",15,136.89041137695312,True,2.0,612,0.059765625
1000,16228,"[0, 2, 1]",200,136.89947128295898,False,2.0,612,0.059765625
1000,16229,"[0, 1, 2]",15,136.90447807312012,True,2.0,612,0.059765625
1000,16230,"[0, 2, 1]",200,136.91306114196777,False,2.0,612,0.059765625
1000,16231,"[0, 1, 2]",15,136.9185447692871,True,2.0,612,0.059765625
1000,16232,"[0, 2, 1]",200,136.92736625671387,False,2.0,612,0.059765625
1000,16233,"[0, 1, 2]",15,136.9326114654541,True,2.0,612,0.059765625
1000,16234,"[0, 2, 1]",200,136.94143295288086,False,2.0,612,0.059765625
1000,16235,"[0, 1, 2]",15,136.946439743042,True,2.0,612,0.059765625
1000,16236,"[0, 2, 1]",200,136.95502281188965,False,2.0,612,0.059765625
1000,16237,"[0, 1, 2]",15,136.96002960205078,True,2.0,612,0.059765625
1000,16238,"[0, 2, 1]",200,136.96885108947754,False,2.0,612,0.059765625
1000,16239,"[0, 1, 2]",15,136.97385787963867,True,2.0,612,0.059765625
1000,16240,"[0, 2, 1]",200,136.98244094848633,False,2.0,612,0.059765625
1000,16241,"[0, 1, 2]",15,136.98744773864746,True,2.0,612,0.059765625
1000,16242,"[0, 2, 1]",200,136.99674606323242,False,2.0,612,0.059765625
1000,16243,"[0, 1, 2]",15,137.00199127197266,True,2.0,612,0.059765625
1000,16244,"[0, 2, 1]",200,137.0105743408203,False,2.0,612,0.059765625
1000,16245,"[0, 1, 2]",15,137.01581954956055,True,2.0,612,0.059765625
1000,16246,"[0, 2, 1]",200,137.0244026184082,False,2.0,612,0.059765625
1000,16247,"[0, 1, 2]",15,137.02964782714844,True,2.0,612,0.059765625
1000,16248,"[0, 2, 1]",200,137.04562187194824,False,2.0,612,0.059765625
1000,16249,"[0, 1, 2]",15,137.05062866210938,True,2.0,612,0.059765625
1000,16250,"[0, 2, 1]",200,137.05945014953613,False,2.0,612,0.059765625
1000,16251,"[0, 1, 2]",15,137.06445693969727,True,2.0,612,0.059765625
1000,16252,"[0, 2, 1]",200,137.07327842712402,False,2.0,612,0.059765625
1000,16253,"[0, 1, 2]",15,137.07852363586426,True,2.0,612,0.059765625
1000,16254,"[0, 2, 1]",200,137.0871067047119,False,2.0,612,0.059765625
1000,16255,"[0, 1, 2]",15,137.09211349487305,True,2.0,612,0.059765625
1000,16256,"[0, 2, 1]",200,137.1006965637207,False,2.0,612,0.059765625
1000,16257,"[0, 1, 2]",15,137.10570335388184,True,2.0,612,0.059765625
1000,16258,"[0, 2, 1]",200,137.1145248413086,False,2.0,612,0.059765625
1000,16259,"[0, 1, 2]",15,137.11953163146973,True,2.0,612,0.059765625
1000,16260,"[0, 2, 1]",200,137.12811470031738,False,2.0,612,0.059765625
1000,16261,"[0, 1, 2]",15,137.1328830718994,True,2.0,612,0.059765625
1000,16262,"[0, 2, 1]",200,137.14146614074707,False,2.0,612,0.059765625
1000,16263,"[0, 1, 2]",15,137.1469497680664,True,2.0,612,0.059765625
1000,16264,"[0, 2, 1]",200,137.15553283691406,False,2.0,612,0.059765625
1000,16265,"[0, 1, 2]",15,137.1605396270752,True,2.0,612,0.059765625
1000,16266,"[0, 2, 1]",200,137.16888427734375,False,2.0,612,0.059765625
1000,16267,"[0, 1, 2]",15,137.17412948608398,True,2.0,612,0.059765625
1000,16268,"[0, 2, 1]",200,137.18247413635254,False,2.0,612,0.059765625
1000,16269,"[0, 1, 2]",15,137.1912956237793,True,2.0,612,0.059765625
1000,16270,"[0, 2, 1]",200,137.19964027404785,False,2.0,612,0.059765625
1000,16271,"[0, 1, 2]",15,137.2051239013672,True,2.0,612,0.059765625
1000,16272,"[0, 2, 1]",200,137.21346855163574,False,2.0,612,0.059765625
1000,16273,"[0, 1, 2]",15,137.21847534179688,True,2.0,612,0.059765625
1000,16274,"[0, 2, 1]",200,137.22705841064453,False,2.0,612,0.059765625
1000,16275,"[0, 1, 2]",15,137.23182678222656,True,2.0,612,0.059765625
1000,16276,"[0, 2, 1]",200,137.24040985107422,False,2.0,612,0.059765625
1000,16277,"[0, 1, 2]",15,137.24541664123535,True,2.0,612,0.059765625
1000,16278,"[0, 2, 1]",200,137.2544765472412,False,2.0,612,0.059765625
1000,16279,"[0, 1, 2]",15,137.25948333740234,True,2.0,612,0.059765625
1000,16280,"[0, 2, 1]",200,137.2683048248291,False,2.0,612,0.059765625
1000,16281,"[0, 1, 2]",15,137.27331161499023,True,2.0,612,0.059765625
1000,16282,"[0, 2, 1]",200,137.2818946838379,False,2.0,612,0.059765625
1000,16283,"[0, 1, 2]",15,137.28666305541992,True,2.0,612,0.059765625
1000,16284,"[0, 2, 1]",200,137.29548454284668,False,2.0,612,0.059765625
1000,16285,"[0, 1, 2]",15,137.3004913330078,True,2.0,612,0.059765625
1000,16286,"[0, 2, 1]",200,137.30931282043457,False,2.0,612,0.059765625
1000,16287,"[0, 1, 2]",15,137.3143196105957,True,2.0,612,0.059765625
1000,16288,"[0, 2, 1]",200,137.32314109802246,False,2.0,612,0.059765625
1000,16289,"[0, 1, 2]",15,137.3281478881836,True,2.0,612,0.059765625
1000,16290,"[0, 2, 1]",200,137.33959197998047,False,2.0,612,0.059765625
1000,16291,"[0, 1, 2]",15,137.3448371887207,True,2.0,612,0.059765625
1000,16292,"[0, 2, 1]",200,137.35318183898926,False,2.0,612,0.059765625
1000,16293,"[0, 1, 2]",15,137.3584270477295,True,2.0,612,0.059765625
1000,16294,"[0, 2, 1]",200,137.36677169799805,False,2.0,612,0.059765625
1000,16295,"[0, 1, 2]",15,137.37201690673828,True,2.0,612,0.059765625
1000,16296,"[0, 2, 1]",200,137.38059997558594,False,2.0,612,0.059765625
1000,16297,"[0, 1, 2]",15,137.38584518432617,True,2.0,612,0.059765625
1000,16298,"[0, 2, 1]",200,137.39442825317383,False,2.0,612,0.059765625
1000,16299,"[0, 1, 2]",15,137.39967346191406,True,2.0,612,0.059765625
1000,16300,"[0, 2, 1]",200,137.41230964660645,False,2.0,612,0.059765625
1000,16301,"[0, 1, 2]",15,137.41803169250488,True,2.0,612,0.059765625
1000,16302,"[0, 2, 1]",200,137.42685317993164,False,2.0,612,0.059765625
1000,16303,"[0, 1, 2]",15,137.43209838867188,True,2.0,612,0.059765625
1000,16304,"[0, 2, 1]",200,137.44115829467773,False,2.0,612,0.059765625
1000,16305,"[0, 1, 2]",15,137.4499797821045,True,2.0,612,0.059765625
1000,16306,"[0, 2, 1]",200,137.45903968811035,False,2.0,612,0.059765625
1000,16307,"[0, 1, 2]",15,137.4642848968506,True,2.0,612,0.059765625
1000,16308,"[0, 2, 1]",200,137.47310638427734,False,2.0,612,0.059765625
1000,16309,"[0, 1, 2]",15,137.47835159301758,True,2.0,612,0.059765625
1000,16310,"[0, 2, 1]",200,137.48717308044434,False,2.0,612,0.059765625
1000,16311,"[0, 1, 2]",15,137.4955177307129,True,2.0,612,0.059765625
1000,16312,"[0, 2, 1]",200,137.50433921813965,False,2.0,612,0.059765625
1000,16313,"[0, 1, 2]",15,137.50934600830078,True,2.0,612,0.059765625
1000,16314,"[0, 2, 1]",200,137.51792907714844,False,2.0,612,0.059765625
1000,16315,"[0, 1, 2]",15,137.52293586730957,True,2.0,612,0.059765625
1000,16316,"[0, 2, 1]",200,137.53151893615723,False,2.0,612,0.059765625
1000,16317,"[0, 1, 2]",15,137.53652572631836,True,2.0,612,0.059765625
1000,16318,"[0, 2, 1]",200,137.5448703765869,False,2.0,612,0.059765625
1000,16319,"[0, 1, 2]",15,137.55011558532715,True,2.0,612,0.059765625
1000,16320,"[0, 2, 1]",200,137.5586986541748,False,2.0,612,0.059765625
1000,16321,"[0, 1, 2]",15,137.56370544433594,True,2.0,612,0.059765625
1000,16322,"[0, 2, 1]",200,137.5720500946045,False,2.0,612,0.059765625
1000,16323,"[0, 1, 2]",15,137.57729530334473,True,2.0,612,0.059765625
1000,16324,"[0, 2, 1]",200,137.58563995361328,False,2.0,612,0.059765625
1000,16325,"[0, 1, 2]",15,137.59088516235352,True,2.0,612,0.059765625
1000,16326,"[0, 2, 1]",200,137.59946823120117,False,2.0,612,0.059765625
1000,16327,"[0, 1, 2]",15,137.6047134399414,True,2.0,612,0.059765625
1000,16328,"[0, 2, 1]",200,137.61305809020996,False,2.0,612,0.059765625
1000,16329,"[0, 1, 2]",15,137.6183032989502,True,2.0,612,0.059765625
1000,16330,"[0, 2, 1]",200,137.62664794921875,False,2.0,612,0.059765625
1000,16331,"[0, 1, 2]",15,137.63189315795898,True,2.0,612,0.059765625
1000,16332,"[0, 2, 1]",200,137.64333724975586,False,2.0,612,0.059765625
1000,16333,"[0, 1, 2]",15,137.6485824584961,True,2.0,612,0.059765625
1000,16334,"[0, 2, 1]",200,137.65692710876465,False,2.0,612,0.059765625
1000,16335,"[0, 1, 2]",15,137.66193389892578,True,2.0,612,0.059765625
1000,16336,"[0, 2, 1]",200,137.67051696777344,False,2.0,612,0.059765625
1000,16337,"[0, 1, 2]",15,137.67552375793457,True,2.0,612,0.059765625
1000,16338,"[0, 2, 1]",200,137.68434524536133,False,2.0,612,0.059765625
1000,16339,"[0, 1, 2]",15,137.68935203552246,True,2.0,612,0.059765625
1000,16340,"[0, 2, 1]",200,137.69817352294922,False,2.0,612,0.059765625
1000,16341,"[0, 1, 2]",15,137.70318031311035,True,2.0,612,0.059765625
1000,16342,"[0, 2, 1]",200,137.711763381958,False,2.0,612,0.059765625
1000,16343,"[0, 1, 2]",15,137.71700859069824,True,2.0,612,0.059765625
1000,16344,"[0, 2, 1]",200,137.7255916595459,False,2.0,612,0.059765625
1000,16345,"[0, 1, 2]",15,137.73059844970703,True,2.0,612,0.059765625
1000,16346,"[0, 2, 1]",200,137.7394199371338,False,2.0,612,0.059765625
1000,16347,"[0, 1, 2]",15,137.74442672729492,True,2.0,612,0.059765625
1000,16348,"[0, 2, 1]",200,137.75300979614258,False,2.0,612,0.059765625
1000,16349,"[0, 1, 2]",15,137.7577781677246,True,2.0,612,0.059765625
1000,16350,"[0, 2, 1]",200,137.76612281799316,False,2.0,612,0.059765625
1000,16351,"[0, 1, 2]",15,137.7713680267334,True,2.0,612,0.059765625
1000,16352,"[0, 2, 1]",200,137.77971267700195,False,2.0,612,0.059765625
1000,16353,"[0, 1, 2]",15,137.7880573272705,True,2.0,612,0.059765625
1000,16354,"[0, 2, 1]",200,137.79640197753906,False,2.0,612,0.059765625
1000,16355,"[0, 1, 2]",15,137.8016471862793,True,2.0,612,0.059765625
1000,16356,"[0, 2, 1]",200,137.81023025512695,False,2.0,612,0.059765625
1000,16357,"[0, 1, 2]",15,137.8157138824463,True,2.0,612,0.059765625
1000,16358,"[0, 2, 1]",200,137.82429695129395,False,2.0,612,0.059765625
1000,16359,"[0, 1, 2]",15,137.82954216003418,True,2.0,612,0.059765625
1000,16360,"[0, 2, 1]",200,137.83812522888184,False,2.0,612,0.059765625
1000,16361,"[0, 1, 2]",15,137.84337043762207,True,2.0,612,0.059765625
1000,16362,"[0, 2, 1]",200,137.85195350646973,False,2.0,612,0.059765625
1000,16363,"[0, 1, 2]",15,137.85719871520996,True,2.0,612,0.059765625
1000,16364,"[0, 2, 1]",200,137.86578178405762,False,2.0,612,0.059765625
1000,16365,"[0, 1, 2]",15,137.87102699279785,True,2.0,612,0.059765625
1000,16366,"[0, 2, 1]",200,137.8791332244873,False,2.0,612,0.059765625
1000,16367,"[0, 1, 2]",15,137.88437843322754,True,2.0,612,0.059765625
1000,16368,"[0, 2, 1]",200,137.8929615020752,False,2.0,612,0.059765625
1000,16369,"[0, 1, 2]",15,137.89796829223633,True,2.0,612,0.059765625
1000,16370,"[0, 2, 1]",200,137.90655136108398,False,2.0,612,0.059765625
1000,16371,"[0, 1, 2]",15,137.91155815124512,True,2.0,612,0.059765625
1000,16372,"[0, 2, 1]",200,137.92037963867188,False,2.0,612,0.059765625
1000,16373,"[0, 1, 2]",15,137.925386428833,True,2.0,612,0.059765625
1000,16374,"[0, 2, 1]",200,137.9375457763672,False,2.0,612,0.059765625
1000,16375,"[0, 1, 2]",15,137.94565200805664,True,2.0,612,0.059765625
1000,16376,"[0, 2, 1]",200,137.9551887512207,False,2.0,612,0.059765625
1000,16377,"[0, 1, 2]",15,137.96043395996094,True,2.0,612,0.059765625
1000,16378,"[0, 2, 1]",200,137.9687786102295,False,2.0,612,0.059765625
1000,16379,"[0, 1, 2]",15,137.97378540039062,True,2.0,612,0.059765625
1000,16380,"[0, 2, 1]",200,137.98236846923828,False,2.0,612,0.059765625
1000,16381,"[0, 1, 2]",15,137.9873752593994,True,2.0,612,0.059765625
1000,16382,"[0, 2, 1]",200,137.99571990966797,False,2.0,612,0.059765625
1000,16383,"[0, 1, 2]",15,138.02313804626465,True,2.0,612,0.059765625
1000,16384,"[0, 2, 1]",200,138.03505897521973,False,2.0,612,0.059765625
1000,16385,"[0, 1, 2]",15,138.04078102111816,True,2.0,612,0.059765625
1000,16386,"[0, 2, 1]",200,138.04984092712402,False,2.0,612,0.059765625
1000,16387,"[0, 1, 2]",15,138.05532455444336,True,2.0,612,0.059765625
1000,16388,"[0, 2, 1]",200,138.08107376098633,False,2.0,612,0.059765625
1000,16389,"[0, 1, 2]",15,138.09776306152344,True,2.0,612,0.059765625
1000,16390,"[0, 2, 1]",200,138.11850547790527,False,2.0,612,0.059765625
1000,16391,"[0, 1, 2]",15,138.12613487243652,True,2.0,612,0.059765625
1000,16392,"[0, 2, 1]",200,138.1385326385498,False,2.0,612,0.059765625
1000,16393,"[0, 1, 2]",15,138.14496994018555,True,2.0,612,0.059765625
1000,16394,"[0, 2, 1]",200,138.1552219390869,False,2.0,612,0.059765625
1000,16395,"[0, 1, 2]",15,138.1666660308838,True,2.0,612,0.059765625
1000,16396,"[0, 2, 1]",200,138.17620277404785,False,2.0,612,0.059765625
1000,16397,"[0, 1, 2]",15,138.1819248199463,True,2.0,612,0.059765625
1000,16398,"[0, 2, 1]",200,138.19098472595215,False,2.0,612,0.059765625
1000,16399,"[0, 1, 2]",15,138.19599151611328,True,2.0,612,0.059765625
1000,16400,"[0, 2, 1]",200,138.20505142211914,False,2.0,612,0.059765625
1000,16401,"[0, 1, 2]",15,138.21005821228027,True,2.0,612,0.059765625
1000,16402,"[0, 2, 1]",200,138.21911811828613,False,2.0,612,0.059765625
1000,16403,"[0, 1, 2]",15,138.22436332702637,True,2.0,612,0.059765625
1000,16404,"[0, 2, 1]",200,138.23342323303223,False,2.0,612,0.059765625
1000,16405,"[0, 1, 2]",15,138.23843002319336,True,2.0,612,0.059765625
1000,16406,"[0, 2, 1]",200,138.24725151062012,False,2.0,612,0.059765625
1000,16407,"[0, 1, 2]",15,138.25345039367676,True,2.0,612,0.059765625
1000,16408,"[0, 2, 1]",200,138.26370239257812,False,2.0,612,0.059765625
1000,16409,"[0, 1, 2]",15,138.26942443847656,True,2.0,612,0.059765625
1000,16410,"[0, 2, 1]",200,138.27824592590332,False,2.0,612,0.059765625
1000,16411,"[0, 1, 2]",15,138.28372955322266,True,2.0,612,0.059765625
1000,16412,"[0, 2, 1]",200,138.29278945922852,False,2.0,612,0.059765625
1000,16413,"[0, 1, 2]",15,138.29803466796875,True,2.0,612,0.059765625
1000,16414,"[0, 2, 1]",200,138.3066177368164,False,2.0,612,0.059765625
1000,16415,"[0, 1, 2]",15,138.31162452697754,True,2.0,612,0.059765625
1000,16416,"[0, 2, 1]",200,138.32402229309082,False,2.0,612,0.059765625
1000,16417,"[0, 1, 2]",15,138.33117485046387,True,2.0,612,0.059765625
1000,16418,"[0, 2, 1]",200,138.34238052368164,False,2.0,612,0.059765625
1000,16419,"[0, 1, 2]",15,138.34810256958008,True,2.0,612,0.059765625
1000,16420,"[0, 2, 1]",200,138.35668563842773,False,2.0,612,0.059765625
1000,16421,"[0, 1, 2]",15,138.36193084716797,True,2.0,612,0.059765625
1000,16422,"[0, 2, 1]",200,138.37051391601562,False,2.0,612,0.059765625
1000,16423,"[0, 1, 2]",15,138.37575912475586,True,2.0,612,0.059765625
1000,16424,"[0, 2, 1]",200,138.3841037750244,False,2.0,612,0.059765625
1000,16425,"[0, 1, 2]",15,138.38934898376465,True,2.0,612,0.059765625
1000,16426,"[0, 2, 1]",200,138.3976936340332,False,2.0,612,0.059765625
1000,16427,"[0, 1, 2]",15,138.40293884277344,True,2.0,612,0.059765625
1000,16428,"[0, 2, 1]",200,138.4115219116211,False,2.0,612,0.059765625
1000,16429,"[0, 1, 2]",15,138.41676712036133,True,2.0,612,0.059765625
1000,16430,"[0, 2, 1]",200,138.42535018920898,False,2.0,612,0.059765625
1000,16431,"[0, 1, 2]",15,138.43083381652832,True,2.0,612,0.059765625
1000,16432,"[0, 2, 1]",200,138.43917846679688,False,2.0,612,0.059765625
1000,16433,"[0, 1, 2]",15,138.4444236755371,True,2.0,612,0.059765625
1000,16434,"[0, 2, 1]",200,138.45300674438477,False,2.0,612,0.059765625
1000,16435,"[0, 1, 2]",15,138.4584903717041,True,2.0,612,0.059765625
1000,16436,"[0, 2, 1]",200,138.46731185913086,False,2.0,612,0.059765625
1000,16437,"[0, 1, 2]",15,138.47613334655762,True,2.0,612,0.059765625
1000,16438,"[0, 2, 1]",200,138.48471641540527,False,2.0,612,0.059765625
1000,16439,"[0, 1, 2]",15,138.4902000427246,True,2.0,612,0.059765625
1000,16440,"[0, 2, 1]",200,138.49854469299316,False,2.0,612,0.059765625
1000,16441,"[0, 1, 2]",15,138.5037899017334,True,2.0,612,0.059765625
1000,16442,"[0, 2, 1]",200,138.51237297058105,False,2.0,612,0.059765625
1000,16443,"[0, 1, 2]",15,138.5176181793213,True,2.0,612,0.059765625
1000,16444,"[0, 2, 1]",200,138.52572441101074,False,2.0,612,0.059765625
1000,16445,"[0, 1, 2]",15,138.53096961975098,True,2.0,612,0.059765625
1000,16446,"[0, 2, 1]",200,138.53931427001953,False,2.0,612,0.059765625
1000,16447,"[0, 1, 2]",15,138.54455947875977,True,2.0,612,0.059765625
1000,16448,"[0, 2, 1]",200,138.55314254760742,False,2.0,612,0.059765625
1000,16449,"[0, 1, 2]",15,138.55814933776855,True,2.0,612,0.059765625
1000,16450,"[0, 2, 1]",200,138.5669708251953,False,2.0,612,0.059765625
1000,16451,"[0, 1, 2]",15,138.57245445251465,True,2.0,612,0.059765625
1000,16452,"[0, 2, 1]",200,138.5807991027832,False,2.0,612,0.059765625
1000,16453,"[0, 1, 2]",15,138.58580589294434,True,2.0,612,0.059765625
1000,16454,"[0, 2, 1]",200,138.5948657989502,False,2.0,612,0.059765625
1000,16455,"[0, 1, 2]",15,138.60011100769043,True,2.0,612,0.059765625
1000,16456,"[0, 2, 1]",200,138.60845565795898,False,2.0,612,0.059765625
1000,16457,"[0, 1, 2]",15,138.61417770385742,True,2.0,612,0.059765625
1000,16458,"[0, 2, 1]",200,138.6275291442871,False,2.0,612,0.059765625
1000,16459,"[0, 1, 2]",15,138.63301277160645,True,2.0,612,0.059765625
1000,16460,"[0, 2, 1]",200,138.6418342590332,False,2.0,612,0.059765625
1000,16461,"[0, 1, 2]",15,138.64707946777344,True,2.0,612,0.059765625
1000,16462,"[0, 2, 1]",200,138.6561393737793,False,2.0,612,0.059765625
1000,16463,"[0, 1, 2]",15,138.66114616394043,True,2.0,612,0.059765625
1000,16464,"[0, 2, 1]",200,138.6699676513672,False,2.0,612,0.059765625
1000,16465,"[0, 1, 2]",15,138.67497444152832,True,2.0,612,0.059765625
1000,16466,"[0, 2, 1]",200,138.68308067321777,False,2.0,612,0.059765625
1000,16467,"[0, 1, 2]",15,138.688325881958,True,2.0,612,0.059765625
1000,16468,"[0, 2, 1]",200,138.7009620666504,False,2.0,612,0.059765625
1000,16469,"[0, 1, 2]",15,138.70668411254883,True,2.0,612,0.059765625
1000,16470,"[0, 2, 1]",200,138.7162208557129,False,2.0,612,0.059765625
1000,16471,"[0, 1, 2]",15,138.72241973876953,True,2.0,612,0.059765625
1000,16472,"[0, 2, 1]",200,138.7314796447754,False,2.0,612,0.059765625
1000,16473,"[0, 1, 2]",15,138.74363899230957,True,2.0,612,0.059765625
1000,16474,"[0, 2, 1]",200,138.75317573547363,False,2.0,612,0.059765625
1000,16475,"[0, 1, 2]",15,138.75842094421387,True,2.0,612,0.059765625
1000,16476,"[0, 2, 1]",200,138.76724243164062,False,2.0,612,0.059765625
1000,16477,"[0, 1, 2]",15,138.77272605895996,True,2.0,612,0.059765625
1000,16478,"[0, 2, 1]",200,138.78154754638672,False,2.0,612,0.059765625
1000,16479,"[0, 1, 2]",15,138.78989219665527,True,2.0,612,0.059765625
1000,16480,"[0, 2, 1]",200,138.79871368408203,False,2.0,612,0.059765625
1000,16481,"[0, 1, 2]",15,138.80372047424316,True,2.0,612,0.059765625
1000,16482,"[0, 2, 1]",200,138.81254196166992,False,2.0,612,0.059765625
1000,16483,"[0, 1, 2]",15,138.81754875183105,True,2.0,612,0.059765625
1000,16484,"[0, 2, 1]",200,138.8261318206787,False,2.0,612,0.059765625
1000,16485,"[0, 1, 2]",15,138.83113861083984,True,2.0,612,0.059765625
1000,16486,"[0, 2, 1]",200,138.8397216796875,False,2.0,612,0.059765625
1000,16487,"[0, 1, 2]",15,138.84472846984863,True,2.0,612,0.059765625
1000,16488,"[0, 2, 1]",200,138.8530731201172,False,2.0,612,0.059765625
1000,16489,"[0, 1, 2]",15,138.85831832885742,True,2.0,612,0.059765625
1000,16490,"[0, 2, 1]",200,138.86666297912598,False,2.0,612,0.059765625
1000,16491,"[0, 1, 2]",15,138.8716697692871,True,2.0,612,0.059765625
1000,16492,"[0, 2, 1]",200,138.88025283813477,False,2.0,612,0.059765625
1000,16493,"[0, 1, 2]",15,138.8852596282959,True,2.0,612,0.059765625
1000,16494,"[0, 2, 1]",200,138.89360427856445,False,2.0,612,0.059765625
1000,16495,"[0, 1, 2]",15,138.8986110687256,True,2.0,612,0.059765625
1000,16496,"[0, 2, 1]",200,138.90695571899414,False,2.0,612,0.059765625
1000,16497,"[0, 1, 2]",15,138.91196250915527,True,2.0,612,0.059765625
1000,16498,"[0, 2, 1]",200,138.92054557800293,False,2.0,612,0.059765625
1000,16499,"[0, 1, 2]",15,138.92555236816406,True,2.0,612,0.059765625
1000,16500,"[0, 2, 1]",200,138.93771171569824,False,2.0,612,0.059765625
1000,16501,"[0, 1, 2]",15,138.94271850585938,True,2.0,612,0.059765625
1000,16502,"[0, 2, 1]",200,138.95153999328613,False,2.0,612,0.059765625
1000,16503,"[0, 1, 2]",15,138.95654678344727,True,2.0,612,0.059765625
1000,16504,"[0, 2, 1]",200,138.96512985229492,False,2.0,612,0.059765625
1000,16505,"[0, 1, 2]",15,138.97013664245605,True,2.0,612,0.059765625
1000,16506,"[0, 2, 1]",200,138.9784812927246,False,2.0,612,0.059765625
1000,16507,"[0, 1, 2]",15,138.98372650146484,True,2.0,612,0.059765625
1000,16508,"[0, 2, 1]",200,138.9918327331543,False,2.0,612,0.059765625
1000,16509,"[0, 1, 2]",15,138.99707794189453,True,2.0,612,0.059765625
1000,16510,"[0, 2, 1]",200,139.0054225921631,False,2.0,612,0.059765625
1000,16511,"[0, 1, 2]",15,139.01066780090332,True,2.0,612,0.059765625
1000,16512,"[0, 2, 1]",200,139.01901245117188,False,2.0,612,0.059765625
1000,16513,"[0, 1, 2]",15,139.0242576599121,True,2.0,612,0.059765625
1000,16514,"[0, 2, 1]",200,139.03260231018066,False,2.0,612,0.059765625
1000,16515,"[0, 1, 2]",15,139.0378475189209,True,2.0,612,0.059765625
1000,16516,"[0, 2, 1]",200,139.04619216918945,False,2.0,612,0.059765625
1000,16517,"[0, 1, 2]",15,139.0514373779297,True,2.0,612,0.059765625
1000,16518,"[0, 2, 1]",200,139.06002044677734,False,2.0,612,0.059765625
1000,16519,"[0, 1, 2]",15,139.06478881835938,True,2.0,612,0.059765625
1000,16520,"[0, 2, 1]",200,139.07361030578613,False,2.0,612,0.059765625
1000,16521,"[0, 1, 2]",15,139.0819549560547,True,2.0,612,0.059765625
1000,16522,"[0, 2, 1]",200,139.09053802490234,False,2.0,612,0.059765625
1000,16523,"[0, 1, 2]",15,139.09554481506348,True,2.0,612,0.059765625
1000,16524,"[0, 2, 1]",200,139.10460472106934,False,2.0,612,0.059765625
1000,16525,"[0, 1, 2]",15,139.10961151123047,True,2.0,612,0.059765625
1000,16526,"[0, 2, 1]",200,139.12081718444824,False,2.0,612,0.059765625
1000,16527,"[0, 1, 2]",15,139.1279697418213,True,2.0,612,0.059765625
1000,16528,"[0, 2, 1]",200,139.13655281066895,False,2.0,612,0.059765625
1000,16529,"[0, 1, 2]",15,139.14179801940918,True,2.0,612,0.059765625
1000,16530,"[0, 2, 1]",200,139.15014266967773,False,2.0,612,0.059765625
1000,16531,"[0, 1, 2]",15,139.15514945983887,True,2.0,612,0.059765625
1000,16532,"[0, 2, 1]",200,139.16373252868652,False,2.0,612,0.059765625
1000,16533,"[0, 1, 2]",15,139.16873931884766,True,2.0,612,0.059765625
1000,16534,"[0, 2, 1]",200,139.1775608062744,False,2.0,612,0.059765625
1000,16535,"[0, 1, 2]",15,139.18256759643555,True,2.0,612,0.059765625
1000,16536,"[0, 2, 1]",200,139.1916275024414,False,2.0,612,0.059765625
1000,16537,"[0, 1, 2]",15,139.19687271118164,True,2.0,612,0.059765625
1000,16538,"[0, 2, 1]",200,139.2054557800293,False,2.0,612,0.059765625
1000,16539,"[0, 1, 2]",15,139.21046257019043,True,2.0,612,0.059765625
1000,16540,"[0, 2, 1]",200,139.2192840576172,False,2.0,612,0.059765625
1000,16541,"[0, 1, 2]",15,139.22429084777832,True,2.0,612,0.059765625
1000,16542,"[0, 2, 1]",200,139.2359733581543,False,2.0,612,0.059765625
1000,16543,"[0, 1, 2]",15,139.24098014831543,True,2.0,612,0.059765625
1000,16544,"[0, 2, 1]",200,139.2498016357422,False,2.0,612,0.059765625
1000,16545,"[0, 1, 2]",15,139.25480842590332,True,2.0,612,0.059765625
1000,16546,"[0, 2, 1]",200,139.26362991333008,False,2.0,612,0.059765625
1000,16547,"[0, 1, 2]",15,139.2686367034912,True,2.0,612,0.059765625
1000,16548,"[0, 2, 1]",200,139.27721977233887,False,2.0,612,0.059765625
1000,16549,"[0, 1, 2]",15,139.2824649810791,True,2.0,612,0.059765625
1000,16550,"[0, 2, 1]",200,139.29128646850586,False,2.0,612,0.059765625
1000,16551,"[0, 1, 2]",15,139.296293258667,True,2.0,612,0.059765625
1000,16552,"[0, 2, 1]",200,139.30869102478027,False,2.0,612,0.059765625
1000,16553,"[0, 1, 2]",15,139.3139362335205,True,2.0,612,0.059765625
1000,16554,"[0, 2, 1]",200,139.32299613952637,False,2.0,612,0.059765625
1000,16555,"[0, 1, 2]",15,139.3284797668457,True,2.0,612,0.059765625
1000,16556,"[0, 2, 1]",200,139.33753967285156,False,2.0,612,0.059765625
1000,16557,"[0, 1, 2]",15,139.34326171875,True,2.0,612,0.059765625
1000,16558,"[0, 2, 1]",200,139.35184478759766,False,2.0,612,0.059765625
1000,16559,"[0, 1, 2]",15,139.3570899963379,True,2.0,612,0.059765625
1000,16560,"[0, 2, 1]",200,139.36591148376465,False,2.0,612,0.059765625
1000,16561,"[0, 1, 2]",15,139.37115669250488,True,2.0,612,0.059765625
1000,16562,"[0, 2, 1]",200,139.37973976135254,False,2.0,612,0.059765625
1000,16563,"[0, 1, 2]",15,139.3876075744629,True,2.0,612,0.059765625
1000,16564,"[0, 2, 1]",200,139.39666748046875,False,2.0,612,0.059765625
1000,16565,"[0, 1, 2]",15,139.40167427062988,True,2.0,612,0.059765625
1000,16566,"[0, 2, 1]",200,139.41049575805664,False,2.0,612,0.059765625
1000,16567,"[0, 1, 2]",15,139.41550254821777,True,2.0,612,0.059765625
1000,16568,"[0, 2, 1]",200,139.42432403564453,False,2.0,612,0.059765625
1000,16569,"[0, 1, 2]",15,139.42933082580566,True,2.0,612,0.059765625
1000,16570,"[0, 2, 1]",200,139.43791389465332,False,2.0,612,0.059765625
1000,16571,"[0, 1, 2]",15,139.44292068481445,True,2.0,612,0.059765625
1000,16572,"[0, 2, 1]",200,139.4517421722412,False,2.0,612,0.059765625
1000,16573,"[0, 1, 2]",15,139.45674896240234,True,2.0,612,0.059765625
1000,16574,"[0, 2, 1]",200,139.4655704498291,False,2.0,612,0.059765625
1000,16575,"[0, 1, 2]",15,139.47057723999023,True,2.0,612,0.059765625
1000,16576,"[0, 2, 1]",200,139.479398727417,False,2.0,612,0.059765625
1000,16577,"[0, 1, 2]",15,139.48440551757812,True,2.0,612,0.059765625
1000,16578,"[0, 2, 1]",200,139.49322700500488,False,2.0,612,0.059765625
1000,16579,"[0, 1, 2]",15,139.49823379516602,True,2.0,612,0.059765625
1000,16580,"[0, 2, 1]",200,139.50681686401367,False,2.0,612,0.059765625
1000,16581,"[0, 1, 2]",15,139.5270824432373,True,2.0,612,0.059765625
1000,16582,"[0, 2, 1]",200,139.53709602355957,False,2.0,612,0.059765625
1000,16583,"[0, 1, 2]",15,139.5425796508789,True,2.0,612,0.059765625
1000,16584,"[0, 2, 1]",200,139.5547389984131,False,2.0,612,0.059765625
1000,16585,"[0, 1, 2]",15,139.55974578857422,True,2.0,612,0.059765625
1000,16586,"[0, 2, 1]",200,139.5735740661621,False,2.0,612,0.059765625
1000,16587,"[0, 1, 2]",15,139.58001136779785,True,2.0,612,0.059765625
1000,16588,"[0, 2, 1]",200,139.5890712738037,False,2.0,612,0.059765625
1000,16589,"[0, 1, 2]",15,139.59455490112305,True,2.0,612,0.059765625
1000,16590,"[0, 2, 1]",200,139.6028995513916,False,2.0,612,0.059765625
1000,16591,"[0, 1, 2]",15,139.60838317871094,True,2.0,612,0.059765625
1000,16592,"[0, 2, 1]",200,139.6167278289795,False,2.0,612,0.059765625
1000,16593,"[0, 1, 2]",15,139.62197303771973,True,2.0,612,0.059765625
1000,16594,"[0, 2, 1]",200,139.63055610656738,False,2.0,612,0.059765625
1000,16595,"[0, 1, 2]",15,139.63580131530762,True,2.0,612,0.059765625
1000,16596,"[0, 2, 1]",200,139.64438438415527,False,2.0,612,0.059765625
1000,16597,"[0, 1, 2]",15,139.6498680114746,True,2.0,612,0.059765625
1000,16598,"[0, 2, 1]",200,139.65821266174316,False,2.0,612,0.059765625
1000,16599,"[0, 1, 2]",15,139.6634578704834,True,2.0,612,0.059765625
1000,16600,"[0, 2, 1]",200,139.67204093933105,False,2.0,612,0.059765625
1000,16601,"[0, 1, 2]",15,139.6772861480713,True,2.0,612,0.059765625
1000,16602,"[0, 2, 1]",200,139.68586921691895,False,2.0,612,0.059765625
1000,16603,"[0, 1, 2]",15,139.69111442565918,True,2.0,612,0.059765625
1000,16604,"[0, 2, 1]",200,139.69945907592773,False,2.0,612,0.059765625
1000,16605,"[0, 1, 2]",15,139.7085189819336,True,2.0,612,0.059765625
1000,16606,"[0, 2, 1]",200,139.71734046936035,False,2.0,612,0.059765625
1000,16607,"[0, 1, 2]",15,139.7225856781006,True,2.0,612,0.059765625
1000,16608,"[0, 2, 1]",200,139.73140716552734,False,2.0,612,0.059765625
1000,16609,"[0, 1, 2]",15,139.73689079284668,True,2.0,612,0.059765625
1000,16610,"[0, 2, 1]",200,139.74523544311523,False,2.0,612,0.059765625
1000,16611,"[0, 1, 2]",15,139.75048065185547,True,2.0,612,0.059765625
1000,16612,"[0, 2, 1]",200,139.75882530212402,False,2.0,612,0.059765625
1000,16613,"[0, 1, 2]",15,139.76407051086426,True,2.0,612,0.059765625
1000,16614,"[0, 2, 1]",200,139.7726535797119,False,2.0,612,0.059765625
1000,16615,"[0, 1, 2]",15,139.77789878845215,True,2.0,612,0.059765625
1000,16616,"[0, 2, 1]",200,139.7864818572998,False,2.0,612,0.059765625
1000,16617,"[0, 1, 2]",15,139.79172706604004,True,2.0,612,0.059765625
1000,16618,"[0, 2, 1]",200,139.8003101348877,False,2.0,612,0.059765625
1000,16619,"[0, 1, 2]",15,139.80555534362793,True,2.0,612,0.059765625
1000,16620,"[0, 2, 1]",200,139.8141384124756,False,2.0,612,0.059765625
1000,16621,"[0, 1, 2]",15,139.81938362121582,True,2.0,612,0.059765625
1000,16622,"[0, 2, 1]",200,139.82796669006348,False,2.0,612,0.059765625
1000,16623,"[0, 1, 2]",15,139.8332118988037,True,2.0,612,0.059765625
1000,16624,"[0, 2, 1]",200,139.84179496765137,False,2.0,612,0.059765625
1000,16625,"[0, 1, 2]",15,139.8470401763916,True,2.0,612,0.059765625
1000,16626,"[0, 2, 1]",200,139.85872268676758,False,2.0,612,0.059765625
1000,16627,"[0, 1, 2]",15,139.8642063140869,True,2.0,612,0.059765625
1000,16628,"[0, 2, 1]",200,139.87278938293457,False,2.0,612,0.059765625
1000,16629,"[0, 1, 2]",15,139.8777961730957,True,2.0,612,0.059765625
1000,16630,"[0, 2, 1]",200,139.88637924194336,False,2.0,612,0.059765625
1000,16631,"[0, 1, 2]",15,139.8916244506836,True,2.0,612,0.059765625
1000,16632,"[0, 2, 1]",200,139.89996910095215,False,2.0,612,0.059765625
1000,16633,"[0, 1, 2]",15,139.90497589111328,True,2.0,612,0.059765625
1000,16634,"[0, 2, 1]",200,139.91355895996094,False,2.0,612,0.059765625
1000,16635,"[0, 1, 2]",15,139.91880416870117,True,2.0,612,0.059765625
1000,16636,"[0, 2, 1]",200,139.93072509765625,False,2.0,612,0.059765625
1000,16637,"[0, 1, 2]",15,139.93597030639648,True,2.0,612,0.059765625
1000,16638,"[0, 2, 1]",200,139.94526863098145,False,2.0,612,0.059765625
1000,16639,"[0, 1, 2]",15,139.95099067687988,True,2.0,612,0.059765625
1000,16640,"[0, 2, 1]",200,139.95957374572754,False,2.0,612,0.059765625
1000,16641,"[0, 1, 2]",15,139.9679183959961,True,2.0,612,0.059765625
1000,16642,"[0, 2, 1]",200,139.97650146484375,False,2.0,612,0.059765625
1000,16643,"[0, 1, 2]",15,139.9819850921631,True,2.0,612,0.059765625
1000,16644,"[0, 2, 1]",200,139.99056816101074,False,2.0,612,0.059765625
1000,16645,"[0, 1, 2]",15,139.99605178833008,True,2.0,612,0.059765625
1000,16646,"[0, 2, 1]",200,140.00463485717773,False,2.0,612,0.059765625
1000,16647,"[0, 1, 2]",15,140.0127410888672,True,2.0,612,0.059765625
1000,16648,"[0, 2, 1]",200,140.02180099487305,False,2.0,612,0.059765625
1000,16649,"[0, 1, 2]",15,140.02728462219238,True,2.0,612,0.059765625
1000,16650,"[0, 2, 1]",200,140.03586769104004,False,2.0,612,0.059765625
1000,16651,"[0, 1, 2]",15,140.04111289978027,True,2.0,612,0.059765625
1000,16652,"[0, 2, 1]",200,140.04969596862793,False,2.0,612,0.059765625
1000,16653,"[0, 1, 2]",15,140.05494117736816,True,2.0,612,0.059765625
1000,16654,"[0, 2, 1]",200,140.06328582763672,False,2.0,612,0.059765625
1000,16655,"[0, 1, 2]",15,140.06900787353516,True,2.0,612,0.059765625
1000,16656,"[0, 2, 1]",200,140.0771141052246,False,2.0,612,0.059765625
1000,16657,"[0, 1, 2]",15,140.09666442871094,True,2.0,612,0.059765625
1000,16658,"[0, 2, 1]",200,140.1216983795166,False,2.0,612,0.059765625
1000,16659,"[0, 1, 2]",15,140.13266563415527,True,2.0,612,0.059765625
1000,16660,"[0, 2, 1]",200,140.14577865600586,False,2.0,612,0.059765625
1000,16661,"[0, 1, 2]",15,140.1526927947998,True,2.0,612,0.059765625
1000,16662,"[0, 2, 1]",200,140.16270637512207,False,2.0,612,0.059765625
1000,16663,"[0, 1, 2]",15,140.1684284210205,True,2.0,612,0.059765625
1000,16664,"[0, 2, 1]",200,140.17748832702637,False,2.0,612,0.059765625
1000,16665,"[0, 1, 2]",15,140.1827335357666,True,2.0,612,0.059765625
1000,16666,"[0, 2, 1]",200,140.19203186035156,False,2.0,612,0.059765625
1000,16667,"[0, 1, 2]",15,140.1975154876709,True,2.0,612,0.059765625
1000,16668,"[0, 2, 1]",200,140.2122974395752,False,2.0,612,0.059765625
1000,16669,"[0, 1, 2]",15,140.21754264831543,True,2.0,612,0.059765625
1000,16670,"[0, 2, 1]",200,140.2266025543213,False,2.0,612,0.059765625
1000,16671,"[0, 1, 2]",15,140.23327827453613,True,2.0,612,0.059765625
1000,16672,"[0, 2, 1]",200,140.2435302734375,False,2.0,612,0.059765625
1000,16673,"[0, 1, 2]",15,140.24972915649414,True,2.0,612,0.059765625
1000,16674,"[0, 2, 1]",200,140.2595043182373,False,2.0,612,0.059765625
1000,16675,"[0, 1, 2]",15,140.26474952697754,True,2.0,612,0.059765625
1000,16676,"[0, 2, 1]",200,140.2735710144043,False,2.0,612,0.059765625
1000,16677,"[0, 1, 2]",15,140.27857780456543,True,2.0,612,0.059765625
1000,16678,"[0, 2, 1]",200,140.2873992919922,False,2.0,612,0.059765625
1000,16679,"[0, 1, 2]",15,140.29240608215332,True,2.0,612,0.059765625
1000,16680,"[0, 2, 1]",200,140.30146598815918,False,2.0,612,0.059765625
1000,16681,"[0, 1, 2]",15,140.3067111968994,True,2.0,612,0.059765625
1000,16682,"[0, 2, 1]",200,140.31529426574707,False,2.0,612,0.059765625
1000,16683,"[0, 1, 2]",15,140.3205394744873,True,2.0,612,0.059765625
1000,16684,"[0, 2, 1]",200,140.3334140777588,False,2.0,612,0.059765625
1000,16685,"[0, 1, 2]",15,140.35773277282715,True,2.0,612,0.059765625
1000,16686,"[0, 2, 1]",200,140.3787136077881,False,2.0,612,0.059765625
1000,16687,"[0, 1, 2]",15,140.38658142089844,True,2.0,612,0.059765625
1000,16688,"[0, 2, 1]",200,140.39993286132812,False,2.0,612,0.059765625
1000,16689,"[0, 1, 2]",15,140.4116153717041,True,2.0,612,0.059765625
1000,16690,"[0, 2, 1]",200,140.42210578918457,False,2.0,612,0.059765625
1000,16691,"[0, 1, 2]",15,140.427827835083,True,2.0,612,0.059765625
1000,16692,"[0, 2, 1]",200,140.43688774108887,False,2.0,612,0.059765625
1000,16693,"[0, 1, 2]",15,140.4423713684082,True,2.0,612,0.059765625
1000,16694,"[0, 2, 1]",200,140.45143127441406,False,2.0,612,0.059765625
1000,16695,"[0, 1, 2]",15,140.4569149017334,True,2.0,612,0.059765625
1000,16696,"[0, 2, 1]",200,140.46573638916016,False,2.0,612,0.059765625
1000,16697,"[0, 1, 2]",15,140.4709815979004,True,2.0,612,0.059765625
1000,16698,"[0, 2, 1]",200,140.47956466674805,False,2.0,612,0.059765625
1000,16699,"[0, 1, 2]",15,140.48480987548828,True,2.0,612,0.059765625
1000,16700,"[0, 2, 1]",200,140.49363136291504,False,2.0,612,0.059765625
1000,16701,"[0, 1, 2]",15,140.49911499023438,True,2.0,612,0.059765625
1000,16702,"[0, 2, 1]",200,140.50769805908203,False,2.0,612,0.059765625
1000,16703,"[0, 1, 2]",15,140.51294326782227,True,2.0,612,0.059765625
1000,16704,"[0, 2, 1]",200,140.52176475524902,False,2.0,612,0.059765625
1000,16705,"[0, 1, 2]",15,140.52724838256836,True,2.0,612,0.059765625
1000,16706,"[0, 2, 1]",200,140.53583145141602,False,2.0,612,0.059765625
1000,16707,"[0, 1, 2]",15,140.54107666015625,True,2.0,612,0.059765625
1000,16708,"[0, 2, 1]",200,140.5496597290039,False,2.0,612,0.059765625
1000,16709,"[0, 1, 2]",15,140.55490493774414,True,2.0,612,0.059765625
1000,16710,"[0, 2, 1]",200,140.57087898254395,False,2.0,612,0.059765625
1000,16711,"[0, 1, 2]",15,140.57636260986328,True,2.0,612,0.059765625
1000,16712,"[0, 2, 1]",200,140.58494567871094,False,2.0,612,0.059765625
1000,16713,"[0, 1, 2]",15,140.59019088745117,True,2.0,612,0.059765625
1000,16714,"[0, 2, 1]",200,140.59877395629883,False,2.0,612,0.059765625
1000,16715,"[0, 1, 2]",15,140.60401916503906,True,2.0,612,0.059765625
1000,16716,"[0, 2, 1]",200,140.61236381530762,False,2.0,612,0.059765625
1000,16717,"[0, 1, 2]",15,140.61760902404785,True,2.0,612,0.059765625
1000,16718,"[0, 2, 1]",200,140.6259536743164,False,2.0,612,0.059765625
1000,16719,"[0, 1, 2]",15,140.63119888305664,True,2.0,612,0.059765625
1000,16720,"[0, 2, 1]",200,140.64359664916992,False,2.0,612,0.059765625
1000,16721,"[0, 1, 2]",15,140.64931869506836,True,2.0,612,0.059765625
1000,16722,"[0, 2, 1]",200,140.65885543823242,False,2.0,612,0.059765625
1000,16723,"[0, 1, 2]",15,140.66433906555176,True,2.0,612,0.059765625
1000,16724,"[0, 2, 1]",200,140.67363739013672,False,2.0,612,0.059765625
1000,16725,"[0, 1, 2]",15,140.67888259887695,True,2.0,612,0.059765625
1000,16726,"[0, 2, 1]",200,140.6879425048828,False,2.0,612,0.059765625
1000,16727,"[0, 1, 2]",15,140.69294929504395,True,2.0,612,0.059765625
1000,16728,"[0, 2, 1]",200,140.7020092010498,False,2.0,612,0.059765625
1000,16729,"[0, 1, 2]",15,140.70701599121094,True,2.0,612,0.059765625
1000,16730,"[0, 2, 1]",200,140.7158374786377,False,2.0,612,0.059765625
1000,16731,"[0, 1, 2]",15,140.7449245452881,True,2.0,612,0.059765625
1000,16732,"[0, 2, 1]",200,140.75422286987305,False,2.0,612,0.059765625
1000,16733,"[0, 1, 2]",15,140.75970649719238,True,2.0,612,0.059765625
1000,16734,"[0, 2, 1]",200,140.76852798461914,False,2.0,612,0.059765625
1000,16735,"[0, 1, 2]",15,140.77377319335938,True,2.0,612,0.059765625
1000,16736,"[0, 2, 1]",200,140.78211784362793,False,2.0,612,0.059765625
1000,16737,"[0, 1, 2]",15,140.78760147094727,True,2.0,612,0.059765625
1000,16738,"[0, 2, 1]",200,140.79618453979492,False,2.0,612,0.059765625
1000,16739,"[0, 1, 2]",15,140.80119132995605,True,2.0,612,0.059765625
1000,16740,"[0, 2, 1]",200,140.8095359802246,False,2.0,612,0.059765625
1000,16741,"[0, 1, 2]",15,140.81454277038574,True,2.0,612,0.059765625
1000,16742,"[0, 2, 1]",200,140.8231258392334,False,2.0,612,0.059765625
1000,16743,"[0, 1, 2]",15,140.82837104797363,True,2.0,612,0.059765625
1000,16744,"[0, 2, 1]",200,140.8371925354004,False,2.0,612,0.059765625
1000,16745,"[0, 1, 2]",15,140.84219932556152,True,2.0,612,0.059765625
1000,16746,"[0, 2, 1]",200,140.85078239440918,False,2.0,612,0.059765625
1000,16747,"[0, 1, 2]",15,140.8560276031494,True,2.0,612,0.059765625
1000,16748,"[0, 2, 1]",200,140.86461067199707,False,2.0,612,0.059765625
1000,16749,"[0, 1, 2]",15,140.8698558807373,True,2.0,612,0.059765625
1000,16750,"[0, 2, 1]",200,140.87867736816406,False,2.0,612,0.059765625
1000,16751,"[0, 1, 2]",15,140.8839225769043,True,2.0,612,0.059765625
1000,16752,"[0, 2, 1]",200,140.89608192443848,False,2.0,612,0.059765625
1000,16753,"[0, 1, 2]",15,140.9010887145996,True,2.0,612,0.059765625
1000,16754,"[0, 2, 1]",200,140.91014862060547,False,2.0,612,0.059765625
1000,16755,"[0, 1, 2]",15,140.9151554107666,True,2.0,612,0.059765625
1000,16756,"[0, 2, 1]",200,140.92469215393066,False,2.0,612,0.059765625
1000,16757,"[0, 1, 2]",15,140.9304141998291,True,2.0,612,0.059765625
1000,16758,"[0, 2, 1]",200,140.93947410583496,False,2.0,612,0.059765625
1000,16759,"[0, 1, 2]",15,140.9449577331543,True,2.0,612,0.059765625
1000,16760,"[0, 2, 1]",200,140.95354080200195,False,2.0,612,0.059765625
1000,16761,"[0, 1, 2]",15,140.9587860107422,True,2.0,612,0.059765625
1000,16762,"[0, 2, 1]",200,140.96736907958984,False,2.0,612,0.059765625
1000,16763,"[0, 1, 2]",15,140.97261428833008,True,2.0,612,0.059765625
1000,16764,"[0, 2, 1]",200,140.98095893859863,False,2.0,612,0.059765625
1000,16765,"[0, 1, 2]",15,140.98620414733887,True,2.0,612,0.059765625
1000,16766,"[0, 2, 1]",200,140.99478721618652,False,2.0,612,0.059765625
1000,16767,"[0, 1, 2]",15,141.00003242492676,True,2.0,612,0.059765625
1000,16768,"[0, 2, 1]",200,141.0083770751953,False,2.0,612,0.059765625
1000,16769,"[0, 1, 2]",15,141.01362228393555,True,2.0,612,0.059765625
1000,16770,"[0, 2, 1]",200,141.0219669342041,False,2.0,612,0.059765625
1000,16771,"[0, 1, 2]",15,141.02721214294434,True,2.0,612,0.059765625
1000,16772,"[0, 2, 1]",200,141.035795211792,False,2.0,612,0.059765625
1000,16773,"[0, 1, 2]",15,141.04413986206055,True,2.0,612,0.059765625
1000,16774,"[0, 2, 1]",200,141.0527229309082,False,2.0,612,0.059765625
1000,16775,"[0, 1, 2]",15,141.05820655822754,True,2.0,612,0.059765625
1000,16776,"[0, 2, 1]",200,141.0667896270752,False,2.0,612,0.059765625
1000,16777,"[0, 1, 2]",15,141.07227325439453,True,2.0,612,0.059765625
1000,16778,"[0, 2, 1]",200,141.08037948608398,False,2.0,612,0.059765625
1000,16779,"[0, 1, 2]",15,141.08538627624512,True,2.0,612,0.059765625
1000,16780,"[0, 2, 1]",200,141.09420776367188,False,2.0,612,0.059765625
1000,16781,"[0, 1, 2]",15,141.0996913909912,True,2.0,612,0.059765625
1000,16782,"[0, 2, 1]",200,141.10803604125977,False,2.0,612,0.059765625
1000,16783,"[0, 1, 2]",15,141.1135196685791,True,2.0,612,0.059765625
1000,16784,"[0, 2, 1]",200,141.12186431884766,False,2.0,612,0.059765625
1000,16785,"[0, 1, 2]",15,141.1271095275879,True,2.0,612,0.059765625
1000,16786,"[0, 2, 1]",200,141.13569259643555,False,2.0,612,0.059765625
1000,16787,"[0, 1, 2]",15,141.14069938659668,True,2.0,612,0.059765625
1000,16788,"[0, 2, 1]",200,141.14952087402344,False,2.0,612,0.059765625
1000,16789,"[0, 1, 2]",15,141.15452766418457,True,2.0,612,0.059765625
1000,16790,"[0, 2, 1]",200,141.16334915161133,False,2.0,612,0.059765625
1000,16791,"[0, 1, 2]",15,141.16835594177246,True,2.0,612,0.059765625
1000,16792,"[0, 2, 1]",200,141.17693901062012,False,2.0,612,0.059765625
1000,16793,"[0, 1, 2]",15,141.18218421936035,True,2.0,612,0.059765625
1000,16794,"[0, 2, 1]",200,141.19386672973633,False,2.0,612,0.059765625
1000,16795,"[0, 1, 2]",15,141.19887351989746,True,2.0,612,0.059765625
1000,16796,"[0, 2, 1]",200,141.20769500732422,False,2.0,612,0.059765625
1000,16797,"[0, 1, 2]",15,141.21294021606445,True,2.0,612,0.059765625
1000,16798,"[0, 2, 1]",200,141.2217617034912,False,2.0,612,0.059765625
1000,16799,"[0, 1, 2]",15,141.22700691223145,True,2.0,612,0.059765625
1000,16800,"[0, 2, 1]",200,141.2358283996582,False,2.0,612,0.059765625
1000,16801,"[0, 1, 2]",15,141.24107360839844,True,2.0,612,0.059765625
1000,16802,"[0, 2, 1]",200,141.2498950958252,False,2.0,612,0.059765625
1000,16803,"[0, 1, 2]",15,141.25490188598633,True,2.0,612,0.059765625
1000,16804,"[0, 2, 1]",200,141.2670612335205,False,2.0,612,0.059765625
1000,16805,"[0, 1, 2]",15,141.27230644226074,True,2.0,612,0.059765625
1000,16806,"[0, 2, 1]",200,141.2816047668457,False,2.0,612,0.059765625
1000,16807,"[0, 1, 2]",15,141.28732681274414,True,2.0,612,0.059765625
1000,16808,"[0, 2, 1]",200,141.2959098815918,False,2.0,612,0.059765625
1000,16809,"[0, 1, 2]",15,141.30568504333496,True,2.0,612,0.059765625
1000,16810,"[0, 2, 1]",200,141.31522178649902,False,2.0,612,0.059765625
1000,16811,"[0, 1, 2]",15,141.32046699523926,True,2.0,612,0.059765625
1000,16812,"[0, 2, 1]",200,141.32952690124512,False,2.0,612,0.059765625
1000,16813,"[0, 1, 2]",15,141.33501052856445,True,2.0,612,0.059765625
1000,16814,"[0, 2, 1]",200,141.3440704345703,False,2.0,612,0.059765625
1000,16815,"[0, 1, 2]",15,141.35241508483887,True,2.0,612,0.059765625
1000,16816,"[0, 2, 1]",200,141.36219024658203,False,2.0,612,0.059765625
1000,16817,"[0, 1, 2]",15,141.36767387390137,True,2.0,612,0.059765625
1000,16818,"[0, 2, 1]",200,141.37601852416992,False,2.0,612,0.059765625
1000,16819,"[0, 1, 2]",15,141.38126373291016,True,2.0,612,0.059765625
1000,16820,"[0, 2, 1]",200,141.3900852203369,False,2.0,612,0.059765625
1000,16821,"[0, 1, 2]",15,141.39509201049805,True,2.0,612,0.059765625
1000,16822,"[0, 2, 1]",200,141.4036750793457,False,2.0,612,0.059765625
1000,16823,"[0, 1, 2]",15,141.40892028808594,True,2.0,612,0.059765625
1000,16824,"[0, 2, 1]",200,141.4177417755127,False,2.0,612,0.059765625
1000,16825,"[0, 1, 2]",15,141.42298698425293,True,2.0,612,0.059765625
1000,16826,"[0, 2, 1]",200,141.4318084716797,False,2.0,612,0.059765625
1000,16827,"[0, 1, 2]",15,141.43705368041992,True,2.0,612,0.059765625
1000,16828,"[0, 2, 1]",200,141.44563674926758,False,2.0,612,0.059765625
1000,16829,"[0, 1, 2]",15,141.4508819580078,True,2.0,612,0.059765625
1000,16830,"[0, 2, 1]",200,141.45922660827637,False,2.0,612,0.059765625
1000,16831,"[0, 1, 2]",15,141.4644718170166,True,2.0,612,0.059765625
1000,16832,"[0, 2, 1]",200,141.47305488586426,False,2.0,612,0.059765625
1000,16833,"[0, 1, 2]",15,141.4783000946045,True,2.0,612,0.059765625
1000,16834,"[0, 2, 1]",200,141.48664474487305,False,2.0,612,0.059765625
1000,16835,"[0, 1, 2]",15,141.49188995361328,True,2.0,612,0.059765625
1000,16836,"[0, 2, 1]",200,141.50381088256836,False,2.0,612,0.059765625
1000,16837,"[0, 1, 2]",15,141.5092945098877,True,2.0,612,0.059765625
1000,16838,"[0, 2, 1]",200,141.51811599731445,False,2.0,612,0.059765625
1000,16839,"[0, 1, 2]",15,141.5233612060547,True,2.0,612,0.059765625
1000,16840,"[0, 2, 1]",200,141.53218269348145,False,2.0,612,0.059765625
1000,16841,"[0, 1, 2]",15,141.53766632080078,True,2.0,612,0.059765625
1000,16842,"[0, 2, 1]",200,141.54601097106934,False,2.0,612,0.059765625
1000,16843,"[0, 1, 2]",15,141.55125617980957,True,2.0,612,0.059765625
1000,16844,"[0, 2, 1]",200,141.55983924865723,False,2.0,612,0.059765625
1000,16845,"[0, 1, 2]",15,141.56532287597656,True,2.0,612,0.059765625
1000,16846,"[0, 2, 1]",200,141.57366752624512,False,2.0,612,0.059765625
1000,16847,"[0, 1, 2]",15,141.57891273498535,True,2.0,612,0.059765625
1000,16848,"[0, 2, 1]",200,141.587495803833,False,2.0,612,0.059765625
1000,16849,"[0, 1, 2]",15,141.59297943115234,True,2.0,612,0.059765625
1000,16850,"[0, 2, 1]",200,141.6013240814209,False,2.0,612,0.059765625
1000,16851,"[0, 1, 2]",15,141.60656929016113,True,2.0,612,0.059765625
0111,16852,"[2, 1, 0]",300,141.6170597076416,False,3.1818872011445904,606,0.0591796875
0111,16853,"[2, 1, 0]",300,141.62325859069824,True,3.1818872011445904,606,0.0591796875
0111,16854,"[2, 1, 0]",300,141.632080078125,False,3.1818872011445904,606,0.0591796875
0111,16855,"[2, 1, 0]",300,141.63732528686523,True,3.1818872011445904,606,0.0591796875
0111,16856,"[2, 1, 0]",300,141.646146774292,False,3.1818872011445904,606,0.0591796875
0111,16857,"[2, 1, 0]",300,141.66975021362305,True,3.1818872011445904,606,0.0591796875
0111,16858,"[2, 1, 0]",300,141.6785717010498,False,3.1818872011445904,606,0.0591796875
0111,16859,"[2, 1, 0]",300,141.68381690979004,True,3.1818872011445904,606,0.0591796875
0111,16860,"[2, 1, 0]",300,141.6926383972168,False,3.1818872011445904,606,0.0591796875
0111,16861,"[2, 1, 0]",300,141.69788360595703,True,3.1818872011445904,606,0.0591796875
0111,16862,"[2, 1, 0]",300,141.7067050933838,False,3.1818872011445904,606,0.0591796875
0111,16863,"[2, 1, 0]",300,141.71195030212402,True,3.1818872011445904,606,0.0591796875
0111,16864,"[2, 1, 0]",300,141.72029495239258,False,3.1818872011445904,606,0.0591796875
0111,16865,"[2, 1, 0]",300,141.7257785797119,True,3.1818872011445904,606,0.0591796875
0111,16866,"[2, 1, 0]",300,141.73412322998047,False,3.1818872011445904,606,0.0591796875
0111,16867,"[2, 1, 0]",300,141.7393684387207,True,3.1818872011445904,606,0.0591796875
0111,16868,"[2, 1, 0]",300,141.74771308898926,False,3.1818872011445904,606,0.0591796875
0111,16869,"[2, 1, 0]",300,141.7529582977295,True,3.1818872011445904,606,0.0591796875
0111,16870,"[2, 1, 0]",300,141.76130294799805,False,3.1818872011445904,606,0.0591796875
0111,16871,"[2, 1, 0]",300,141.76678657531738,True,3.1818872011445904,606,0.0591796875
0111,16872,"[2, 1, 0]",300,141.77513122558594,False,3.1818872011445904,606,0.0591796875
0111,16873,"[2, 1, 0]",300,141.78061485290527,True,3.1818872011445904,606,0.0591796875
0111,16874,"[2, 1, 0]",300,141.79229736328125,False,3.1818872011445904,606,0.0591796875
0111,16875,"[2, 1, 0]",300,141.7980194091797,True,3.1818872011445904,606,0.0591796875
0111,16876,"[2, 1, 0]",300,141.80731773376465,False,3.1818872011445904,606,0.0591796875
0111,16877,"[2, 1, 0]",300,141.8159008026123,True,3.1818872011445904,606,0.0591796875
0111,16878,"[2, 1, 0]",300,141.82543754577637,False,3.1818872011445904,606,0.0591796875
0111,16879,"[2, 1, 0]",300,141.8304443359375,True,3.1818872011445904,606,0.0591796875
0111,16880,"[2, 1, 0]",300,141.83950424194336,False,3.1818872011445904,606,0.0591796875
0111,16881,"[2, 1, 0]",300,141.8445110321045,True,3.1818872011445904,606,0.0591796875
0111,16882,"[2, 1, 0]",300,141.85309410095215,False,3.1818872011445904,606,0.0591796875
0111,16883,"[2, 1, 0]",300,141.85810089111328,True,3.1818872011445904,606,0.0591796875
0111,16884,"[2, 1, 0]",300,141.86692237854004,False,3.1818872011445904,606,0.0591796875
0111,16885,"[2, 1, 0]",300,141.87192916870117,True,3.1818872011445904,606,0.0591796875
0111,16886,"[2, 1, 0]",300,141.88098907470703,False,3.1818872011445904,606,0.0591796875
0111,16887,"[2, 1, 0]",300,141.88599586486816,True,3.1818872011445904,606,0.0591796875
0111,16888,"[2, 1, 0]",300,141.89481735229492,False,3.1818872011445904,606,0.0591796875
0111,16889,"[2, 1, 0]",300,141.89982414245605,True,3.1818872011445904,606,0.0591796875
0111,16890,"[2, 1, 0]",300,141.9086456298828,False,3.1818872011445904,606,0.0591796875
0111,16891,"[2, 1, 0]",300,141.91365242004395,True,3.1818872011445904,606,0.0591796875
0111,16892,"[2, 1, 0]",300,141.9224739074707,False,3.1818872011445904,606,0.0591796875
0111,16893,"[2, 1, 0]",300,141.92748069763184,True,3.1818872011445904,606,0.0591796875
0111,16894,"[2, 1, 0]",300,141.9363021850586,False,3.1818872011445904,606,0.0591796875
0111,16895,"[2, 1, 0]",300,141.94130897521973,True,3.1818872011445904,606,0.0591796875
0111,16896,"[2, 1, 0]",300,141.95013046264648,False,3.1818872011445904,606,0.0591796875
0111,16897,"[2, 1, 0]",300,141.95513725280762,True,3.1818872011445904,606,0.0591796875
0111,16898,"[2, 1, 0]",300,141.96372032165527,False,3.1818872011445904,606,0.0591796875
0111,16899,"[2, 1, 0]",300,141.97206497192383,True,3.1818872011445904,606,0.0591796875
0111,16900,"[2, 1, 0]",300,141.98064804077148,False,3.1818872011445904,606,0.0591796875
0111,16901,"[2, 1, 0]",300,141.98589324951172,True,3.1818872011445904,606,0.0591796875
0111,16902,"[2, 1, 0]",300,141.99447631835938,False,3.1818872011445904,606,0.0591796875
0111,16903,"[2, 1, 0]",300,141.9997215270996,True,3.1818872011445904,606,0.0591796875
0111,16904,"[2, 1, 0]",300,142.00830459594727,False,3.1818872011445904,606,0.0591796875
0111,16905,"[2, 1, 0]",300,142.0135498046875,True,3.1818872011445904,606,0.0591796875
0111,16906,"[2, 1, 0]",300,142.02189445495605,False,3.1818872011445904,606,0.0591796875
0111,16907,"[2, 1, 0]",300,142.0271396636963,True,3.1818872011445904,606,0.0591796875
0111,16908,"[2, 1, 0]",300,142.03596115112305,False,3.1818872011445904,606,0.0591796875
0111,16909,"[2, 1, 0]",300,142.04120635986328,True,3.1818872011445904,606,0.0591796875
0111,16910,"[2, 1, 0]",300,142.04978942871094,False,3.1818872011445904,606,0.0591796875
0111,16911,"[2, 1, 0]",300,142.05503463745117,True,3.1818872011445904,606,0.0591796875
0111,16912,"[2, 1, 0]",300,142.06361770629883,False,3.1818872011445904,606,0.0591796875
0111,16913,"[2, 1, 0]",300,142.06886291503906,True,3.1818872011445904,606,0.0591796875
0111,16914,"[2, 1, 0]",300,142.07744598388672,False,3.1818872011445904,606,0.0591796875
0111,16915,"[2, 1, 0]",300,142.08269119262695,True,3.1818872011445904,606,0.0591796875
0111,16916,"[2, 1, 0]",300,142.0912742614746,False,3.1818872011445904,606,0.0591796875
0111,16917,"[2, 1, 0]",300,142.09651947021484,True,3.1818872011445904,606,0.0591796875
0111,16918,"[2, 1, 0]",300,142.13109016418457,False,3.1818872011445904,606,0.0591796875
0111,16919,"[2, 1, 0]",300,142.1489715576172,True,3.1818872011445904,606,0.0591796875
0111,16920,"[2, 1, 0]",300,142.1658992767334,False,3.1818872011445904,606,0.0591796875
0111,16921,"[2, 1, 0]",300,142.17329025268555,True,3.1818872011445904,606,0.0591796875
0111,16922,"[2, 1, 0]",300,142.18521118164062,False,3.1818872011445904,606,0.0591796875
0111,16923,"[2, 1, 0]",300,142.19236373901367,True,3.1818872011445904,606,0.0591796875
0111,16924,"[2, 1, 0]",300,142.20261573791504,False,3.1818872011445904,606,0.0591796875
0111,16925,"[2, 1, 0]",300,142.21596717834473,True,3.1818872011445904,606,0.0591796875
0111,16926,"[2, 1, 0]",300,142.2262191772461,False,3.1818872011445904,606,0.0591796875
0111,16927,"[2, 1, 0]",300,142.23217964172363,True,3.1818872011445904,606,0.0591796875
0111,16928,"[2, 1, 0]",300,142.2412395477295,False,3.1818872011445904,606,0.0591796875
0111,16929,"[2, 1, 0]",300,142.24672317504883,True,3.1818872011445904,606,0.0591796875
0111,16930,"[2, 1, 0]",300,142.25530624389648,False,3.1818872011445904,606,0.0591796875
0111,16931,"[2, 1, 0]",300,142.26055145263672,True,3.1818872011445904,606,0.0591796875
0111,16932,"[2, 1, 0]",300,142.26961135864258,False,3.1818872011445904,606,0.0591796875
0111,16933,"[2, 1, 0]",300,142.2748565673828,True,3.1818872011445904,606,0.0591796875
0111,16934,"[2, 1, 0]",300,142.28367805480957,False,3.1818872011445904,606,0.0591796875
0111,16935,"[2, 1, 0]",300,142.2891616821289,True,3.1818872011445904,606,0.0591796875
0111,16936,"[2, 1, 0]",300,142.29822158813477,False,3.1818872011445904,606,0.0591796875
0111,16937,"[2, 1, 0]",300,142.303466796875,True,3.1818872011445904,606,0.0591796875
0111,16938,"[2, 1, 0]",300,142.31204986572266,False,3.1818872011445904,606,0.0591796875
0111,16939,"[2, 1, 0]",300,142.3168182373047,True,3.1818872011445904,606,0.0591796875
0111,16940,"[2, 1, 0]",300,142.32587814331055,False,3.1818872011445904,606,0.0591796875
0111,16941,"[2, 1, 0]",300,142.3342227935791,True,3.1818872011445904,606,0.0591796875
0111,16942,"[2, 1, 0]",300,142.34328269958496,False,3.1818872011445904,606,0.0591796875
0111,16943,"[2, 1, 0]",300,142.3487663269043,True,3.1818872011445904,606,0.0591796875
0111,16944,"[2, 1, 0]",300,142.35782623291016,False,3.1818872011445904,606,0.0591796875
0111,16945,"[2, 1, 0]",300,142.3628330230713,True,3.1818872011445904,606,0.0591796875
0111,16946,"[2, 1, 0]",300,142.37189292907715,False,3.1818872011445904,606,0.0591796875
0111,16947,"[2, 1, 0]",300,142.37713813781738,True,3.1818872011445904,606,0.0591796875
0111,16948,"[2, 1, 0]",300,142.38572120666504,False,3.1818872011445904,606,0.0591796875
0111,16949,"[2, 1, 0]",300,142.39120483398438,True,3.1818872011445904,606,0.0591796875
0111,16950,"[2, 1, 0]",300,142.39978790283203,False,3.1818872011445904,606,0.0591796875
0111,16951,"[2, 1, 0]",300,142.40527153015137,True,3.1818872011445904,606,0.0591796875
0111,16952,"[2, 1, 0]",300,142.41361618041992,False,3.1818872011445904,606,0.0591796875
0111,16953,"[2, 1, 0]",300,142.41886138916016,True,3.1818872011445904,606,0.0591796875
0111,16954,"[2, 1, 0]",300,142.42792129516602,False,3.1818872011445904,606,0.0591796875
0111,16955,"[2, 1, 0]",300,142.43316650390625,True,3.1818872011445904,606,0.0591796875
0111,16956,"[2, 1, 0]",300,142.441987991333,False,3.1818872011445904,606,0.0591796875
0111,16957,"[2, 1, 0]",300,142.44747161865234,True,3.1818872011445904,606,0.0591796875
0111,16958,"[2, 1, 0]",300,142.4560546875,False,3.1818872011445904,606,0.0591796875
0111,16959,"[2, 1, 0]",300,142.46129989624023,True,3.1818872011445904,606,0.0591796875
0111,16960,"[2, 1, 0]",300,142.4698829650879,False,3.1818872011445904,606,0.0591796875
0111,16961,"[2, 1, 0]",300,142.47822761535645,True,3.1818872011445904,606,0.0591796875
0111,16962,"[2, 1, 0]",300,142.4870491027832,False,3.1818872011445904,606,0.0591796875
0111,16963,"[2, 1, 0]",300,142.49253273010254,True,3.1818872011445904,606,0.0591796875
0111,16964,"[2, 1, 0]",300,142.5011157989502,False,3.1818872011445904,606,0.0591796875
0111,16965,"[2, 1, 0]",300,142.50659942626953,True,3.1818872011445904,606,0.0591796875
0111,16966,"[2, 1, 0]",300,142.5151824951172,False,3.1818872011445904,606,0.0591796875
0111,16967,"[2, 1, 0]",300,142.52042770385742,True,3.1818872011445904,606,0.0591796875
0111,16968,"[2, 1, 0]",300,142.52901077270508,False,3.1818872011445904,606,0.0591796875
0111,16969,"[2, 1, 0]",300,142.5342559814453,True,3.1818872011445904,606,0.0591796875
0111,16970,"[2, 1, 0]",300,142.54307746887207,False,3.1818872011445904,606,0.0591796875
0111,16971,"[2, 1, 0]",300,142.5483226776123,True,3.1818872011445904,606,0.0591796875
0111,16972,"[2, 1, 0]",300,142.55714416503906,False,3.1818872011445904,606,0.0591796875
0111,16973,"[2, 1, 0]",300,142.5626277923584,True,3.1818872011445904,606,0.0591796875
0111,16974,"[2, 1, 0]",300,142.57121086120605,False,3.1818872011445904,606,0.0591796875
0111,16975,"[2, 1, 0]",300,142.5800323486328,True,3.1818872011445904,606,0.0591796875
0111,16976,"[2, 1, 0]",300,142.58933067321777,False,3.1818872011445904,606,0.0591796875
0111,16977,"[2, 1, 0]",300,142.59767532348633,True,3.1818872011445904,606,0.0591796875
0111,16978,"[2, 1, 0]",300,142.6067352294922,False,3.1818872011445904,606,0.0591796875
0111,16979,"[2, 1, 0]",300,142.61221885681152,True,3.1818872011445904,606,0.0591796875
0111,16980,"[2, 1, 0]",300,142.62127876281738,False,3.1818872011445904,606,0.0591796875
0111,16981,"[2, 1, 0]",300,142.62652397155762,True,3.1818872011445904,606,0.0591796875
0111,16982,"[2, 1, 0]",300,142.63534545898438,False,3.1818872011445904,606,0.0591796875
0111,16983,"[2, 1, 0]",300,142.64369010925293,True,3.1818872011445904,606,0.0591796875
0111,16984,"[2, 1, 0]",300,142.6529884338379,False,3.1818872011445904,606,0.0591796875
0111,16985,"[2, 1, 0]",300,142.65799522399902,True,3.1818872011445904,606,0.0591796875
0111,16986,"[2, 1, 0]",300,142.66681671142578,False,3.1818872011445904,606,0.0591796875
0111,16987,"[2, 1, 0]",300,142.6718235015869,True,3.1818872011445904,606,0.0591796875
0111,16988,"[2, 1, 0]",300,142.68088340759277,False,3.1818872011445904,606,0.0591796875
0111,16989,"[2, 1, 0]",300,142.686128616333,True,3.1818872011445904,606,0.0591796875
0111,16990,"[2, 1, 0]",300,142.69471168518066,False,3.1818872011445904,606,0.0591796875
0111,16991,"[2, 1, 0]",300,142.6997184753418,True,3.1818872011445904,606,0.0591796875
0111,16992,"[2, 1, 0]",300,142.70830154418945,False,3.1818872011445904,606,0.0591796875
0111,16993,"[2, 1, 0]",300,142.7133083343506,True,3.1818872011445904,606,0.0591796875
0111,16994,"[2, 1, 0]",300,142.72212982177734,False,3.1818872011445904,606,0.0591796875
0111,16995,"[2, 1, 0]",300,142.72713661193848,True,3.1818872011445904,606,0.0591796875
0111,16996,"[2, 1, 0]",300,142.73571968078613,False,3.1818872011445904,606,0.0591796875
0111,16997,"[2, 1, 0]",300,142.74096488952637,True,3.1818872011445904,606,0.0591796875
0111,16998,"[2, 1, 0]",300,142.79747009277344,False,3.1818872011445904,606,0.0591796875
0111,16999,"[2, 1, 0]",300,142.81034469604492,True,3.1818872011445904,606,0.0591796875
0111,17000,"[2, 1, 0]",300,142.82774925231934,False,3.1818872011445904,606,0.0591796875
0111,17001,"[2, 1, 0]",300,142.8353786468506,True,3.1818872011445904,606,0.0591796875
0111,17002,"[2, 1, 0]",300,142.84706115722656,False,3.1818872011445904,606,0.0591796875
0111,17003,"[2, 1, 0]",300,142.86017417907715,True,3.1818872011445904,606,0.0591796875
0111,17004,"[2, 1, 0]",300,142.87161827087402,False,3.1818872011445904,606,0.0591796875
0111,17005,"[2, 1, 0]",300,142.87781715393066,True,3.1818872011445904,606,0.0591796875
0111,17006,"[2, 1, 0]",300,142.88759231567383,False,3.1818872011445904,606,0.0591796875
0111,17007,"[2, 1, 0]",300,142.89259910583496,True,3.1818872011445904,606,0.0591796875
0111,17008,"[2, 1, 0]",300,142.90165901184082,False,3.1818872011445904,606,0.0591796875
0111,17009,"[2, 1, 0]",300,142.90666580200195,True,3.1818872011445904,606,0.0591796875
0111,17010,"[2, 1, 0]",300,142.9157257080078,False,3.1818872011445904,606,0.0591796875
0111,17011,"[2, 1, 0]",300,142.92073249816895,True,3.1818872011445904,606,0.0591796875
0111,17012,"[2, 1, 0]",300,142.9297924041748,False,3.1818872011445904,606,0.0591796875
0111,17013,"[2, 1, 0]",300,142.93479919433594,True,3.1818872011445904,606,0.0591796875
0111,17014,"[2, 1, 0]",300,142.9436206817627,False,3.1818872011445904,606,0.0591796875
0111,17015,"[2, 1, 0]",300,142.94886589050293,True,3.1818872011445904,606,0.0591796875
0111,17016,"[2, 1, 0]",300,142.9574489593506,False,3.1818872011445904,606,0.0591796875
0111,17017,"[2, 1, 0]",300,142.96245574951172,True,3.1818872011445904,606,0.0591796875
0111,17018,"[2, 1, 0]",300,142.97127723693848,False,3.1818872011445904,606,0.0591796875
0111,17019,"[2, 1, 0]",300,142.9762840270996,True,3.1818872011445904,606,0.0591796875
0111,17020,"[2, 1, 0]",300,142.98534393310547,False,3.1818872011445904,606,0.0591796875
0111,17021,"[2, 1, 0]",300,142.9903507232666,True,3.1818872011445904,606,0.0591796875
0111,17022,"[2, 1, 0]",300,142.99917221069336,False,3.1818872011445904,606,0.0591796875
0111,17023,"[2, 1, 0]",300,143.0041790008545,True,3.1818872011445904,606,0.0591796875
0111,17024,"[2, 1, 0]",300,143.01300048828125,False,3.1818872011445904,606,0.0591796875
0111,17025,"[2, 1, 0]",300,143.02515983581543,True,3.1818872011445904,606,0.0591796875
0111,17026,"[2, 1, 0]",300,143.0349349975586,False,3.1818872011445904,606,0.0591796875
0111,17027,"[2, 1, 0]",300,143.04089546203613,True,3.1818872011445904,606,0.0591796875
0111,17028,"[2, 1, 0]",300,143.0497169494629,False,3.1818872011445904,606,0.0591796875
0111,17029,"[2, 1, 0]",300,143.05543899536133,True,3.1818872011445904,606,0.0591796875
0111,17030,"[2, 1, 0]",300,143.0647373199463,False,3.1818872011445904,606,0.0591796875
0111,17031,"[2, 1, 0]",300,143.06974411010742,True,3.1818872011445904,606,0.0591796875
0111,17032,"[2, 1, 0]",300,143.07880401611328,False,3.1818872011445904,606,0.0591796875
0111,17033,"[2, 1, 0]",300,143.0838108062744,True,3.1818872011445904,606,0.0591796875
0111,17034,"[2, 1, 0]",300,143.09263229370117,False,3.1818872011445904,606,0.0591796875
0111,17035,"[2, 1, 0]",300,143.0976390838623,True,3.1818872011445904,606,0.0591796875
0111,17036,"[2, 1, 0]",300,143.10693740844727,False,3.1818872011445904,606,0.0591796875
0111,17037,"[2, 1, 0]",300,143.1124210357666,True,3.1818872011445904,606,0.0591796875
0111,17038,"[2, 1, 0]",300,143.12148094177246,False,3.1818872011445904,606,0.0591796875
0111,17039,"[2, 1, 0]",300,143.1267261505127,True,3.1818872011445904,606,0.0591796875
0111,17040,"[2, 1, 0]",300,143.13626289367676,False,3.1818872011445904,606,0.0591796875
0111,17041,"[2, 1, 0]",300,143.1417465209961,True,3.1818872011445904,606,0.0591796875
0111,17042,"[2, 1, 0]",300,143.15056800842285,False,3.1818872011445904,606,0.0591796875
0111,17043,"[2, 1, 0]",300,143.1558132171631,True,3.1818872011445904,606,0.0591796875
0111,17044,"[2, 1, 0]",300,143.16439628601074,False,3.1818872011445904,606,0.0591796875
0111,17045,"[2, 1, 0]",300,143.20755004882812,True,3.1818872011445904,606,0.0591796875
0111,17046,"[2, 1, 0]",300,143.25380325317383,False,3.1818872011445904,606,0.0591796875
0111,17047,"[2, 1, 0]",300,143.26071739196777,True,3.1818872011445904,606,0.0591796875
0111,17048,"[2, 1, 0]",300,143.27001571655273,False,3.1818872011445904,606,0.0591796875
0111,17049,"[2, 1, 0]",300,143.27526092529297,True,3.1818872011445904,606,0.0591796875
0111,17050,"[2, 1, 0]",300,143.28432083129883,False,3.1818872011445904,606,0.0591796875
0111,17051,"[2, 1, 0]",300,143.28932762145996,True,3.1818872011445904,606,0.0591796875
0111,17052,"[2, 1, 0]",300,143.29814910888672,False,3.1818872011445904,606,0.0591796875
0111,17053,"[2, 1, 0]",300,143.30315589904785,True,3.1818872011445904,606,0.0591796875
0111,17054,"[2, 1, 0]",300,143.3122158050537,False,3.1818872011445904,606,0.0591796875
0111,17055,"[2, 1, 0]",300,143.31722259521484,True,3.1818872011445904,606,0.0591796875
0111,17056,"[2, 1, 0]",300,143.3260440826416,False,3.1818872011445904,606,0.0591796875
0111,17057,"[2, 1, 0]",300,143.33128929138184,True,3.1818872011445904,606,0.0591796875
0111,17058,"[2, 1, 0]",300,143.3403491973877,False,3.1818872011445904,606,0.0591796875
0111,17059,"[2, 1, 0]",300,143.34535598754883,True,3.1818872011445904,606,0.0591796875
0111,17060,"[2, 1, 0]",300,143.3544158935547,False,3.1818872011445904,606,0.0591796875
0111,17061,"[2, 1, 0]",300,143.35966110229492,True,3.1818872011445904,606,0.0591796875
0111,17062,"[2, 1, 0]",300,143.36848258972168,False,3.1818872011445904,606,0.0591796875
0111,17063,"[2, 1, 0]",300,143.37396621704102,True,3.1818872011445904,606,0.0591796875
0111,17064,"[2, 1, 0]",300,143.38231086730957,False,3.1818872011445904,606,0.0591796875
0111,17065,"[2, 1, 0]",300,143.3877944946289,True,3.1818872011445904,606,0.0591796875
0111,17066,"[2, 1, 0]",300,143.39613914489746,False,3.1818872011445904,606,0.0591796875
0111,17067,"[2, 1, 0]",300,143.4042453765869,True,3.1818872011445904,606,0.0591796875
0111,17068,"[2, 1, 0]",300,143.41378211975098,False,3.1818872011445904,606,0.0591796875
0111,17069,"[2, 1, 0]",300,143.4192657470703,True,3.1818872011445904,606,0.0591796875
0111,17070,"[2, 1, 0]",300,143.42808723449707,False,3.1818872011445904,606,0.0591796875
0111,17071,"[2, 1, 0]",300,143.4333324432373,True,3.1818872011445904,606,0.0591796875
0111,17072,"[2, 1, 0]",300,143.44191551208496,False,3.1818872011445904,606,0.0591796875
0111,17073,"[2, 1, 0]",300,143.4469223022461,True,3.1818872011445904,606,0.0591796875
0111,17074,"[2, 1, 0]",300,143.45550537109375,False,3.1818872011445904,606,0.0591796875
0111,17075,"[2, 1, 0]",300,143.46075057983398,True,3.1818872011445904,606,0.0591796875
0111,17076,"[2, 1, 0]",300,143.47290992736816,False,3.1818872011445904,606,0.0591796875
0111,17077,"[2, 1, 0]",300,143.4783935546875,True,3.1818872011445904,606,0.0591796875
0111,17078,"[2, 1, 0]",300,143.48721504211426,False,3.1818872011445904,606,0.0591796875
0111,17079,"[2, 1, 0]",300,143.5251235961914,True,3.1818872011445904,606,0.0591796875
0111,17080,"[2, 1, 0]",300,143.53489875793457,False,3.1818872011445904,606,0.0591796875
0111,17081,"[2, 1, 0]",300,143.5403823852539,True,3.1818872011445904,606,0.0591796875
0111,17082,"[2, 1, 0]",300,143.54896545410156,False,3.1818872011445904,606,0.0591796875
0111,17083,"[2, 1, 0]",300,143.5544490814209,True,3.1818872011445904,606,0.0591796875
0111,17084,"[2, 1, 0]",300,143.56303215026855,False,3.1818872011445904,606,0.0591796875
0111,17085,"[2, 1, 0]",300,143.5685157775879,True,3.1818872011445904,606,0.0591796875
0111,17086,"[2, 1, 0]",300,143.57709884643555,False,3.1818872011445904,606,0.0591796875
0111,17087,"[2, 1, 0]",300,143.5861587524414,True,3.1818872011445904,606,0.0591796875
0111,17088,"[2, 1, 0]",300,143.59521865844727,False,3.1818872011445904,606,0.0591796875
0111,17089,"[2, 1, 0]",300,143.6004638671875,True,3.1818872011445904,606,0.0591796875
0111,17090,"[2, 1, 0]",300,143.60904693603516,False,3.1818872011445904,606,0.0591796875
0111,17091,"[2, 1, 0]",300,143.6145305633545,True,3.1818872011445904,606,0.0591796875
0111,17092,"[2, 1, 0]",300,143.62287521362305,False,3.1818872011445904,606,0.0591796875
0111,17093,"[2, 1, 0]",300,143.62835884094238,True,3.1818872011445904,606,0.0591796875
0111,17094,"[2, 1, 0]",300,143.63670349121094,False,3.1818872011445904,606,0.0591796875
0111,17095,"[2, 1, 0]",300,143.64194869995117,True,3.1818872011445904,606,0.0591796875
0111,17096,"[2, 1, 0]",300,143.65077018737793,False,3.1818872011445904,606,0.0591796875
0111,17097,"[2, 1, 0]",300,143.65601539611816,True,3.1818872011445904,606,0.0591796875
0111,17098,"[2, 1, 0]",300,143.66459846496582,False,3.1818872011445904,606,0.0591796875
0111,17099,"[2, 1, 0]",300,143.66984367370605,True,3.1818872011445904,606,0.0591796875
0111,17100,"[2, 1, 0]",300,143.6781883239746,False,3.1818872011445904,606,0.0591796875
0111,17101,"[2, 1, 0]",300,143.68343353271484,True,3.1818872011445904,606,0.0591796875
0111,17102,"[2, 1, 0]",300,143.6920166015625,False,3.1818872011445904,606,0.0591796875
0111,17103,"[2, 1, 0]",300,143.69726181030273,True,3.1818872011445904,606,0.0591796875
0111,17104,"[2, 1, 0]",300,143.7058448791504,False,3.1818872011445904,606,0.0591796875
0111,17105,"[2, 1, 0]",300,143.71109008789062,True,3.1818872011445904,606,0.0591796875
0111,17106,"[2, 1, 0]",300,143.71967315673828,False,3.1818872011445904,606,0.0591796875
0111,17107,"[2, 1, 0]",300,143.72491836547852,True,3.1818872011445904,606,0.0591796875
0111,17108,"[2, 1, 0]",300,143.73373985290527,False,3.1818872011445904,606,0.0591796875
0111,17109,"[2, 1, 0]",300,143.74208450317383,True,3.1818872011445904,606,0.0591796875
0111,17110,"[2, 1, 0]",300,143.7511444091797,False,3.1818872011445904,606,0.0591796875
0111,17111,"[2, 1, 0]",300,143.75638961791992,True,3.1818872011445904,606,0.0591796875
0111,17112,"[2, 1, 0]",300,143.76497268676758,False,3.1818872011445904,606,0.0591796875
0111,17113,"[2, 1, 0]",300,143.7704563140869,True,3.1818872011445904,606,0.0591796875
0111,17114,"[2, 1, 0]",300,143.77880096435547,False,3.1818872011445904,606,0.0591796875
0111,17115,"[2, 1, 0]",300,143.7840461730957,True,3.1818872011445904,606,0.0591796875
0111,17116,"[2, 1, 0]",300,143.79262924194336,False,3.1818872011445904,606,0.0591796875
0111,17117,"[2, 1, 0]",300,143.7978744506836,True,3.1818872011445904,606,0.0591796875
0111,17118,"[2, 1, 0]",300,143.80645751953125,False,3.1818872011445904,606,0.0591796875
0111,17119,"[2, 1, 0]",300,143.81170272827148,True,3.1818872011445904,606,0.0591796875
0111,17120,"[2, 1, 0]",300,143.82028579711914,False,3.1818872011445904,606,0.0591796875
0111,17121,"[2, 1, 0]",300,143.82553100585938,True,3.1818872011445904,606,0.0591796875
0111,17122,"[2, 1, 0]",300,143.83387565612793,False,3.1818872011445904,606,0.0591796875
0111,17123,"[2, 1, 0]",300,143.83912086486816,True,3.1818872011445904,606,0.0591796875
0111,17124,"[2, 1, 0]",300,143.84770393371582,False,3.1818872011445904,606,0.0591796875
0111,17125,"[2, 1, 0]",300,143.85318756103516,True,3.1818872011445904,606,0.0591796875
0111,17126,"[2, 1, 0]",300,143.86510848999023,False,3.1818872011445904,606,0.0591796875
0111,17127,"[2, 1, 0]",300,143.87083053588867,True,3.1818872011445904,606,0.0591796875
0111,17128,"[2, 1, 0]",300,143.87989044189453,False,3.1818872011445904,606,0.0591796875
0111,17129,"[2, 1, 0]",300,143.8884735107422,True,3.1818872011445904,606,0.0591796875
0111,17130,"[2, 1, 0]",300,143.89777183532715,False,3.1818872011445904,606,0.0591796875
0111,17131,"[2, 1, 0]",300,143.90277862548828,True,3.1818872011445904,606,0.0591796875
0111,17132,"[2, 1, 0]",300,143.91160011291504,False,3.1818872011445904,606,0.0591796875
0111,17133,"[2, 1, 0]",300,143.91660690307617,True,3.1818872011445904,606,0.0591796875
0111,17134,"[2, 1, 0]",300,143.92518997192383,False,3.1818872011445904,606,0.0591796875
0111,17135,"[2, 1, 0]",300,143.93043518066406,True,3.1818872011445904,606,0.0591796875
0111,17136,"[2, 1, 0]",300,143.93901824951172,False,3.1818872011445904,606,0.0591796875
0111,17137,"[2, 1, 0]",300,143.94426345825195,True,3.1818872011445904,606,0.0591796875
0111,17138,"[2, 1, 0]",300,143.9528465270996,False,3.1818872011445904,606,0.0591796875
0111,17139,"[2, 1, 0]",300,143.95809173583984,True,3.1818872011445904,606,0.0591796875
0111,17140,"[2, 1, 0]",300,143.9664363861084,False,3.1818872011445904,606,0.0591796875
0111,17141,"[2, 1, 0]",300,143.97192001342773,True,3.1818872011445904,606,0.0591796875
0111,17142,"[2, 1, 0]",300,143.9805030822754,False,3.1818872011445904,606,0.0591796875
0111,17143,"[2, 1, 0]",300,143.98574829101562,True,3.1818872011445904,606,0.0591796875
0111,17144,"[2, 1, 0]",300,143.99433135986328,False,3.1818872011445904,606,0.0591796875
0111,17145,"[2, 1, 0]",300,144.00291442871094,True,3.1818872011445904,606,0.0591796875
0111,17146,"[2, 1, 0]",300,144.0114974975586,False,3.1818872011445904,606,0.0591796875
0111,17147,"[2, 1, 0]",300,144.01745796203613,True,3.1818872011445904,606,0.0591796875
0111,17148,"[2, 1, 0]",300,144.0262794494629,False,3.1818872011445904,606,0.0591796875
0111,17149,"[2, 1, 0]",300,144.03176307678223,True,3.1818872011445904,606,0.0591796875
0111,17150,"[2, 1, 0]",300,144.04058456420898,False,3.1818872011445904,606,0.0591796875
0111,17151,"[2, 1, 0]",300,144.04940605163574,True,3.1818872011445904,606,0.0591796875
0111,17152,"[2, 1, 0]",300,144.0584659576416,False,3.1818872011445904,606,0.0591796875
0111,17153,"[2, 1, 0]",300,144.06371116638184,True,3.1818872011445904,606,0.0591796875
0111,17154,"[2, 1, 0]",300,144.0722942352295,False,3.1818872011445904,606,0.0591796875
0111,17155,"[2, 1, 0]",300,144.07753944396973,True,3.1818872011445904,606,0.0591796875
0111,17156,"[2, 1, 0]",300,144.0865993499756,False,3.1818872011445904,606,0.0591796875
0111,17157,"[2, 1, 0]",300,144.09208297729492,True,3.1818872011445904,606,0.0591796875
0111,17158,"[2, 1, 0]",300,144.10066604614258,False,3.1818872011445904,606,0.0591796875
0111,17159,"[2, 1, 0]",300,144.1061496734619,True,3.1818872011445904,606,0.0591796875
0111,17160,"[2, 1, 0]",300,144.11449432373047,False,3.1818872011445904,606,0.0591796875
0111,17161,"[2, 1, 0]",300,144.13833618164062,True,3.1818872011445904,606,0.0591796875
0111,17162,"[2, 1, 0]",300,144.16122436523438,False,3.1818872011445904,606,0.0591796875
0111,17163,"[2, 1, 0]",300,144.17123794555664,True,3.1818872011445904,606,0.0591796875
0111,17164,"[2, 1, 0]",300,144.18411254882812,False,3.1818872011445904,606,0.0591796875
0111,17165,"[2, 1, 0]",300,144.19078826904297,True,3.1818872011445904,606,0.0591796875
0111,17166,"[2, 1, 0]",300,144.20127868652344,False,3.1818872011445904,606,0.0591796875
0111,17167,"[2, 1, 0]",300,144.20771598815918,True,3.1818872011445904,606,0.0591796875
0111,17168,"[2, 1, 0]",300,144.21868324279785,False,3.1818872011445904,606,0.0591796875
0111,17169,"[2, 1, 0]",300,144.2251205444336,True,3.1818872011445904,606,0.0591796875
0111,17170,"[2, 1, 0]",300,144.23489570617676,False,3.1818872011445904,606,0.0591796875
0111,17171,"[2, 1, 0]",300,144.24610137939453,True,3.1818872011445904,606,0.0591796875
0111,17172,"[2, 1, 0]",300,144.2556381225586,False,3.1818872011445904,606,0.0591796875
0111,17173,"[2, 1, 0]",300,144.26112174987793,True,3.1818872011445904,606,0.0591796875
0111,17174,"[2, 1, 0]",300,144.2704200744629,False,3.1818872011445904,606,0.0591796875
0111,17175,"[2, 1, 0]",300,144.27614212036133,True,3.1818872011445904,606,0.0591796875
0111,17176,"[2, 1, 0]",300,144.2849636077881,False,3.1818872011445904,606,0.0591796875
0111,17177,"[2, 1, 0]",300,144.29426193237305,True,3.1818872011445904,606,0.0591796875
0111,17178,"[2, 1, 0]",300,144.3042755126953,False,3.1818872011445904,606,0.0591796875
0111,17179,"[2, 1, 0]",300,144.30975914001465,True,3.1818872011445904,606,0.0591796875
0111,17180,"[2, 1, 0]",300,144.3192958831787,False,3.1818872011445904,606,0.0591796875
0111,17181,"[2, 1, 0]",300,144.32477951049805,True,3.1818872011445904,606,0.0591796875
0111,17182,"[2, 1, 0]",300,144.3336009979248,False,3.1818872011445904,606,0.0591796875
0111,17183,"[2, 1, 0]",300,144.33884620666504,True,3.1818872011445904,606,0.0591796875
0111,17184,"[2, 1, 0]",300,144.3474292755127,False,3.1818872011445904,606,0.0591796875
0111,17185,"[2, 1, 0]",300,144.35267448425293,True,3.1818872011445904,606,0.0591796875
0111,17186,"[2, 1, 0]",300,144.3612575531006,False,3.1818872011445904,606,0.0591796875
0111,17187,"[2, 1, 0]",300,144.36650276184082,True,3.1818872011445904,606,0.0591796875
0111,17188,"[2, 1, 0]",300,144.37508583068848,False,3.1818872011445904,606,0.0591796875
0111,17189,"[2, 1, 0]",300,144.3803310394287,True,3.1818872011445904,606,0.0591796875
0111,17190,"[2, 1, 0]",300,144.38891410827637,False,3.1818872011445904,606,0.0591796875
0111,17191,"[2, 1, 0]",300,144.3941593170166,True,3.1818872011445904,606,0.0591796875
0111,17192,"[2, 1, 0]",300,144.40274238586426,False,3.1818872011445904,606,0.0591796875
0111,17193,"[2, 1, 0]",300,144.41156387329102,True,3.1818872011445904,606,0.0591796875
0111,17194,"[2, 1, 0]",300,144.42038536071777,False,3.1818872011445904,606,0.0591796875
0111,17195,"[2, 1, 0]",300,144.4258689880371,True,3.1818872011445904,606,0.0591796875
0111,17196,"[2, 1, 0]",300,144.43492889404297,False,3.1818872011445904,606,0.0591796875
0111,17197,"[2, 1, 0]",300,144.4401741027832,True,3.1818872011445904,606,0.0591796875
0111,17198,"[2, 1, 0]",300,144.44875717163086,False,3.1818872011445904,606,0.0591796875
0111,17199,"[2, 1, 0]",300,144.4542407989502,True,3.1818872011445904,606,0.0591796875
0111,17200,"[2, 1, 0]",300,144.46306228637695,False,3.1818872011445904,606,0.0591796875
0111,17201,"[2, 1, 0]",300,144.4683074951172,True,3.1818872011445904,606,0.0591796875
0111,17202,"[2, 1, 0]",300,144.47689056396484,False,3.1818872011445904,606,0.0591796875
0111,17203,"[2, 1, 0]",300,144.48213577270508,True,3.1818872011445904,606,0.0591796875
0111,17204,"[2, 1, 0]",300,144.49095726013184,False,3.1818872011445904,606,0.0591796875
0111,17205,"[2, 1, 0]",300,144.49620246887207,True,3.1818872011445904,606,0.0591796875
0111,17206,"[2, 1, 0]",300,144.50478553771973,False,3.1818872011445904,606,0.0591796875
0111,17207,"[2, 1, 0]",300,144.51003074645996,True,3.1818872011445904,606,0.0591796875
0111,17208,"[2, 1, 0]",300,144.51861381530762,False,3.1818872011445904,606,0.0591796875
0111,17209,"[2, 1, 0]",300,144.52385902404785,True,3.1818872011445904,606,0.0591796875
0111,17210,"[2, 1, 0]",300,144.5324420928955,False,3.1818872011445904,606,0.0591796875
0111,17211,"[2, 1, 0]",300,144.53768730163574,True,3.1818872011445904,606,0.0591796875
0111,17212,"[2, 1, 0]",300,144.5460319519043,False,3.1818872011445904,606,0.0591796875
0111,17213,"[2, 1, 0]",300,144.55461502075195,True,3.1818872011445904,606,0.0591796875
0111,17214,"[2, 1, 0]",300,144.5634365081787,False,3.1818872011445904,606,0.0591796875
0111,17215,"[2, 1, 0]",300,144.56892013549805,True,3.1818872011445904,606,0.0591796875
0111,17216,"[2, 1, 0]",300,144.5775032043457,False,3.1818872011445904,606,0.0591796875
0111,17217,"[2, 1, 0]",300,144.58274841308594,True,3.1818872011445904,606,0.0591796875
0111,17218,"[2, 1, 0]",300,144.5913314819336,False,3.1818872011445904,606,0.0591796875
0111,17219,"[2, 1, 0]",300,144.59657669067383,True,3.1818872011445904,606,0.0591796875
0111,17220,"[2, 1, 0]",300,144.60492134094238,False,3.1818872011445904,606,0.0591796875
0111,17221,"[2, 1, 0]",300,144.61016654968262,True,3.1818872011445904,606,0.0591796875
0111,17222,"[2, 1, 0]",300,144.61874961853027,False,3.1818872011445904,606,0.0591796875
0111,17223,"[2, 1, 0]",300,144.6239948272705,True,3.1818872011445904,606,0.0591796875
0111,17224,"[2, 1, 0]",300,144.63257789611816,False,3.1818872011445904,606,0.0591796875
0111,17225,"[2, 1, 0]",300,144.6378231048584,True,3.1818872011445904,606,0.0591796875
0111,17226,"[2, 1, 0]",300,144.64664459228516,False,3.1818872011445904,606,0.0591796875
0111,17227,"[2, 1, 0]",300,144.6549892425537,True,3.1818872011445904,606,0.0591796875
0111,17228,"[2, 1, 0]",300,144.66381072998047,False,3.1818872011445904,606,0.0591796875
0111,17229,"[2, 1, 0]",300,144.6692943572998,True,3.1818872011445904,606,0.0591796875
0111,17230,"[2, 1, 0]",300,144.67811584472656,False,3.1818872011445904,606,0.0591796875
0111,17231,"[2, 1, 0]",300,144.6833610534668,True,3.1818872011445904,606,0.0591796875
0111,17232,"[2, 1, 0]",300,144.69194412231445,False,3.1818872011445904,606,0.0591796875
0111,17233,"[2, 1, 0]",300,144.6971893310547,True,3.1818872011445904,606,0.0591796875
0111,17234,"[2, 1, 0]",300,144.70553398132324,False,3.1818872011445904,606,0.0591796875
0111,17235,"[2, 1, 0]",300,144.71697807312012,True,3.1818872011445904,606,0.0591796875
0111,17236,"[2, 1, 0]",300,144.72579956054688,False,3.1818872011445904,606,0.0591796875
0111,17237,"[2, 1, 0]",300,144.7310447692871,True,3.1818872011445904,606,0.0591796875
0111,17238,"[2, 1, 0]",300,144.73962783813477,False,3.1818872011445904,606,0.0591796875
0111,17239,"[2, 1, 0]",300,144.744873046875,True,3.1818872011445904,606,0.0591796875
0111,17240,"[2, 1, 0]",300,144.75345611572266,False,3.1818872011445904,606,0.0591796875
0111,17241,"[2, 1, 0]",300,144.7587013244629,True,3.1818872011445904,606,0.0591796875
0111,17242,"[2, 1, 0]",300,144.76728439331055,False,3.1818872011445904,606,0.0591796875
0111,17243,"[2, 1, 0]",300,144.77252960205078,True,3.1818872011445904,606,0.0591796875
0111,17244,"[2, 1, 0]",300,144.78111267089844,False,3.1818872011445904,606,0.0591796875
0111,17245,"[2, 1, 0]",300,144.78611946105957,True,3.1818872011445904,606,0.0591796875
0111,17246,"[2, 1, 0]",300,144.79494094848633,False,3.1818872011445904,606,0.0591796875
0111,17247,"[2, 1, 0]",300,144.79994773864746,True,3.1818872011445904,606,0.0591796875
0111,17248,"[2, 1, 0]",300,144.80900764465332,False,3.1818872011445904,606,0.0591796875
0111,17249,"[2, 1, 0]",300,144.81449127197266,True,3.1818872011445904,606,0.0591796875
0111,17250,"[2, 1, 0]",300,144.8230743408203,False,3.1818872011445904,606,0.0591796875
0111,17251,"[2, 1, 0]",300,144.82831954956055,True,3.1818872011445904,606,0.0591796875
0111,17252,"[2, 1, 0]",300,144.8369026184082,False,3.1818872011445904,606,0.0591796875
0111,17253,"[2, 1, 0]",300,144.84214782714844,True,3.1818872011445904,606,0.0591796875
0111,17254,"[2, 1, 0]",300,144.8507308959961,False,3.1818872011445904,606,0.0591796875
0111,17255,"[2, 1, 0]",300,144.85931396484375,True,3.1818872011445904,606,0.0591796875
0111,17256,"[2, 1, 0]",300,144.8681354522705,False,3.1818872011445904,606,0.0591796875
0111,17257,"[2, 1, 0]",300,144.87338066101074,True,3.1818872011445904,606,0.0591796875
0111,17258,"[2, 1, 0]",300,144.8819637298584,False,3.1818872011445904,606,0.0591796875
0111,17259,"[2, 1, 0]",300,144.88720893859863,True,3.1818872011445904,606,0.0591796875
0111,17260,"[2, 1, 0]",300,144.8957920074463,False,3.1818872011445904,606,0.0591796875
0111,17261,"[2, 1, 0]",300,144.90103721618652,True,3.1818872011445904,606,0.0591796875
0111,17262,"[2, 1, 0]",300,144.90962028503418,False,3.1818872011445904,606,0.0591796875
0111,17263,"[2, 1, 0]",300,144.91510391235352,True,3.1818872011445904,606,0.0591796875
0111,17264,"[2, 1, 0]",300,144.92368698120117,False,3.1818872011445904,606,0.0591796875
0111,17265,"[2, 1, 0]",300,144.9289321899414,True,3.1818872011445904,606,0.0591796875
0111,17266,"[2, 1, 0]",300,144.93775367736816,False,3.1818872011445904,606,0.0591796875
0111,17267,"[2, 1, 0]",300,144.9429988861084,True,3.1818872011445904,606,0.0591796875
0111,17268,"[2, 1, 0]",300,144.95182037353516,False,3.1818872011445904,606,0.0591796875
0111,17269,"[2, 1, 0]",300,144.9570655822754,True,3.1818872011445904,606,0.0591796875
0111,17270,"[2, 1, 0]",300,144.96564865112305,False,3.1818872011445904,606,0.0591796875
0111,17271,"[2, 1, 0]",300,144.97089385986328,True,3.1818872011445904,606,0.0591796875
0111,17272,"[2, 1, 0]",300,144.97971534729004,False,3.1818872011445904,606,0.0591796875
0111,17273,"[2, 1, 0]",300,144.98519897460938,True,3.1818872011445904,606,0.0591796875
0111,17274,"[2, 1, 0]",300,144.99473571777344,False,3.1818872011445904,606,0.0591796875
0111,17275,"[2, 1, 0]",300,144.99998092651367,True,3.1818872011445904,606,0.0591796875
0111,17276,"[2, 1, 0]",300,145.00904083251953,False,3.1818872011445904,606,0.0591796875
0111,17277,"[2, 1, 0]",300,145.0202465057373,True,3.1818872011445904,606,0.0591796875
0111,17278,"[2, 1, 0]",300,145.02906799316406,False,3.1818872011445904,606,0.0591796875
0111,17279,"[2, 1, 0]",300,145.0345516204834,True,3.1818872011445904,606,0.0591796875
0111,17280,"[2, 1, 0]",300,145.04384994506836,False,3.1818872011445904,606,0.0591796875
0111,17281,"[2, 1, 0]",300,145.0488567352295,True,3.1818872011445904,606,0.0591796875
0111,17282,"[2, 1, 0]",300,145.05791664123535,False,3.1818872011445904,606,0.0591796875
0111,17283,"[2, 1, 0]",300,145.06292343139648,True,3.1818872011445904,606,0.0591796875
0111,17284,"[2, 1, 0]",300,145.07150650024414,False,3.1818872011445904,606,0.0591796875
0111,17285,"[2, 1, 0]",300,145.07651329040527,True,3.1818872011445904,606,0.0591796875
0111,17286,"[2, 1, 0]",300,145.08533477783203,False,3.1818872011445904,606,0.0591796875
0111,17287,"[2, 1, 0]",300,145.09034156799316,True,3.1818872011445904,606,0.0591796875
0111,17288,"[2, 1, 0]",300,145.09916305541992,False,3.1818872011445904,606,0.0591796875
0111,17289,"[2, 1, 0]",300,145.10416984558105,True,3.1818872011445904,606,0.0591796875
0111,17290,"[2, 1, 0]",300,145.1132297515869,False,3.1818872011445904,606,0.0591796875
0111,17291,"[2, 1, 0]",300,145.11847496032715,True,3.1818872011445904,606,0.0591796875
0111,17292,"[2, 1, 0]",300,145.1272964477539,False,3.1818872011445904,606,0.0591796875
0111,17293,"[2, 1, 0]",300,145.13278007507324,True,3.1818872011445904,606,0.0591796875
0111,17294,"[2, 1, 0]",300,145.1413631439209,False,3.1818872011445904,606,0.0591796875
0111,17295,"[2, 1, 0]",300,145.14660835266113,True,3.1818872011445904,606,0.0591796875
0111,17296,"[2, 1, 0]",300,145.1554298400879,False,3.1818872011445904,606,0.0591796875
0111,17297,"[2, 1, 0]",300,145.16329765319824,True,3.1818872011445904,606,0.0591796875
0111,17298,"[2, 1, 0]",300,145.1725959777832,False,3.1818872011445904,606,0.0591796875
0111,17299,"[2, 1, 0]",300,145.17760276794434,True,3.1818872011445904,606,0.0591796875
0111,17300,"[2, 1, 0]",300,145.1873779296875,False,3.1818872011445904,606,0.0591796875
0111,17301,"[2, 1, 0]",300,145.19548416137695,True,3.1818872011445904,606,0.0591796875
0111,17302,"[2, 1, 0]",300,145.2040672302246,False,3.1818872011445904,606,0.0591796875
0111,17303,"[2, 1, 0]",300,145.20931243896484,True,3.1818872011445904,606,0.0591796875
0111,17304,"[2, 1, 0]",300,145.2178955078125,False,3.1818872011445904,606,0.0591796875
0111,17305,"[2, 1, 0]",300,145.22290229797363,True,3.1818872011445904,606,0.0591796875
0111,17306,"[2, 1, 0]",300,145.2317237854004,False,3.1818872011445904,606,0.0591796875
0111,17307,"[2, 1, 0]",300,145.23673057556152,True,3.1818872011445904,606,0.0591796875
0111,17308,"[2, 1, 0]",300,145.24555206298828,False,3.1818872011445904,606,0.0591796875
0111,17309,"[2, 1, 0]",300,145.2505588531494,True,3.1818872011445904,606,0.0591796875
0111,17310,"[2, 1, 0]",300,145.25914192199707,False,3.1818872011445904,606,0.0591796875
0111,17311,"[2, 1, 0]",300,145.2643871307373,True,3.1818872011445904,606,0.0591796875
0111,17312,"[2, 1, 0]",300,145.27297019958496,False,3.1818872011445904,606,0.0591796875
0111,17313,"[2, 1, 0]",300,145.28179168701172,True,3.1818872011445904,606,0.0591796875
0111,17314,"[2, 1, 0]",300,145.29061317443848,False,3.1818872011445904,606,0.0591796875
0111,17315,"[2, 1, 0]",300,145.2960968017578,True,3.1818872011445904,606,0.0591796875
0111,17316,"[2, 1, 0]",300,145.30491828918457,False,3.1818872011445904,606,0.0591796875
0111,17317,"[2, 1, 0]",300,145.310640335083,True,3.1818872011445904,606,0.0591796875
0111,17318,"[2, 1, 0]",300,145.31922340393066,False,3.1818872011445904,606,0.0591796875
0111,17319,"[2, 1, 0]",300,145.32732963562012,True,3.1818872011445904,606,0.0591796875
0111,17320,"[2, 1, 0]",300,145.33615112304688,False,3.1818872011445904,606,0.0591796875
0111,17321,"[2, 1, 0]",300,145.341157913208,True,3.1818872011445904,606,0.0591796875
0111,17322,"[2, 1, 0]",300,145.35021781921387,False,3.1818872011445904,606,0.0591796875
0111,17323,"[2, 1, 0]",300,145.355224609375,True,3.1818872011445904,606,0.0591796875
0111,17324,"[2, 1, 0]",300,145.36452293395996,False,3.1818872011445904,606,0.0591796875
0111,17325,"[2, 1, 0]",300,145.3697681427002,True,3.1818872011445904,606,0.0591796875
0111,17326,"[2, 1, 0]",300,145.37835121154785,False,3.1818872011445904,606,0.0591796875
0111,17327,"[2, 1, 0]",300,145.3835964202881,True,3.1818872011445904,606,0.0591796875
0111,17328,"[2, 1, 0]",300,145.39551734924316,False,3.1818872011445904,606,0.0591796875
0111,17329,"[2, 1, 0]",300,145.4005241394043,True,3.1818872011445904,606,0.0591796875
0111,17330,"[2, 1, 0]",300,145.40958404541016,False,3.1818872011445904,606,0.0591796875
0111,17331,"[2, 1, 0]",300,145.4148292541504,True,3.1818872011445904,606,0.0591796875
0111,17332,"[2, 1, 0]",300,145.42317390441895,False,3.1818872011445904,606,0.0591796875
0111,17333,"[2, 1, 0]",300,145.42818069458008,True,3.1818872011445904,606,0.0591796875
0111,17334,"[2, 1, 0]",300,145.43700218200684,False,3.1818872011445904,606,0.0591796875
0111,17335,"[2, 1, 0]",300,145.44200897216797,True,3.1818872011445904,606,0.0591796875
0111,17336,"[2, 1, 0]",300,145.45059204101562,False,3.1818872011445904,606,0.0591796875
0111,17337,"[2, 1, 0]",300,145.45559883117676,True,3.1818872011445904,606,0.0591796875
0111,17338,"[2, 1, 0]",300,145.46442031860352,False,3.1818872011445904,606,0.0591796875
0111,17339,"[2, 1, 0]",300,145.47324180603027,True,3.1818872011445904,606,0.0591796875
0111,17340,"[2, 1, 0]",300,145.48254013061523,False,3.1818872011445904,606,0.0591796875
0111,17341,"[2, 1, 0]",300,145.48778533935547,True,3.1818872011445904,606,0.0591796875
0111,17342,"[2, 1, 0]",300,145.49636840820312,False,3.1818872011445904,606,0.0591796875
0111,17343,"[2, 1, 0]",300,145.50161361694336,True,3.1818872011445904,606,0.0591796875
0111,17344,"[2, 1, 0]",300,145.5099582672119,False,3.1818872011445904,606,0.0591796875
0111,17345,"[2, 1, 0]",300,145.51496505737305,True,3.1818872011445904,606,0.0591796875
0111,17346,"[2, 1, 0]",300,145.5235481262207,False,3.1818872011445904,606,0.0591796875
0111,17347,"[2, 1, 0]",300,145.52855491638184,True,3.1818872011445904,606,0.0591796875
0111,17348,"[2, 1, 0]",300,145.5373764038086,False,3.1818872011445904,606,0.0591796875
0111,17349,"[2, 1, 0]",300,145.54238319396973,True,3.1818872011445904,606,0.0591796875
0111,17350,"[2, 1, 0]",300,145.55120468139648,False,3.1818872011445904,606,0.0591796875
0111,17351,"[2, 1, 0]",300,145.55597305297852,True,3.1818872011445904,606,0.0591796875
0111,17352,"[2, 1, 0]",300,145.56479454040527,False,3.1818872011445904,606,0.0591796875
0111,17353,"[2, 1, 0]",300,145.5698013305664,True,3.1818872011445904,606,0.0591796875
0111,17354,"[2, 1, 0]",300,145.57862281799316,False,3.1818872011445904,606,0.0591796875
0111,17355,"[2, 1, 0]",300,145.5836296081543,True,3.1818872011445904,606,0.0591796875
0111,17356,"[2, 1, 0]",300,145.59245109558105,False,3.1818872011445904,606,0.0591796875
0111,17357,"[2, 1, 0]",300,145.5974578857422,True,3.1818872011445904,606,0.0591796875
0111,17358,"[2, 1, 0]",300,145.60651779174805,False,3.1818872011445904,606,0.0591796875
0111,17359,"[2, 1, 0]",300,145.61152458190918,True,3.1818872011445904,606,0.0591796875
0111,17360,"[2, 1, 0]",300,145.62034606933594,False,3.1818872011445904,606,0.0591796875
0111,17361,"[2, 1, 0]",300,145.6286907196045,True,3.1818872011445904,606,0.0591796875
0111,17362,"[2, 1, 0]",300,145.63751220703125,False,3.1818872011445904,606,0.0591796875
0111,17363,"[2, 1, 0]",300,145.64251899719238,True,3.1818872011445904,606,0.0591796875
0111,17364,"[2, 1, 0]",300,145.65157890319824,False,3.1818872011445904,606,0.0591796875
0111,17365,"[2, 1, 0]",300,145.65682411193848,True,3.1818872011445904,606,0.0591796875
0111,17366,"[2, 1, 0]",300,145.66564559936523,False,3.1818872011445904,606,0.0591796875
0111,17367,"[2, 1, 0]",300,145.67065238952637,True,3.1818872011445904,606,0.0591796875
0111,17368,"[2, 1, 0]",300,145.67947387695312,False,3.1818872011445904,606,0.0591796875
0111,17369,"[2, 1, 0]",300,145.68448066711426,True,3.1818872011445904,606,0.0591796875
0111,17370,"[2, 1, 0]",300,145.69330215454102,False,3.1818872011445904,606,0.0591796875
0111,17371,"[2, 1, 0]",300,145.69830894470215,True,3.1818872011445904,606,0.0591796875
0111,17372,"[2, 1, 0]",300,145.7068920135498,False,3.1818872011445904,606,0.0591796875
0111,17373,"[2, 1, 0]",300,145.71213722229004,True,3.1818872011445904,606,0.0591796875
0111,17374,"[2, 1, 0]",300,145.7207202911377,False,3.1818872011445904,606,0.0591796875
0111,17375,"[2, 1, 0]",300,145.72572708129883,True,3.1818872011445904,606,0.0591796875
0111,17376,"[2, 1, 0]",300,145.73431015014648,False,3.1818872011445904,606,0.0591796875
0111,17377,"[2, 1, 0]",300,145.73931694030762,True,3.1818872011445904,606,0.0591796875
0111,17378,"[2, 1, 0]",300,145.7507610321045,False,3.1818872011445904,606,0.0591796875
0111,17379,"[2, 1, 0]",300,145.75648307800293,True,3.1818872011445904,606,0.0591796875
0111,17380,"[2, 1, 0]",300,145.7655429840088,False,3.1818872011445904,606,0.0591796875
0111,17381,"[2, 1, 0]",300,145.77412605285645,True,3.1818872011445904,606,0.0591796875
0111,17382,"[2, 1, 0]",300,145.7831859588623,False,3.1818872011445904,606,0.0591796875
0111,17383,"[2, 1, 0]",300,145.78843116760254,True,3.1818872011445904,606,0.0591796875
0111,17384,"[2, 1, 0]",300,145.7970142364502,False,3.1818872011445904,606,0.0591796875
0111,17385,"[2, 1, 0]",300,145.80202102661133,True,3.1818872011445904,606,0.0591796875
0111,17386,"[2, 1, 0]",300,145.8108425140381,False,3.1818872011445904,606,0.0591796875
0111,17387,"[2, 1, 0]",300,145.81561088562012,True,3.1818872011445904,606,0.0591796875
0111,17388,"[2, 1, 0]",300,145.82514762878418,False,3.1818872011445904,606,0.0591796875
0111,17389,"[2, 1, 0]",300,145.8301544189453,True,3.1818872011445904,606,0.0591796875
0111,17390,"[2, 1, 0]",300,145.83897590637207,False,3.1818872011445904,606,0.0591796875
0111,17391,"[2, 1, 0]",300,145.8439826965332,True,3.1818872011445904,606,0.0591796875
0111,17392,"[2, 1, 0]",300,145.85280418395996,False,3.1818872011445904,606,0.0591796875
0111,17393,"[2, 1, 0]",300,145.8578109741211,True,3.1818872011445904,606,0.0591796875
0111,17394,"[2, 1, 0]",300,145.86639404296875,False,3.1818872011445904,606,0.0591796875
0111,17395,"[2, 1, 0]",300,145.87140083312988,True,3.1818872011445904,606,0.0591796875
0111,17396,"[2, 1, 0]",300,145.87998390197754,False,3.1818872011445904,606,0.0591796875
0111,17397,"[2, 1, 0]",300,145.88522911071777,True,3.1818872011445904,606,0.0591796875
0111,17398,"[2, 1, 0]",300,145.89405059814453,False,3.1818872011445904,606,0.0591796875
0111,17399,"[2, 1, 0]",300,145.89905738830566,True,3.1818872011445904,606,0.0591796875
0111,17400,"[2, 1, 0]",300,145.90740203857422,False,3.1818872011445904,606,0.0591796875
0111,17401,"[2, 1, 0]",300,145.91264724731445,True,3.1818872011445904,606,0.0591796875
0111,17402,"[2, 1, 0]",300,145.9212303161621,False,3.1818872011445904,606,0.0591796875
0111,17403,"[2, 1, 0]",300,145.92957496643066,True,3.1818872011445904,606,0.0591796875
0111,17404,"[2, 1, 0]",300,145.93815803527832,False,3.1818872011445904,606,0.0591796875
0111,17405,"[2, 1, 0]",300,145.94340324401855,True,3.1818872011445904,606,0.0591796875
0111,17406,"[2, 1, 0]",300,145.9519863128662,False,3.1818872011445904,606,0.0591796875
0111,17407,"[2, 1, 0]",300,145.95746994018555,True,3.1818872011445904,606,0.0591796875
0111,17408,"[2, 1, 0]",300,145.9658145904541,False,3.1818872011445904,606,0.0591796875
0111,17409,"[2, 1, 0]",300,145.97105979919434,True,3.1818872011445904,606,0.0591796875
0111,17410,"[2, 1, 0]",300,145.979642868042,False,3.1818872011445904,606,0.0591796875
0111,17411,"[2, 1, 0]",300,145.98488807678223,True,3.1818872011445904,606,0.0591796875
0111,17412,"[2, 1, 0]",300,145.99323272705078,False,3.1818872011445904,606,0.0591796875
0111,17413,"[2, 1, 0]",300,145.99847793579102,True,3.1818872011445904,606,0.0591796875
0111,17414,"[2, 1, 0]",300,146.00682258605957,False,3.1818872011445904,606,0.0591796875
0111,17415,"[2, 1, 0]",300,146.0120677947998,True,3.1818872011445904,606,0.0591796875
0111,17416,"[2, 1, 0]",300,146.02041244506836,False,3.1818872011445904,606,0.0591796875
0111,17417,"[2, 1, 0]",300,146.0254192352295,True,3.1818872011445904,606,0.0591796875
0111,17418,"[2, 1, 0]",300,146.03424072265625,False,3.1818872011445904,606,0.0591796875
0111,17419,"[2, 1, 0]",300,146.03924751281738,True,3.1818872011445904,606,0.0591796875
0111,17420,"[2, 1, 0]",300,146.04806900024414,False,3.1818872011445904,606,0.0591796875
0111,17421,"[2, 1, 0]",300,146.05307579040527,True,3.1818872011445904,606,0.0591796875
0111,17422,"[2, 1, 0]",300,146.06165885925293,False,3.1818872011445904,606,0.0591796875
0111,17423,"[2, 1, 0]",300,146.06952667236328,True,3.1818872011445904,606,0.0591796875
0111,17424,"[2, 1, 0]",300,146.07858657836914,False,3.1818872011445904,606,0.0591796875
0111,17425,"[2, 1, 0]",300,146.08359336853027,True,3.1818872011445904,606,0.0591796875
0111,17426,"[2, 1, 0]",300,146.09217643737793,False,3.1818872011445904,606,0.0591796875
0111,17427,"[2, 1, 0]",300,146.1176872253418,True,3.1818872011445904,606,0.0591796875
0111,17428,"[2, 1, 0]",300,146.12674713134766,False,3.1818872011445904,606,0.0591796875
0111,17429,"[2, 1, 0]",300,146.1355686187744,True,3.1818872011445904,606,0.0591796875
0111,17430,"[2, 1, 0]",300,146.17443084716797,False,3.1818872011445904,606,0.0591796875
0111,17431,"[2, 1, 0]",300,146.18611335754395,True,3.1818872011445904,606,0.0591796875
0111,17432,"[2, 1, 0]",300,146.19946479797363,False,3.1818872011445904,606,0.0591796875
0111,17433,"[2, 1, 0]",300,146.20637893676758,True,3.1818872011445904,606,0.0591796875
0111,17434,"[2, 1, 0]",300,146.21686935424805,False,3.1818872011445904,606,0.0591796875
0111,17435,"[2, 1, 0]",300,146.22235298156738,True,3.1818872011445904,606,0.0591796875
0111,17436,"[2, 1, 0]",300,146.23212814331055,False,3.1818872011445904,606,0.0591796875
0111,17437,"[2, 1, 0]",300,146.23713493347168,True,3.1818872011445904,606,0.0591796875
0111,17438,"[2, 1, 0]",300,146.24619483947754,False,3.1818872011445904,606,0.0591796875
0111,17439,"[2, 1, 0]",300,146.25310897827148,True,3.1818872011445904,606,0.0591796875
0111,17440,"[2, 1, 0]",300,146.26359939575195,False,3.1818872011445904,606,0.0591796875
0111,17441,"[2, 1, 0]",300,146.2690830230713,True,3.1818872011445904,606,0.0591796875
0111,17442,"[2, 1, 0]",300,146.27861976623535,False,3.1818872011445904,606,0.0591796875
0111,17443,"[2, 1, 0]",300,146.2845802307129,True,3.1818872011445904,606,0.0591796875
0111,17444,"[2, 1, 0]",300,146.29411697387695,False,3.1818872011445904,606,0.0591796875
0111,17445,"[2, 1, 0]",300,146.30866050720215,True,3.1818872011445904,606,0.0591796875
0111,17446,"[2, 1, 0]",300,146.3181972503662,False,3.1818872011445904,606,0.0591796875
0111,17447,"[2, 1, 0]",300,146.32344245910645,True,3.1818872011445904,606,0.0591796875
0111,17448,"[2, 1, 0]",300,146.3325023651123,False,3.1818872011445904,606,0.0591796875
0111,17449,"[2, 1, 0]",300,146.33774757385254,True,3.1818872011445904,606,0.0591796875
0111,17450,"[2, 1, 0]",300,146.3468074798584,False,3.1818872011445904,606,0.0591796875
0111,17451,"[2, 1, 0]",300,146.35229110717773,True,3.1818872011445904,606,0.0591796875
0111,17452,"[2, 1, 0]",300,146.3608741760254,False,3.1818872011445904,606,0.0591796875
0111,17453,"[2, 1, 0]",300,146.36611938476562,True,3.1818872011445904,606,0.0591796875
0111,17454,"[2, 1, 0]",300,146.37470245361328,False,3.1818872011445904,606,0.0591796875
0111,17455,"[2, 1, 0]",300,146.37994766235352,True,3.1818872011445904,606,0.0591796875
0111,17456,"[2, 1, 0]",300,146.38876914978027,False,3.1818872011445904,606,0.0591796875
0111,17457,"[2, 1, 0]",300,146.3942527770996,True,3.1818872011445904,606,0.0591796875
0111,17458,"[2, 1, 0]",300,146.40259742736816,False,3.1818872011445904,606,0.0591796875
0111,17459,"[2, 1, 0]",300,146.4078426361084,True,3.1818872011445904,606,0.0591796875
0111,17460,"[2, 1, 0]",300,146.41618728637695,False,3.1818872011445904,606,0.0591796875
0111,17461,"[2, 1, 0]",300,146.4211940765381,True,3.1818872011445904,606,0.0591796875
0111,17462,"[2, 1, 0]",300,146.43001556396484,False,3.1818872011445904,606,0.0591796875
0111,17463,"[2, 1, 0]",300,146.43502235412598,True,3.1818872011445904,606,0.0591796875
0111,17464,"[2, 1, 0]",300,146.44408226013184,False,3.1818872011445904,606,0.0591796875
0111,17465,"[2, 1, 0]",300,146.4529037475586,True,3.1818872011445904,606,0.0591796875
0111,17466,"[2, 1, 0]",300,146.46220207214355,False,3.1818872011445904,606,0.0591796875
0111,17467,"[2, 1, 0]",300,146.4674472808838,True,3.1818872011445904,606,0.0591796875
0111,17468,"[2, 1, 0]",300,146.47603034973145,False,3.1818872011445904,606,0.0591796875
0111,17469,"[2, 1, 0]",300,146.48151397705078,True,3.1818872011445904,606,0.0591796875
0111,17470,"[2, 1, 0]",300,146.49009704589844,False,3.1818872011445904,606,0.0591796875
0111,17471,"[2, 1, 0]",300,146.49534225463867,True,3.1818872011445904,606,0.0591796875
0111,17472,"[2, 1, 0]",300,146.52395248413086,False,3.1818872011445904,606,0.0591796875
0111,17473,"[2, 1, 0]",300,146.53635025024414,True,3.1818872011445904,606,0.0591796875
0111,17474,"[2, 1, 0]",300,146.55184745788574,False,3.1818872011445904,606,0.0591796875
0111,17475,"[2, 1, 0]",300,146.5587615966797,True,3.1818872011445904,606,0.0591796875
0111,17476,"[2, 1, 0]",300,146.56949043273926,False,3.1818872011445904,606,0.0591796875
0111,17477,"[2, 1, 0]",300,146.5754508972168,True,3.1818872011445904,606,0.0591796875
0111,17478,"[2, 1, 0]",300,146.58474922180176,False,3.1818872011445904,606,0.0591796875
0111,17479,"[2, 1, 0]",300,146.59547805786133,True,3.1818872011445904,606,0.0591796875
0111,17480,"[2, 1, 0]",300,146.6050148010254,False,3.1818872011445904,606,0.0591796875
0111,17481,"[2, 1, 0]",300,146.61478996276855,True,3.1818872011445904,606,0.0591796875
0111,17482,"[2, 1, 0]",300,146.62504196166992,False,3.1818872011445904,606,0.0591796875
0111,17483,"[2, 1, 0]",300,146.63124084472656,True,3.1818872011445904,606,0.0591796875
0111,17484,"[2, 1, 0]",300,146.64053916931152,False,3.1818872011445904,606,0.0591796875
0111,17485,"[2, 1, 0]",300,146.64626121520996,True,3.1818872011445904,606,0.0591796875
0111,17486,"[2, 1, 0]",300,146.65508270263672,False,3.1818872011445904,606,0.0591796875
0111,17487,"[2, 1, 0]",300,146.66414260864258,True,3.1818872011445904,606,0.0591796875
0111,17488,"[2, 1, 0]",300,146.67320251464844,False,3.1818872011445904,606,0.0591796875
0111,17489,"[2, 1, 0]",300,146.67892456054688,True,3.1818872011445904,606,0.0591796875
0111,17490,"[2, 1, 0]",300,146.68798446655273,False,3.1818872011445904,606,0.0591796875
0111,17491,"[2, 1, 0]",300,146.69322967529297,True,3.1818872011445904,606,0.0591796875
0111,17492,"[2, 1, 0]",300,146.70181274414062,False,3.1818872011445904,606,0.0591796875
0111,17493,"[2, 1, 0]",300,146.70705795288086,True,3.1818872011445904,606,0.0591796875
0111,17494,"[2, 1, 0]",300,146.71587944030762,False,3.1818872011445904,606,0.0591796875
0111,17495,"[2, 1, 0]",300,146.72112464904785,True,3.1818872011445904,606,0.0591796875
0111,17496,"[2, 1, 0]",300,146.7299461364746,False,3.1818872011445904,606,0.0591796875
0111,17497,"[2, 1, 0]",300,146.73519134521484,True,3.1818872011445904,606,0.0591796875
0111,17498,"[2, 1, 0]",300,146.7437744140625,False,3.1818872011445904,606,0.0591796875
0111,17499,"[2, 1, 0]",300,146.74901962280273,True,3.1818872011445904,606,0.0591796875
0111,17500,"[2, 1, 0]",300,146.7576026916504,False,3.1818872011445904,606,0.0591796875
0111,17501,"[2, 1, 0]",300,146.76284790039062,True,3.1818872011445904,606,0.0591796875
0111,17502,"[2, 1, 0]",300,146.77119255065918,False,3.1818872011445904,606,0.0591796875
0111,17503,"[2, 1, 0]",300,146.7764377593994,True,3.1818872011445904,606,0.0591796875
0111,17504,"[2, 1, 0]",300,146.78502082824707,False,3.1818872011445904,606,0.0591796875
0111,17505,"[2, 1, 0]",300,146.7902660369873,True,3.1818872011445904,606,0.0591796875
0111,17506,"[2, 1, 0]",300,146.79861068725586,False,3.1818872011445904,606,0.0591796875
0111,17507,"[2, 1, 0]",300,146.80719375610352,True,3.1818872011445904,606,0.0591796875
0111,17508,"[2, 1, 0]",300,146.81625366210938,False,3.1818872011445904,606,0.0591796875
0111,17509,"[2, 1, 0]",300,146.8214988708496,True,3.1818872011445904,606,0.0591796875
0111,17510,"[2, 1, 0]",300,146.82984352111816,False,3.1818872011445904,606,0.0591796875
0111,17511,"[2, 1, 0]",300,146.8353271484375,True,3.1818872011445904,606,0.0591796875
0111,17512,"[2, 1, 0]",300,146.84391021728516,False,3.1818872011445904,606,0.0591796875
0111,17513,"[2, 1, 0]",300,146.8491554260254,True,3.1818872011445904,606,0.0591796875
0111,17514,"[2, 1, 0]",300,146.85773849487305,False,3.1818872011445904,606,0.0591796875
0111,17515,"[2, 1, 0]",300,146.86298370361328,True,3.1818872011445904,606,0.0591796875
0111,17516,"[2, 1, 0]",300,146.87156677246094,False,3.1818872011445904,606,0.0591796875
0111,17517,"[2, 1, 0]",300,146.87705039978027,True,3.1818872011445904,606,0.0591796875
0111,17518,"[2, 1, 0]",300,146.88587188720703,False,3.1818872011445904,606,0.0591796875
0111,17519,"[2, 1, 0]",300,146.89111709594727,True,3.1818872011445904,606,0.0591796875
0111,17520,"[2, 1, 0]",300,146.89946174621582,False,3.1818872011445904,606,0.0591796875
0111,17521,"[2, 1, 0]",300,146.90470695495605,True,3.1818872011445904,606,0.0591796875
0111,17522,"[2, 1, 0]",300,146.9130516052246,False,3.1818872011445904,606,0.0591796875
0111,17523,"[2, 1, 0]",300,146.91853523254395,True,3.1818872011445904,606,0.0591796875
0111,17524,"[2, 1, 0]",300,146.9268798828125,False,3.1818872011445904,606,0.0591796875
0111,17525,"[2, 1, 0]",300,146.93212509155273,True,3.1818872011445904,606,0.0591796875
0111,17526,"[2, 1, 0]",300,146.9404697418213,False,3.1818872011445904,606,0.0591796875
0111,17527,"[2, 1, 0]",300,146.94595336914062,True,3.1818872011445904,606,0.0591796875
0111,17528,"[2, 1, 0]",300,146.95429801940918,False,3.1818872011445904,606,0.0591796875
0111,17529,"[2, 1, 0]",300,146.96526527404785,True,3.1818872011445904,606,0.0591796875
0111,17530,"[2, 1, 0]",300,146.9748020172119,False,3.1818872011445904,606,0.0591796875
0111,17531,"[2, 1, 0]",300,146.98004722595215,True,3.1818872011445904,606,0.0591796875
0111,17532,"[2, 1, 0]",300,146.9893455505371,False,3.1818872011445904,606,0.0591796875
0111,17533,"[2, 1, 0]",300,146.99459075927734,True,3.1818872011445904,606,0.0591796875
0111,17534,"[2, 1, 0]",300,147.003173828125,False,3.1818872011445904,606,0.0591796875
0111,17535,"[2, 1, 0]",300,147.00841903686523,True,3.1818872011445904,606,0.0591796875
0111,17536,"[2, 1, 0]",300,147.0170021057129,False,3.1818872011445904,606,0.0591796875
0111,17537,"[2, 1, 0]",300,147.02224731445312,True,3.1818872011445904,606,0.0591796875
0111,17538,"[2, 1, 0]",300,147.03083038330078,False,3.1818872011445904,606,0.0591796875
0111,17539,"[2, 1, 0]",300,147.03607559204102,True,3.1818872011445904,606,0.0591796875
0111,17540,"[2, 1, 0]",300,147.04465866088867,False,3.1818872011445904,606,0.0591796875
0111,17541,"[2, 1, 0]",300,147.0494270324707,True,3.1818872011445904,606,0.0591796875
0111,17542,"[2, 1, 0]",300,147.05848693847656,False,3.1818872011445904,606,0.0591796875
0111,17543,"[2, 1, 0]",300,147.0634937286377,True,3.1818872011445904,606,0.0591796875
0111,17544,"[2, 1, 0]",300,147.07231521606445,False,3.1818872011445904,606,0.0591796875
0111,17545,"[2, 1, 0]",300,147.0773220062256,True,3.1818872011445904,606,0.0591796875
0111,17546,"[2, 1, 0]",300,147.08590507507324,False,3.1818872011445904,606,0.0591796875
0111,17547,"[2, 1, 0]",300,147.09091186523438,True,3.1818872011445904,606,0.0591796875
0111,17548,"[2, 1, 0]",300,147.09949493408203,False,3.1818872011445904,606,0.0591796875
0111,17549,"[2, 1, 0]",300,147.10760116577148,True,3.1818872011445904,606,0.0591796875
0111,17550,"[2, 1, 0]",300,147.11642265319824,False,3.1818872011445904,606,0.0591796875
0111,17551,"[2, 1, 0]",300,147.12142944335938,True,3.1818872011445904,606,0.0591796875
0111,17552,"[2, 1, 0]",300,147.13001251220703,False,3.1818872011445904,606,0.0591796875
0111,17553,"[2, 1, 0]",300,147.13525772094727,True,3.1818872011445904,606,0.0591796875
0111,17554,"[2, 1, 0]",300,147.14407920837402,False,3.1818872011445904,606,0.0591796875
0111,17555,"[2, 1, 0]",300,147.14884757995605,True,3.1818872011445904,606,0.0591796875
0111,17556,"[2, 1, 0]",300,147.1576690673828,False,3.1818872011445904,606,0.0591796875
0111,17557,"[2, 1, 0]",300,147.16267585754395,True,3.1818872011445904,606,0.0591796875
0111,17558,"[2, 1, 0]",300,147.1710205078125,False,3.1818872011445904,606,0.0591796875
0111,17559,"[2, 1, 0]",300,147.17626571655273,True,3.1818872011445904,606,0.0591796875
0111,17560,"[2, 1, 0]",300,147.1846103668213,False,3.1818872011445904,606,0.0591796875
0111,17561,"[2, 1, 0]",300,147.19009399414062,True,3.1818872011445904,606,0.0591796875
0111,17562,"[2, 1, 0]",300,147.19867706298828,False,3.1818872011445904,606,0.0591796875
0111,17563,"[2, 1, 0]",300,147.20392227172852,True,3.1818872011445904,606,0.0591796875
0111,17564,"[2, 1, 0]",300,147.21226692199707,False,3.1818872011445904,606,0.0591796875
0111,17565,"[2, 1, 0]",300,147.2175121307373,True,3.1818872011445904,606,0.0591796875
0111,17566,"[2, 1, 0]",300,147.22871780395508,False,3.1818872011445904,606,0.0591796875
0111,17567,"[2, 1, 0]",300,147.2339630126953,True,3.1818872011445904,606,0.0591796875
0111,17568,"[2, 1, 0]",300,147.24254608154297,False,3.1818872011445904,606,0.0591796875
0111,17569,"[2, 1, 0]",300,147.2477912902832,True,3.1818872011445904,606,0.0591796875
0111,17570,"[2, 1, 0]",300,147.25613594055176,False,3.1818872011445904,606,0.0591796875
0111,17571,"[2, 1, 0]",300,147.2647190093994,True,3.1818872011445904,606,0.0591796875
0111,17572,"[2, 1, 0]",300,147.27377891540527,False,3.1818872011445904,606,0.0591796875
0111,17573,"[2, 1, 0]",300,147.2790241241455,True,3.1818872011445904,606,0.0591796875
0111,17574,"[2, 1, 0]",300,147.28760719299316,False,3.1818872011445904,606,0.0591796875
0111,17575,"[2, 1, 0]",300,147.2930908203125,True,3.1818872011445904,606,0.0591796875
0111,17576,"[2, 1, 0]",300,147.30167388916016,False,3.1818872011445904,606,0.0591796875
0111,17577,"[2, 1, 0]",300,147.3069190979004,True,3.1818872011445904,606,0.0591796875
0111,17578,"[2, 1, 0]",300,147.31550216674805,False,3.1818872011445904,606,0.0591796875
0111,17579,"[2, 1, 0]",300,147.32074737548828,True,3.1818872011445904,606,0.0591796875
0111,17580,"[2, 1, 0]",300,147.33266830444336,False,3.1818872011445904,606,0.0591796875
0111,17581,"[2, 1, 0]",300,147.3381519317627,True,3.1818872011445904,606,0.0591796875
0111,17582,"[2, 1, 0]",300,147.34697341918945,False,3.1818872011445904,606,0.0591796875
0111,17583,"[2, 1, 0]",300,147.3522186279297,True,3.1818872011445904,606,0.0591796875
0111,17584,"[2, 1, 0]",300,147.36080169677734,False,3.1818872011445904,606,0.0591796875
0111,17585,"[2, 1, 0]",300,147.36604690551758,True,3.1818872011445904,606,0.0591796875
0111,17586,"[2, 1, 0]",300,147.37439155578613,False,3.1818872011445904,606,0.0591796875
0111,17587,"[2, 1, 0]",300,147.37939834594727,True,3.1818872011445904,606,0.0591796875
0111,17588,"[2, 1, 0]",300,147.38821983337402,False,3.1818872011445904,606,0.0591796875
0111,17589,"[2, 1, 0]",300,147.39394187927246,True,3.1818872011445904,606,0.0591796875
0111,17590,"[2, 1, 0]",300,147.40252494812012,False,3.1818872011445904,606,0.0591796875
0111,17591,"[2, 1, 0]",300,147.41063117980957,True,3.1818872011445904,606,0.0591796875
0111,17592,"[2, 1, 0]",300,147.41969108581543,False,3.1818872011445904,606,0.0591796875
0111,17593,"[2, 1, 0]",300,147.42493629455566,True,3.1818872011445904,606,0.0591796875
0111,17594,"[2, 1, 0]",300,147.43351936340332,False,3.1818872011445904,606,0.0591796875
0111,17595,"[2, 1, 0]",300,147.43876457214355,True,3.1818872011445904,606,0.0591796875
0111,17596,"[2, 1, 0]",300,147.4475860595703,False,3.1818872011445904,606,0.0591796875
0111,17597,"[2, 1, 0]",300,147.45283126831055,True,3.1818872011445904,606,0.0591796875
0111,17598,"[2, 1, 0]",300,147.4614143371582,False,3.1818872011445904,606,0.0591796875
0111,17599,"[2, 1, 0]",300,147.46665954589844,True,3.1818872011445904,606,0.0591796875
0111,17600,"[2, 1, 0]",300,147.475004196167,False,3.1818872011445904,606,0.0591796875
0111,17601,"[2, 1, 0]",300,147.48001098632812,True,3.1818872011445904,606,0.0591796875
0111,17602,"[2, 1, 0]",300,147.48883247375488,False,3.1818872011445904,606,0.0591796875
0111,17603,"[2, 1, 0]",300,147.49383926391602,True,3.1818872011445904,606,0.0591796875
0111,17604,"[2, 1, 0]",300,147.50289916992188,False,3.1818872011445904,606,0.0591796875
0111,17605,"[2, 1, 0]",300,147.5229263305664,True,3.1818872011445904,606,0.0591796875
0111,17606,"[2, 1, 0]",300,147.53341674804688,False,3.1818872011445904,606,0.0591796875
0111,17607,"[2, 1, 0]",300,147.5386619567871,True,3.1818872011445904,606,0.0591796875
0111,17608,"[2, 1, 0]",300,147.54724502563477,False,3.1818872011445904,606,0.0591796875
0111,17609,"[2, 1, 0]",300,147.5522518157959,True,3.1818872011445904,606,0.0591796875
0111,17610,"[2, 1, 0]",300,147.56107330322266,False,3.1818872011445904,606,0.0591796875
0111,17611,"[2, 1, 0]",300,147.5660800933838,True,3.1818872011445904,606,0.0591796875
0111,17612,"[2, 1, 0]",300,147.57466316223145,False,3.1818872011445904,606,0.0591796875
0111,17613,"[2, 1, 0]",300,147.5832462310791,True,3.1818872011445904,606,0.0591796875
0111,17614,"[2, 1, 0]",300,147.59182929992676,False,3.1818872011445904,606,0.0591796875
0111,17615,"[2, 1, 0]",300,147.5968360900879,True,3.1818872011445904,606,0.0591796875
0111,17616,"[2, 1, 0]",300,147.60565757751465,False,3.1818872011445904,606,0.0591796875
0111,17617,"[2, 1, 0]",300,147.61066436767578,True,3.1818872011445904,606,0.0591796875
0111,17618,"[2, 1, 0]",300,147.61924743652344,False,3.1818872011445904,606,0.0591796875
0111,17619,"[2, 1, 0]",300,147.62425422668457,True,3.1818872011445904,606,0.0591796875
0111,17620,"[2, 1, 0]",300,147.63283729553223,False,3.1818872011445904,606,0.0591796875
0111,17621,"[2, 1, 0]",300,147.63808250427246,True,3.1818872011445904,606,0.0591796875
0111,17622,"[2, 1, 0]",300,147.64666557312012,False,3.1818872011445904,606,0.0591796875
0111,17623,"[2, 1, 0]",300,147.65191078186035,True,3.1818872011445904,606,0.0591796875
0111,17624,"[2, 1, 0]",300,147.660493850708,False,3.1818872011445904,606,0.0591796875
0111,17625,"[2, 1, 0]",300,147.66573905944824,True,3.1818872011445904,606,0.0591796875
0111,17626,"[2, 1, 0]",300,147.6743221282959,False,3.1818872011445904,606,0.0591796875
0111,17627,"[2, 1, 0]",300,147.67956733703613,True,3.1818872011445904,606,0.0591796875
0111,17628,"[2, 1, 0]",300,147.6883888244629,False,3.1818872011445904,606,0.0591796875
0111,17629,"[2, 1, 0]",300,147.69363403320312,True,3.1818872011445904,606,0.0591796875
0111,17630,"[2, 1, 0]",300,147.7055549621582,False,3.1818872011445904,606,0.0591796875
0111,17631,"[2, 1, 0]",300,147.71127700805664,True,3.1818872011445904,606,0.0591796875
0111,17632,"[2, 1, 0]",300,147.7203369140625,False,3.1818872011445904,606,0.0591796875
0111,17633,"[2, 1, 0]",300,147.72868156433105,True,3.1818872011445904,606,0.0591796875
0111,17634,"[2, 1, 0]",300,147.73797988891602,False,3.1818872011445904,606,0.0591796875
0111,17635,"[2, 1, 0]",300,147.74298667907715,True,3.1818872011445904,606,0.0591796875
0111,17636,"[2, 1, 0]",300,147.7518081665039,False,3.1818872011445904,606,0.0591796875
0111,17637,"[2, 1, 0]",300,147.75681495666504,True,3.1818872011445904,606,0.0591796875
0111,17638,"[2, 1, 0]",300,147.7656364440918,False,3.1818872011445904,606,0.0591796875
0111,17639,"[2, 1, 0]",300,147.77064323425293,True,3.1818872011445904,606,0.0591796875
0111,17640,"[2, 1, 0]",300,147.7794647216797,False,3.1818872011445904,606,0.0591796875
0111,17641,"[2, 1, 0]",300,147.78423309326172,True,3.1818872011445904,606,0.0591796875
0111,17642,"[2, 1, 0]",300,147.79305458068848,False,3.1818872011445904,606,0.0591796875
0111,17643,"[2, 1, 0]",300,147.7978229522705,True,3.1818872011445904,606,0.0591796875
0111,17644,"[2, 1, 0]",300,147.80640602111816,False,3.1818872011445904,606,0.0591796875
0111,17645,"[2, 1, 0]",300,147.8116512298584,True,3.1818872011445904,606,0.0591796875
0111,17646,"[2, 1, 0]",300,147.81999588012695,False,3.1818872011445904,606,0.0591796875
0111,17647,"[2, 1, 0]",300,147.8252410888672,True,3.1818872011445904,606,0.0591796875
0111,17648,"[2, 1, 0]",300,147.83382415771484,False,3.1818872011445904,606,0.0591796875
0111,17649,"[2, 1, 0]",300,147.84550666809082,True,3.1818872011445904,606,0.0591796875
0111,17650,"[2, 1, 0]",300,147.85408973693848,False,3.1818872011445904,606,0.0591796875
0111,17651,"[2, 1, 0]",300,147.8595733642578,True,3.1818872011445904,606,0.0591796875
0111,17652,"[2, 1, 0]",300,147.86815643310547,False,3.1818872011445904,606,0.0591796875
0111,17653,"[2, 1, 0]",300,147.8736400604248,True,3.1818872011445904,606,0.0591796875
0111,17654,"[2, 1, 0]",300,147.88246154785156,False,3.1818872011445904,606,0.0591796875
0111,17655,"[2, 1, 0]",300,147.89080619812012,True,3.1818872011445904,606,0.0591796875
0111,17656,"[2, 1, 0]",300,147.89962768554688,False,3.1818872011445904,606,0.0591796875
0111,17657,"[2, 1, 0]",300,147.9048728942871,True,3.1818872011445904,606,0.0591796875
0111,17658,"[2, 1, 0]",300,147.91345596313477,False,3.1818872011445904,606,0.0591796875
0111,17659,"[2, 1, 0]",300,147.918701171875,True,3.1818872011445904,606,0.0591796875
0111,17660,"[2, 1, 0]",300,147.92728424072266,False,3.1818872011445904,606,0.0591796875
0111,17661,"[2, 1, 0]",300,147.9325294494629,True,3.1818872011445904,606,0.0591796875
0111,17662,"[2, 1, 0]",300,147.94135093688965,False,3.1818872011445904,606,0.0591796875
0111,17663,"[2, 1, 0]",300,147.94659614562988,True,3.1818872011445904,606,0.0591796875
0111,17664,"[2, 1, 0]",300,147.95517921447754,False,3.1818872011445904,606,0.0591796875
0111,17665,"[2, 1, 0]",300,147.96066284179688,True,3.1818872011445904,606,0.0591796875
0111,17666,"[2, 1, 0]",300,147.96924591064453,False,3.1818872011445904,606,0.0591796875
0111,17667,"[2, 1, 0]",300,147.97449111938477,True,3.1818872011445904,606,0.0591796875
0111,17668,"[2, 1, 0]",300,147.98307418823242,False,3.1818872011445904,606,0.0591796875
0111,17669,"[2, 1, 0]",300,147.98831939697266,True,3.1818872011445904,606,0.0591796875
0111,17670,"[2, 1, 0]",300,147.9966640472412,False,3.1818872011445904,606,0.0591796875
0111,17671,"[2, 1, 0]",300,148.00190925598145,True,3.1818872011445904,606,0.0591796875
0111,17672,"[2, 1, 0]",300,148.0104923248291,False,3.1818872011445904,606,0.0591796875
0111,17673,"[2, 1, 0]",300,148.01573753356934,True,3.1818872011445904,606,0.0591796875
0111,17674,"[2, 1, 0]",300,148.024320602417,False,3.1818872011445904,606,0.0591796875
0111,17675,"[2, 1, 0]",300,148.03242683410645,True,3.1818872011445904,606,0.0591796875
0111,17676,"[2, 1, 0]",300,148.0412483215332,False,3.1818872011445904,606,0.0591796875
0111,17677,"[2, 1, 0]",300,148.04649353027344,True,3.1818872011445904,606,0.0591796875
0111,17678,"[2, 1, 0]",300,148.0555534362793,False,3.1818872011445904,606,0.0591796875
0111,17679,"[2, 1, 0]",300,148.06079864501953,True,3.1818872011445904,606,0.0591796875
0111,17680,"[2, 1, 0]",300,148.0729579925537,False,3.1818872011445904,606,0.0591796875
0111,17681,"[2, 1, 0]",300,148.09560775756836,True,3.1818872011445904,606,0.0591796875
0111,17682,"[2, 1, 0]",300,148.12636375427246,False,3.1818872011445904,606,0.0591796875
0111,17683,"[2, 1, 0]",300,148.14019203186035,True,3.1818872011445904,606,0.0591796875
0111,17684,"[2, 1, 0]",300,148.1800079345703,False,3.1818872011445904,606,0.0591796875
0111,17685,"[2, 1, 0]",300,148.1938362121582,True,3.1818872011445904,606,0.0591796875
0111,17686,"[2, 1, 0]",300,148.223876953125,False,3.1818872011445904,606,0.0591796875
0111,17687,"[2, 1, 0]",300,148.23174476623535,True,3.1818872011445904,606,0.0591796875
0111,17688,"[2, 1, 0]",300,148.24414253234863,False,3.1818872011445904,606,0.0591796875
0111,17689,"[2, 1, 0]",300,148.25010299682617,True,3.1818872011445904,606,0.0591796875
0111,17690,"[2, 1, 0]",300,148.26059341430664,False,3.1818872011445904,606,0.0591796875
0111,17691,"[2, 1, 0]",300,148.26726913452148,True,3.1818872011445904,606,0.0591796875
0111,17692,"[2, 1, 0]",300,148.27799797058105,False,3.1818872011445904,606,0.0591796875
0111,17693,"[2, 1, 0]",300,148.2844352722168,True,3.1818872011445904,606,0.0591796875
0111,17694,"[2, 1, 0]",300,148.29421043395996,False,3.1818872011445904,606,0.0591796875
0111,17695,"[2, 1, 0]",300,148.2999324798584,True,3.1818872011445904,606,0.0591796875
0111,17696,"[2, 1, 0]",300,148.30875396728516,False,3.1818872011445904,606,0.0591796875
0111,17697,"[2, 1, 0]",300,148.32115173339844,True,3.1818872011445904,606,0.0591796875
0111,17698,"[2, 1, 0]",300,148.3316421508789,False,3.1818872011445904,606,0.0591796875
0111,17699,"[2, 1, 0]",300,148.33688735961914,True,3.1818872011445904,606,0.0591796875
0111,17700,"[2, 1, 0]",300,148.3461856842041,False,3.1818872011445904,606,0.0591796875
0111,17701,"[2, 1, 0]",300,148.35214614868164,True,3.1818872011445904,606,0.0591796875
0111,17702,"[2, 1, 0]",300,148.3607292175293,False,3.1818872011445904,606,0.0591796875
0111,17703,"[2, 1, 0]",300,148.36621284484863,True,3.1818872011445904,606,0.0591796875
0111,17704,"[2, 1, 0]",300,148.3747959136963,False,3.1818872011445904,606,0.0591796875
0111,17705,"[2, 1, 0]",300,148.38004112243652,True,3.1818872011445904,606,0.0591796875
0111,17706,"[2, 1, 0]",300,148.38838577270508,False,3.1818872011445904,606,0.0591796875
0111,17707,"[2, 1, 0]",300,148.3938694000244,True,3.1818872011445904,606,0.0591796875
0111,17708,"[2, 1, 0]",300,148.40245246887207,False,3.1818872011445904,606,0.0591796875
0111,17709,"[2, 1, 0]",300,148.4074592590332,True,3.1818872011445904,606,0.0591796875
0111,17710,"[2, 1, 0]",300,148.41604232788086,False,3.1818872011445904,606,0.0591796875
0111,17711,"[2, 1, 0]",300,148.4212875366211,True,3.1818872011445904,606,0.0591796875
0111,17712,"[2, 1, 0]",300,148.42987060546875,False,3.1818872011445904,606,0.0591796875
0111,17713,"[2, 1, 0]",300,148.43511581420898,True,3.1818872011445904,606,0.0591796875
0111,17714,"[2, 1, 0]",300,148.44393730163574,False,3.1818872011445904,606,0.0591796875
0111,17715,"[2, 1, 0]",300,148.44918251037598,True,3.1818872011445904,606,0.0591796875
0111,17716,"[2, 1, 0]",300,148.45776557922363,False,3.1818872011445904,606,0.0591796875
0111,17717,"[2, 1, 0]",300,148.47946166992188,True,3.1818872011445904,606,0.0591796875
0111,17718,"[2, 1, 0]",300,148.48875999450684,False,3.1818872011445904,606,0.0591796875
0111,17719,"[2, 1, 0]",300,148.49424362182617,True,3.1818872011445904,606,0.0591796875
0111,17720,"[2, 1, 0]",300,148.50282669067383,False,3.1818872011445904,606,0.0591796875
0111,17721,"[2, 1, 0]",300,148.50831031799316,True,3.1818872011445904,606,0.0591796875
0111,17722,"[2, 1, 0]",300,148.51689338684082,False,3.1818872011445904,606,0.0591796875
0111,17723,"[2, 1, 0]",300,148.52237701416016,True,3.1818872011445904,606,0.0591796875
0111,17724,"[2, 1, 0]",300,148.53143692016602,False,3.1818872011445904,606,0.0591796875
0111,17725,"[2, 1, 0]",300,148.53668212890625,True,3.1818872011445904,606,0.0591796875
0111,17726,"[2, 1, 0]",300,148.545503616333,False,3.1818872011445904,606,0.0591796875
0111,17727,"[2, 1, 0]",300,148.55074882507324,True,3.1818872011445904,606,0.0591796875
0111,17728,"[2, 1, 0]",300,148.5590934753418,False,3.1818872011445904,606,0.0591796875
0111,17729,"[2, 1, 0]",300,148.56433868408203,True,3.1818872011445904,606,0.0591796875
0111,17730,"[2, 1, 0]",300,148.5726833343506,False,3.1818872011445904,606,0.0591796875
0111,17731,"[2, 1, 0]",300,148.58126640319824,True,3.1818872011445904,606,0.0591796875
0111,17732,"[2, 1, 0]",300,148.5912799835205,False,3.1818872011445904,606,0.0591796875
0111,17733,"[2, 1, 0]",300,148.59652519226074,True,3.1818872011445904,606,0.0591796875
0111,17734,"[2, 1, 0]",300,148.6060619354248,False,3.1818872011445904,606,0.0591796875
0111,17735,"[2, 1, 0]",300,148.61130714416504,True,3.1818872011445904,606,0.0591796875
0111,17736,"[2, 1, 0]",300,148.6203670501709,False,3.1818872011445904,606,0.0591796875
0111,17737,"[2, 1, 0]",300,148.62537384033203,True,3.1818872011445904,606,0.0591796875
0111,17738,"[2, 1, 0]",300,148.6344337463379,False,3.1818872011445904,606,0.0591796875
0111,17739,"[2, 1, 0]",300,148.64277839660645,True,3.1818872011445904,606,0.0591796875
0111,17740,"[2, 1, 0]",300,148.6518383026123,False,3.1818872011445904,606,0.0591796875
0111,17741,"[2, 1, 0]",300,148.65684509277344,True,3.1818872011445904,606,0.0591796875
0111,17742,"[2, 1, 0]",300,148.6656665802002,False,3.1818872011445904,606,0.0591796875
0111,17743,"[2, 1, 0]",300,148.67067337036133,True,3.1818872011445904,606,0.0591796875
0111,17744,"[2, 1, 0]",300,148.67925643920898,False,3.1818872011445904,606,0.0591796875
0111,17745,"[2, 1, 0]",300,148.68426322937012,True,3.1818872011445904,606,0.0591796875
0111,17746,"[2, 1, 0]",300,148.69284629821777,False,3.1818872011445904,606,0.0591796875
0111,17747,"[2, 1, 0]",300,148.6978530883789,True,3.1818872011445904,606,0.0591796875
0111,17748,"[2, 1, 0]",300,148.70715141296387,False,3.1818872011445904,606,0.0591796875
0111,17749,"[2, 1, 0]",300,148.712158203125,True,3.1818872011445904,606,0.0591796875
0111,17750,"[2, 1, 0]",300,148.72074127197266,False,3.1818872011445904,606,0.0591796875
0111,17751,"[2, 1, 0]",300,148.7257480621338,True,3.1818872011445904,606,0.0591796875
0111,17752,"[2, 1, 0]",300,148.73480796813965,False,3.1818872011445904,606,0.0591796875
0111,17753,"[2, 1, 0]",300,148.73957633972168,True,3.1818872011445904,606,0.0591796875
0111,17754,"[2, 1, 0]",300,148.74839782714844,False,3.1818872011445904,606,0.0591796875
0111,17755,"[2, 1, 0]",300,148.75340461730957,True,3.1818872011445904,606,0.0591796875
0111,17756,"[2, 1, 0]",300,148.76222610473633,False,3.1818872011445904,606,0.0591796875
0111,17757,"[2, 1, 0]",300,148.76723289489746,True,3.1818872011445904,606,0.0591796875
0111,17758,"[2, 1, 0]",300,148.77605438232422,False,3.1818872011445904,606,0.0591796875
0111,17759,"[2, 1, 0]",300,148.78416061401367,True,3.1818872011445904,606,0.0591796875
0111,17760,"[2, 1, 0]",300,148.79298210144043,False,3.1818872011445904,606,0.0591796875
0111,17761,"[2, 1, 0]",300,148.79798889160156,True,3.1818872011445904,606,0.0591796875
0111,17762,"[2, 1, 0]",300,148.80681037902832,False,3.1818872011445904,606,0.0591796875
0111,17763,"[2, 1, 0]",300,148.81157875061035,True,3.1818872011445904,606,0.0591796875
0111,17764,"[2, 1, 0]",300,148.8204002380371,False,3.1818872011445904,606,0.0591796875
0111,17765,"[2, 1, 0]",300,148.82540702819824,True,3.1818872011445904,606,0.0591796875
0111,17766,"[2, 1, 0]",300,148.8339900970459,False,3.1818872011445904,606,0.0591796875
0111,17767,"[2, 1, 0]",300,148.83923530578613,True,3.1818872011445904,606,0.0591796875
0111,17768,"[2, 1, 0]",300,148.8475799560547,False,3.1818872011445904,606,0.0591796875
0111,17769,"[2, 1, 0]",300,148.85282516479492,True,3.1818872011445904,606,0.0591796875
0111,17770,"[2, 1, 0]",300,148.86140823364258,False,3.1818872011445904,606,0.0591796875
0111,17771,"[2, 1, 0]",300,148.8664150238037,True,3.1818872011445904,606,0.0591796875
0111,17772,"[2, 1, 0]",300,148.87523651123047,False,3.1818872011445904,606,0.0591796875
0111,17773,"[2, 1, 0]",300,148.8804817199707,True,3.1818872011445904,606,0.0591796875
0111,17774,"[2, 1, 0]",300,148.88906478881836,False,3.1818872011445904,606,0.0591796875
0111,17775,"[2, 1, 0]",300,148.91648292541504,True,3.1818872011445904,606,0.0591796875
0111,17776,"[2, 1, 0]",300,148.9255428314209,False,3.1818872011445904,606,0.0591796875
0111,17777,"[2, 1, 0]",300,148.93078804016113,True,3.1818872011445904,606,0.0591796875
0111,17778,"[2, 1, 0]",300,148.9396095275879,False,3.1818872011445904,606,0.0591796875
0111,17779,"[2, 1, 0]",300,148.94485473632812,True,3.1818872011445904,606,0.0591796875
0111,17780,"[2, 1, 0]",300,148.95367622375488,False,3.1818872011445904,606,0.0591796875
0111,17781,"[2, 1, 0]",300,148.96464347839355,True,3.1818872011445904,606,0.0591796875
0111,17782,"[2, 1, 0]",300,148.97394180297852,False,3.1818872011445904,606,0.0591796875
0111,17783,"[2, 1, 0]",300,148.97918701171875,True,3.1818872011445904,606,0.0591796875
0111,17784,"[2, 1, 0]",300,148.9884853363037,False,3.1818872011445904,606,0.0591796875
0111,17785,"[2, 1, 0]",300,148.99325370788574,True,3.1818872011445904,606,0.0591796875
0111,17786,"[2, 1, 0]",300,149.0023136138916,False,3.1818872011445904,606,0.0591796875
0111,17787,"[2, 1, 0]",300,149.00732040405273,True,3.1818872011445904,606,0.0591796875
0111,17788,"[2, 1, 0]",300,149.0166187286377,False,3.1818872011445904,606,0.0591796875
0111,17789,"[2, 1, 0]",300,149.02186393737793,True,3.1818872011445904,606,0.0591796875
0111,17790,"[2, 1, 0]",300,149.0304470062256,False,3.1818872011445904,606,0.0591796875
0111,17791,"[2, 1, 0]",300,149.03569221496582,True,3.1818872011445904,606,0.0591796875
0111,17792,"[2, 1, 0]",300,149.04427528381348,False,3.1818872011445904,606,0.0591796875
0111,17793,"[2, 1, 0]",300,149.0490436553955,True,3.1818872011445904,606,0.0591796875
0111,17794,"[2, 1, 0]",300,149.05786514282227,False,3.1818872011445904,606,0.0591796875
0111,17795,"[2, 1, 0]",300,149.0628719329834,True,3.1818872011445904,606,0.0591796875
0111,17796,"[2, 1, 0]",300,149.07145500183105,False,3.1818872011445904,606,0.0591796875
0111,17797,"[2, 1, 0]",300,149.0767002105713,True,3.1818872011445904,606,0.0591796875
0111,17798,"[2, 1, 0]",300,149.08552169799805,False,3.1818872011445904,606,0.0591796875
0111,17799,"[2, 1, 0]",300,149.09052848815918,True,3.1818872011445904,606,0.0591796875
0111,17800,"[2, 1, 0]",300,149.09911155700684,False,3.1818872011445904,606,0.0591796875
0111,17801,"[2, 1, 0]",300,149.1072177886963,True,3.1818872011445904,606,0.0591796875
0111,17802,"[2, 1, 0]",300,149.11627769470215,False,3.1818872011445904,606,0.0591796875
0111,17803,"[2, 1, 0]",300,149.12128448486328,True,3.1818872011445904,606,0.0591796875
0111,17804,"[2, 1, 0]",300,149.13010597229004,False,3.1818872011445904,606,0.0591796875
0111,17805,"[2, 1, 0]",300,149.13511276245117,True,3.1818872011445904,606,0.0591796875
0111,17806,"[2, 1, 0]",300,149.14393424987793,False,3.1818872011445904,606,0.0591796875
0111,17807,"[2, 1, 0]",300,149.14894104003906,True,3.1818872011445904,606,0.0591796875
0111,17808,"[2, 1, 0]",300,149.15752410888672,False,3.1818872011445904,606,0.0591796875
0111,17809,"[2, 1, 0]",300,149.16276931762695,True,3.1818872011445904,606,0.0591796875
0111,17810,"[2, 1, 0]",300,149.1713523864746,False,3.1818872011445904,606,0.0591796875
0111,17811,"[2, 1, 0]",300,149.17612075805664,True,3.1818872011445904,606,0.0591796875
0111,17812,"[2, 1, 0]",300,149.1849422454834,False,3.1818872011445904,606,0.0591796875
0111,17813,"[2, 1, 0]",300,149.18994903564453,True,3.1818872011445904,606,0.0591796875
0111,17814,"[2, 1, 0]",300,149.1982936859131,False,3.1818872011445904,606,0.0591796875
0111,17815,"[2, 1, 0]",300,149.20377731323242,True,3.1818872011445904,606,0.0591796875
0111,17816,"[2, 1, 0]",300,149.21212196350098,False,3.1818872011445904,606,0.0591796875
0111,17817,"[2, 1, 0]",300,149.22070503234863,True,3.1818872011445904,606,0.0591796875
0111,17818,"[2, 1, 0]",300,149.2292881011963,False,3.1818872011445904,606,0.0591796875
0111,17819,"[2, 1, 0]",300,149.23501014709473,True,3.1818872011445904,606,0.0591796875
0111,17820,"[2, 1, 0]",300,149.24359321594238,False,3.1818872011445904,606,0.0591796875
0111,17821,"[2, 1, 0]",300,149.24907684326172,True,3.1818872011445904,606,0.0591796875
0111,17822,"[2, 1, 0]",300,149.25742149353027,False,3.1818872011445904,606,0.0591796875
0111,17823,"[2, 1, 0]",300,149.26624298095703,True,3.1818872011445904,606,0.0591796875
0111,17824,"[2, 1, 0]",300,149.2753028869629,False,3.1818872011445904,606,0.0591796875
0111,17825,"[2, 1, 0]",300,149.28030967712402,True,3.1818872011445904,606,0.0591796875
0111,17826,"[2, 1, 0]",300,149.28865432739258,False,3.1818872011445904,606,0.0591796875
0111,17827,"[2, 1, 0]",300,149.2938995361328,True,3.1818872011445904,606,0.0591796875
0111,17828,"[2, 1, 0]",300,149.30295944213867,False,3.1818872011445904,606,0.0591796875
0111,17829,"[2, 1, 0]",300,149.3082046508789,True,3.1818872011445904,606,0.0591796875
0111,17830,"[2, 1, 0]",300,149.31702613830566,False,3.1818872011445904,606,0.0591796875
0111,17831,"[2, 1, 0]",300,149.3220329284668,True,3.1818872011445904,606,0.0591796875
0111,17832,"[2, 1, 0]",300,149.33371543884277,False,3.1818872011445904,606,0.0591796875
0111,17833,"[2, 1, 0]",300,149.3391990661621,True,3.1818872011445904,606,0.0591796875
0111,17834,"[2, 1, 0]",300,149.34825897216797,False,3.1818872011445904,606,0.0591796875
0111,17835,"[2, 1, 0]",300,149.3535041809082,True,3.1818872011445904,606,0.0591796875
0111,17836,"[2, 1, 0]",300,149.36232566833496,False,3.1818872011445904,606,0.0591796875
0111,17837,"[2, 1, 0]",300,149.3673324584961,True,3.1818872011445904,606,0.0591796875
0111,17838,"[2, 1, 0]",300,149.37615394592285,False,3.1818872011445904,606,0.0591796875
0111,17839,"[2, 1, 0]",300,149.38116073608398,True,3.1818872011445904,606,0.0591796875
0111,17840,"[2, 1, 0]",300,149.38998222351074,False,3.1818872011445904,606,0.0591796875
0111,17841,"[2, 1, 0]",300,149.39498901367188,True,3.1818872011445904,606,0.0591796875
0111,17842,"[2, 1, 0]",300,149.40333366394043,False,3.1818872011445904,606,0.0591796875
0111,17843,"[2, 1, 0]",300,149.4147777557373,True,3.1818872011445904,606,0.0591796875
0111,17844,"[2, 1, 0]",300,149.42359924316406,False,3.1818872011445904,606,0.0591796875
0111,17845,"[2, 1, 0]",300,149.4288444519043,True,3.1818872011445904,606,0.0591796875
0111,17846,"[2, 1, 0]",300,149.43742752075195,False,3.1818872011445904,606,0.0591796875
0111,17847,"[2, 1, 0]",300,149.4426727294922,True,3.1818872011445904,606,0.0591796875
0111,17848,"[2, 1, 0]",300,149.45125579833984,False,3.1818872011445904,606,0.0591796875
0111,17849,"[2, 1, 0]",300,149.45650100708008,True,3.1818872011445904,606,0.0591796875
0111,17850,"[2, 1, 0]",300,149.46484565734863,False,3.1818872011445904,606,0.0591796875
0111,17851,"[2, 1, 0]",300,149.47009086608887,True,3.1818872011445904,606,0.0591796875
0111,17852,"[2, 1, 0]",300,149.47867393493652,False,3.1818872011445904,606,0.0591796875
0111,17853,"[2, 1, 0]",300,149.48391914367676,True,3.1818872011445904,606,0.0591796875
0111,17854,"[2, 1, 0]",300,149.4922637939453,False,3.1818872011445904,606,0.0591796875
0111,17855,"[2, 1, 0]",300,149.49774742126465,True,3.1818872011445904,606,0.0591796875
0111,17856,"[2, 1, 0]",300,149.5060920715332,False,3.1818872011445904,606,0.0591796875
0111,17857,"[2, 1, 0]",300,149.51157569885254,True,3.1818872011445904,606,0.0591796875
0111,17858,"[2, 1, 0]",300,149.5199203491211,False,3.1818872011445904,606,0.0591796875
0111,17859,"[2, 1, 0]",300,149.52516555786133,True,3.1818872011445904,606,0.0591796875
0111,17860,"[2, 1, 0]",300,149.53351020812988,False,3.1818872011445904,606,0.0591796875
0111,17861,"[2, 1, 0]",300,149.53851699829102,True,3.1818872011445904,606,0.0591796875
0111,17862,"[2, 1, 0]",300,149.54710006713867,False,3.1818872011445904,606,0.0591796875
0111,17863,"[2, 1, 0]",300,149.5521068572998,True,3.1818872011445904,606,0.0591796875
0111,17864,"[2, 1, 0]",300,149.56068992614746,False,3.1818872011445904,606,0.0591796875
0111,17865,"[2, 1, 0]",300,149.56903457641602,True,3.1818872011445904,606,0.0591796875
0111,17866,"[2, 1, 0]",300,149.57785606384277,False,3.1818872011445904,606,0.0591796875
0111,17867,"[2, 1, 0]",300,149.5828628540039,True,3.1818872011445904,606,0.0591796875
0111,17868,"[2, 1, 0]",300,149.59168434143066,False,3.1818872011445904,606,0.0591796875
0111,17869,"[2, 1, 0]",300,149.59716796875,True,3.1818872011445904,606,0.0591796875
0111,17870,"[2, 1, 0]",300,149.60622787475586,False,3.1818872011445904,606,0.0591796875
0111,17871,"[2, 1, 0]",300,149.6114730834961,True,3.1818872011445904,606,0.0591796875
0111,17872,"[2, 1, 0]",300,149.62029457092285,False,3.1818872011445904,606,0.0591796875
0111,17873,"[2, 1, 0]",300,149.62530136108398,True,3.1818872011445904,606,0.0591796875
0111,17874,"[2, 1, 0]",300,149.63412284851074,False,3.1818872011445904,606,0.0591796875
0111,17875,"[2, 1, 0]",300,149.63912963867188,True,3.1818872011445904,606,0.0591796875
0111,17876,"[2, 1, 0]",300,149.64795112609863,False,3.1818872011445904,606,0.0591796875
0111,17877,"[2, 1, 0]",300,149.65295791625977,True,3.1818872011445904,606,0.0591796875
0111,17878,"[2, 1, 0]",300,149.66154098510742,False,3.1818872011445904,606,0.0591796875
0111,17879,"[2, 1, 0]",300,149.66654777526855,True,3.1818872011445904,606,0.0591796875
0111,17880,"[2, 1, 0]",300,149.6753692626953,False,3.1818872011445904,606,0.0591796875
0111,17881,"[2, 1, 0]",300,149.68037605285645,True,3.1818872011445904,606,0.0591796875
0111,17882,"[2, 1, 0]",300,149.69253540039062,False,3.1818872011445904,606,0.0591796875
0111,17883,"[2, 1, 0]",300,149.69801902770996,True,3.1818872011445904,606,0.0591796875
0111,17884,"[2, 1, 0]",300,149.70707893371582,False,3.1818872011445904,606,0.0591796875
0111,17885,"[2, 1, 0]",300,149.71518516540527,True,3.1818872011445904,606,0.0591796875
0111,17886,"[2, 1, 0]",300,149.72448348999023,False,3.1818872011445904,606,0.0591796875
0111,17887,"[2, 1, 0]",300,149.72949028015137,True,3.1818872011445904,606,0.0591796875
0111,17888,"[2, 1, 0]",300,149.73855018615723,False,3.1818872011445904,606,0.0591796875
0111,17889,"[2, 1, 0]",300,149.74331855773926,True,3.1818872011445904,606,0.0591796875
0111,17890,"[2, 1, 0]",300,149.75214004516602,False,3.1818872011445904,606,0.0591796875
0111,17891,"[2, 1, 0]",300,149.75714683532715,True,3.1818872011445904,606,0.0591796875
0111,17892,"[2, 1, 0]",300,149.7657299041748,False,3.1818872011445904,606,0.0591796875
0111,17893,"[2, 1, 0]",300,149.77073669433594,True,3.1818872011445904,606,0.0591796875
0111,17894,"[2, 1, 0]",300,149.7793197631836,False,3.1818872011445904,606,0.0591796875
0111,17895,"[2, 1, 0]",300,149.78432655334473,True,3.1818872011445904,606,0.0591796875
0111,17896,"[2, 1, 0]",300,149.79290962219238,False,3.1818872011445904,606,0.0591796875
0111,17897,"[2, 1, 0]",300,149.79791641235352,True,3.1818872011445904,606,0.0591796875
0111,17898,"[2, 1, 0]",300,149.80673789978027,False,3.1818872011445904,606,0.0591796875
0111,17899,"[2, 1, 0]",300,149.8115062713623,True,3.1818872011445904,606,0.0591796875
0111,17900,"[2, 1, 0]",300,149.82032775878906,False,3.1818872011445904,606,0.0591796875
0111,17901,"[2, 1, 0]",300,149.8255729675293,True,3.1818872011445904,606,0.0591796875
0111,17902,"[2, 1, 0]",300,149.83439445495605,False,3.1818872011445904,606,0.0591796875
0111,17903,"[2, 1, 0]",300,149.8394012451172,True,3.1818872011445904,606,0.0591796875
0111,17904,"[2, 1, 0]",300,149.84822273254395,False,3.1818872011445904,606,0.0591796875
0111,17905,"[2, 1, 0]",300,149.85322952270508,True,3.1818872011445904,606,0.0591796875
0111,17906,"[2, 1, 0]",300,149.86157417297363,False,3.1818872011445904,606,0.0591796875
0111,17907,"[2, 1, 0]",300,149.8699188232422,True,3.1818872011445904,606,0.0591796875
0111,17908,"[2, 1, 0]",300,149.87850189208984,False,3.1818872011445904,606,0.0591796875
0111,17909,"[2, 1, 0]",300,149.88398551940918,True,3.1818872011445904,606,0.0591796875
0111,17910,"[2, 1, 0]",300,149.89280700683594,False,3.1818872011445904,606,0.0591796875
0111,17911,"[2, 1, 0]",300,149.89829063415527,True,3.1818872011445904,606,0.0591796875
0111,17912,"[2, 1, 0]",300,149.90711212158203,False,3.1818872011445904,606,0.0591796875
0111,17913,"[2, 1, 0]",300,149.91211891174316,True,3.1818872011445904,606,0.0591796875
0111,17914,"[2, 1, 0]",300,149.92046356201172,False,3.1818872011445904,606,0.0591796875
0111,17915,"[2, 1, 0]",300,149.92570877075195,True,3.1818872011445904,606,0.0591796875
0111,17916,"[2, 1, 0]",300,149.9340534210205,False,3.1818872011445904,606,0.0591796875
0111,17917,"[2, 1, 0]",300,149.93929862976074,True,3.1818872011445904,606,0.0591796875
0111,17918,"[2, 1, 0]",300,149.9476432800293,False,3.1818872011445904,606,0.0591796875
0111,17919,"[2, 1, 0]",300,149.95288848876953,True,3.1818872011445904,606,0.0591796875
0111,17920,"[2, 1, 0]",300,149.9614715576172,False,3.1818872011445904,606,0.0591796875
0111,17921,"[2, 1, 0]",300,149.96671676635742,True,3.1818872011445904,606,0.0591796875
0111,17922,"[2, 1, 0]",300,149.97553825378418,False,3.1818872011445904,606,0.0591796875
0111,17923,"[2, 1, 0]",300,149.9805450439453,True,3.1818872011445904,606,0.0591796875
0111,17924,"[2, 1, 0]",300,149.98912811279297,False,3.1818872011445904,606,0.0591796875
0111,17925,"[2, 1, 0]",300,149.9943733215332,True,3.1818872011445904,606,0.0591796875
0111,17926,"[2, 1, 0]",300,150.00271797180176,False,3.1818872011445904,606,0.0591796875
0111,17927,"[2, 1, 0]",300,150.0394344329834,True,3.1818872011445904,606,0.0591796875
0111,17928,"[2, 1, 0]",300,150.0842571258545,False,3.1818872011445904,606,0.0591796875
0111,17929,"[2, 1, 0]",300,150.09045600891113,True,3.1818872011445904,606,0.0591796875
0111,17930,"[2, 1, 0]",300,150.0999927520752,False,3.1818872011445904,606,0.0591796875
0111,17931,"[2, 1, 0]",300,150.10523796081543,True,3.1818872011445904,606,0.0591796875
0111,17932,"[2, 1, 0]",300,150.1138210296631,False,3.1818872011445904,606,0.0591796875
0111,17933,"[2, 1, 0]",300,150.12264251708984,True,3.1818872011445904,606,0.0591796875
0111,17934,"[2, 1, 0]",300,150.1317024230957,False,3.1818872011445904,606,0.0591796875
0111,17935,"[2, 1, 0]",300,150.13718605041504,True,3.1818872011445904,606,0.0591796875
0111,17936,"[2, 1, 0]",300,150.1457691192627,False,3.1818872011445904,606,0.0591796875
0111,17937,"[2, 1, 0]",300,150.15125274658203,True,3.1818872011445904,606,0.0591796875
0111,17938,"[2, 1, 0]",300,150.1600742340088,False,3.1818872011445904,606,0.0591796875
0111,17939,"[2, 1, 0]",300,150.16531944274902,True,3.1818872011445904,606,0.0591796875
0111,17940,"[2, 1, 0]",300,150.18653869628906,False,3.1818872011445904,606,0.0591796875
0111,17941,"[2, 1, 0]",300,150.20346641540527,True,3.1818872011445904,606,0.0591796875
0111,17942,"[2, 1, 0]",300,150.2244472503662,False,3.1818872011445904,606,0.0591796875
0111,17943,"[2, 1, 0]",300,150.23255348205566,True,3.1818872011445904,606,0.0591796875
0111,17944,"[2, 1, 0]",300,150.24542808532715,False,3.1818872011445904,606,0.0591796875
0111,17945,"[2, 1, 0]",300,150.2518653869629,True,3.1818872011445904,606,0.0591796875
0111,17946,"[2, 1, 0]",300,150.26164054870605,False,3.1818872011445904,606,0.0591796875
0111,17947,"[2, 1, 0]",300,150.2673625946045,True,3.1818872011445904,606,0.0591796875
0111,17948,"[2, 1, 0]",300,150.27666091918945,False,3.1818872011445904,606,0.0591796875
0111,17949,"[2, 1, 0]",300,150.28738975524902,True,3.1818872011445904,606,0.0591796875
0111,17950,"[2, 1, 0]",300,150.29668807983398,False,3.1818872011445904,606,0.0591796875
0111,17951,"[2, 1, 0]",300,150.30217170715332,True,3.1818872011445904,606,0.0591796875
0111,17952,"[2, 1, 0]",300,150.31123161315918,False,3.1818872011445904,606,0.0591796875
0111,17953,"[2, 1, 0]",300,150.31671524047852,True,3.1818872011445904,606,0.0591796875
0111,17954,"[2, 1, 0]",300,150.32529830932617,False,3.1818872011445904,606,0.0591796875
0111,17955,"[2, 1, 0]",300,150.3307819366455,True,3.1818872011445904,606,0.0591796875
0111,17956,"[2, 1, 0]",300,150.33936500549316,False,3.1818872011445904,606,0.0591796875
0111,17957,"[2, 1, 0]",300,150.3446102142334,True,3.1818872011445904,606,0.0591796875
0111,17958,"[2, 1, 0]",300,150.35319328308105,False,3.1818872011445904,606,0.0591796875
0111,17959,"[2, 1, 0]",300,150.3584384918213,True,3.1818872011445904,606,0.0591796875
0111,17960,"[2, 1, 0]",300,150.36702156066895,False,3.1818872011445904,606,0.0591796875
0111,17961,"[2, 1, 0]",300,150.37226676940918,True,3.1818872011445904,606,0.0591796875
0111,17962,"[2, 1, 0]",300,150.38061141967773,False,3.1818872011445904,606,0.0591796875
0111,17963,"[2, 1, 0]",300,150.38609504699707,True,3.1818872011445904,606,0.0591796875
0111,17964,"[2, 1, 0]",300,150.39443969726562,False,3.1818872011445904,606,0.0591796875
0111,17965,"[2, 1, 0]",300,150.39968490600586,True,3.1818872011445904,606,0.0591796875
0111,17966,"[2, 1, 0]",300,150.40850639343262,False,3.1818872011445904,606,0.0591796875
0111,17967,"[2, 1, 0]",300,150.41351318359375,True,3.1818872011445904,606,0.0591796875
0111,17968,"[2, 1, 0]",300,150.4220962524414,False,3.1818872011445904,606,0.0591796875
0111,17969,"[2, 1, 0]",300,150.43187141418457,True,3.1818872011445904,606,0.0591796875
0111,17970,"[2, 1, 0]",300,150.44093132019043,False,3.1818872011445904,606,0.0591796875
0111,17971,"[2, 1, 0]",300,150.44617652893066,True,3.1818872011445904,606,0.0591796875
0111,17972,"[2, 1, 0]",300,150.45547485351562,False,3.1818872011445904,606,0.0591796875
0111,17973,"[2, 1, 0]",300,150.46048164367676,True,3.1818872011445904,606,0.0591796875
0111,17974,"[2, 1, 0]",300,150.4688262939453,False,3.1818872011445904,606,0.0591796875
0111,17975,"[2, 1, 0]",300,150.47430992126465,True,3.1818872011445904,606,0.0591796875
0111,17976,"[2, 1, 0]",300,150.4828929901123,False,3.1818872011445904,606,0.0591796875
0111,17977,"[2, 1, 0]",300,150.48837661743164,True,3.1818872011445904,606,0.0591796875
0111,17978,"[2, 1, 0]",300,150.4976749420166,False,3.1818872011445904,606,0.0591796875
0111,17979,"[2, 1, 0]",300,150.50292015075684,True,3.1818872011445904,606,0.0591796875
0111,17980,"[2, 1, 0]",300,150.5122184753418,False,3.1818872011445904,606,0.0591796875
0111,17981,"[2, 1, 0]",300,150.51722526550293,True,3.1818872011445904,606,0.0591796875
0111,17982,"[2, 1, 0]",300,150.5260467529297,False,3.1818872011445904,606,0.0591796875
0111,17983,"[2, 1, 0]",300,150.53462982177734,True,3.1818872011445904,606,0.0591796875
0111,17984,"[2, 1, 0]",300,150.5444049835205,False,3.1818872011445904,606,0.0591796875
0111,17985,"[2, 1, 0]",300,150.55322647094727,True,3.1818872011445904,606,0.0591796875
0111,17986,"[2, 1, 0]",300,150.56228637695312,False,3.1818872011445904,606,0.0591796875
0111,17987,"[2, 1, 0]",300,150.56777000427246,True,3.1818872011445904,606,0.0591796875
0111,17988,"[2, 1, 0]",300,150.57706832885742,False,3.1818872011445904,606,0.0591796875
0111,17989,"[2, 1, 0]",300,150.58231353759766,True,3.1818872011445904,606,0.0591796875
0111,17990,"[2, 1, 0]",300,150.5911350250244,False,3.1818872011445904,606,0.0591796875
0111,17991,"[2, 1, 0]",300,150.59947967529297,True,3.1818872011445904,606,0.0591796875
0111,17992,"[2, 1, 0]",300,150.60853958129883,False,3.1818872011445904,606,0.0591796875
0111,17993,"[2, 1, 0]",300,150.61354637145996,True,3.1818872011445904,606,0.0591796875
0111,17994,"[2, 1, 0]",300,150.62260627746582,False,3.1818872011445904,606,0.0591796875
0111,17995,"[2, 1, 0]",300,150.62761306762695,True,3.1818872011445904,606,0.0591796875
0111,17996,"[2, 1, 0]",300,150.6366729736328,False,3.1818872011445904,606,0.0591796875
0111,17997,"[2, 1, 0]",300,150.64167976379395,True,3.1818872011445904,606,0.0591796875
0111,17998,"[2, 1, 0]",300,150.6505012512207,False,3.1818872011445904,606,0.0591796875
0111,17999,"[2, 1, 0]",300,150.65550804138184,True,3.1818872011445904,606,0.0591796875
0111,18000,"[2, 1, 0]",300,150.6643295288086,False,3.1818872011445904,606,0.0591796875
0111,18001,"[2, 1, 0]",300,150.66909790039062,True,3.1818872011445904,606,0.0591796875
0111,18002,"[2, 1, 0]",300,150.67815780639648,False,3.1818872011445904,606,0.0591796875
0111,18003,"[2, 1, 0]",300,150.68340301513672,True,3.1818872011445904,606,0.0591796875
0111,18004,"[2, 1, 0]",300,150.69222450256348,False,3.1818872011445904,606,0.0591796875
0111,18005,"[2, 1, 0]",300,150.6977081298828,True,3.1818872011445904,606,0.0591796875
0111,18006,"[2, 1, 0]",300,150.70700645446777,False,3.1818872011445904,606,0.0591796875
0111,18007,"[2, 1, 0]",300,150.7124900817871,True,3.1818872011445904,606,0.0591796875
0111,18008,"[2, 1, 0]",300,150.72107315063477,False,3.1818872011445904,606,0.0591796875
0111,18009,"[2, 1, 0]",300,150.7265567779541,True,3.1818872011445904,606,0.0591796875
0111,18010,"[2, 1, 0]",300,150.73513984680176,False,3.1818872011445904,606,0.0591796875
0111,18011,"[2, 1, 0]",300,150.7437229156494,True,3.1818872011445904,606,0.0591796875
0111,18012,"[2, 1, 0]",300,150.75278282165527,False,3.1818872011445904,606,0.0591796875
0111,18013,"[2, 1, 0]",300,150.7580280303955,True,3.1818872011445904,606,0.0591796875
0111,18014,"[2, 1, 0]",300,150.76661109924316,False,3.1818872011445904,606,0.0591796875
0111,18015,"[2, 1, 0]",300,150.7720947265625,True,3.1818872011445904,606,0.0591796875
0111,18016,"[2, 1, 0]",300,150.78043937683105,False,3.1818872011445904,606,0.0591796875
0111,18017,"[2, 1, 0]",300,150.7859230041504,True,3.1818872011445904,606,0.0591796875
0111,18018,"[2, 1, 0]",300,150.79450607299805,False,3.1818872011445904,606,0.0591796875
0111,18019,"[2, 1, 0]",300,150.79975128173828,True,3.1818872011445904,606,0.0591796875
0111,18020,"[2, 1, 0]",300,150.80809593200684,False,3.1818872011445904,606,0.0591796875
0111,18021,"[2, 1, 0]",300,150.81357955932617,True,3.1818872011445904,606,0.0591796875
0111,18022,"[2, 1, 0]",300,150.82192420959473,False,3.1818872011445904,606,0.0591796875
0111,18023,"[2, 1, 0]",300,150.82716941833496,True,3.1818872011445904,606,0.0591796875
0111,18024,"[2, 1, 0]",300,150.83575248718262,False,3.1818872011445904,606,0.0591796875
0111,18025,"[2, 1, 0]",300,150.84099769592285,True,3.1818872011445904,606,0.0591796875
0111,18026,"[2, 1, 0]",300,150.8493423461914,False,3.1818872011445904,606,0.0591796875
0111,18027,"[2, 1, 0]",300,150.85482597351074,True,3.1818872011445904,606,0.0591796875
0111,18028,"[2, 1, 0]",300,150.8634090423584,False,3.1818872011445904,606,0.0591796875
0111,18029,"[2, 1, 0]",300,150.86817741394043,True,3.1818872011445904,606,0.0591796875
0111,18030,"[2, 1, 0]",300,150.8769989013672,False,3.1818872011445904,606,0.0591796875
0111,18031,"[2, 1, 0]",300,150.88200569152832,True,3.1818872011445904,606,0.0591796875
0111,18032,"[2, 1, 0]",300,150.89058876037598,False,3.1818872011445904,606,0.0591796875
0111,18033,"[2, 1, 0]",300,150.90179443359375,True,3.1818872011445904,606,0.0591796875
0111,18034,"[2, 1, 0]",300,150.9110927581787,False,3.1818872011445904,606,0.0591796875
0111,18035,"[2, 1, 0]",300,150.91729164123535,True,3.1818872011445904,606,0.0591796875
0111,18036,"[2, 1, 0]",300,150.9265899658203,False,3.1818872011445904,606,0.0591796875
0111,18037,"[2, 1, 0]",300,150.93207359313965,True,3.1818872011445904,606,0.0591796875
0111,18038,"[2, 1, 0]",300,150.9408950805664,False,3.1818872011445904,606,0.0591796875
0111,18039,"[2, 1, 0]",300,150.94637870788574,True,3.1818872011445904,606,0.0591796875
0111,18040,"[2, 1, 0]",300,150.9549617767334,False,3.1818872011445904,606,0.0591796875
0111,18041,"[2, 1, 0]",300,150.96020698547363,True,3.1818872011445904,606,0.0591796875
0111,18042,"[2, 1, 0]",300,150.9687900543213,False,3.1818872011445904,606,0.0591796875
0111,18043,"[2, 1, 0]",300,150.97403526306152,True,3.1818872011445904,606,0.0591796875
0111,18044,"[2, 1, 0]",300,150.98237991333008,False,3.1818872011445904,606,0.0591796875
0111,18045,"[2, 1, 0]",300,150.9878635406494,True,3.1818872011445904,606,0.0591796875
0111,18046,"[2, 1, 0]",300,150.99620819091797,False,3.1818872011445904,606,0.0591796875
0111,18047,"[2, 1, 0]",300,151.0014533996582,True,3.1818872011445904,606,0.0591796875
0111,18048,"[2, 1, 0]",300,151.01003646850586,False,3.1818872011445904,606,0.0591796875
0111,18049,"[2, 1, 0]",300,151.0152816772461,True,3.1818872011445904,606,0.0591796875
0111,18050,"[2, 1, 0]",300,151.02362632751465,False,3.1818872011445904,606,0.0591796875
0111,18051,"[2, 1, 0]",300,151.02887153625488,True,3.1818872011445904,606,0.0591796875
0111,18052,"[2, 1, 0]",300,151.03745460510254,False,3.1818872011445904,606,0.0591796875
0111,18053,"[2, 1, 0]",300,151.0457992553711,True,3.1818872011445904,606,0.0591796875
0111,18054,"[2, 1, 0]",300,151.05462074279785,False,3.1818872011445904,606,0.0591796875
0111,18055,"[2, 1, 0]",300,151.0601043701172,True,3.1818872011445904,606,0.0591796875
0111,18056,"[2, 1, 0]",300,151.06844902038574,False,3.1818872011445904,606,0.0591796875
0111,18057,"[2, 1, 0]",300,151.07393264770508,True,3.1818872011445904,606,0.0591796875
0111,18058,"[2, 1, 0]",300,151.08227729797363,False,3.1818872011445904,606,0.0591796875
0111,18059,"[2, 1, 0]",300,151.08752250671387,True,3.1818872011445904,606,0.0591796875
0111,18060,"[2, 1, 0]",300,151.09586715698242,False,3.1818872011445904,606,0.0591796875
0111,18061,"[2, 1, 0]",300,151.10087394714355,True,3.1818872011445904,606,0.0591796875
0111,18062,"[2, 1, 0]",300,151.1096954345703,False,3.1818872011445904,606,0.0591796875
0111,18063,"[2, 1, 0]",300,151.11470222473145,True,3.1818872011445904,606,0.0591796875
1111,18064,"[2, 1, 0]",300,151.1244773864746,False,7.136129710583916,604,0.058984375
1111,18065,"[2, 1, 0]",300,151.12972259521484,True,7.136129710583916,604,0.058984375
1111,18066,"[2, 1, 0]",300,151.1383056640625,False,7.136129710583916,604,0.058984375
1111,18067,"[2, 1, 0]",300,151.14378929138184,True,7.136129710583916,604,0.058984375
1111,18068,"[2, 1, 0]",300,151.1523723602295,False,7.136129710583916,604,0.058984375
1111,18069,"[2, 1, 0]",300,151.15761756896973,True,7.136129710583916,604,0.058984375
1111,18070,"[2, 1, 0]",300,151.16596221923828,False,7.136129710583916,604,0.058984375
1111,18071,"[2, 1, 0]",300,151.17120742797852,True,7.136129710583916,604,0.058984375
1111,18072,"[2, 1, 0]",300,151.17979049682617,False,7.136129710583916,604,0.058984375
1111,18073,"[2, 1, 0]",300,151.1852741241455,True,7.136129710583916,604,0.058984375
1111,18074,"[2, 1, 0]",300,151.19385719299316,False,7.136129710583916,604,0.058984375
1111,18075,"[2, 1, 0]",300,151.20244026184082,True,7.136129710583916,604,0.058984375
1111,18076,"[2, 1, 0]",300,151.21150016784668,False,7.136129710583916,604,0.058984375
1111,18077,"[2, 1, 0]",300,151.2167453765869,True,7.136129710583916,604,0.058984375
1111,18078,"[2, 1, 0]",300,151.22532844543457,False,7.136129710583916,604,0.058984375
1111,18079,"[2, 1, 0]",300,151.23486518859863,True,7.136129710583916,604,0.058984375
1111,18080,"[2, 1, 0]",300,151.2432098388672,False,7.136129710583916,604,0.058984375
1111,18081,"[2, 1, 0]",300,151.24845504760742,True,7.136129710583916,604,0.058984375
1111,18082,"[2, 1, 0]",300,151.25703811645508,False,7.136129710583916,604,0.058984375
1111,18083,"[2, 1, 0]",300,151.2620449066162,True,7.136129710583916,604,0.058984375
1111,18084,"[2, 1, 0]",300,151.2737274169922,False,7.136129710583916,604,0.058984375
1111,18085,"[2, 1, 0]",300,151.27921104431152,True,7.136129710583916,604,0.058984375
1111,18086,"[2, 1, 0]",300,151.28803253173828,False,7.136129710583916,604,0.058984375
1111,18087,"[2, 1, 0]",300,151.29351615905762,True,7.136129710583916,604,0.058984375
1111,18088,"[2, 1, 0]",300,151.30186080932617,False,7.136129710583916,604,0.058984375
1111,18089,"[2, 1, 0]",300,151.3071060180664,True,7.136129710583916,604,0.058984375
1111,18090,"[2, 1, 0]",300,151.31545066833496,False,7.136129710583916,604,0.058984375
1111,18091,"[2, 1, 0]",300,151.3206958770752,True,7.136129710583916,604,0.058984375
1111,18092,"[2, 1, 0]",300,151.32904052734375,False,7.136129710583916,604,0.058984375
1111,18093,"[2, 1, 0]",300,151.3345241546631,True,7.136129710583916,604,0.058984375
1111,18094,"[2, 1, 0]",300,151.34263038635254,False,7.136129710583916,604,0.058984375
1111,18095,"[2, 1, 0]",300,151.3512134552002,True,7.136129710583916,604,0.058984375
1111,18096,"[2, 1, 0]",300,151.35979652404785,False,7.136129710583916,604,0.058984375
1111,18097,"[2, 1, 0]",300,151.3650417327881,True,7.136129710583916,604,0.058984375
1111,18098,"[2, 1, 0]",300,151.37386322021484,False,7.136129710583916,604,0.058984375
1111,18099,"[2, 1, 0]",300,151.37910842895508,True,7.136129710583916,604,0.058984375
1111,18100,"[2, 1, 0]",300,151.38769149780273,False,7.136129710583916,604,0.058984375
1111,18101,"[2, 1, 0]",300,151.39317512512207,True,7.136129710583916,604,0.058984375
1111,18102,"[2, 1, 0]",300,151.40175819396973,False,7.136129710583916,604,0.058984375
1111,18103,"[2, 1, 0]",300,151.40700340270996,True,7.136129710583916,604,0.058984375
1111,18104,"[2, 1, 0]",300,151.41558647155762,False,7.136129710583916,604,0.058984375
1111,18105,"[2, 1, 0]",300,151.42083168029785,True,7.136129710583916,604,0.058984375
1111,18106,"[2, 1, 0]",300,151.4291763305664,False,7.136129710583916,604,0.058984375
1111,18107,"[2, 1, 0]",300,151.43465995788574,True,7.136129710583916,604,0.058984375
1111,18108,"[2, 1, 0]",300,151.4432430267334,False,7.136129710583916,604,0.058984375
1111,18109,"[2, 1, 0]",300,151.44848823547363,True,7.136129710583916,604,0.058984375
1111,18110,"[2, 1, 0]",300,151.4570713043213,False,7.136129710583916,604,0.058984375
1111,18111,"[2, 1, 0]",300,151.46255493164062,True,7.136129710583916,604,0.058984375
1111,18112,"[2, 1, 0]",300,151.47113800048828,False,7.136129710583916,604,0.058984375
1111,18113,"[2, 1, 0]",300,151.47638320922852,True,7.136129710583916,604,0.058984375
1111,18114,"[2, 1, 0]",300,151.48520469665527,False,7.136129710583916,604,0.058984375
1111,18115,"[2, 1, 0]",300,151.4904499053955,True,7.136129710583916,604,0.058984375
1111,18116,"[2, 1, 0]",300,151.49903297424316,False,7.136129710583916,604,0.058984375
1111,18117,"[2, 1, 0]",300,151.52239799499512,True,7.136129710583916,604,0.058984375
1111,18118,"[2, 1, 0]",300,151.53264999389648,False,7.136129710583916,604,0.058984375
1111,18119,"[2, 1, 0]",300,151.53789520263672,True,7.136129710583916,604,0.058984375
1111,18120,"[2, 1, 0]",300,151.54743194580078,False,7.136129710583916,604,0.058984375
1111,18121,"[2, 1, 0]",300,151.55291557312012,True,7.136129710583916,604,0.058984375
1111,18122,"[2, 1, 0]",300,151.56173706054688,False,7.136129710583916,604,0.058984375
1111,18123,"[2, 1, 0]",300,151.92556381225586,True,7.136129710583916,604,0.058984375
1111,18124,"[2, 1, 0]",300,151.93986892700195,False,7.136129710583916,604,0.058984375
1111,18125,"[2, 1, 0]",300,151.9458293914795,True,7.136129710583916,604,0.058984375
1111,18126,"[2, 1, 0]",300,151.95465087890625,False,7.136129710583916,604,0.058984375
1111,18127,"[2, 1, 0]",300,151.9601345062256,True,7.136129710583916,604,0.058984375
1111,18128,"[2, 1, 0]",300,151.96919441223145,False,7.136129710583916,604,0.058984375
1111,18129,"[2, 1, 0]",300,151.97420120239258,True,7.136129710583916,604,0.058984375
1111,18130,"[2, 1, 0]",300,151.98326110839844,False,7.136129710583916,604,0.058984375
1111,18131,"[2, 1, 0]",300,151.98850631713867,True,7.136129710583916,604,0.058984375
1111,18132,"[2, 1, 0]",300,151.99732780456543,False,7.136129710583916,604,0.058984375
1111,18133,"[2, 1, 0]",300,152.00233459472656,True,7.136129710583916,604,0.058984375
1111,18134,"[2, 1, 0]",300,152.01663970947266,False,7.136129710583916,604,0.058984375
1111,18135,"[2, 1, 0]",300,152.0226001739502,True,7.136129710583916,604,0.058984375
1111,18136,"[2, 1, 0]",300,152.03189849853516,False,7.136129710583916,604,0.058984375
1111,18137,"[2, 1, 0]",300,152.04167366027832,True,7.136129710583916,604,0.058984375
1111,18138,"[2, 1, 0]",300,152.05121040344238,False,7.136129710583916,604,0.058984375
1111,18139,"[2, 1, 0]",300,152.05669403076172,True,7.136129710583916,604,0.058984375
1111,18140,"[2, 1, 0]",300,152.06551551818848,False,7.136129710583916,604,0.058984375
1111,18141,"[2, 1, 0]",300,152.0709991455078,True,7.136129710583916,604,0.058984375
1111,18142,"[2, 1, 0]",300,152.07958221435547,False,7.136129710583916,604,0.058984375
1111,18143,"[2, 1, 0]",300,152.0848274230957,True,7.136129710583916,604,0.058984375
1111,18144,"[2, 1, 0]",300,152.09364891052246,False,7.136129710583916,604,0.058984375
1111,18145,"[2, 1, 0]",300,152.0991325378418,True,7.136129710583916,604,0.058984375
1111,18146,"[2, 1, 0]",300,152.10747718811035,False,7.136129710583916,604,0.058984375
1111,18147,"[2, 1, 0]",300,152.1127223968506,True,7.136129710583916,604,0.058984375
1111,18148,"[2, 1, 0]",300,152.12154388427734,False,7.136129710583916,604,0.058984375
1111,18149,"[2, 1, 0]",300,152.12678909301758,True,7.136129710583916,604,0.058984375
1111,18150,"[2, 1, 0]",300,152.13584899902344,False,7.136129710583916,604,0.058984375
1111,18151,"[2, 1, 0]",300,152.14109420776367,True,7.136129710583916,604,0.058984375
1111,18152,"[2, 1, 0]",300,152.14991569519043,False,7.136129710583916,604,0.058984375
1111,18153,"[2, 1, 0]",300,152.15802192687988,True,7.136129710583916,604,0.058984375
1111,18154,"[2, 1, 0]",300,152.16708183288574,False,7.136129710583916,604,0.058984375
1111,18155,"[2, 1, 0]",300,152.17256546020508,True,7.136129710583916,604,0.058984375
1111,18156,"[2, 1, 0]",300,152.18138694763184,False,7.136129710583916,604,0.058984375
1111,18157,"[2, 1, 0]",300,152.18663215637207,True,7.136129710583916,604,0.058984375
1111,18158,"[2, 1, 0]",300,152.2200107574463,False,7.136129710583916,604,0.058984375
1111,18159,"[2, 1, 0]",300,152.2378921508789,True,7.136129710583916,604,0.058984375
1111,18160,"[2, 1, 0]",300,152.25601196289062,False,7.136129710583916,604,0.058984375
1111,18161,"[2, 1, 0]",300,152.26292610168457,True,7.136129710583916,604,0.058984375
1111,18162,"[2, 1, 0]",300,152.27508544921875,False,7.136129710583916,604,0.058984375
1111,18163,"[2, 1, 0]",300,152.2817611694336,True,7.136129710583916,604,0.058984375
1111,18164,"[2, 1, 0]",300,152.29225158691406,False,7.136129710583916,604,0.058984375
1111,18165,"[2, 1, 0]",300,152.2977352142334,True,7.136129710583916,604,0.058984375
1111,18166,"[2, 1, 0]",300,152.30751037597656,False,7.136129710583916,604,0.058984375
1111,18167,"[2, 1, 0]",300,152.313232421875,True,7.136129710583916,604,0.058984375
1111,18168,"[2, 1, 0]",300,152.32276916503906,False,7.136129710583916,604,0.058984375
1111,18169,"[2, 1, 0]",300,152.3294448852539,True,7.136129710583916,604,0.058984375
1111,18170,"[2, 1, 0]",300,152.33969688415527,False,7.136129710583916,604,0.058984375
1111,18171,"[2, 1, 0]",300,152.3456573486328,True,7.136129710583916,604,0.058984375
1111,18172,"[2, 1, 0]",300,152.35567092895508,False,7.136129710583916,604,0.058984375
1111,18173,"[2, 1, 0]",300,152.3609161376953,True,7.136129710583916,604,0.058984375
1111,18174,"[2, 1, 0]",300,152.36973762512207,False,7.136129710583916,604,0.058984375
1111,18175,"[2, 1, 0]",300,152.3756980895996,True,7.136129710583916,604,0.058984375
1111,18176,"[2, 1, 0]",300,152.38451957702637,False,7.136129710583916,604,0.058984375
1111,18177,"[2, 1, 0]",300,152.3897647857666,True,7.136129710583916,604,0.058984375
1111,18178,"[2, 1, 0]",300,152.39834785461426,False,7.136129710583916,604,0.058984375
1111,18179,"[2, 1, 0]",300,152.41074562072754,True,7.136129710583916,604,0.058984375
1111,18180,"[2, 1, 0]",300,152.4205207824707,False,7.136129710583916,604,0.058984375
1111,18181,"[2, 1, 0]",300,152.42624282836914,True,7.136129710583916,604,0.058984375
1111,18182,"[2, 1, 0]",300,152.435302734375,False,7.136129710583916,604,0.058984375
1111,18183,"[2, 1, 0]",300,152.44054794311523,True,7.136129710583916,604,0.058984375
1111,18184,"[2, 1, 0]",300,152.4496078491211,False,7.136129710583916,604,0.058984375
1111,18185,"[2, 1, 0]",300,152.45938301086426,True,7.136129710583916,604,0.058984375
1111,18186,"[2, 1, 0]",300,152.46939659118652,False,7.136129710583916,604,0.058984375
1111,18187,"[2, 1, 0]",300,152.47511863708496,True,7.136129710583916,604,0.058984375
1111,18188,"[2, 1, 0]",300,152.48513221740723,False,7.136129710583916,604,0.058984375
1111,18189,"[2, 1, 0]",300,152.49061584472656,True,7.136129710583916,604,0.058984375
1111,18190,"[2, 1, 0]",300,152.49943733215332,False,7.136129710583916,604,0.058984375
1111,18191,"[2, 1, 0]",300,152.50468254089355,True,7.136129710583916,604,0.058984375
1111,18192,"[2, 1, 0]",300,152.5135040283203,False,7.136129710583916,604,0.058984375
1111,18193,"[2, 1, 0]",300,152.51874923706055,True,7.136129710583916,604,0.058984375
1111,18194,"[2, 1, 0]",300,152.5273323059082,False,7.136129710583916,604,0.058984375
1111,18195,"[2, 1, 0]",300,152.53257751464844,True,7.136129710583916,604,0.058984375
1111,18196,"[2, 1, 0]",300,152.5411605834961,False,7.136129710583916,604,0.058984375
1111,18197,"[2, 1, 0]",300,152.54664421081543,True,7.136129710583916,604,0.058984375
1111,18198,"[2, 1, 0]",300,152.5554656982422,False,7.136129710583916,604,0.058984375
1111,18199,"[2, 1, 0]",300,152.56071090698242,True,7.136129710583916,604,0.058984375
1111,18200,"[2, 1, 0]",300,152.56929397583008,False,7.136129710583916,604,0.058984375
1111,18201,"[2, 1, 0]",300,152.57811546325684,True,7.136129710583916,604,0.058984375
1111,18202,"[2, 1, 0]",300,152.5874137878418,False,7.136129710583916,604,0.058984375
1111,18203,"[2, 1, 0]",300,152.59242057800293,True,7.136129710583916,604,0.058984375
1111,18204,"[2, 1, 0]",300,152.6021957397461,False,7.136129710583916,604,0.058984375
1111,18205,"[2, 1, 0]",300,152.60720252990723,True,7.136129710583916,604,0.058984375
1111,18206,"[2, 1, 0]",300,152.61602401733398,False,7.136129710583916,604,0.058984375
1111,18207,"[2, 1, 0]",300,152.62103080749512,True,7.136129710583916,604,0.058984375
1111,18208,"[2, 1, 0]",300,152.62961387634277,False,7.136129710583916,604,0.058984375
1111,18209,"[2, 1, 0]",300,152.6498794555664,True,7.136129710583916,604,0.058984375
1111,18210,"[2, 1, 0]",300,152.6777744293213,False,7.136129710583916,604,0.058984375
1111,18211,"[2, 1, 0]",300,152.68945693969727,True,7.136129710583916,604,0.058984375
1111,18212,"[2, 1, 0]",300,152.70256996154785,False,7.136129710583916,604,0.058984375
1111,18213,"[2, 1, 0]",300,152.7094841003418,True,7.136129710583916,604,0.058984375
1111,18214,"[2, 1, 0]",300,152.71973609924316,False,7.136129710583916,604,0.058984375
1111,18215,"[2, 1, 0]",300,152.7259349822998,True,7.136129710583916,604,0.058984375
1111,18216,"[2, 1, 0]",300,152.73499488830566,False,7.136129710583916,604,0.058984375
1111,18217,"[2, 1, 0]",300,152.7409553527832,True,7.136129710583916,604,0.058984375
1111,18218,"[2, 1, 0]",300,152.74953842163086,False,7.136129710583916,604,0.058984375
1111,18219,"[2, 1, 0]",300,152.7550220489502,True,7.136129710583916,604,0.058984375
1111,18220,"[2, 1, 0]",300,152.76408195495605,False,7.136129710583916,604,0.058984375
1111,18221,"[2, 1, 0]",300,152.78267860412598,True,7.136129710583916,604,0.058984375
1111,18222,"[2, 1, 0]",300,152.79221534729004,False,7.136129710583916,604,0.058984375
1111,18223,"[2, 1, 0]",300,152.79746055603027,True,7.136129710583916,604,0.058984375
1111,18224,"[2, 1, 0]",300,152.80675888061523,False,7.136129710583916,604,0.058984375
1111,18225,"[2, 1, 0]",300,152.81176567077637,True,7.136129710583916,604,0.058984375
1111,18226,"[2, 1, 0]",300,152.82082557678223,False,7.136129710583916,604,0.058984375
1111,18227,"[2, 1, 0]",300,152.82607078552246,True,7.136129710583916,604,0.058984375
1111,18228,"[2, 1, 0]",300,152.83489227294922,False,7.136129710583916,604,0.058984375
1111,18229,"[2, 1, 0]",300,152.83989906311035,True,7.136129710583916,604,0.058984375
1111,18230,"[2, 1, 0]",300,152.8487205505371,False,7.136129710583916,604,0.058984375
1111,18231,"[2, 1, 0]",300,152.85372734069824,True,7.136129710583916,604,0.058984375
1111,18232,"[2, 1, 0]",300,152.8627872467041,False,7.136129710583916,604,0.058984375
1111,18233,"[2, 1, 0]",300,152.86779403686523,True,7.136129710583916,604,0.058984375
1111,18234,"[2, 1, 0]",300,152.8768539428711,False,7.136129710583916,604,0.058984375
1111,18235,"[2, 1, 0]",300,152.88662910461426,True,7.136129710583916,604,0.058984375
1111,18236,"[2, 1, 0]",300,152.89616584777832,False,7.136129710583916,604,0.058984375
1111,18237,"[2, 1, 0]",300,152.90141105651855,True,7.136129710583916,604,0.058984375
1111,18238,"[2, 1, 0]",300,152.9102325439453,False,7.136129710583916,604,0.058984375
1111,18239,"[2, 1, 0]",300,152.91547775268555,True,7.136129710583916,604,0.058984375
1111,18240,"[2, 1, 0]",300,152.9245376586914,False,7.136129710583916,604,0.058984375
1111,18241,"[2, 1, 0]",300,152.92954444885254,True,7.136129710583916,604,0.058984375
1111,18242,"[2, 1, 0]",300,152.9383659362793,False,7.136129710583916,604,0.058984375
1111,18243,"[2, 1, 0]",300,152.94718742370605,True,7.136129710583916,604,0.058984375
1111,18244,"[2, 1, 0]",300,152.9560089111328,False,7.136129710583916,604,0.058984375
1111,18245,"[2, 1, 0]",300,152.96125411987305,True,7.136129710583916,604,0.058984375
1111,18246,"[2, 1, 0]",300,152.9703140258789,False,7.136129710583916,604,0.058984375
1111,18247,"[2, 1, 0]",300,152.97532081604004,True,7.136129710583916,604,0.058984375
1111,18248,"[2, 1, 0]",300,152.9839038848877,False,7.136129710583916,604,0.058984375
1111,18249,"[2, 1, 0]",300,152.98891067504883,True,7.136129710583916,604,0.058984375
1111,18250,"[2, 1, 0]",300,152.99749374389648,False,7.136129710583916,604,0.058984375
1111,18251,"[2, 1, 0]",300,153.00250053405762,True,7.136129710583916,604,0.058984375
1111,18252,"[2, 1, 0]",300,153.01108360290527,False,7.136129710583916,604,0.058984375
1111,18253,"[2, 1, 0]",300,153.0160903930664,True,7.136129710583916,604,0.058984375
1111,18254,"[2, 1, 0]",300,153.02467346191406,False,7.136129710583916,604,0.058984375
1111,18255,"[2, 1, 0]",300,153.0296802520752,True,7.136129710583916,604,0.058984375
1111,18256,"[2, 1, 0]",300,153.03802490234375,False,7.136129710583916,604,0.058984375
1111,18257,"[2, 1, 0]",300,153.04327011108398,True,7.136129710583916,604,0.058984375
1111,18258,"[2, 1, 0]",300,153.05185317993164,False,7.136129710583916,604,0.058984375
1111,18259,"[2, 1, 0]",300,153.05709838867188,True,7.136129710583916,604,0.058984375
1111,18260,"[2, 1, 0]",300,153.06544303894043,False,7.136129710583916,604,0.058984375
1111,18261,"[2, 1, 0]",300,153.07068824768066,True,7.136129710583916,604,0.058984375
1111,18262,"[2, 1, 0]",300,153.07903289794922,False,7.136129710583916,604,0.058984375
1111,18263,"[2, 1, 0]",300,153.08737754821777,True,7.136129710583916,604,0.058984375
1111,18264,"[2, 1, 0]",300,153.09619903564453,False,7.136129710583916,604,0.058984375
1111,18265,"[2, 1, 0]",300,153.10144424438477,True,7.136129710583916,604,0.058984375
1111,18266,"[2, 1, 0]",300,153.11002731323242,False,7.136129710583916,604,0.058984375
1111,18267,"[2, 1, 0]",300,153.11503410339355,True,7.136129710583916,604,0.058984375
1111,18268,"[2, 1, 0]",300,153.1238555908203,False,7.136129710583916,604,0.058984375
1111,18269,"[2, 1, 0]",300,153.12886238098145,True,7.136129710583916,604,0.058984375
1111,18270,"[2, 1, 0]",300,153.1374454498291,False,7.136129710583916,604,0.058984375
1111,18271,"[2, 1, 0]",300,153.14269065856934,True,7.136129710583916,604,0.058984375
1111,18272,"[2, 1, 0]",300,153.1510353088379,False,7.136129710583916,604,0.058984375
1111,18273,"[2, 1, 0]",300,153.15604209899902,True,7.136129710583916,604,0.058984375
1111,18274,"[2, 1, 0]",300,153.16462516784668,False,7.136129710583916,604,0.058984375
1111,18275,"[2, 1, 0]",300,153.1696319580078,True,7.136129710583916,604,0.058984375
1111,18276,"[2, 1, 0]",300,153.17845344543457,False,7.136129710583916,604,0.058984375
1111,18277,"[2, 1, 0]",300,153.1834602355957,True,7.136129710583916,604,0.058984375
1111,18278,"[2, 1, 0]",300,153.19204330444336,False,7.136129710583916,604,0.058984375
1111,18279,"[2, 1, 0]",300,153.1970500946045,True,7.136129710583916,604,0.058984375
1111,18280,"[2, 1, 0]",300,153.20563316345215,False,7.136129710583916,604,0.058984375
1111,18281,"[2, 1, 0]",300,153.21063995361328,True,7.136129710583916,604,0.058984375
1111,18282,"[2, 1, 0]",300,153.21946144104004,False,7.136129710583916,604,0.058984375
1111,18283,"[2, 1, 0]",300,153.22446823120117,True,7.136129710583916,604,0.058984375
1111,18284,"[2, 1, 0]",300,153.23328971862793,False,7.136129710583916,604,0.058984375
1111,18285,"[2, 1, 0]",300,153.2442569732666,True,7.136129710583916,604,0.058984375
1111,18286,"[2, 1, 0]",300,153.25379371643066,False,7.136129710583916,604,0.058984375
1111,18287,"[2, 1, 0]",300,153.2590389251709,True,7.136129710583916,604,0.058984375
1111,18288,"[2, 1, 0]",300,153.26809883117676,False,7.136129710583916,604,0.058984375
1111,18289,"[2, 1, 0]",300,153.273344039917,True,7.136129710583916,604,0.058984375
1111,18290,"[2, 1, 0]",300,153.28240394592285,False,7.136129710583916,604,0.058984375
1111,18291,"[2, 1, 0]",300,153.28741073608398,True,7.136129710583916,604,0.058984375
1111,18292,"[2, 1, 0]",300,153.29599380493164,False,7.136129710583916,604,0.058984375
1111,18293,"[2, 1, 0]",300,153.30100059509277,True,7.136129710583916,604,0.058984375
1111,18294,"[2, 1, 0]",300,153.30958366394043,False,7.136129710583916,604,0.058984375
1111,18295,"[2, 1, 0]",300,153.31459045410156,True,7.136129710583916,604,0.058984375
1111,18296,"[2, 1, 0]",300,153.32317352294922,False,7.136129710583916,604,0.058984375
1111,18297,"[2, 1, 0]",300,153.32818031311035,True,7.136129710583916,604,0.058984375
1111,18298,"[2, 1, 0]",300,153.3365249633789,False,7.136129710583916,604,0.058984375
1111,18299,"[2, 1, 0]",300,153.34200859069824,True,7.136129710583916,604,0.058984375
1111,18300,"[2, 1, 0]",300,153.3503532409668,False,7.136129710583916,604,0.058984375
1111,18301,"[2, 1, 0]",300,153.35583686828613,True,7.136129710583916,604,0.058984375
1111,18302,"[2, 1, 0]",300,153.3641815185547,False,7.136129710583916,604,0.058984375
1111,18303,"[2, 1, 0]",300,153.36942672729492,True,7.136129710583916,604,0.058984375
1111,18304,"[2, 1, 0]",300,153.37800979614258,False,7.136129710583916,604,0.058984375
1111,18305,"[2, 1, 0]",300,153.38635444641113,True,7.136129710583916,604,0.058984375
1111,18306,"[2, 1, 0]",300,153.3951759338379,False,7.136129710583916,604,0.058984375
1111,18307,"[2, 1, 0]",300,153.40065956115723,True,7.136129710583916,604,0.058984375
1111,18308,"[2, 1, 0]",300,153.40900421142578,False,7.136129710583916,604,0.058984375
1111,18309,"[2, 1, 0]",300,153.41424942016602,True,7.136129710583916,604,0.058984375
1111,18310,"[2, 1, 0]",300,153.42283248901367,False,7.136129710583916,604,0.058984375
1111,18311,"[2, 1, 0]",300,153.4280776977539,True,7.136129710583916,604,0.058984375
1111,18312,"[2, 1, 0]",300,153.43642234802246,False,7.136129710583916,604,0.058984375
1111,18313,"[2, 1, 0]",300,153.4414291381836,True,7.136129710583916,604,0.058984375
1111,18314,"[2, 1, 0]",300,153.45001220703125,False,7.136129710583916,604,0.058984375
1111,18315,"[2, 1, 0]",300,153.45525741577148,True,7.136129710583916,604,0.058984375
1111,18316,"[2, 1, 0]",300,153.46360206604004,False,7.136129710583916,604,0.058984375
1111,18317,"[2, 1, 0]",300,153.46884727478027,True,7.136129710583916,604,0.058984375
1111,18318,"[2, 1, 0]",300,153.47743034362793,False,7.136129710583916,604,0.058984375
1111,18319,"[2, 1, 0]",300,153.48291397094727,True,7.136129710583916,604,0.058984375
1111,18320,"[2, 1, 0]",300,153.49125862121582,False,7.136129710583916,604,0.058984375
1111,18321,"[2, 1, 0]",300,153.5031795501709,True,7.136129710583916,604,0.058984375
1111,18322,"[2, 1, 0]",300,153.51200103759766,False,7.136129710583916,604,0.058984375
1111,18323,"[2, 1, 0]",300,153.5177230834961,True,7.136129710583916,604,0.058984375
1111,18324,"[2, 1, 0]",300,153.52630615234375,False,7.136129710583916,604,0.058984375
1111,18325,"[2, 1, 0]",300,153.5317897796631,True,7.136129710583916,604,0.058984375
1111,18326,"[2, 1, 0]",300,153.54037284851074,False,7.136129710583916,604,0.058984375
1111,18327,"[2, 1, 0]",300,153.5489559173584,True,7.136129710583916,604,0.058984375
1111,18328,"[2, 1, 0]",300,153.55753898620605,False,7.136129710583916,604,0.058984375
1111,18329,"[2, 1, 0]",300,153.5627841949463,True,7.136129710583916,604,0.058984375
1111,18330,"[2, 1, 0]",300,153.57136726379395,False,7.136129710583916,604,0.058984375
1111,18331,"[2, 1, 0]",300,153.57685089111328,True,7.136129710583916,604,0.058984375
1111,18332,"[2, 1, 0]",300,153.58543395996094,False,7.136129710583916,604,0.058984375
1111,18333,"[2, 1, 0]",300,153.59067916870117,True,7.136129710583916,604,0.058984375
1111,18334,"[2, 1, 0]",300,153.59902381896973,False,7.136129710583916,604,0.058984375
1111,18335,"[2, 1, 0]",300,153.60426902770996,True,7.136129710583916,604,0.058984375
1111,18336,"[2, 1, 0]",300,153.61618995666504,False,7.136129710583916,604,0.058984375
1111,18337,"[2, 1, 0]",300,153.62167358398438,True,7.136129710583916,604,0.058984375
1111,18338,"[2, 1, 0]",300,153.63049507141113,False,7.136129710583916,604,0.058984375
1111,18339,"[2, 1, 0]",300,153.63574028015137,True,7.136129710583916,604,0.058984375
1111,18340,"[2, 1, 0]",300,153.64837646484375,False,7.136129710583916,604,0.058984375
1111,18341,"[2, 1, 0]",300,153.65362167358398,True,7.136129710583916,604,0.058984375
1111,18342,"[2, 1, 0]",300,153.66196632385254,False,7.136129710583916,604,0.058984375
1111,18343,"[2, 1, 0]",300,153.66721153259277,True,7.136129710583916,604,0.058984375
1111,18344,"[2, 1, 0]",300,153.67531776428223,False,7.136129710583916,604,0.058984375
1111,18345,"[2, 1, 0]",300,153.68056297302246,True,7.136129710583916,604,0.058984375
1111,18346,"[2, 1, 0]",300,153.68890762329102,False,7.136129710583916,604,0.058984375
1111,18347,"[2, 1, 0]",300,153.69677543640137,True,7.136129710583916,604,0.058984375
1111,18348,"[2, 1, 0]",300,153.70631217956543,False,7.136129710583916,604,0.058984375
1111,18349,"[2, 1, 0]",300,153.71131896972656,True,7.136129710583916,604,0.058984375
1111,18350,"[2, 1, 0]",300,153.71966361999512,False,7.136129710583916,604,0.058984375
1111,18351,"[2, 1, 0]",300,153.72467041015625,True,7.136129710583916,604,0.058984375
1111,18352,"[2, 1, 0]",300,153.7332534790039,False,7.136129710583916,604,0.058984375
1111,18353,"[2, 1, 0]",300,153.73802185058594,True,7.136129710583916,604,0.058984375
1111,18354,"[2, 1, 0]",300,153.7466049194336,False,7.136129710583916,604,0.058984375
1111,18355,"[2, 1, 0]",300,153.75161170959473,True,7.136129710583916,604,0.058984375
1111,18356,"[2, 1, 0]",300,153.75995635986328,False,7.136129710583916,604,0.058984375
1111,18357,"[2, 1, 0]",300,153.76520156860352,True,7.136129710583916,604,0.058984375
1111,18358,"[2, 1, 0]",300,153.77354621887207,False,7.136129710583916,604,0.058984375
1111,18359,"[2, 1, 0]",300,153.7787914276123,True,7.136129710583916,604,0.058984375
1111,18360,"[2, 1, 0]",300,153.78713607788086,False,7.136129710583916,604,0.058984375
1111,18361,"[2, 1, 0]",300,153.7923812866211,True,7.136129710583916,604,0.058984375
1111,18362,"[2, 1, 0]",300,153.80120277404785,False,7.136129710583916,604,0.058984375
1111,18363,"[2, 1, 0]",300,153.8064479827881,True,7.136129710583916,604,0.058984375
1111,18364,"[2, 1, 0]",300,153.81503105163574,False,7.136129710583916,604,0.058984375
1111,18365,"[2, 1, 0]",300,153.82051467895508,True,7.136129710583916,604,0.058984375
1111,18366,"[2, 1, 0]",300,153.82885932922363,False,7.136129710583916,604,0.058984375
1111,18367,"[2, 1, 0]",300,153.83410453796387,True,7.136129710583916,604,0.058984375
1111,18368,"[2, 1, 0]",300,153.84268760681152,False,7.136129710583916,604,0.058984375
1111,18369,"[2, 1, 0]",300,153.85103225708008,True,7.136129710583916,604,0.058984375
1111,18370,"[2, 1, 0]",300,153.85985374450684,False,7.136129710583916,604,0.058984375
1111,18371,"[2, 1, 0]",300,153.86509895324707,True,7.136129710583916,604,0.058984375
1111,18372,"[2, 1, 0]",300,153.87344360351562,False,7.136129710583916,604,0.058984375
1111,18373,"[2, 1, 0]",300,153.87892723083496,True,7.136129710583916,604,0.058984375
1111,18374,"[2, 1, 0]",300,153.8870334625244,False,7.136129710583916,604,0.058984375
1111,18375,"[2, 1, 0]",300,153.89204025268555,True,7.136129710583916,604,0.058984375
1111,18376,"[2, 1, 0]",300,153.9006233215332,False,7.136129710583916,604,0.058984375
1111,18377,"[2, 1, 0]",300,153.90586853027344,True,7.136129710583916,604,0.058984375
1111,18378,"[2, 1, 0]",300,153.9151668548584,False,7.136129710583916,604,0.058984375
1111,18379,"[2, 1, 0]",300,153.92065048217773,True,7.136129710583916,604,0.058984375
1111,18380,"[2, 1, 0]",300,153.9292335510254,False,7.136129710583916,604,0.058984375
1111,18381,"[2, 1, 0]",300,153.93471717834473,True,7.136129710583916,604,0.058984375
1111,18382,"[2, 1, 0]",300,153.94306182861328,False,7.136129710583916,604,0.058984375
1111,18383,"[2, 1, 0]",300,153.94830703735352,True,7.136129710583916,604,0.058984375
1111,18384,"[2, 1, 0]",300,153.95641326904297,False,7.136129710583916,604,0.058984375
1111,18385,"[2, 1, 0]",300,153.9614200592041,True,7.136129710583916,604,0.058984375
1111,18386,"[2, 1, 0]",300,153.97334098815918,False,7.136129710583916,604,0.058984375
1111,18387,"[2, 1, 0]",300,153.9785861968994,True,7.136129710583916,604,0.058984375
1111,18388,"[2, 1, 0]",300,153.98788452148438,False,7.136129710583916,604,0.058984375
1111,18389,"[2, 1, 0]",300,153.99599075317383,True,7.136129710583916,604,0.058984375
1111,18390,"[2, 1, 0]",300,154.0050506591797,False,7.136129710583916,604,0.058984375
1111,18391,"[2, 1, 0]",300,154.01005744934082,True,7.136129710583916,604,0.058984375
1111,18392,"[2, 1, 0]",300,154.01887893676758,False,7.136129710583916,604,0.058984375
1111,18393,"[2, 1, 0]",300,154.0236473083496,True,7.136129710583916,604,0.058984375
1111,18394,"[2, 1, 0]",300,154.03246879577637,False,7.136129710583916,604,0.058984375
1111,18395,"[2, 1, 0]",300,154.0374755859375,True,7.136129710583916,604,0.058984375
1111,18396,"[2, 1, 0]",300,154.04629707336426,False,7.136129710583916,604,0.058984375
1111,18397,"[2, 1, 0]",300,154.0513038635254,True,7.136129710583916,604,0.058984375
1111,18398,"[2, 1, 0]",300,154.05988693237305,False,7.136129710583916,604,0.058984375
1111,18399,"[2, 1, 0]",300,154.06489372253418,True,7.136129710583916,604,0.058984375
1111,18400,"[2, 1, 0]",300,154.07347679138184,False,7.136129710583916,604,0.058984375
1111,18401,"[2, 1, 0]",300,154.07848358154297,True,7.136129710583916,604,0.058984375
1111,18402,"[2, 1, 0]",300,154.08706665039062,False,7.136129710583916,604,0.058984375
1111,18403,"[2, 1, 0]",300,154.09231185913086,True,7.136129710583916,604,0.058984375
1111,18404,"[2, 1, 0]",300,154.10089492797852,False,7.136129710583916,604,0.058984375
1111,18405,"[2, 1, 0]",300,154.10590171813965,True,7.136129710583916,604,0.058984375
1111,18406,"[2, 1, 0]",300,154.1140079498291,False,7.136129710583916,604,0.058984375
1111,18407,"[2, 1, 0]",300,154.11925315856934,True,7.136129710583916,604,0.058984375
1111,18408,"[2, 1, 0]",300,154.1275978088379,False,7.136129710583916,604,0.058984375
1111,18409,"[2, 1, 0]",300,154.13284301757812,True,7.136129710583916,604,0.058984375
1111,18410,"[2, 1, 0]",300,154.14118766784668,False,7.136129710583916,604,0.058984375
1111,18411,"[2, 1, 0]",300,154.14977073669434,True,7.136129710583916,604,0.058984375
1111,18412,"[2, 1, 0]",300,154.158353805542,False,7.136129710583916,604,0.058984375
1111,18413,"[2, 1, 0]",300,154.16359901428223,True,7.136129710583916,604,0.058984375
1111,18414,"[2, 1, 0]",300,154.17194366455078,False,7.136129710583916,604,0.058984375
1111,18415,"[2, 1, 0]",300,154.1767120361328,True,7.136129710583916,604,0.058984375
1111,18416,"[2, 1, 0]",300,154.18529510498047,False,7.136129710583916,604,0.058984375
1111,18417,"[2, 1, 0]",300,154.1900634765625,True,7.136129710583916,604,0.058984375
1111,18418,"[2, 1, 0]",300,154.19864654541016,False,7.136129710583916,604,0.058984375
1111,18419,"[2, 1, 0]",300,154.2036533355713,True,7.136129710583916,604,0.058984375
1111,18420,"[2, 1, 0]",300,154.22511100769043,False,7.136129710583916,604,0.058984375
1111,18421,"[2, 1, 0]",300,154.24180030822754,True,7.136129710583916,604,0.058984375
1111,18422,"[2, 1, 0]",300,154.26278114318848,False,7.136129710583916,604,0.058984375
1111,18423,"[2, 1, 0]",300,154.27017211914062,True,7.136129710583916,604,0.058984375
1111,18424,"[2, 1, 0]",300,154.2825698852539,False,7.136129710583916,604,0.058984375
1111,18425,"[2, 1, 0]",300,154.28853034973145,True,7.136129710583916,604,0.058984375
1111,18426,"[2, 1, 0]",300,154.2980670928955,False,7.136129710583916,604,0.058984375
1111,18427,"[2, 1, 0]",300,154.30355072021484,True,7.136129710583916,604,0.058984375
1111,18428,"[2, 1, 0]",300,154.3126106262207,False,7.136129710583916,604,0.058984375
1111,18429,"[2, 1, 0]",300,154.31761741638184,True,7.136129710583916,604,0.058984375
1111,18430,"[2, 1, 0]",300,154.3266773223877,False,7.136129710583916,604,0.058984375
1111,18431,"[2, 1, 0]",300,154.33716773986816,True,7.136129710583916,604,0.058984375
1111,18432,"[2, 1, 0]",300,154.34622764587402,False,7.136129710583916,604,0.058984375
1111,18433,"[2, 1, 0]",300,154.35171127319336,True,7.136129710583916,604,0.058984375
1111,18434,"[2, 1, 0]",300,154.36053276062012,False,7.136129710583916,604,0.058984375
1111,18435,"[2, 1, 0]",300,154.36553955078125,True,7.136129710583916,604,0.058984375
1111,18436,"[2, 1, 0]",300,154.374361038208,False,7.136129710583916,604,0.058984375
1111,18437,"[2, 1, 0]",300,154.38342094421387,True,7.136129710583916,604,0.058984375
1111,18438,"[2, 1, 0]",300,154.39319610595703,False,7.136129710583916,604,0.058984375
1111,18439,"[2, 1, 0]",300,154.39844131469727,True,7.136129710583916,604,0.058984375
1111,18440,"[2, 1, 0]",300,154.40797805786133,False,7.136129710583916,604,0.058984375
1111,18441,"[2, 1, 0]",300,154.41322326660156,True,7.136129710583916,604,0.058984375
1111,18442,"[2, 1, 0]",300,154.42180633544922,False,7.136129710583916,604,0.058984375
1111,18443,"[2, 1, 0]",300,154.42705154418945,True,7.136129710583916,604,0.058984375
1111,18444,"[2, 1, 0]",300,154.4356346130371,False,7.136129710583916,604,0.058984375
1111,18445,"[2, 1, 0]",300,154.44040298461914,True,7.136129710583916,604,0.058984375
1111,18446,"[2, 1, 0]",300,154.4492244720459,False,7.136129710583916,604,0.058984375
1111,18447,"[2, 1, 0]",300,154.45423126220703,True,7.136129710583916,604,0.058984375
1111,18448,"[2, 1, 0]",300,154.4630527496338,False,7.136129710583916,604,0.058984375
1111,18449,"[2, 1, 0]",300,154.46805953979492,True,7.136129710583916,604,0.058984375
1111,18450,"[2, 1, 0]",300,154.47664260864258,False,7.136129710583916,604,0.058984375
1111,18451,"[2, 1, 0]",300,154.4816493988037,True,7.136129710583916,604,0.058984375
1111,18452,"[2, 1, 0]",300,154.49023246765137,False,7.136129710583916,604,0.058984375
1111,18453,"[2, 1, 0]",300,154.49857711791992,True,7.136129710583916,604,0.058984375
1111,18454,"[2, 1, 0]",300,154.50739860534668,False,7.136129710583916,604,0.058984375
1111,18455,"[2, 1, 0]",300,154.5126438140869,True,7.136129710583916,604,0.058984375
1111,18456,"[2, 1, 0]",300,154.52122688293457,False,7.136129710583916,604,0.058984375
1111,18457,"[2, 1, 0]",300,154.5259952545166,True,7.136129710583916,604,0.058984375
1111,18458,"[2, 1, 0]",300,154.53457832336426,False,7.136129710583916,604,0.058984375
1111,18459,"[2, 1, 0]",300,154.5395851135254,True,7.136129710583916,604,0.058984375
1111,18460,"[2, 1, 0]",300,154.54816818237305,False,7.136129710583916,604,0.058984375
1111,18461,"[2, 1, 0]",300,154.55317497253418,True,7.136129710583916,604,0.058984375
1111,18462,"[2, 1, 0]",300,154.56151962280273,False,7.136129710583916,604,0.058984375
1111,18463,"[2, 1, 0]",300,154.56676483154297,True,7.136129710583916,604,0.058984375
1111,18464,"[2, 1, 0]",300,154.57510948181152,False,7.136129710583916,604,0.058984375
1111,18465,"[2, 1, 0]",300,154.58035469055176,True,7.136129710583916,604,0.058984375
1111,18466,"[2, 1, 0]",300,154.5889377593994,False,7.136129710583916,604,0.058984375
1111,18467,"[2, 1, 0]",300,154.59418296813965,True,7.136129710583916,604,0.058984375
1111,18468,"[2, 1, 0]",300,154.6025276184082,False,7.136129710583916,604,0.058984375
1111,18469,"[2, 1, 0]",300,154.60777282714844,True,7.136129710583916,604,0.058984375
1111,18470,"[2, 1, 0]",300,154.616117477417,False,7.136129710583916,604,0.058984375
1111,18471,"[2, 1, 0]",300,154.64234352111816,True,7.136129710583916,604,0.058984375
1111,18472,"[2, 1, 0]",300,154.65092658996582,False,7.136129710583916,604,0.058984375
1111,18473,"[2, 1, 0]",300,154.65927124023438,True,7.136129710583916,604,0.058984375
1111,18474,"[2, 1, 0]",300,154.66809272766113,False,7.136129710583916,604,0.058984375
1111,18475,"[2, 1, 0]",300,154.67309951782227,True,7.136129710583916,604,0.058984375
1111,18476,"[2, 1, 0]",300,154.68192100524902,False,7.136129710583916,604,0.058984375
1111,18477,"[2, 1, 0]",300,154.68668937683105,True,7.136129710583916,604,0.058984375
1111,18478,"[2, 1, 0]",300,154.6955108642578,False,7.136129710583916,604,0.058984375
1111,18479,"[2, 1, 0]",300,154.70051765441895,True,7.136129710583916,604,0.058984375
1111,18480,"[2, 1, 0]",300,154.7093391418457,False,7.136129710583916,604,0.058984375
1111,18481,"[2, 1, 0]",300,154.71410751342773,True,7.136129710583916,604,0.058984375
1111,18482,"[2, 1, 0]",300,154.7229290008545,False,7.136129710583916,604,0.058984375
1111,18483,"[2, 1, 0]",300,154.72793579101562,True,7.136129710583916,604,0.058984375
1111,18484,"[2, 1, 0]",300,154.73651885986328,False,7.136129710583916,604,0.058984375
1111,18485,"[2, 1, 0]",300,154.7415256500244,True,7.136129710583916,604,0.058984375
1111,18486,"[2, 1, 0]",300,154.75010871887207,False,7.136129710583916,604,0.058984375
1111,18487,"[2, 1, 0]",300,154.75821495056152,True,7.136129710583916,604,0.058984375
1111,18488,"[2, 1, 0]",300,154.76751327514648,False,7.136129710583916,604,0.058984375
1111,18489,"[2, 1, 0]",300,154.77585792541504,True,7.136129710583916,604,0.058984375
1111,18490,"[2, 1, 0]",300,154.7849178314209,False,7.136129710583916,604,0.058984375
1111,18491,"[2, 1, 0]",300,154.79040145874023,True,7.136129710583916,604,0.058984375
1111,18492,"[2, 1, 0]",300,154.7989845275879,False,7.136129710583916,604,0.058984375
1111,18493,"[2, 1, 0]",300,154.80446815490723,True,7.136129710583916,604,0.058984375
1111,18494,"[2, 1, 0]",300,154.81328964233398,False,7.136129710583916,604,0.058984375
1111,18495,"[2, 1, 0]",300,154.82115745544434,True,7.136129710583916,604,0.058984375
1111,18496,"[2, 1, 0]",300,154.8304557800293,False,7.136129710583916,604,0.058984375
1111,18497,"[2, 1, 0]",300,154.83546257019043,True,7.136129710583916,604,0.058984375
1111,18498,"[2, 1, 0]",300,154.8440456390381,False,7.136129710583916,604,0.058984375
1111,18499,"[2, 1, 0]",300,154.85191345214844,True,7.136129710583916,604,0.058984375
1111,18500,"[2, 1, 0]",300,154.8616886138916,False,7.136129710583916,604,0.058984375
1111,18501,"[2, 1, 0]",300,154.86669540405273,True,7.136129710583916,604,0.058984375
1111,18502,"[2, 1, 0]",300,154.8752784729004,False,7.136129710583916,604,0.058984375
1111,18503,"[2, 1, 0]",300,154.88028526306152,True,7.136129710583916,604,0.058984375
1111,18504,"[2, 1, 0]",300,154.88886833190918,False,7.136129710583916,604,0.058984375
1111,18505,"[2, 1, 0]",300,154.8936367034912,True,7.136129710583916,604,0.058984375
1111,18506,"[2, 1, 0]",300,154.90198135375977,False,7.136129710583916,604,0.058984375
1111,18507,"[2, 1, 0]",300,154.9072265625,True,7.136129710583916,604,0.058984375
1111,18508,"[2, 1, 0]",300,154.91557121276855,False,7.136129710583916,604,0.058984375
1111,18509,"[2, 1, 0]",300,154.9208164215088,True,7.136129710583916,604,0.058984375
1111,18510,"[2, 1, 0]",300,154.92916107177734,False,7.136129710583916,604,0.058984375
1111,18511,"[2, 1, 0]",300,154.93416786193848,True,7.136129710583916,604,0.058984375
1111,18512,"[2, 1, 0]",300,154.94251251220703,False,7.136129710583916,604,0.058984375
1111,18513,"[2, 1, 0]",300,154.94775772094727,True,7.136129710583916,604,0.058984375
1111,18514,"[2, 1, 0]",300,154.95610237121582,False,7.136129710583916,604,0.058984375
1111,18515,"[2, 1, 0]",300,154.9673080444336,True,7.136129710583916,604,0.058984375
1111,18516,"[2, 1, 0]",300,154.97636795043945,False,7.136129710583916,604,0.058984375
1111,18517,"[2, 1, 0]",300,154.9813747406006,True,7.136129710583916,604,0.058984375
1111,18518,"[2, 1, 0]",300,154.98971939086914,False,7.136129710583916,604,0.058984375
1111,18519,"[2, 1, 0]",300,154.99472618103027,True,7.136129710583916,604,0.058984375
1111,18520,"[2, 1, 0]",300,155.00330924987793,False,7.136129710583916,604,0.058984375
1111,18521,"[2, 1, 0]",300,155.00831604003906,True,7.136129710583916,604,0.058984375
1111,18522,"[2, 1, 0]",300,155.01642227172852,False,7.136129710583916,604,0.058984375
1111,18523,"[2, 1, 0]",300,155.02166748046875,True,7.136129710583916,604,0.058984375
1111,18524,"[2, 1, 0]",300,155.0300121307373,False,7.136129710583916,604,0.058984375
1111,18525,"[2, 1, 0]",300,155.03501892089844,True,7.136129710583916,604,0.058984375
1111,18526,"[2, 1, 0]",300,155.0436019897461,False,7.136129710583916,604,0.058984375
1111,18527,"[2, 1, 0]",300,155.04908561706543,True,7.136129710583916,604,0.058984375
1111,18528,"[2, 1, 0]",300,155.0576686859131,False,7.136129710583916,604,0.058984375
1111,18529,"[2, 1, 0]",300,155.06267547607422,True,7.136129710583916,604,0.058984375
1111,18530,"[2, 1, 0]",300,155.07125854492188,False,7.136129710583916,604,0.058984375
1111,18531,"[2, 1, 0]",300,155.0765037536621,True,7.136129710583916,604,0.058984375
1111,18532,"[2, 1, 0]",300,155.08508682250977,False,7.136129710583916,604,0.058984375
1111,18533,"[2, 1, 0]",300,155.0900936126709,True,7.136129710583916,604,0.058984375
1111,18534,"[2, 1, 0]",300,155.09867668151855,False,7.136129710583916,604,0.058984375
1111,18535,"[2, 1, 0]",300,155.1034450531006,True,7.136129710583916,604,0.058984375
1111,18536,"[2, 1, 0]",300,155.11202812194824,False,7.136129710583916,604,0.058984375
1111,18537,"[2, 1, 0]",300,155.12347221374512,True,7.136129710583916,604,0.058984375
1111,18538,"[2, 1, 0]",300,155.13253211975098,False,7.136129710583916,604,0.058984375
1111,18539,"[2, 1, 0]",300,155.1375389099121,True,7.136129710583916,604,0.058984375
1111,18540,"[2, 1, 0]",300,155.14636039733887,False,7.136129710583916,604,0.058984375
1111,18541,"[2, 1, 0]",300,155.1513671875,True,7.136129710583916,604,0.058984375
1111,18542,"[2, 1, 0]",300,155.15995025634766,False,7.136129710583916,604,0.058984375
1111,18543,"[2, 1, 0]",300,155.1647186279297,True,7.136129710583916,604,0.058984375
1111,18544,"[2, 1, 0]",300,155.17306327819824,False,7.136129710583916,604,0.058984375
1111,18545,"[2, 1, 0]",300,155.17830848693848,True,7.136129710583916,604,0.058984375
1111,18546,"[2, 1, 0]",300,155.18665313720703,False,7.136129710583916,604,0.058984375
1111,18547,"[2, 1, 0]",300,155.19189834594727,True,7.136129710583916,604,0.058984375
1111,18548,"[2, 1, 0]",300,155.20024299621582,False,7.136129710583916,604,0.058984375
1111,18549,"[2, 1, 0]",300,155.20524978637695,True,7.136129710583916,604,0.058984375
1111,18550,"[2, 1, 0]",300,155.2135944366455,False,7.136129710583916,604,0.058984375
1111,18551,"[2, 1, 0]",300,155.21883964538574,True,7.136129710583916,604,0.058984375
1111,18552,"[2, 1, 0]",300,155.2269458770752,False,7.136129710583916,604,0.058984375
1111,18553,"[2, 1, 0]",300,155.23195266723633,True,7.136129710583916,604,0.058984375
1111,18554,"[2, 1, 0]",300,155.2407741546631,False,7.136129710583916,604,0.058984375
1111,18555,"[2, 1, 0]",300,155.24578094482422,True,7.136129710583916,604,0.058984375
1111,18556,"[2, 1, 0]",300,155.25436401367188,False,7.136129710583916,604,0.058984375
1111,18557,"[2, 1, 0]",300,155.26223182678223,True,7.136129710583916,604,0.058984375
1111,18558,"[2, 1, 0]",300,155.2712917327881,False,7.136129710583916,604,0.058984375
1111,18559,"[2, 1, 0]",300,155.27629852294922,True,7.136129710583916,604,0.058984375
1111,18560,"[2, 1, 0]",300,155.28512001037598,False,7.136129710583916,604,0.058984375
1111,18561,"[2, 1, 0]",300,155.2901268005371,True,7.136129710583916,604,0.058984375
1111,18562,"[2, 1, 0]",300,155.29870986938477,False,7.136129710583916,604,0.058984375
1111,18563,"[2, 1, 0]",300,155.3034782409668,True,7.136129710583916,604,0.058984375
1111,18564,"[2, 1, 0]",300,155.31182289123535,False,7.136129710583916,604,0.058984375
1111,18565,"[2, 1, 0]",300,155.3170680999756,True,7.136129710583916,604,0.058984375
1111,18566,"[2, 1, 0]",300,155.32541275024414,False,7.136129710583916,604,0.058984375
1111,18567,"[2, 1, 0]",300,155.33065795898438,True,7.136129710583916,604,0.058984375
1111,18568,"[2, 1, 0]",300,155.33900260925293,False,7.136129710583916,604,0.058984375
1111,18569,"[2, 1, 0]",300,155.34424781799316,True,7.136129710583916,604,0.058984375
1111,18570,"[2, 1, 0]",300,155.35235404968262,False,7.136129710583916,604,0.058984375
1111,18571,"[2, 1, 0]",300,155.35759925842285,True,7.136129710583916,604,0.058984375
1111,18572,"[2, 1, 0]",300,155.3659439086914,False,7.136129710583916,604,0.058984375
1111,18573,"[2, 1, 0]",300,155.37071228027344,True,7.136129710583916,604,0.058984375
1111,18574,"[2, 1, 0]",300,155.3792953491211,False,7.136129710583916,604,0.058984375
1111,18575,"[2, 1, 0]",300,155.38454055786133,True,7.136129710583916,604,0.058984375
1111,18576,"[2, 1, 0]",300,155.39288520812988,False,7.136129710583916,604,0.058984375
1111,18577,"[2, 1, 0]",300,155.39789199829102,True,7.136129710583916,604,0.058984375
1111,18578,"[2, 1, 0]",300,155.40647506713867,False,7.136129710583916,604,0.058984375
1111,18579,"[2, 1, 0]",300,155.42864799499512,True,7.136129710583916,604,0.058984375
1111,18580,"[2, 1, 0]",300,155.43794631958008,False,7.136129710583916,604,0.058984375
1111,18581,"[2, 1, 0]",300,155.4427146911621,True,7.136129710583916,604,0.058984375
1111,18582,"[2, 1, 0]",300,155.45129776000977,False,7.136129710583916,604,0.058984375
1111,18583,"[2, 1, 0]",300,155.4563045501709,True,7.136129710583916,604,0.058984375
1111,18584,"[2, 1, 0]",300,155.46464920043945,False,7.136129710583916,604,0.058984375
1111,18585,"[2, 1, 0]",300,155.4698944091797,True,7.136129710583916,604,0.058984375
1111,18586,"[2, 1, 0]",300,155.47823905944824,False,7.136129710583916,604,0.058984375
1111,18587,"[2, 1, 0]",300,155.48348426818848,True,7.136129710583916,604,0.058984375
1111,18588,"[2, 1, 0]",300,155.49540519714355,False,7.136129710583916,604,0.058984375
1111,18589,"[2, 1, 0]",300,155.501127243042,True,7.136129710583916,604,0.058984375
1111,18590,"[2, 1, 0]",300,155.5325984954834,False,7.136129710583916,604,0.058984375
1111,18591,"[2, 1, 0]",300,155.53832054138184,True,7.136129710583916,604,0.058984375
1111,18592,"[2, 1, 0]",300,155.5471420288086,False,7.136129710583916,604,0.058984375
1111,18593,"[2, 1, 0]",300,155.55262565612793,True,7.136129710583916,604,0.058984375
1111,18594,"[2, 1, 0]",300,155.5612087249756,False,7.136129710583916,604,0.058984375
1111,18595,"[2, 1, 0]",300,155.56645393371582,True,7.136129710583916,604,0.058984375
1111,18596,"[2, 1, 0]",300,155.57503700256348,False,7.136129710583916,604,0.058984375
1111,18597,"[2, 1, 0]",300,155.5802822113037,True,7.136129710583916,604,0.058984375
1111,18598,"[2, 1, 0]",300,155.58886528015137,False,7.136129710583916,604,0.058984375
1111,18599,"[2, 1, 0]",300,155.59744834899902,True,7.136129710583916,604,0.058984375
1111,18600,"[2, 1, 0]",300,155.60626983642578,False,7.136129710583916,604,0.058984375
1111,18601,"[2, 1, 0]",300,155.61151504516602,True,7.136129710583916,604,0.058984375
1111,18602,"[2, 1, 0]",300,155.62009811401367,False,7.136129710583916,604,0.058984375
1111,18603,"[2, 1, 0]",300,155.6251049041748,True,7.136129710583916,604,0.058984375
1111,18604,"[2, 1, 0]",300,155.63368797302246,False,7.136129710583916,604,0.058984375
1111,18605,"[2, 1, 0]",300,155.6386947631836,True,7.136129710583916,604,0.058984375
1111,18606,"[2, 1, 0]",300,155.64727783203125,False,7.136129710583916,604,0.058984375
1111,18607,"[2, 1, 0]",300,155.65204620361328,True,7.136129710583916,604,0.058984375
1111,18608,"[2, 1, 0]",300,155.66062927246094,False,7.136129710583916,604,0.058984375
1111,18609,"[2, 1, 0]",300,155.66563606262207,True,7.136129710583916,604,0.058984375
1111,18610,"[2, 1, 0]",300,155.67421913146973,False,7.136129710583916,604,0.058984375
1111,18611,"[2, 1, 0]",300,155.67898750305176,True,7.136129710583916,604,0.058984375
1111,18612,"[2, 1, 0]",300,155.68780899047852,False,7.136129710583916,604,0.058984375
1111,18613,"[2, 1, 0]",300,155.69281578063965,True,7.136129710583916,604,0.058984375
1111,18614,"[2, 1, 0]",300,155.7013988494873,False,7.136129710583916,604,0.058984375
1111,18615,"[2, 1, 0]",300,155.70616722106934,True,7.136129710583916,604,0.058984375
1111,18616,"[2, 1, 0]",300,155.7145118713379,False,7.136129710583916,604,0.058984375
1111,18617,"[2, 1, 0]",300,155.71999549865723,True,7.136129710583916,604,0.058984375
1111,18618,"[2, 1, 0]",300,155.72881698608398,False,7.136129710583916,604,0.058984375
1111,18619,"[2, 1, 0]",300,155.73382377624512,True,7.136129710583916,604,0.058984375
1111,18620,"[2, 1, 0]",300,155.74240684509277,False,7.136129710583916,604,0.058984375
1111,18621,"[2, 1, 0]",300,155.75051307678223,True,7.136129710583916,604,0.058984375
1111,18622,"[2, 1, 0]",300,155.75909614562988,False,7.136129710583916,604,0.058984375
1111,18623,"[2, 1, 0]",300,155.76434135437012,True,7.136129710583916,604,0.058984375
1111,18624,"[2, 1, 0]",300,155.77268600463867,False,7.136129710583916,604,0.058984375
1111,18625,"[2, 1, 0]",300,155.7779312133789,True,7.136129710583916,604,0.058984375
1111,18626,"[2, 1, 0]",300,155.78675270080566,False,7.136129710583916,604,0.058984375
1111,18627,"[2, 1, 0]",300,155.7919979095459,True,7.136129710583916,604,0.058984375
1111,18628,"[2, 1, 0]",300,155.80058097839355,False,7.136129710583916,604,0.058984375
1111,18629,"[2, 1, 0]",300,155.8058261871338,True,7.136129710583916,604,0.058984375
1111,18630,"[2, 1, 0]",300,155.81417083740234,False,7.136129710583916,604,0.058984375
1111,18631,"[2, 1, 0]",300,155.81917762756348,True,7.136129710583916,604,0.058984375
1111,18632,"[2, 1, 0]",300,155.82776069641113,False,7.136129710583916,604,0.058984375
1111,18633,"[2, 1, 0]",300,155.83300590515137,True,7.136129710583916,604,0.058984375
1111,18634,"[2, 1, 0]",300,155.84111213684082,False,7.136129710583916,604,0.058984375
1111,18635,"[2, 1, 0]",300,155.84611892700195,True,7.136129710583916,604,0.058984375
1111,18636,"[2, 1, 0]",300,155.8547019958496,False,7.136129710583916,604,0.058984375
1111,18637,"[2, 1, 0]",300,155.86018562316895,True,7.136129710583916,604,0.058984375
1111,18638,"[2, 1, 0]",300,155.87234497070312,False,7.136129710583916,604,0.058984375
1111,18639,"[2, 1, 0]",300,155.87830543518066,True,7.136129710583916,604,0.058984375
1111,18640,"[2, 1, 0]",300,155.88712692260742,False,7.136129710583916,604,0.058984375
1111,18641,"[2, 1, 0]",300,155.89499473571777,True,7.136129710583916,604,0.058984375
1111,18642,"[2, 1, 0]",300,155.90405464172363,False,7.136129710583916,604,0.058984375
1111,18643,"[2, 1, 0]",300,155.90906143188477,True,7.136129710583916,604,0.058984375
1111,18644,"[2, 1, 0]",300,155.91788291931152,False,7.136129710583916,604,0.058984375
1111,18645,"[2, 1, 0]",300,155.92265129089355,True,7.136129710583916,604,0.058984375
1111,18646,"[2, 1, 0]",300,155.9312343597412,False,7.136129710583916,604,0.058984375
1111,18647,"[2, 1, 0]",300,155.93600273132324,True,7.136129710583916,604,0.058984375
1111,18648,"[2, 1, 0]",300,155.94482421875,False,7.136129710583916,604,0.058984375
1111,18649,"[2, 1, 0]",300,155.94983100891113,True,7.136129710583916,604,0.058984375
1111,18650,"[2, 1, 0]",300,155.9584140777588,False,7.136129710583916,604,0.058984375
1111,18651,"[2, 1, 0]",300,155.96342086791992,True,7.136129710583916,604,0.058984375
1111,18652,"[2, 1, 0]",300,155.97200393676758,False,7.136129710583916,604,0.058984375
1111,18653,"[2, 1, 0]",300,155.9770107269287,True,7.136129710583916,604,0.058984375
1111,18654,"[2, 1, 0]",300,155.98535537719727,False,7.136129710583916,604,0.058984375
1111,18655,"[2, 1, 0]",300,155.9906005859375,True,7.136129710583916,604,0.058984375
1111,18656,"[2, 1, 0]",300,155.99918365478516,False,7.136129710583916,604,0.058984375
1111,18657,"[2, 1, 0]",300,156.0077667236328,True,7.136129710583916,604,0.058984375
1111,18658,"[2, 1, 0]",300,156.01634979248047,False,7.136129710583916,604,0.058984375
1111,18659,"[2, 1, 0]",300,156.0220718383789,True,7.136129710583916,604,0.058984375
1111,18660,"[2, 1, 0]",300,156.03327751159668,False,7.136129710583916,604,0.058984375
1111,18661,"[2, 1, 0]",300,156.03995323181152,True,7.136129710583916,604,0.058984375
1111,18662,"[2, 1, 0]",300,156.04853630065918,False,7.136129710583916,604,0.058984375
1111,18663,"[2, 1, 0]",300,156.05664253234863,True,7.136129710583916,604,0.058984375
1111,18664,"[2, 1, 0]",300,156.0657024383545,False,7.136129710583916,604,0.058984375
1111,18665,"[2, 1, 0]",300,156.07047080993652,True,7.136129710583916,604,0.058984375
1111,18666,"[2, 1, 0]",300,156.07905387878418,False,7.136129710583916,604,0.058984375
1111,18667,"[2, 1, 0]",300,156.0842990875244,True,7.136129710583916,604,0.058984375
1111,18668,"[2, 1, 0]",300,156.09264373779297,False,7.136129710583916,604,0.058984375
1111,18669,"[2, 1, 0]",300,156.0978889465332,True,7.136129710583916,604,0.058984375
1111,18670,"[2, 1, 0]",300,156.10647201538086,False,7.136129710583916,604,0.058984375
1111,18671,"[2, 1, 0]",300,156.1117172241211,True,7.136129710583916,604,0.058984375
1111,18672,"[2, 1, 0]",300,156.12030029296875,False,7.136129710583916,604,0.058984375
1111,18673,"[2, 1, 0]",300,156.12554550170898,True,7.136129710583916,604,0.058984375
1111,18674,"[2, 1, 0]",300,156.13412857055664,False,7.136129710583916,604,0.058984375
1111,18675,"[2, 1, 0]",300,156.13937377929688,True,7.136129710583916,604,0.058984375
1111,18676,"[2, 1, 0]",300,156.14795684814453,False,7.136129710583916,604,0.058984375
1111,18677,"[2, 1, 0]",300,156.15320205688477,True,7.136129710583916,604,0.058984375
1111,18678,"[2, 1, 0]",300,156.16154670715332,False,7.136129710583916,604,0.058984375
1111,18679,"[2, 1, 0]",300,156.16655349731445,True,7.136129710583916,604,0.058984375
1111,18680,"[2, 1, 0]",300,156.1751365661621,False,7.136129710583916,604,0.058984375
1111,18681,"[2, 1, 0]",300,156.18038177490234,True,7.136129710583916,604,0.058984375
1111,18682,"[2, 1, 0]",300,156.1887264251709,False,7.136129710583916,604,0.058984375
1111,18683,"[2, 1, 0]",300,156.19683265686035,True,7.136129710583916,604,0.058984375
1111,18684,"[2, 1, 0]",300,156.2056541442871,False,7.136129710583916,604,0.058984375
1111,18685,"[2, 1, 0]",300,156.21066093444824,True,7.136129710583916,604,0.058984375
1111,18686,"[2, 1, 0]",300,156.2192440032959,False,7.136129710583916,604,0.058984375
1111,18687,"[2, 1, 0]",300,156.22425079345703,True,7.136129710583916,604,0.058984375
1111,18688,"[2, 1, 0]",300,156.25357627868652,False,7.136129710583916,604,0.058984375
1111,18689,"[2, 1, 0]",300,156.27193450927734,True,7.136129710583916,604,0.058984375
1111,18690,"[2, 1, 0]",300,156.29005432128906,False,7.136129710583916,604,0.058984375
1111,18691,"[2, 1, 0]",300,156.2974452972412,True,7.136129710583916,604,0.058984375
1111,18692,"[2, 1, 0]",300,156.3088893890381,False,7.136129710583916,604,0.058984375
1111,18693,"[2, 1, 0]",300,156.31484985351562,True,7.136129710583916,604,0.058984375
1111,18694,"[2, 1, 0]",300,156.3243865966797,False,7.136129710583916,604,0.058984375
1111,18695,"[2, 1, 0]",300,156.32987022399902,True,7.136129710583916,604,0.058984375
1111,18696,"[2, 1, 0]",300,156.33893013000488,False,7.136129710583916,604,0.058984375
1111,18697,"[2, 1, 0]",300,156.34465217590332,True,7.136129710583916,604,0.058984375
1111,18698,"[2, 1, 0]",300,156.35371208190918,False,7.136129710583916,604,0.058984375
1111,18699,"[2, 1, 0]",300,156.3589572906494,True,7.136129710583916,604,0.058984375
1111,18700,"[2, 1, 0]",300,156.36825561523438,False,7.136129710583916,604,0.058984375
1111,18701,"[2, 1, 0]",300,156.37469291687012,True,7.136129710583916,604,0.058984375
1111,18702,"[2, 1, 0]",300,156.38446807861328,False,7.136129710583916,604,0.058984375
1111,18703,"[2, 1, 0]",300,156.39066696166992,True,7.136129710583916,604,0.058984375
1111,18704,"[2, 1, 0]",300,156.4004421234131,False,7.136129710583916,604,0.058984375
1111,18705,"[2, 1, 0]",300,156.40997886657715,True,7.136129710583916,604,0.058984375
1111,18706,"[2, 1, 0]",300,156.4197540283203,False,7.136129710583916,604,0.058984375
1111,18707,"[2, 1, 0]",300,156.42547607421875,True,7.136129710583916,604,0.058984375
1111,18708,"[2, 1, 0]",300,156.4345359802246,False,7.136129710583916,604,0.058984375
1111,18709,"[2, 1, 0]",300,156.43954277038574,True,7.136129710583916,604,0.058984375
1111,18710,"[2, 1, 0]",300,156.4483642578125,False,7.136129710583916,604,0.058984375
1111,18711,"[2, 1, 0]",300,156.45337104797363,True,7.136129710583916,604,0.058984375
1111,18712,"[2, 1, 0]",300,156.4619541168213,False,7.136129710583916,604,0.058984375
1111,18713,"[2, 1, 0]",300,156.46696090698242,True,7.136129710583916,604,0.058984375
1111,18714,"[2, 1, 0]",300,156.47578239440918,False,7.136129710583916,604,0.058984375
1111,18715,"[2, 1, 0]",300,156.4805507659912,True,7.136129710583916,604,0.058984375
1111,18716,"[2, 1, 0]",300,156.48913383483887,False,7.136129710583916,604,0.058984375
1111,18717,"[2, 1, 0]",300,156.4939022064209,True,7.136129710583916,604,0.058984375
1111,18718,"[2, 1, 0]",300,156.50248527526855,False,7.136129710583916,604,0.058984375
1111,18719,"[2, 1, 0]",300,156.5077304840088,True,7.136129710583916,604,0.058984375
1111,18720,"[2, 1, 0]",300,156.51631355285645,False,7.136129710583916,604,0.058984375
1111,18721,"[2, 1, 0]",300,156.52179718017578,True,7.136129710583916,604,0.058984375
1111,18722,"[2, 1, 0]",300,156.53014183044434,False,7.136129710583916,604,0.058984375
1111,18723,"[2, 1, 0]",300,156.53538703918457,True,7.136129710583916,604,0.058984375
1111,18724,"[2, 1, 0]",300,156.54373168945312,False,7.136129710583916,604,0.058984375
1111,18725,"[2, 1, 0]",300,156.5554141998291,True,7.136129710583916,604,0.058984375
1111,18726,"[2, 1, 0]",300,156.56447410583496,False,7.136129710583916,604,0.058984375
1111,18727,"[2, 1, 0]",300,156.5697193145752,True,7.136129710583916,604,0.058984375
1111,18728,"[2, 1, 0]",300,156.57830238342285,False,7.136129710583916,604,0.058984375
1111,18729,"[2, 1, 0]",300,156.5835475921631,True,7.136129710583916,604,0.058984375
1111,18730,"[2, 1, 0]",300,156.59189224243164,False,7.136129710583916,604,0.058984375
1111,18731,"[2, 1, 0]",300,156.59689903259277,True,7.136129710583916,604,0.058984375
1111,18732,"[2, 1, 0]",300,156.60524368286133,False,7.136129710583916,604,0.058984375
1111,18733,"[2, 1, 0]",300,156.61025047302246,True,7.136129710583916,604,0.058984375
1111,18734,"[2, 1, 0]",300,156.61859512329102,False,7.136129710583916,604,0.058984375
1111,18735,"[2, 1, 0]",300,156.62360191345215,True,7.136129710583916,604,0.058984375
1111,18736,"[2, 1, 0]",300,156.6321849822998,False,7.136129710583916,604,0.058984375
1111,18737,"[2, 1, 0]",300,156.63719177246094,True,7.136129710583916,604,0.058984375
1111,18738,"[2, 1, 0]",300,156.6457748413086,False,7.136129710583916,604,0.058984375
1111,18739,"[2, 1, 0]",300,156.65388107299805,True,7.136129710583916,604,0.058984375
1111,18740,"[2, 1, 0]",300,156.663179397583,False,7.136129710583916,604,0.058984375
1111,18741,"[2, 1, 0]",300,156.66842460632324,True,7.136129710583916,604,0.058984375
1111,18742,"[2, 1, 0]",300,156.6770076751709,False,7.136129710583916,604,0.058984375
1111,18743,"[2, 1, 0]",300,156.68201446533203,True,7.136129710583916,604,0.058984375
1111,18744,"[2, 1, 0]",300,156.6908359527588,False,7.136129710583916,604,0.058984375
1111,18745,"[2, 1, 0]",300,156.69560432434082,True,7.136129710583916,604,0.058984375
1111,18746,"[2, 1, 0]",300,156.70394897460938,False,7.136129710583916,604,0.058984375
1111,18747,"[2, 1, 0]",300,156.71229362487793,True,7.136129710583916,604,0.058984375
1111,18748,"[2, 1, 0]",300,156.7208766937256,False,7.136129710583916,604,0.058984375
1111,18749,"[2, 1, 0]",300,156.72612190246582,True,7.136129710583916,604,0.058984375
1111,18750,"[2, 1, 0]",300,156.73446655273438,False,7.136129710583916,604,0.058984375
1111,18751,"[2, 1, 0]",300,156.7397117614746,True,7.136129710583916,604,0.058984375
1111,18752,"[2, 1, 0]",300,156.74805641174316,False,7.136129710583916,604,0.058984375
1111,18753,"[2, 1, 0]",300,156.7530632019043,True,7.136129710583916,604,0.058984375
1111,18754,"[2, 1, 0]",300,156.76140785217285,False,7.136129710583916,604,0.058984375
1111,18755,"[2, 1, 0]",300,156.76641464233398,True,7.136129710583916,604,0.058984375
1111,18756,"[2, 1, 0]",300,156.77499771118164,False,7.136129710583916,604,0.058984375
1111,18757,"[2, 1, 0]",300,156.78000450134277,True,7.136129710583916,604,0.058984375
1111,18758,"[2, 1, 0]",300,156.78834915161133,False,7.136129710583916,604,0.058984375
1111,18759,"[2, 1, 0]",300,156.79335594177246,True,7.136129710583916,604,0.058984375
1111,18760,"[2, 1, 0]",300,156.80217742919922,False,7.136129710583916,604,0.058984375
1111,18761,"[2, 1, 0]",300,156.80694580078125,True,7.136129710583916,604,0.058984375
1111,18762,"[2, 1, 0]",300,156.815767288208,False,7.136129710583916,604,0.058984375
1111,18763,"[2, 1, 0]",300,156.82053565979004,True,7.136129710583916,604,0.058984375
1111,18764,"[2, 1, 0]",300,156.8288803100586,False,7.136129710583916,604,0.058984375
1111,18765,"[2, 1, 0]",300,156.83412551879883,True,7.136129710583916,604,0.058984375
1111,18766,"[2, 1, 0]",300,156.84247016906738,False,7.136129710583916,604,0.058984375
1111,18767,"[2, 1, 0]",300,156.85057640075684,True,7.136129710583916,604,0.058984375
1111,18768,"[2, 1, 0]",300,156.8593978881836,False,7.136129710583916,604,0.058984375
1111,18769,"[2, 1, 0]",300,156.86464309692383,True,7.136129710583916,604,0.058984375
1111,18770,"[2, 1, 0]",300,156.87298774719238,False,7.136129710583916,604,0.058984375
1111,18771,"[2, 1, 0]",300,156.87823295593262,True,7.136129710583916,604,0.058984375
1111,18772,"[2, 1, 0]",300,156.88681602478027,False,7.136129710583916,604,0.058984375
1111,18773,"[2, 1, 0]",300,156.8920612335205,True,7.136129710583916,604,0.058984375
1111,18774,"[2, 1, 0]",300,156.90064430236816,False,7.136129710583916,604,0.058984375
1111,18775,"[2, 1, 0]",300,156.9058895111084,True,7.136129710583916,604,0.058984375
1111,18776,"[2, 1, 0]",300,156.91423416137695,False,7.136129710583916,604,0.058984375
1111,18777,"[2, 1, 0]",300,156.9192409515381,True,7.136129710583916,604,0.058984375
1111,18778,"[2, 1, 0]",300,156.92782402038574,False,7.136129710583916,604,0.058984375
1111,18779,"[2, 1, 0]",300,156.93283081054688,True,7.136129710583916,604,0.058984375
1111,18780,"[2, 1, 0]",300,156.94141387939453,False,7.136129710583916,604,0.058984375
1111,18781,"[2, 1, 0]",300,156.94642066955566,True,7.136129710583916,604,0.058984375
1111,18782,"[2, 1, 0]",300,156.95500373840332,False,7.136129710583916,604,0.058984375
1111,18783,"[2, 1, 0]",300,156.96001052856445,True,7.136129710583916,604,0.058984375
1111,18784,"[2, 1, 0]",300,156.9685935974121,False,7.136129710583916,604,0.058984375
1111,18785,"[2, 1, 0]",300,156.97360038757324,True,7.136129710583916,604,0.058984375
1111,18786,"[2, 1, 0]",300,156.9821834564209,False,7.136129710583916,604,0.058984375
1111,18787,"[2, 1, 0]",300,156.98719024658203,True,7.136129710583916,604,0.058984375
1111,18788,"[2, 1, 0]",300,156.9960117340088,False,7.136129710583916,604,0.058984375
1111,18789,"[2, 1, 0]",300,157.0296287536621,True,7.136129710583916,604,0.058984375
1111,18790,"[2, 1, 0]",300,157.0453643798828,False,7.136129710583916,604,0.058984375
1111,18791,"[2, 1, 0]",300,157.05060958862305,True,7.136129710583916,604,0.058984375
1111,18792,"[2, 1, 0]",300,157.0596694946289,False,7.136129710583916,604,0.058984375
1111,18793,"[2, 1, 0]",300,157.06467628479004,True,7.136129710583916,604,0.058984375
1111,18794,"[2, 1, 0]",300,157.0732593536377,False,7.136129710583916,604,0.058984375
1111,18795,"[2, 1, 0]",300,157.07826614379883,True,7.136129710583916,604,0.058984375
1111,18796,"[2, 1, 0]",300,157.0870876312256,False,7.136129710583916,604,0.058984375
1111,18797,"[2, 1, 0]",300,157.09209442138672,True,7.136129710583916,604,0.058984375
1111,18798,"[2, 1, 0]",300,157.10091590881348,False,7.136129710583916,604,0.058984375
1111,18799,"[2, 1, 0]",300,157.1059226989746,True,7.136129710583916,604,0.058984375
1111,18800,"[2, 1, 0]",300,157.11498260498047,False,7.136129710583916,604,0.058984375
1111,18801,"[2, 1, 0]",300,157.1199893951416,True,7.136129710583916,604,0.058984375
1111,18802,"[2, 1, 0]",300,157.12857246398926,False,7.136129710583916,604,0.058984375
1111,18803,"[2, 1, 0]",300,157.1333408355713,True,7.136129710583916,604,0.058984375
1111,18804,"[2, 1, 0]",300,157.14192390441895,False,7.136129710583916,604,0.058984375
1111,18805,"[2, 1, 0]",300,157.14693069458008,True,7.136129710583916,604,0.058984375
1111,18806,"[2, 1, 0]",300,157.15527534484863,False,7.136129710583916,604,0.058984375
1111,18807,"[2, 1, 0]",300,157.16052055358887,True,7.136129710583916,604,0.058984375
1111,18808,"[2, 1, 0]",300,157.16886520385742,False,7.136129710583916,604,0.058984375
1111,18809,"[2, 1, 0]",300,157.17720985412598,True,7.136129710583916,604,0.058984375
1111,18810,"[2, 1, 0]",300,157.18603134155273,False,7.136129710583916,604,0.058984375
1111,18811,"[2, 1, 0]",300,157.19127655029297,True,7.136129710583916,604,0.058984375
1111,18812,"[2, 1, 0]",300,157.19985961914062,False,7.136129710583916,604,0.058984375
1111,18813,"[2, 1, 0]",300,157.20510482788086,True,7.136129710583916,604,0.058984375
1111,18814,"[2, 1, 0]",300,157.2134494781494,False,7.136129710583916,604,0.058984375
1111,18815,"[2, 1, 0]",300,157.21869468688965,True,7.136129710583916,604,0.058984375
1111,18816,"[2, 1, 0]",300,157.2272777557373,False,7.136129710583916,604,0.058984375
1111,18817,"[2, 1, 0]",300,157.23228454589844,True,7.136129710583916,604,0.058984375
1111,18818,"[2, 1, 0]",300,157.24468231201172,False,7.136129710583916,604,0.058984375
1111,18819,"[2, 1, 0]",300,157.2704315185547,True,7.136129710583916,604,0.058984375
1111,18820,"[2, 1, 0]",300,157.27925300598145,False,7.136129710583916,604,0.058984375
1111,18821,"[2, 1, 0]",300,157.28473663330078,True,7.136129710583916,604,0.058984375
1111,18822,"[2, 1, 0]",300,157.29355812072754,False,7.136129710583916,604,0.058984375
1111,18823,"[2, 1, 0]",300,157.29880332946777,True,7.136129710583916,604,0.058984375
1111,18824,"[2, 1, 0]",300,157.30762481689453,False,7.136129710583916,604,0.058984375
1111,18825,"[2, 1, 0]",300,157.3169231414795,True,7.136129710583916,604,0.058984375
1111,18826,"[2, 1, 0]",300,157.32574462890625,False,7.136129710583916,604,0.058984375
1111,18827,"[2, 1, 0]",300,157.3314666748047,True,7.136129710583916,604,0.058984375
1111,18828,"[2, 1, 0]",300,157.34028816223145,False,7.136129710583916,604,0.058984375
1111,18829,"[2, 1, 0]",300,157.34577178955078,True,7.136129710583916,604,0.058984375
1111,18830,"[2, 1, 0]",300,157.35483169555664,False,7.136129710583916,604,0.058984375
1111,18831,"[2, 1, 0]",300,157.3629379272461,True,7.136129710583916,604,0.058984375
1111,18832,"[2, 1, 0]",300,157.37223625183105,False,7.136129710583916,604,0.058984375
1111,18833,"[2, 1, 0]",300,157.3772430419922,True,7.136129710583916,604,0.058984375
1111,18834,"[2, 1, 0]",300,157.38606452941895,False,7.136129710583916,604,0.058984375
1111,18835,"[2, 1, 0]",300,157.39107131958008,True,7.136129710583916,604,0.058984375
1111,18836,"[2, 1, 0]",300,157.39989280700684,False,7.136129710583916,604,0.058984375
1111,18837,"[2, 1, 0]",300,157.40489959716797,True,7.136129710583916,604,0.058984375
1111,18838,"[2, 1, 0]",300,157.41372108459473,False,7.136129710583916,604,0.058984375
1111,18839,"[2, 1, 0]",300,157.41872787475586,True,7.136129710583916,604,0.058984375
1111,18840,"[2, 1, 0]",300,157.48310089111328,False,7.136129710583916,604,0.058984375
1111,18841,"[2, 1, 0]",300,157.49621391296387,True,7.136129710583916,604,0.058984375
1111,18842,"[2, 1, 0]",300,157.51361846923828,False,7.136129710583916,604,0.058984375
1111,18843,"[2, 1, 0]",300,157.52100944519043,True,7.136129710583916,604,0.058984375
1111,18844,"[2, 1, 0]",300,157.5322151184082,False,7.136129710583916,604,0.058984375
1111,18845,"[2, 1, 0]",300,157.53865242004395,True,7.136129710583916,604,0.058984375
1111,18846,"[2, 1, 0]",300,157.5489044189453,False,7.136129710583916,604,0.058984375
1111,18847,"[2, 1, 0]",300,157.55486488342285,True,7.136129710583916,604,0.058984375
1111,18848,"[2, 1, 0]",300,157.5636863708496,False,7.136129710583916,604,0.058984375
1111,18849,"[2, 1, 0]",300,157.56916999816895,True,7.136129710583916,604,0.058984375
1111,18850,"[2, 1, 0]",300,157.5775146484375,False,7.136129710583916,604,0.058984375
1111,18851,"[2, 1, 0]",300,157.58776664733887,True,7.136129710583916,604,0.058984375
1111,18852,"[2, 1, 0]",300,157.59754180908203,False,7.136129710583916,604,0.058984375
1111,18853,"[2, 1, 0]",300,157.60278701782227,True,7.136129710583916,604,0.058984375
1111,18854,"[2, 1, 0]",300,157.61208534240723,False,7.136129710583916,604,0.058984375
1111,18855,"[2, 1, 0]",300,157.61756896972656,True,7.136129710583916,604,0.058984375
1111,18856,"[2, 1, 0]",300,157.62639045715332,False,7.136129710583916,604,0.058984375
1111,18857,"[2, 1, 0]",300,157.63282775878906,True,7.136129710583916,604,0.058984375
1111,18858,"[2, 1, 0]",300,157.64284133911133,False,7.136129710583916,604,0.058984375
1111,18859,"[2, 1, 0]",300,157.64880180358887,True,7.136129710583916,604,0.058984375
1111,18860,"[2, 1, 0]",300,157.65738487243652,False,7.136129710583916,604,0.058984375
1111,18861,"[2, 1, 0]",300,157.66286849975586,True,7.136129710583916,604,0.058984375
1111,18862,"[2, 1, 0]",300,157.67145156860352,False,7.136129710583916,604,0.058984375
1111,18863,"[2, 1, 0]",300,157.67693519592285,True,7.136129710583916,604,0.058984375
1111,18864,"[2, 1, 0]",300,157.6855182647705,False,7.136129710583916,604,0.058984375
1111,18865,"[2, 1, 0]",300,157.69052505493164,True,7.136129710583916,604,0.058984375
1111,18866,"[2, 1, 0]",300,157.6991081237793,False,7.136129710583916,604,0.058984375
1111,18867,"[2, 1, 0]",300,157.70435333251953,True,7.136129710583916,604,0.058984375
1111,18868,"[2, 1, 0]",300,157.7129364013672,False,7.136129710583916,604,0.058984375
1111,18869,"[2, 1, 0]",300,157.71818161010742,True,7.136129710583916,604,0.058984375
1111,18870,"[2, 1, 0]",300,157.72676467895508,False,7.136129710583916,604,0.058984375
1111,18871,"[2, 1, 0]",300,157.7322483062744,True,7.136129710583916,604,0.058984375
1111,18872,"[2, 1, 0]",300,157.74083137512207,False,7.136129710583916,604,0.058984375
1111,18873,"[2, 1, 0]",300,157.74965286254883,True,7.136129710583916,604,0.058984375
1111,18874,"[2, 1, 0]",300,157.7589511871338,False,7.136129710583916,604,0.058984375
1111,18875,"[2, 1, 0]",300,157.76443481445312,True,7.136129710583916,604,0.058984375
1111,18876,"[2, 1, 0]",300,157.77301788330078,False,7.136129710583916,604,0.058984375
1111,18877,"[2, 1, 0]",300,157.77826309204102,True,7.136129710583916,604,0.058984375
1111,18878,"[2, 1, 0]",300,157.78684616088867,False,7.136129710583916,604,0.058984375
1111,18879,"[2, 1, 0]",300,157.7918529510498,True,7.136129710583916,604,0.058984375
1111,18880,"[2, 1, 0]",300,157.80043601989746,False,7.136129710583916,604,0.058984375
1111,18881,"[2, 1, 0]",300,157.8056812286377,True,7.136129710583916,604,0.058984375
1111,18882,"[2, 1, 0]",300,157.81402587890625,False,7.136129710583916,604,0.058984375
1111,18883,"[2, 1, 0]",300,157.81927108764648,True,7.136129710583916,604,0.058984375
1111,18884,"[2, 1, 0]",300,157.82761573791504,False,7.136129710583916,604,0.058984375
1111,18885,"[2, 1, 0]",300,157.83286094665527,True,7.136129710583916,604,0.058984375
1111,18886,"[2, 1, 0]",300,157.84168243408203,False,7.136129710583916,604,0.058984375
1111,18887,"[2, 1, 0]",300,157.84692764282227,True,7.136129710583916,604,0.058984375
1111,18888,"[2, 1, 0]",300,157.85574913024902,False,7.136129710583916,604,0.058984375
1111,18889,"[2, 1, 0]",300,157.86099433898926,True,7.136129710583916,604,0.058984375
1111,18890,"[2, 1, 0]",300,157.87339210510254,False,7.136129710583916,604,0.058984375
1111,18891,"[2, 1, 0]",300,157.87935256958008,True,7.136129710583916,604,0.058984375
1111,18892,"[2, 1, 0]",300,157.88912773132324,False,7.136129710583916,604,0.058984375
1111,18893,"[2, 1, 0]",300,157.89794921875,True,7.136129710583916,604,0.058984375
1111,18894,"[2, 1, 0]",300,157.90796279907227,False,7.136129710583916,604,0.058984375
1111,18895,"[2, 1, 0]",300,157.9134464263916,True,7.136129710583916,604,0.058984375
1111,18896,"[2, 1, 0]",300,157.92202949523926,False,7.136129710583916,604,0.058984375
1111,18897,"[2, 1, 0]",300,157.9272747039795,True,7.136129710583916,604,0.058984375
1111,18898,"[2, 1, 0]",300,157.93561935424805,False,7.136129710583916,604,0.058984375
1111,18899,"[2, 1, 0]",300,157.94110298156738,True,7.136129710583916,604,0.058984375
1111,18900,"[2, 1, 0]",300,157.94992446899414,False,7.136129710583916,604,0.058984375
1111,18901,"[2, 1, 0]",300,157.95540809631348,True,7.136129710583916,604,0.058984375
1111,18902,"[2, 1, 0]",300,157.96375274658203,False,7.136129710583916,604,0.058984375
1111,18903,"[2, 1, 0]",300,157.96899795532227,True,7.136129710583916,604,0.058984375
1111,18904,"[2, 1, 0]",300,157.97734260559082,False,7.136129710583916,604,0.058984375
1111,18905,"[2, 1, 0]",300,157.98258781433105,True,7.136129710583916,604,0.058984375
1111,18906,"[2, 1, 0]",300,157.9909324645996,False,7.136129710583916,604,0.058984375
1111,18907,"[2, 1, 0]",300,157.99617767333984,True,7.136129710583916,604,0.058984375
1111,18908,"[2, 1, 0]",300,158.0047607421875,False,7.136129710583916,604,0.058984375
1111,18909,"[2, 1, 0]",300,158.01000595092773,True,7.136129710583916,604,0.058984375
1111,18910,"[2, 1, 0]",300,158.0183506011963,False,7.136129710583916,604,0.058984375
1111,18911,"[2, 1, 0]",300,158.02359580993652,True,7.136129710583916,604,0.058984375
1111,18912,"[2, 1, 0]",300,158.03217887878418,False,7.136129710583916,604,0.058984375
1111,18913,"[2, 1, 0]",300,158.0374240875244,True,7.136129710583916,604,0.058984375
1111,18914,"[2, 1, 0]",300,158.04600715637207,False,7.136129710583916,604,0.058984375
1111,18915,"[2, 1, 0]",300,158.05411338806152,True,7.136129710583916,604,0.058984375
1111,18916,"[2, 1, 0]",300,158.06317329406738,False,7.136129710583916,604,0.058984375
1111,18917,"[2, 1, 0]",300,158.06818008422852,True,7.136129710583916,604,0.058984375
1111,18918,"[2, 1, 0]",300,158.07676315307617,False,7.136129710583916,604,0.058984375
1111,18919,"[2, 1, 0]",300,158.0817699432373,True,7.136129710583916,604,0.058984375
1111,18920,"[2, 1, 0]",300,158.09035301208496,False,7.136129710583916,604,0.058984375
1111,18921,"[2, 1, 0]",300,158.0953598022461,True,7.136129710583916,604,0.058984375
1111,18922,"[2, 1, 0]",300,158.10418128967285,False,7.136129710583916,604,0.058984375
1111,18923,"[2, 1, 0]",300,158.10918807983398,True,7.136129710583916,604,0.058984375
1111,18924,"[2, 1, 0]",300,158.11800956726074,False,7.136129710583916,604,0.058984375
1111,18925,"[2, 1, 0]",300,158.12301635742188,True,7.136129710583916,604,0.058984375
1111,18926,"[2, 1, 0]",300,158.13183784484863,False,7.136129710583916,604,0.058984375
1111,18927,"[2, 1, 0]",300,158.13708305358887,True,7.136129710583916,604,0.058984375
1111,18928,"[2, 1, 0]",300,158.14590454101562,False,7.136129710583916,604,0.058984375
1111,18929,"[2, 1, 0]",300,158.15091133117676,True,7.136129710583916,604,0.058984375
1111,18930,"[2, 1, 0]",300,158.15997123718262,False,7.136129710583916,604,0.058984375
1111,18931,"[2, 1, 0]",300,158.16497802734375,True,7.136129710583916,604,0.058984375
1111,18932,"[2, 1, 0]",300,158.2012176513672,False,7.136129710583916,604,0.058984375
1111,18933,"[2, 1, 0]",300,158.21480751037598,True,7.136129710583916,604,0.058984375
1111,18934,"[2, 1, 0]",300,158.2319736480713,False,7.136129710583916,604,0.058984375
1111,18935,"[2, 1, 0]",300,158.24484825134277,True,7.136129710583916,604,0.058984375
1111,18936,"[2, 1, 0]",300,158.28871726989746,False,7.136129710583916,604,0.058984375
1111,18937,"[2, 1, 0]",300,158.30063819885254,True,7.136129710583916,604,0.058984375
1111,18938,"[2, 1, 0]",300,158.31518173217773,False,7.136129710583916,604,0.058984375
1111,18939,"[2, 1, 0]",300,158.32233428955078,True,7.136129710583916,604,0.058984375
1111,18940,"[2, 1, 0]",300,158.33353996276855,False,7.136129710583916,604,0.058984375
1111,18941,"[2, 1, 0]",300,158.34569931030273,True,7.136129710583916,604,0.058984375
1111,18942,"[2, 1, 0]",300,158.355712890625,False,7.136129710583916,604,0.058984375
1111,18943,"[2, 1, 0]",300,158.36167335510254,True,7.136129710583916,604,0.058984375
1111,18944,"[2, 1, 0]",300,158.3707332611084,False,7.136129710583916,604,0.058984375
1111,18945,"[2, 1, 0]",300,158.37597846984863,True,7.136129710583916,604,0.058984375
1111,18946,"[2, 1, 0]",300,158.3847999572754,False,7.136129710583916,604,0.058984375
1111,18947,"[2, 1, 0]",300,158.39004516601562,True,7.136129710583916,604,0.058984375
1111,18948,"[2, 1, 0]",300,158.39910507202148,False,7.136129710583916,604,0.058984375
1111,18949,"[2, 1, 0]",300,158.40411186218262,True,7.136129710583916,604,0.058984375
1111,18950,"[2, 1, 0]",300,158.41293334960938,False,7.136129710583916,604,0.058984375
1111,18951,"[2, 1, 0]",300,158.4179401397705,True,7.136129710583916,604,0.058984375
1111,18952,"[2, 1, 0]",300,158.42676162719727,False,7.136129710583916,604,0.058984375
1111,18953,"[2, 1, 0]",300,158.4315299987793,True,7.136129710583916,604,0.058984375
1111,18954,"[2, 1, 0]",300,158.44035148620605,False,7.136129710583916,604,0.058984375
1111,18955,"[2, 1, 0]",300,158.4453582763672,True,7.136129710583916,604,0.058984375
1111,18956,"[2, 1, 0]",300,158.45441818237305,False,7.136129710583916,604,0.058984375
1111,18957,"[2, 1, 0]",300,158.4630012512207,True,7.136129710583916,604,0.058984375
1111,18958,"[2, 1, 0]",300,158.47206115722656,False,7.136129710583916,604,0.058984375
1111,18959,"[2, 1, 0]",300,158.4773063659668,True,7.136129710583916,604,0.058984375
1111,18960,"[2, 1, 0]",300,158.48612785339355,False,7.136129710583916,604,0.058984375
1111,18961,"[2, 1, 0]",300,158.4911346435547,True,7.136129710583916,604,0.058984375
1111,18962,"[2, 1, 0]",300,158.49995613098145,False,7.136129710583916,604,0.058984375
1111,18963,"[2, 1, 0]",300,158.50496292114258,True,7.136129710583916,604,0.058984375
1111,18964,"[2, 1, 0]",300,158.51354598999023,False,7.136129710583916,604,0.058984375
1111,18965,"[2, 1, 0]",300,158.51855278015137,True,7.136129710583916,604,0.058984375
1111,18966,"[2, 1, 0]",300,158.52737426757812,False,7.136129710583916,604,0.058984375
1111,18967,"[2, 1, 0]",300,158.53238105773926,True,7.136129710583916,604,0.058984375
1111,18968,"[2, 1, 0]",300,158.54120254516602,False,7.136129710583916,604,0.058984375
1111,18969,"[2, 1, 0]",300,158.54597091674805,True,7.136129710583916,604,0.058984375
1111,18970,"[2, 1, 0]",300,158.5547924041748,False,7.136129710583916,604,0.058984375
1111,18971,"[2, 1, 0]",300,158.55979919433594,True,7.136129710583916,604,0.058984375
1111,18972,"[2, 1, 0]",300,158.5686206817627,False,7.136129710583916,604,0.058984375
1111,18973,"[2, 1, 0]",300,158.57338905334473,True,7.136129710583916,604,0.058984375
1111,18974,"[2, 1, 0]",300,158.58197212219238,False,7.136129710583916,604,0.058984375
1111,18975,"[2, 1, 0]",300,158.58721733093262,True,7.136129710583916,604,0.058984375
1111,18976,"[2, 1, 0]",300,158.59580039978027,False,7.136129710583916,604,0.058984375
1111,18977,"[2, 1, 0]",300,158.60462188720703,True,7.136129710583916,604,0.058984375
1111,18978,"[2, 1, 0]",300,158.6136817932129,False,7.136129710583916,604,0.058984375
1111,18979,"[2, 1, 0]",300,158.61868858337402,True,7.136129710583916,604,0.058984375
1111,18980,"[2, 1, 0]",300,158.62774848937988,False,7.136129710583916,604,0.058984375
1111,18981,"[2, 1, 0]",300,158.63275527954102,True,7.136129710583916,604,0.058984375
1111,18982,"[2, 1, 0]",300,158.64109992980957,False,7.136129710583916,604,0.058984375
1111,18983,"[2, 1, 0]",300,158.6463451385498,True,7.136129710583916,604,0.058984375
1111,18984,"[2, 1, 0]",300,158.65540504455566,False,7.136129710583916,604,0.058984375
1111,18985,"[2, 1, 0]",300,158.6604118347168,True,7.136129710583916,604,0.058984375
1111,18986,"[2, 1, 0]",300,158.66947174072266,False,7.136129710583916,604,0.058984375
1111,18987,"[2, 1, 0]",300,158.6744785308838,True,7.136129710583916,604,0.058984375
1111,18988,"[2, 1, 0]",300,158.68353843688965,False,7.136129710583916,604,0.058984375
1111,18989,"[2, 1, 0]",300,158.68878364562988,True,7.136129710583916,604,0.058984375
1111,18990,"[2, 1, 0]",300,158.69736671447754,False,7.136129710583916,604,0.058984375
1111,18991,"[2, 1, 0]",300,158.70928764343262,True,7.136129710583916,604,0.058984375
1111,18992,"[2, 1, 0]",300,158.71858596801758,False,7.136129710583916,604,0.058984375
1111,18993,"[2, 1, 0]",300,158.72716903686523,True,7.136129710583916,604,0.058984375
1111,18994,"[2, 1, 0]",300,158.735990524292,False,7.136129710583916,604,0.058984375
1111,18995,"[2, 1, 0]",300,158.74147415161133,True,7.136129710583916,604,0.058984375
1111,18996,"[2, 1, 0]",300,158.7502956390381,False,7.136129710583916,604,0.058984375
1111,18997,"[2, 1, 0]",300,158.75601768493652,True,7.136129710583916,604,0.058984375
1111,18998,"[2, 1, 0]",300,158.76460075378418,False,7.136129710583916,604,0.058984375
1111,18999,"[2, 1, 0]",300,158.77294540405273,True,7.136129710583916,604,0.058984375
1111,19000,"[2, 1, 0]",300,158.7817668914795,False,7.136129710583916,604,0.058984375
1111,19001,"[2, 1, 0]",300,158.78725051879883,True,7.136129710583916,604,0.058984375
1111,19002,"[2, 1, 0]",300,158.79583358764648,False,7.136129710583916,604,0.058984375
1111,19003,"[2, 1, 0]",300,158.80060195922852,True,7.136129710583916,604,0.058984375
1111,19004,"[2, 1, 0]",300,158.80966186523438,False,7.136129710583916,604,0.058984375
1111,19005,"[2, 1, 0]",300,158.8146686553955,True,7.136129710583916,604,0.058984375
1111,19006,"[2, 1, 0]",300,158.82372856140137,False,7.136129710583916,604,0.058984375
1111,19007,"[2, 1, 0]",300,158.8289737701416,True,7.136129710583916,604,0.058984375
1111,19008,"[2, 1, 0]",300,158.83755683898926,False,7.136129710583916,604,0.058984375
1111,19009,"[2, 1, 0]",300,158.8428020477295,True,7.136129710583916,604,0.058984375
1111,19010,"[2, 1, 0]",300,158.85138511657715,False,7.136129710583916,604,0.058984375
1111,19011,"[2, 1, 0]",300,158.85686874389648,True,7.136129710583916,604,0.058984375
1111,19012,"[2, 1, 0]",300,158.86521339416504,False,7.136129710583916,604,0.058984375
1111,19013,"[2, 1, 0]",300,158.87022018432617,True,7.136129710583916,604,0.058984375
1111,19014,"[2, 1, 0]",300,158.87904167175293,False,7.136129710583916,604,0.058984375
1111,19015,"[2, 1, 0]",300,158.88381004333496,True,7.136129710583916,604,0.058984375
1111,19016,"[2, 1, 0]",300,158.89263153076172,False,7.136129710583916,604,0.058984375
1111,19017,"[2, 1, 0]",300,158.89763832092285,True,7.136129710583916,604,0.058984375
1111,19018,"[2, 1, 0]",300,158.9064598083496,False,7.136129710583916,604,0.058984375
1111,19019,"[2, 1, 0]",300,158.91456604003906,True,7.136129710583916,604,0.058984375
1111,19020,"[2, 1, 0]",300,158.92386436462402,False,7.136129710583916,604,0.058984375
1111,19021,"[2, 1, 0]",300,158.92887115478516,True,7.136129710583916,604,0.058984375
1111,19022,"[2, 1, 0]",300,158.9376926422119,False,7.136129710583916,604,0.058984375
1111,19023,"[2, 1, 0]",300,158.94269943237305,True,7.136129710583916,604,0.058984375
1111,19024,"[2, 1, 0]",300,158.9512825012207,False,7.136129710583916,604,0.058984375
1111,19025,"[2, 1, 0]",300,158.95628929138184,True,7.136129710583916,604,0.058984375
1111,19026,"[2, 1, 0]",300,158.9651107788086,False,7.136129710583916,604,0.058984375
1111,19027,"[2, 1, 0]",300,158.97011756896973,True,7.136129710583916,604,0.058984375
1111,19028,"[2, 1, 0]",300,158.97870063781738,False,7.136129710583916,604,0.058984375
1111,19029,"[2, 1, 0]",300,158.98370742797852,True,7.136129710583916,604,0.058984375
1111,19030,"[2, 1, 0]",300,158.99252891540527,False,7.136129710583916,604,0.058984375
1111,19031,"[2, 1, 0]",300,158.9975357055664,True,7.136129710583916,604,0.058984375
1111,19032,"[2, 1, 0]",300,159.00635719299316,False,7.136129710583916,604,0.058984375
1111,19033,"[2, 1, 0]",300,159.0113639831543,True,7.136129710583916,604,0.058984375
1111,19034,"[2, 1, 0]",300,159.02018547058105,False,7.136129710583916,604,0.058984375
1111,19035,"[2, 1, 0]",300,159.0251922607422,True,7.136129710583916,604,0.058984375
1111,19036,"[2, 1, 0]",300,159.03425216674805,False,7.136129710583916,604,0.058984375
1111,19037,"[2, 1, 0]",300,159.03925895690918,True,7.136129710583916,604,0.058984375
1111,19038,"[2, 1, 0]",300,159.04808044433594,False,7.136129710583916,604,0.058984375
1111,19039,"[2, 1, 0]",300,159.05308723449707,True,7.136129710583916,604,0.058984375
1111,19040,"[2, 1, 0]",300,159.06190872192383,False,7.136129710583916,604,0.058984375
1111,19041,"[2, 1, 0]",300,159.0731143951416,True,7.136129710583916,604,0.058984375
1111,19042,"[2, 1, 0]",300,159.08241271972656,False,7.136129710583916,604,0.058984375
1111,19043,"[2, 1, 0]",300,159.0876579284668,True,7.136129710583916,604,0.058984375
1111,19044,"[2, 1, 0]",300,159.09647941589355,False,7.136129710583916,604,0.058984375
1111,19045,"[2, 1, 0]",300,159.1014862060547,True,7.136129710583916,604,0.058984375
1111,19046,"[2, 1, 0]",300,159.11030769348145,False,7.136129710583916,604,0.058984375
1111,19047,"[2, 1, 0]",300,159.11531448364258,True,7.136129710583916,604,0.058984375
1111,19048,"[2, 1, 0]",300,159.12365913391113,False,7.136129710583916,604,0.058984375
1111,19049,"[2, 1, 0]",300,159.12890434265137,True,7.136129710583916,604,0.058984375
1111,19050,"[2, 1, 0]",300,159.13748741149902,False,7.136129710583916,604,0.058984375
1111,19051,"[2, 1, 0]",300,159.14273262023926,True,7.136129710583916,604,0.058984375
1111,19052,"[2, 1, 0]",300,159.1513156890869,False,7.136129710583916,604,0.058984375
1111,19053,"[2, 1, 0]",300,159.15656089782715,True,7.136129710583916,604,0.058984375
1111,19054,"[2, 1, 0]",300,159.1653823852539,False,7.136129710583916,604,0.058984375
1111,19055,"[2, 1, 0]",300,159.17038917541504,True,7.136129710583916,604,0.058984375
1111,19056,"[2, 1, 0]",300,159.1789722442627,False,7.136129710583916,604,0.058984375
1111,19057,"[2, 1, 0]",300,159.18421745300293,True,7.136129710583916,604,0.058984375
1111,19058,"[2, 1, 0]",300,159.19256210327148,False,7.136129710583916,604,0.058984375
1111,19059,"[2, 1, 0]",300,159.19780731201172,True,7.136129710583916,604,0.058984375
1111,19060,"[2, 1, 0]",300,159.20639038085938,False,7.136129710583916,604,0.058984375
1111,19061,"[2, 1, 0]",300,159.21473503112793,True,7.136129710583916,604,0.058984375
1111,19062,"[2, 1, 0]",300,159.2233180999756,False,7.136129710583916,604,0.058984375
1111,19063,"[2, 1, 0]",300,159.22880172729492,True,7.136129710583916,604,0.058984375
1111,19064,"[2, 1, 0]",300,159.23714637756348,False,7.136129710583916,604,0.058984375
1111,19065,"[2, 1, 0]",300,159.2426300048828,True,7.136129710583916,604,0.058984375
1111,19066,"[2, 1, 0]",300,159.25121307373047,False,7.136129710583916,604,0.058984375
1111,19067,"[2, 1, 0]",300,159.2564582824707,True,7.136129710583916,604,0.058984375
1111,19068,"[2, 1, 0]",300,159.26504135131836,False,7.136129710583916,604,0.058984375
1111,19069,"[2, 1, 0]",300,159.2702865600586,True,7.136129710583916,604,0.058984375
1111,19070,"[2, 1, 0]",300,159.27910804748535,False,7.136129710583916,604,0.058984375
1111,19071,"[2, 1, 0]",300,159.2843532562256,True,7.136129710583916,604,0.058984375
1111,19072,"[2, 1, 0]",300,159.29293632507324,False,7.136129710583916,604,0.058984375
1111,19073,"[2, 1, 0]",300,159.29841995239258,True,7.136129710583916,604,0.058984375
1111,19074,"[2, 1, 0]",300,159.30676460266113,False,7.136129710583916,604,0.058984375
1111,19075,"[2, 1, 0]",300,159.31224822998047,True,7.136129710583916,604,0.058984375
1111,19076,"[2, 1, 0]",300,159.32083129882812,False,7.136129710583916,604,0.058984375
1111,19077,"[2, 1, 0]",300,159.32607650756836,True,7.136129710583916,604,0.058984375
1111,19078,"[2, 1, 0]",300,159.33465957641602,False,7.136129710583916,604,0.058984375
1111,19079,"[2, 1, 0]",300,159.33990478515625,True,7.136129710583916,604,0.058984375
1111,19080,"[2, 1, 0]",300,159.3482494354248,False,7.136129710583916,604,0.058984375
1111,19081,"[2, 1, 0]",300,159.35349464416504,True,7.136129710583916,604,0.058984375
1111,19082,"[2, 1, 0]",300,159.3620777130127,False,7.136129710583916,604,0.058984375
1111,19083,"[2, 1, 0]",300,159.36994552612305,True,7.136129710583916,604,0.058984375
1111,19084,"[2, 1, 0]",300,159.3787670135498,False,7.136129710583916,604,0.058984375
1111,19085,"[2, 1, 0]",300,159.38401222229004,True,7.136129710583916,604,0.058984375
1111,19086,"[2, 1, 0]",300,159.3925952911377,False,7.136129710583916,604,0.058984375
1111,19087,"[2, 1, 0]",300,159.39760208129883,True,7.136129710583916,604,0.058984375
1111,19088,"[2, 1, 0]",300,159.4069004058838,False,7.136129710583916,604,0.058984375
1111,19089,"[2, 1, 0]",300,159.41214561462402,True,7.136129710583916,604,0.058984375
1111,19090,"[2, 1, 0]",300,159.42049026489258,False,7.136129710583916,604,0.058984375
1111,19091,"[2, 1, 0]",300,159.4254970550537,True,7.136129710583916,604,0.058984375
1111,19092,"[2, 1, 0]",300,159.4374179840088,False,7.136129710583916,604,0.058984375
1111,19093,"[2, 1, 0]",300,159.44266319274902,True,7.136129710583916,604,0.058984375
1111,19094,"[2, 1, 0]",300,159.45172309875488,False,7.136129710583916,604,0.058984375
1111,19095,"[2, 1, 0]",300,159.45672988891602,True,7.136129710583916,604,0.058984375
1111,19096,"[2, 1, 0]",300,159.46555137634277,False,7.136129710583916,604,0.058984375
1111,19097,"[2, 1, 0]",300,159.4705581665039,True,7.136129710583916,604,0.058984375
1111,19098,"[2, 1, 0]",300,159.47914123535156,False,7.136129710583916,604,0.058984375
1111,19099,"[2, 1, 0]",300,159.4841480255127,True,7.136129710583916,604,0.058984375
1111,19100,"[2, 1, 0]",300,159.49296951293945,False,7.136129710583916,604,0.058984375
1111,19101,"[2, 1, 0]",300,159.4979763031006,True,7.136129710583916,604,0.058984375
1111,19102,"[2, 1, 0]",300,159.50655937194824,False,7.136129710583916,604,0.058984375
1111,19103,"[2, 1, 0]",300,159.52825546264648,True,7.136129710583916,604,0.058984375
1111,19104,"[2, 1, 0]",300,159.53898429870605,False,7.136129710583916,604,0.058984375
1111,19105,"[2, 1, 0]",300,159.5444679260254,True,7.136129710583916,604,0.058984375
1111,19106,"[2, 1, 0]",300,159.55305099487305,False,7.136129710583916,604,0.058984375
1111,19107,"[2, 1, 0]",300,159.55829620361328,True,7.136129710583916,604,0.058984375
1111,19108,"[2, 1, 0]",300,159.56687927246094,False,7.136129710583916,604,0.058984375
1111,19109,"[2, 1, 0]",300,159.57188606262207,True,7.136129710583916,604,0.058984375
1111,19110,"[2, 1, 0]",300,159.58046913146973,False,7.136129710583916,604,0.058984375
1111,19111,"[2, 1, 0]",300,159.58571434020996,True,7.136129710583916,604,0.058984375
1111,19112,"[2, 1, 0]",300,159.59405899047852,False,7.136129710583916,604,0.058984375
1111,19113,"[2, 1, 0]",300,159.59930419921875,True,7.136129710583916,604,0.058984375
1111,19114,"[2, 1, 0]",300,159.6081256866455,False,7.136129710583916,604,0.058984375
1111,19115,"[2, 1, 0]",300,159.61313247680664,True,7.136129710583916,604,0.058984375
1111,19116,"[2, 1, 0]",300,159.6217155456543,False,7.136129710583916,604,0.058984375
1111,19117,"[2, 1, 0]",300,159.62672233581543,True,7.136129710583916,604,0.058984375
1111,19118,"[2, 1, 0]",300,159.6355438232422,False,7.136129710583916,604,0.058984375
1111,19119,"[2, 1, 0]",300,159.64055061340332,True,7.136129710583916,604,0.058984375
1111,19120,"[2, 1, 0]",300,159.64937210083008,False,7.136129710583916,604,0.058984375
1111,19121,"[2, 1, 0]",300,159.6543788909912,True,7.136129710583916,604,0.058984375
1111,19122,"[2, 1, 0]",300,159.66320037841797,False,7.136129710583916,604,0.058984375
1111,19123,"[2, 1, 0]",300,159.6682071685791,True,7.136129710583916,604,0.058984375
1111,19124,"[2, 1, 0]",300,159.67702865600586,False,7.136129710583916,604,0.058984375
1111,19125,"[2, 1, 0]",300,159.6848964691162,True,7.136129710583916,604,0.058984375
1111,19126,"[2, 1, 0]",300,159.69371795654297,False,7.136129710583916,604,0.058984375
1111,19127,"[2, 1, 0]",300,159.6987247467041,True,7.136129710583916,604,0.058984375
1111,19128,"[2, 1, 0]",300,159.70730781555176,False,7.136129710583916,604,0.058984375
1111,19129,"[2, 1, 0]",300,159.7123146057129,True,7.136129710583916,604,0.058984375
1111,19130,"[2, 1, 0]",300,159.72065925598145,False,7.136129710583916,604,0.058984375
1111,19131,"[2, 1, 0]",300,159.72590446472168,True,7.136129710583916,604,0.058984375
1111,19132,"[2, 1, 0]",300,159.73424911499023,False,7.136129710583916,604,0.058984375
1111,19133,"[2, 1, 0]",300,159.73973274230957,True,7.136129710583916,604,0.058984375
1111,19134,"[2, 1, 0]",300,159.74807739257812,False,7.136129710583916,604,0.058984375
1111,19135,"[2, 1, 0]",300,159.75356101989746,True,7.136129710583916,604,0.058984375
1111,19136,"[2, 1, 0]",300,159.76214408874512,False,7.136129710583916,604,0.058984375
1111,19137,"[2, 1, 0]",300,159.76762771606445,True,7.136129710583916,604,0.058984375
1111,19138,"[2, 1, 0]",300,159.7762107849121,False,7.136129710583916,604,0.058984375
1111,19139,"[2, 1, 0]",300,159.78145599365234,True,7.136129710583916,604,0.058984375
1111,19140,"[2, 1, 0]",300,159.7898006439209,False,7.136129710583916,604,0.058984375
1111,19141,"[2, 1, 0]",300,159.79504585266113,True,7.136129710583916,604,0.058984375
1111,19142,"[2, 1, 0]",300,159.8072052001953,False,7.136129710583916,604,0.058984375
1111,19143,"[2, 1, 0]",300,159.81268882751465,True,7.136129710583916,604,0.058984375
1111,19144,"[2, 1, 0]",300,159.8215103149414,False,7.136129710583916,604,0.058984375
1111,19145,"[2, 1, 0]",300,159.83033180236816,True,7.136129710583916,604,0.058984375
1111,19146,"[2, 1, 0]",300,159.83915328979492,False,7.136129710583916,604,0.058984375
1111,19147,"[2, 1, 0]",300,159.84416007995605,True,7.136129710583916,604,0.058984375
1111,19148,"[2, 1, 0]",300,159.8527431488037,False,7.136129710583916,604,0.058984375
1111,19149,"[2, 1, 0]",300,159.85798835754395,True,7.136129710583916,604,0.058984375
1111,19150,"[2, 1, 0]",300,159.8663330078125,False,7.136129710583916,604,0.058984375
1111,19151,"[2, 1, 0]",300,159.87157821655273,True,7.136129710583916,604,0.058984375
1111,19152,"[2, 1, 0]",300,159.8801612854004,False,7.136129710583916,604,0.058984375
1111,19153,"[2, 1, 0]",300,159.88564491271973,True,7.136129710583916,604,0.058984375
1111,19154,"[2, 1, 0]",300,159.89398956298828,False,7.136129710583916,604,0.058984375
1111,19155,"[2, 1, 0]",300,159.89923477172852,True,7.136129710583916,604,0.058984375
1111,19156,"[2, 1, 0]",300,159.90781784057617,False,7.136129710583916,604,0.058984375
1111,19157,"[2, 1, 0]",300,159.9130630493164,True,7.136129710583916,604,0.058984375
1111,19158,"[2, 1, 0]",300,159.92140769958496,False,7.136129710583916,604,0.058984375
1111,19159,"[2, 1, 0]",300,159.9266529083252,True,7.136129710583916,604,0.058984375
1111,19160,"[2, 1, 0]",300,159.93523597717285,False,7.136129710583916,604,0.058984375
1111,19161,"[2, 1, 0]",300,159.9435806274414,True,7.136129710583916,604,0.058984375
1111,19162,"[2, 1, 0]",300,159.95216369628906,False,7.136129710583916,604,0.058984375
1111,19163,"[2, 1, 0]",300,159.9576473236084,True,7.136129710583916,604,0.058984375
1111,19164,"[2, 1, 0]",300,159.96599197387695,False,7.136129710583916,604,0.058984375
1111,19165,"[2, 1, 0]",300,159.9714756011963,True,7.136129710583916,604,0.058984375
1111,19166,"[2, 1, 0]",300,159.98005867004395,False,7.136129710583916,604,0.058984375
1111,19167,"[2, 1, 0]",300,160.00938415527344,True,7.136129710583916,604,0.058984375
1111,19168,"[2, 1, 0]",300,160.0182056427002,False,7.136129710583916,604,0.058984375
1111,19169,"[2, 1, 0]",300,160.02368927001953,True,7.136129710583916,604,0.058984375
1111,19170,"[2, 1, 0]",300,160.0320339202881,False,7.136129710583916,604,0.058984375
1111,19171,"[2, 1, 0]",300,160.03751754760742,True,7.136129710583916,604,0.058984375
1111,19172,"[2, 1, 0]",300,160.04586219787598,False,7.136129710583916,604,0.058984375
1111,19173,"[2, 1, 0]",300,160.0511074066162,True,7.136129710583916,604,0.058984375
1111,19174,"[2, 1, 0]",300,160.05945205688477,False,7.136129710583916,604,0.058984375
1111,19175,"[2, 1, 0]",300,160.0644588470459,True,7.136129710583916,604,0.058984375
1111,19176,"[2, 1, 0]",300,160.07328033447266,False,7.136129710583916,604,0.058984375
1111,19177,"[2, 1, 0]",300,160.0782871246338,True,7.136129710583916,604,0.058984375
1111,19178,"[2, 1, 0]",300,160.08710861206055,False,7.136129710583916,604,0.058984375
1111,19179,"[2, 1, 0]",300,160.09211540222168,True,7.136129710583916,604,0.058984375
1111,19180,"[2, 1, 0]",300,160.10093688964844,False,7.136129710583916,604,0.058984375
1111,19181,"[2, 1, 0]",300,160.10618209838867,True,7.136129710583916,604,0.058984375
1111,19182,"[2, 1, 0]",300,160.11500358581543,False,7.136129710583916,604,0.058984375
1111,19183,"[2, 1, 0]",300,160.12048721313477,True,7.136129710583916,604,0.058984375
1111,19184,"[2, 1, 0]",300,160.12883186340332,False,7.136129710583916,604,0.058984375
1111,19185,"[2, 1, 0]",300,160.13383865356445,True,7.136129710583916,604,0.058984375
1111,19186,"[2, 1, 0]",300,160.1426601409912,False,7.136129710583916,604,0.058984375
1111,19187,"[2, 1, 0]",300,160.15386581420898,True,7.136129710583916,604,0.058984375
1111,19188,"[2, 1, 0]",300,160.16292572021484,False,7.136129710583916,604,0.058984375
1111,19189,"[2, 1, 0]",300,160.16793251037598,True,7.136129710583916,604,0.058984375
1111,19190,"[2, 1, 0]",300,160.17675399780273,False,7.136129710583916,604,0.058984375
1111,19191,"[2, 1, 0]",300,160.18176078796387,True,7.136129710583916,604,0.058984375
1111,19192,"[2, 1, 0]",300,160.19058227539062,False,7.136129710583916,604,0.058984375
1111,19193,"[2, 1, 0]",300,160.19892692565918,True,7.136129710583916,604,0.058984375
1111,19194,"[2, 1, 0]",300,160.20798683166504,False,7.136129710583916,604,0.058984375
1111,19195,"[2, 1, 0]",300,160.21299362182617,True,7.136129710583916,604,0.058984375
1111,19196,"[2, 1, 0]",300,160.22157669067383,False,7.136129710583916,604,0.058984375
1111,19197,"[2, 1, 0]",300,160.22682189941406,True,7.136129710583916,604,0.058984375
1111,19198,"[2, 1, 0]",300,160.23564338684082,False,7.136129710583916,604,0.058984375
1111,19199,"[2, 1, 0]",300,160.24065017700195,True,7.136129710583916,604,0.058984375
1111,19200,"[2, 1, 0]",300,160.2494716644287,False,7.136129710583916,604,0.058984375
1111,19201,"[2, 1, 0]",300,160.25447845458984,True,7.136129710583916,604,0.058984375
1111,19202,"[2, 1, 0]",300,160.2630615234375,False,7.136129710583916,604,0.058984375
1111,19203,"[2, 1, 0]",300,160.29000282287598,True,7.136129710583916,604,0.058984375
1111,19204,"[2, 1, 0]",300,160.31193733215332,False,7.136129710583916,604,0.058984375
1111,19205,"[2, 1, 0]",300,160.32028198242188,True,7.136129710583916,604,0.058984375
1111,19206,"[2, 1, 0]",300,160.33267974853516,False,7.136129710583916,604,0.058984375
1111,19207,"[2, 1, 0]",300,160.3398323059082,True,7.136129710583916,604,0.058984375
1111,19208,"[2, 1, 0]",300,160.35079956054688,False,7.136129710583916,604,0.058984375
1111,19209,"[2, 1, 0]",300,160.36224365234375,True,7.136129710583916,604,0.058984375
1111,19210,"[2, 1, 0]",300,160.3720188140869,False,7.136129710583916,604,0.058984375
1111,19211,"[2, 1, 0]",300,160.37750244140625,True,7.136129710583916,604,0.058984375
1111,19212,"[2, 1, 0]",300,160.386323928833,False,7.136129710583916,604,0.058984375
1111,19213,"[2, 1, 0]",300,160.39180755615234,True,7.136129710583916,604,0.058984375
1111,19214,"[2, 1, 0]",300,160.4006290435791,False,7.136129710583916,604,0.058984375
1111,19215,"[2, 1, 0]",300,160.40611267089844,True,7.136129710583916,604,0.058984375
1111,19216,"[2, 1, 0]",300,160.4146957397461,False,7.136129710583916,604,0.058984375
1111,19217,"[2, 1, 0]",300,160.42017936706543,True,7.136129710583916,604,0.058984375
1111,19218,"[2, 1, 0]",300,160.4287624359131,False,7.136129710583916,604,0.058984375
1111,19219,"[2, 1, 0]",300,160.43400764465332,True,7.136129710583916,604,0.058984375
1111,19220,"[2, 1, 0]",300,160.44235229492188,False,7.136129710583916,604,0.058984375
1111,19221,"[2, 1, 0]",300,160.4475975036621,True,7.136129710583916,604,0.058984375
1111,19222,"[2, 1, 0]",300,160.45618057250977,False,7.136129710583916,604,0.058984375
1111,19223,"[2, 1, 0]",300,160.46142578125,True,7.136129710583916,604,0.058984375
1111,19224,"[2, 1, 0]",300,160.47000885009766,False,7.136129710583916,604,0.058984375
1111,19225,"[2, 1, 0]",300,160.4752540588379,True,7.136129710583916,604,0.058984375
1111,19226,"[2, 1, 0]",300,160.48383712768555,False,7.136129710583916,604,0.058984375
1111,19227,"[2, 1, 0]",300,160.48908233642578,True,7.136129710583916,604,0.058984375
1111,19228,"[2, 1, 0]",300,160.49766540527344,False,7.136129710583916,604,0.058984375
1111,19229,"[2, 1, 0]",300,160.5064868927002,True,7.136129710583916,604,0.058984375
1111,19230,"[2, 1, 0]",300,160.51554679870605,False,7.136129710583916,604,0.058984375
1111,19231,"[2, 1, 0]",300,160.5210304260254,True,7.136129710583916,604,0.058984375
1111,19232,"[2, 1, 0]",300,160.52961349487305,False,7.136129710583916,604,0.058984375
1111,19233,"[2, 1, 0]",300,160.53485870361328,True,7.136129710583916,604,0.058984375
1111,19234,"[2, 1, 0]",300,160.54344177246094,False,7.136129710583916,604,0.058984375
1111,19235,"[2, 1, 0]",300,160.54916381835938,True,7.136129710583916,604,0.058984375
1111,19236,"[2, 1, 0]",300,160.55822372436523,False,7.136129710583916,604,0.058984375
1111,19237,"[2, 1, 0]",300,160.56323051452637,True,7.136129710583916,604,0.058984375
1111,19238,"[2, 1, 0]",300,160.57205200195312,False,7.136129710583916,604,0.058984375
1111,19239,"[2, 1, 0]",300,160.57705879211426,True,7.136129710583916,604,0.058984375
1111,19240,"[2, 1, 0]",300,160.58611869812012,False,7.136129710583916,604,0.058984375
1111,19241,"[2, 1, 0]",300,160.59136390686035,True,7.136129710583916,604,0.058984375
1111,19242,"[2, 1, 0]",300,160.6001853942871,False,7.136129710583916,604,0.058984375
1111,19243,"[2, 1, 0]",300,160.60853004455566,True,7.136129710583916,604,0.058984375
1111,19244,"[2, 1, 0]",300,160.61806678771973,False,7.136129710583916,604,0.058984375
1111,19245,"[2, 1, 0]",300,160.62378883361816,True,7.136129710583916,604,0.058984375
1111,19246,"[2, 1, 0]",300,160.63261032104492,False,7.136129710583916,604,0.058984375
1111,19247,"[2, 1, 0]",300,160.63809394836426,True,7.136129710583916,604,0.058984375
1111,19248,"[2, 1, 0]",300,160.6466770172119,False,7.136129710583916,604,0.058984375
1111,19249,"[2, 1, 0]",300,160.65216064453125,True,7.136129710583916,604,0.058984375
1111,19250,"[2, 1, 0]",300,160.6605052947998,False,7.136129710583916,604,0.058984375
1111,19251,"[2, 1, 0]",300,160.66884994506836,True,7.136129710583916,604,0.058984375
1111,19252,"[2, 1, 0]",300,160.67743301391602,False,7.136129710583916,604,0.058984375
1111,19253,"[2, 1, 0]",300,160.68291664123535,True,7.136129710583916,604,0.058984375
1111,19254,"[2, 1, 0]",300,160.6912612915039,False,7.136129710583916,604,0.058984375
1111,19255,"[2, 1, 0]",300,160.69674491882324,True,7.136129710583916,604,0.058984375
1111,19256,"[2, 1, 0]",300,160.70556640625,False,7.136129710583916,604,0.058984375
1111,19257,"[2, 1, 0]",300,160.71081161499023,True,7.136129710583916,604,0.058984375
1111,19258,"[2, 1, 0]",300,160.719633102417,False,7.136129710583916,604,0.058984375
1111,19259,"[2, 1, 0]",300,160.72487831115723,True,7.136129710583916,604,0.058984375
1111,19260,"[2, 1, 0]",300,160.73346138000488,False,7.136129710583916,604,0.058984375
1111,19261,"[2, 1, 0]",300,160.73894500732422,True,7.136129710583916,604,0.058984375
1111,19262,"[2, 1, 0]",300,160.74728965759277,False,7.136129710583916,604,0.058984375
1111,19263,"[2, 1, 0]",300,160.752534866333,True,7.136129710583916,604,0.058984375
1111,19264,"[2, 1, 0]",300,160.76111793518066,False,7.136129710583916,604,0.058984375
1111,19265,"[2, 1, 0]",300,160.7663631439209,True,7.136129710583916,604,0.058984375
1111,19266,"[2, 1, 0]",300,160.77470779418945,False,7.136129710583916,604,0.058984375
1111,19267,"[2, 1, 0]",300,160.7799530029297,True,7.136129710583916,604,0.058984375
1111,19268,"[2, 1, 0]",300,160.78829765319824,False,7.136129710583916,604,0.058984375
1111,19269,"[2, 1, 0]",300,160.79354286193848,True,7.136129710583916,604,0.058984375
1111,19270,"[2, 1, 0]",300,160.80188751220703,False,7.136129710583916,604,0.058984375
1111,19271,"[2, 1, 0]",300,160.80999374389648,True,7.136129710583916,604,0.058984375
0010,19272,"[2, 1, 0]",300,160.81905364990234,False,2.692679049617419,604,0.058984375
0010,19273,"[2, 1, 0]",300,160.82406044006348,True,2.692679049617419,604,0.058984375
0010,19274,"[2, 1, 0]",300,160.83288192749023,False,2.692679049617419,604,0.058984375
0010,19275,"[2, 1, 0]",300,160.83765029907227,True,2.692679049617419,604,0.058984375
0010,19276,"[2, 1, 0]",300,160.84647178649902,False,2.692679049617419,604,0.058984375
0010,19277,"[2, 1, 0]",300,160.85147857666016,True,2.692679049617419,604,0.058984375
0010,19278,"[2, 1, 0]",300,160.8603000640869,False,2.692679049617419,604,0.058984375
0010,19279,"[2, 1, 0]",300,160.86506843566895,True,2.692679049617419,604,0.058984375
0010,19280,"[2, 1, 0]",300,160.8738899230957,False,2.692679049617419,604,0.058984375
0010,19281,"[2, 1, 0]",300,160.87889671325684,True,2.692679049617419,604,0.058984375
0010,19282,"[2, 1, 0]",300,160.8877182006836,False,2.692679049617419,604,0.058984375
0010,19283,"[2, 1, 0]",300,160.89272499084473,True,2.692679049617419,604,0.058984375
0010,19284,"[2, 1, 0]",300,160.90154647827148,False,2.692679049617419,604,0.058984375
0010,19285,"[2, 1, 0]",300,160.90655326843262,True,2.692679049617419,604,0.058984375
0010,19286,"[2, 1, 0]",300,160.91489791870117,False,2.692679049617419,604,0.058984375
0010,19287,"[2, 1, 0]",300,160.9201431274414,True,2.692679049617419,604,0.058984375
0010,19288,"[2, 1, 0]",300,160.92920303344727,False,2.692679049617419,604,0.058984375
0010,19289,"[2, 1, 0]",300,160.9339714050293,True,2.692679049617419,604,0.058984375
0010,19290,"[2, 1, 0]",300,160.94255447387695,False,2.692679049617419,604,0.058984375
0010,19291,"[2, 1, 0]",300,160.9475612640381,True,2.692679049617419,604,0.058984375
0010,19292,"[2, 1, 0]",300,160.95614433288574,False,2.692679049617419,604,0.058984375
0010,19293,"[2, 1, 0]",300,160.9666347503662,True,2.692679049617419,604,0.058984375
0010,19294,"[2, 1, 0]",300,160.97640991210938,False,2.692679049617419,604,0.058984375
0010,19295,"[2, 1, 0]",300,160.9818935394287,True,2.692679049617419,604,0.058984375
0010,19296,"[2, 1, 0]",300,160.99071502685547,False,2.692679049617419,604,0.058984375
0010,19297,"[2, 1, 0]",300,160.9959602355957,True,2.692679049617419,604,0.058984375
0010,19298,"[2, 1, 0]",300,161.00454330444336,False,2.692679049617419,604,0.058984375
0010,19299,"[2, 1, 0]",300,161.0097885131836,True,2.692679049617419,604,0.058984375
0010,19300,"[2, 1, 0]",300,161.01813316345215,False,2.692679049617419,604,0.058984375
0010,19301,"[2, 1, 0]",300,161.02361679077148,True,2.692679049617419,604,0.058984375
0010,19302,"[2, 1, 0]",300,161.03196144104004,False,2.692679049617419,604,0.058984375
0010,19303,"[2, 1, 0]",300,161.03720664978027,True,2.692679049617419,604,0.058984375
0010,19304,"[2, 1, 0]",300,161.04555130004883,False,2.692679049617419,604,0.058984375
0010,19305,"[2, 1, 0]",300,161.05079650878906,True,2.692679049617419,604,0.058984375
0010,19306,"[2, 1, 0]",300,161.05914115905762,False,2.692679049617419,604,0.058984375
0010,19307,"[2, 1, 0]",300,161.06414794921875,True,2.692679049617419,604,0.058984375
0010,19308,"[2, 1, 0]",300,161.0727310180664,False,2.692679049617419,604,0.058984375
0010,19309,"[2, 1, 0]",300,161.07773780822754,True,2.692679049617419,604,0.058984375
0010,19310,"[2, 1, 0]",300,161.0865592956543,False,2.692679049617419,604,0.058984375
0010,19311,"[2, 1, 0]",300,161.09156608581543,True,2.692679049617419,604,0.058984375
0010,19312,"[2, 1, 0]",300,161.1001491546631,False,2.692679049617419,604,0.058984375
0010,19313,"[2, 1, 0]",300,161.10825538635254,True,2.692679049617419,604,0.058984375
0010,19314,"[2, 1, 0]",300,161.1170768737793,False,2.692679049617419,604,0.058984375
0010,19315,"[2, 1, 0]",300,161.12232208251953,True,2.692679049617419,604,0.058984375
0010,19316,"[2, 1, 0]",300,161.1311435699463,False,2.692679049617419,604,0.058984375
0010,19317,"[2, 1, 0]",300,161.13591194152832,True,2.692679049617419,604,0.058984375
0010,19318,"[2, 1, 0]",300,161.14473342895508,False,2.692679049617419,604,0.058984375
0010,19319,"[2, 1, 0]",300,161.1497402191162,True,2.692679049617419,604,0.058984375
0010,19320,"[2, 1, 0]",300,161.15808486938477,False,2.692679049617419,604,0.058984375
0010,19321,"[2, 1, 0]",300,161.163330078125,True,2.692679049617419,604,0.058984375
0010,19322,"[2, 1, 0]",300,161.17191314697266,False,2.692679049617419,604,0.058984375
0010,19323,"[2, 1, 0]",300,161.177396774292,True,2.692679049617419,604,0.058984375
0010,19324,"[2, 1, 0]",300,161.18574142456055,False,2.692679049617419,604,0.058984375
0010,19325,"[2, 1, 0]",300,161.19098663330078,True,2.692679049617419,604,0.058984375
0010,19326,"[2, 1, 0]",300,161.19956970214844,False,2.692679049617419,604,0.058984375
0010,19327,"[2, 1, 0]",300,161.20505332946777,True,2.692679049617419,604,0.058984375
0010,19328,"[2, 1, 0]",300,161.21387481689453,False,2.692679049617419,604,0.058984375
0010,19329,"[2, 1, 0]",300,161.22198104858398,True,2.692679049617419,604,0.058984375
0010,19330,"[2, 1, 0]",300,161.23056411743164,False,2.692679049617419,604,0.058984375
0010,19331,"[2, 1, 0]",300,161.23628616333008,True,2.692679049617419,604,0.058984375
0010,19332,"[2, 1, 0]",300,161.24486923217773,False,2.692679049617419,604,0.058984375
0010,19333,"[2, 1, 0]",300,161.25059127807617,True,2.692679049617419,604,0.058984375
0010,19334,"[2, 1, 0]",300,161.25917434692383,False,2.692679049617419,604,0.058984375
0010,19335,"[2, 1, 0]",300,161.26751899719238,True,2.692679049617419,604,0.058984375
0010,19336,"[2, 1, 0]",300,161.27657890319824,False,2.692679049617419,604,0.058984375
0010,19337,"[2, 1, 0]",300,161.28158569335938,True,2.692679049617419,604,0.058984375
0010,19338,"[2, 1, 0]",300,161.29064559936523,False,2.692679049617419,604,0.058984375
0010,19339,"[2, 1, 0]",300,161.29565238952637,True,2.692679049617419,604,0.058984375
0010,19340,"[2, 1, 0]",300,161.30447387695312,False,2.692679049617419,604,0.058984375
0010,19341,"[2, 1, 0]",300,161.30971908569336,True,2.692679049617419,604,0.058984375
0010,19342,"[2, 1, 0]",300,161.31830215454102,False,2.692679049617419,604,0.058984375
0010,19343,"[2, 1, 0]",300,161.32330894470215,True,2.692679049617419,604,0.058984375
0010,19344,"[2, 1, 0]",300,161.33499145507812,False,2.692679049617419,604,0.058984375
0010,19345,"[2, 1, 0]",300,161.34071350097656,True,2.692679049617419,604,0.058984375
0010,19346,"[2, 1, 0]",300,161.34953498840332,False,2.692679049617419,604,0.058984375
0010,19347,"[2, 1, 0]",300,161.35454177856445,True,2.692679049617419,604,0.058984375
0010,19348,"[2, 1, 0]",300,161.3633632659912,False,2.692679049617419,604,0.058984375
0010,19349,"[2, 1, 0]",300,161.36837005615234,True,2.692679049617419,604,0.058984375
0010,19350,"[2, 1, 0]",300,161.3771915435791,False,2.692679049617419,604,0.058984375
0010,19351,"[2, 1, 0]",300,161.38219833374023,True,2.692679049617419,604,0.058984375
0010,19352,"[2, 1, 0]",300,161.3912582397461,False,2.692679049617419,604,0.058984375
0010,19353,"[2, 1, 0]",300,161.39626502990723,True,2.692679049617419,604,0.058984375
0010,19354,"[2, 1, 0]",300,161.40508651733398,False,2.692679049617419,604,0.058984375
0010,19355,"[2, 1, 0]",300,161.41343116760254,True,2.692679049617419,604,0.058984375
0010,19356,"[2, 1, 0]",300,161.4224910736084,False,2.692679049617419,604,0.058984375
0010,19357,"[2, 1, 0]",300,161.42773628234863,True,2.692679049617419,604,0.058984375
0010,19358,"[2, 1, 0]",300,161.4363193511963,False,2.692679049617419,604,0.058984375
0010,19359,"[2, 1, 0]",300,161.44132614135742,True,2.692679049617419,604,0.058984375
0010,19360,"[2, 1, 0]",300,161.44967079162598,False,2.692679049617419,604,0.058984375
0010,19361,"[2, 1, 0]",300,161.4551544189453,True,2.692679049617419,604,0.058984375
0010,19362,"[2, 1, 0]",300,161.46397590637207,False,2.692679049617419,604,0.058984375
0010,19363,"[2, 1, 0]",300,161.4689826965332,True,2.692679049617419,604,0.058984375
0010,19364,"[2, 1, 0]",300,161.47780418395996,False,2.692679049617419,604,0.058984375
0010,19365,"[2, 1, 0]",300,161.4828109741211,True,2.692679049617419,604,0.058984375
0010,19366,"[2, 1, 0]",300,161.49115562438965,False,2.692679049617419,604,0.058984375
0010,19367,"[2, 1, 0]",300,161.49640083312988,True,2.692679049617419,604,0.058984375
0010,19368,"[2, 1, 0]",300,161.50498390197754,False,2.692679049617419,604,0.058984375
0010,19369,"[2, 1, 0]",300,161.51022911071777,True,2.692679049617419,604,0.058984375
0010,19370,"[2, 1, 0]",300,161.51857376098633,False,2.692679049617419,604,0.058984375
0010,19371,"[2, 1, 0]",300,161.52381896972656,True,2.692679049617419,604,0.058984375
0010,19372,"[2, 1, 0]",300,161.53240203857422,False,2.692679049617419,604,0.058984375
0010,19373,"[2, 1, 0]",300,161.53788566589355,True,2.692679049617419,604,0.058984375
0010,19374,"[2, 1, 0]",300,161.5462303161621,False,2.692679049617419,604,0.058984375
0010,19375,"[2, 1, 0]",300,161.55147552490234,True,2.692679049617419,604,0.058984375
0010,19376,"[2, 1, 0]",300,161.56005859375,False,2.692679049617419,604,0.058984375
0010,19377,"[2, 1, 0]",300,161.56840324401855,True,2.692679049617419,604,0.058984375
0010,19378,"[2, 1, 0]",300,161.5772247314453,False,2.692679049617419,604,0.058984375
0010,19379,"[2, 1, 0]",300,161.58246994018555,True,2.692679049617419,604,0.058984375
0010,19380,"[2, 1, 0]",300,161.5910530090332,False,2.692679049617419,604,0.058984375
0010,19381,"[2, 1, 0]",300,161.59629821777344,True,2.692679049617419,604,0.058984375
0010,19382,"[2, 1, 0]",300,161.6048812866211,False,2.692679049617419,604,0.058984375
0010,19383,"[2, 1, 0]",300,161.61012649536133,True,2.692679049617419,604,0.058984375
0010,19384,"[2, 1, 0]",300,161.61847114562988,False,2.692679049617419,604,0.058984375
0010,19385,"[2, 1, 0]",300,161.62371635437012,True,2.692679049617419,604,0.058984375
0010,19386,"[2, 1, 0]",300,161.63229942321777,False,2.692679049617419,604,0.058984375
0010,19387,"[2, 1, 0]",300,161.637544631958,True,2.692679049617419,604,0.058984375
0010,19388,"[2, 1, 0]",300,161.64636611938477,False,2.692679049617419,604,0.058984375
0010,19389,"[2, 1, 0]",300,161.6518497467041,True,2.692679049617419,604,0.058984375
0010,19390,"[2, 1, 0]",300,161.66019439697266,False,2.692679049617419,604,0.058984375
0010,19391,"[2, 1, 0]",300,161.665678024292,True,2.692679049617419,604,0.058984375
0010,19392,"[2, 1, 0]",300,161.67426109313965,False,2.692679049617419,604,0.058984375
0010,19393,"[2, 1, 0]",300,161.67974472045898,True,2.692679049617419,604,0.058984375
0010,19394,"[2, 1, 0]",300,161.69500350952148,False,2.692679049617419,604,0.058984375
0010,19395,"[2, 1, 0]",300,161.70072555541992,True,2.692679049617419,604,0.058984375
0010,19396,"[2, 1, 0]",300,161.70954704284668,False,2.692679049617419,604,0.058984375
0010,19397,"[2, 1, 0]",300,161.71813011169434,True,2.692679049617419,604,0.058984375
0010,19398,"[2, 1, 0]",300,161.7269515991211,False,2.692679049617419,604,0.058984375
0010,19399,"[2, 1, 0]",300,161.73243522644043,True,2.692679049617419,604,0.058984375
0010,19400,"[2, 1, 0]",300,161.7412567138672,False,2.692679049617419,604,0.058984375
0010,19401,"[2, 1, 0]",300,161.74650192260742,True,2.692679049617419,604,0.058984375
0010,19402,"[2, 1, 0]",300,161.75508499145508,False,2.692679049617419,604,0.058984375
0010,19403,"[2, 1, 0]",300,161.7603302001953,True,2.692679049617419,604,0.058984375
0010,19404,"[2, 1, 0]",300,161.76867485046387,False,2.692679049617419,604,0.058984375
0010,19405,"[2, 1, 0]",300,161.7741584777832,True,2.692679049617419,604,0.058984375
0010,19406,"[2, 1, 0]",300,161.78250312805176,False,2.692679049617419,604,0.058984375
0010,19407,"[2, 1, 0]",300,161.7879867553711,True,2.692679049617419,604,0.058984375
0010,19408,"[2, 1, 0]",300,161.79656982421875,False,2.692679049617419,604,0.058984375
0010,19409,"[2, 1, 0]",300,161.80181503295898,True,2.692679049617419,604,0.058984375
0010,19410,"[2, 1, 0]",300,161.81039810180664,False,2.692679049617419,604,0.058984375
0010,19411,"[2, 1, 0]",300,161.81540489196777,True,2.692679049617419,604,0.058984375
0010,19412,"[2, 1, 0]",300,161.82398796081543,False,2.692679049617419,604,0.058984375
0010,19413,"[2, 1, 0]",300,161.82923316955566,True,2.692679049617419,604,0.058984375
0010,19414,"[2, 1, 0]",300,161.83757781982422,False,2.692679049617419,604,0.058984375
0010,19415,"[2, 1, 0]",300,161.84282302856445,True,2.692679049617419,604,0.058984375
0010,19416,"[2, 1, 0]",300,161.8514060974121,False,2.692679049617419,604,0.058984375
0010,19417,"[2, 1, 0]",300,161.85665130615234,True,2.692679049617419,604,0.058984375
0010,19418,"[2, 1, 0]",300,161.865234375,False,2.692679049617419,604,0.058984375
0010,19419,"[2, 1, 0]",300,161.87357902526855,True,2.692679049617419,604,0.058984375
0010,19420,"[2, 1, 0]",300,161.8824005126953,False,2.692679049617419,604,0.058984375
0010,19421,"[2, 1, 0]",300,161.88764572143555,True,2.692679049617419,604,0.058984375
0010,19422,"[2, 1, 0]",300,161.8959903717041,False,2.692679049617419,604,0.058984375
0010,19423,"[2, 1, 0]",300,161.90099716186523,True,2.692679049617419,604,0.058984375
0010,19424,"[2, 1, 0]",300,161.909818649292,False,2.692679049617419,604,0.058984375
0010,19425,"[2, 1, 0]",300,161.91482543945312,True,2.692679049617419,604,0.058984375
0010,19426,"[2, 1, 0]",300,161.92364692687988,False,2.692679049617419,604,0.058984375
0010,19427,"[2, 1, 0]",300,161.92865371704102,True,2.692679049617419,604,0.058984375
0010,19428,"[2, 1, 0]",300,161.93723678588867,False,2.692679049617419,604,0.058984375
0010,19429,"[2, 1, 0]",300,161.9422435760498,True,2.692679049617419,604,0.058984375
0010,19430,"[2, 1, 0]",300,161.95106506347656,False,2.692679049617419,604,0.058984375
0010,19431,"[2, 1, 0]",300,161.9560718536377,True,2.692679049617419,604,0.058984375
0010,19432,"[2, 1, 0]",300,161.96465492248535,False,2.692679049617419,604,0.058984375
0010,19433,"[2, 1, 0]",300,161.96966171264648,True,2.692679049617419,604,0.058984375
0010,19434,"[2, 1, 0]",300,161.97848320007324,False,2.692679049617419,604,0.058984375
0010,19435,"[2, 1, 0]",300,161.98348999023438,True,2.692679049617419,604,0.058984375
0010,19436,"[2, 1, 0]",300,161.99231147766113,False,2.692679049617419,604,0.058984375
0010,19437,"[2, 1, 0]",300,161.99731826782227,True,2.692679049617419,604,0.058984375
0010,19438,"[2, 1, 0]",300,162.00637817382812,False,2.692679049617419,604,0.058984375
0010,19439,"[2, 1, 0]",300,162.02831268310547,True,2.692679049617419,604,0.058984375
0010,19440,"[2, 1, 0]",300,162.03761100769043,False,2.692679049617419,604,0.058984375
0010,19441,"[2, 1, 0]",300,162.04261779785156,True,2.692679049617419,604,0.058984375
0010,19442,"[2, 1, 0]",300,162.05120086669922,False,2.692679049617419,604,0.058984375
0010,19443,"[2, 1, 0]",300,162.05620765686035,True,2.692679049617419,604,0.058984375
0010,19444,"[2, 1, 0]",300,162.0650291442871,False,2.692679049617419,604,0.058984375
0010,19445,"[2, 1, 0]",300,162.07313537597656,True,2.692679049617419,604,0.058984375
0010,19446,"[2, 1, 0]",300,162.08219528198242,False,2.692679049617419,604,0.058984375
0010,19447,"[2, 1, 0]",300,162.08720207214355,True,2.692679049617419,604,0.058984375
0010,19448,"[2, 1, 0]",300,162.0960235595703,False,2.692679049617419,604,0.058984375
0010,19449,"[2, 1, 0]",300,162.10103034973145,True,2.692679049617419,604,0.058984375
0010,19450,"[2, 1, 0]",300,162.1096134185791,False,2.692679049617419,604,0.058984375
0010,19451,"[2, 1, 0]",300,162.11462020874023,True,2.692679049617419,604,0.058984375
0010,19452,"[2, 1, 0]",300,162.123441696167,False,2.692679049617419,604,0.058984375
0010,19453,"[2, 1, 0]",300,162.12844848632812,True,2.692679049617419,604,0.058984375
0010,19454,"[2, 1, 0]",300,162.13703155517578,False,2.692679049617419,604,0.058984375
0010,19455,"[2, 1, 0]",300,162.14227676391602,True,2.692679049617419,604,0.058984375
0010,19456,"[2, 1, 0]",300,162.15062141418457,False,2.692679049617419,604,0.058984375
0010,19457,"[2, 1, 0]",300,162.1561050415039,True,2.692679049617419,604,0.058984375
0010,19458,"[2, 1, 0]",300,162.16444969177246,False,2.692679049617419,604,0.058984375
0010,19459,"[2, 1, 0]",300,162.1696949005127,True,2.692679049617419,604,0.058984375
0010,19460,"[2, 1, 0]",300,162.17827796936035,False,2.692679049617419,604,0.058984375
0010,19461,"[2, 1, 0]",300,162.1866226196289,True,2.692679049617419,604,0.058984375
0010,19462,"[2, 1, 0]",300,162.19520568847656,False,2.692679049617419,604,0.058984375
0010,19463,"[2, 1, 0]",300,162.2004508972168,True,2.692679049617419,604,0.058984375
0010,19464,"[2, 1, 0]",300,162.20879554748535,False,2.692679049617419,604,0.058984375
0010,19465,"[2, 1, 0]",300,162.2140407562256,True,2.692679049617419,604,0.058984375
0010,19466,"[2, 1, 0]",300,162.22238540649414,False,2.692679049617419,604,0.058984375
0010,19467,"[2, 1, 0]",300,162.22763061523438,True,2.692679049617419,604,0.058984375
0010,19468,"[2, 1, 0]",300,162.23597526550293,False,2.692679049617419,604,0.058984375
0010,19469,"[2, 1, 0]",300,162.24098205566406,True,2.692679049617419,604,0.058984375
0010,19470,"[2, 1, 0]",300,162.24980354309082,False,2.692679049617419,604,0.058984375
0010,19471,"[2, 1, 0]",300,162.25457191467285,True,2.692679049617419,604,0.058984375
0010,19472,"[2, 1, 0]",300,162.2633934020996,False,2.692679049617419,604,0.058984375
0010,19473,"[2, 1, 0]",300,162.26840019226074,True,2.692679049617419,604,0.058984375
0010,19474,"[2, 1, 0]",300,162.2772216796875,False,2.692679049617419,604,0.058984375
0010,19475,"[2, 1, 0]",300,162.28222846984863,True,2.692679049617419,604,0.058984375
0010,19476,"[2, 1, 0]",300,162.32061386108398,False,2.692679049617419,604,0.058984375
0010,19477,"[2, 1, 0]",300,162.33277320861816,True,2.692679049617419,604,0.058984375
0010,19478,"[2, 1, 0]",300,162.34588623046875,False,2.692679049617419,604,0.058984375
0010,19479,"[2, 1, 0]",300,162.3528003692627,True,2.692679049617419,604,0.058984375
0010,19480,"[2, 1, 0]",300,162.36257553100586,False,2.692679049617419,604,0.058984375
0010,19481,"[2, 1, 0]",300,162.37449645996094,True,2.692679049617419,604,0.058984375
0010,19482,"[2, 1, 0]",300,162.3859405517578,False,2.692679049617419,604,0.058984375
0010,19483,"[2, 1, 0]",300,162.39237785339355,True,2.692679049617419,604,0.058984375
0010,19484,"[2, 1, 0]",300,162.40239143371582,False,2.692679049617419,604,0.058984375
0010,19485,"[2, 1, 0]",300,162.40811347961426,True,2.692679049617419,604,0.058984375
0010,19486,"[2, 1, 0]",300,162.41693496704102,False,2.692679049617419,604,0.058984375
0010,19487,"[2, 1, 0]",300,162.42241859436035,True,2.692679049617419,604,0.058984375
0010,19488,"[2, 1, 0]",300,162.431001663208,False,2.692679049617419,604,0.058984375
0010,19489,"[2, 1, 0]",300,162.43624687194824,True,2.692679049617419,604,0.058984375
0010,19490,"[2, 1, 0]",300,162.4448299407959,False,2.692679049617419,604,0.058984375
0010,19491,"[2, 1, 0]",300,162.45007514953613,True,2.692679049617419,604,0.058984375
0010,19492,"[2, 1, 0]",300,162.4586582183838,False,2.692679049617419,604,0.058984375
0010,19493,"[2, 1, 0]",300,162.46438026428223,True,2.692679049617419,604,0.058984375
0010,19494,"[2, 1, 0]",300,162.47320175170898,False,2.692679049617419,604,0.058984375
0010,19495,"[2, 1, 0]",300,162.48226165771484,True,2.692679049617419,604,0.058984375
0010,19496,"[2, 1, 0]",300,162.492036819458,False,2.692679049617419,604,0.058984375
0010,19497,"[2, 1, 0]",300,162.50038146972656,True,2.692679049617419,604,0.058984375
0010,19498,"[2, 1, 0]",300,162.54806518554688,False,2.692679049617419,604,0.058984375
0010,19499,"[2, 1, 0]",300,162.5654697418213,True,2.692679049617419,604,0.058984375
0010,19500,"[2, 1, 0]",300,162.58645057678223,False,2.692679049617419,604,0.058984375
0010,19501,"[2, 1, 0]",300,162.59407997131348,True,2.692679049617419,604,0.058984375
0010,19502,"[2, 1, 0]",300,162.60623931884766,False,2.692679049617419,604,0.058984375
0010,19503,"[2, 1, 0]",300,162.61816024780273,True,2.692679049617419,604,0.058984375
0010,19504,"[2, 1, 0]",300,162.6284122467041,False,2.692679049617419,604,0.058984375
0010,19505,"[2, 1, 0]",300,162.63413429260254,True,2.692679049617419,604,0.058984375
0010,19506,"[2, 1, 0]",300,162.6431941986084,False,2.692679049617419,604,0.058984375
0010,19507,"[2, 1, 0]",300,162.64843940734863,True,2.692679049617419,604,0.058984375
0010,19508,"[2, 1, 0]",300,162.6572608947754,False,2.692679049617419,604,0.058984375
0010,19509,"[2, 1, 0]",300,162.66393661499023,True,2.692679049617419,604,0.058984375
0010,19510,"[2, 1, 0]",300,162.6744270324707,False,2.692679049617419,604,0.058984375
0010,19511,"[2, 1, 0]",300,162.68038749694824,True,2.692679049617419,604,0.058984375
0010,19512,"[2, 1, 0]",300,162.6894474029541,False,2.692679049617419,604,0.058984375
0010,19513,"[2, 1, 0]",300,162.69445419311523,True,2.692679049617419,604,0.058984375
0010,19514,"[2, 1, 0]",300,162.7037525177002,False,2.692679049617419,604,0.058984375
0010,19515,"[2, 1, 0]",300,162.72974014282227,True,2.692679049617419,604,0.058984375
0010,19516,"[2, 1, 0]",300,162.73880004882812,False,2.692679049617419,604,0.058984375
0010,19517,"[2, 1, 0]",300,162.74404525756836,True,2.692679049617419,604,0.058984375
0010,19518,"[2, 1, 0]",300,162.75310516357422,False,2.692679049617419,604,0.058984375
0010,19519,"[2, 1, 0]",300,162.75811195373535,True,2.692679049617419,604,0.058984375
0010,19520,"[2, 1, 0]",300,162.7669334411621,False,2.692679049617419,604,0.058984375
0010,19521,"[2, 1, 0]",300,162.77194023132324,True,2.692679049617419,604,0.058984375
0010,19522,"[2, 1, 0]",300,162.7805233001709,False,2.692679049617419,604,0.058984375
0010,19523,"[2, 1, 0]",300,162.78934478759766,True,2.692679049617419,604,0.058984375
0010,19524,"[2, 1, 0]",300,162.79888153076172,False,2.692679049617419,604,0.058984375
0010,19525,"[2, 1, 0]",300,162.80436515808105,True,2.692679049617419,604,0.058984375
0010,19526,"[2, 1, 0]",300,162.8131866455078,False,2.692679049617419,604,0.058984375
0010,19527,"[2, 1, 0]",300,162.81867027282715,True,2.692679049617419,604,0.058984375
0010,19528,"[2, 1, 0]",300,162.8270149230957,False,2.692679049617419,604,0.058984375
0010,19529,"[2, 1, 0]",300,162.83226013183594,True,2.692679049617419,604,0.058984375
0010,19530,"[2, 1, 0]",300,162.8410816192627,False,2.692679049617419,604,0.058984375
0010,19531,"[2, 1, 0]",300,162.84632682800293,True,2.692679049617419,604,0.058984375
0010,19532,"[2, 1, 0]",300,162.8549098968506,False,2.692679049617419,604,0.058984375
0010,19533,"[2, 1, 0]",300,162.86015510559082,True,2.692679049617419,604,0.058984375
0010,19534,"[2, 1, 0]",300,162.86873817443848,False,2.692679049617419,604,0.058984375
0010,19535,"[2, 1, 0]",300,162.8737449645996,True,2.692679049617419,604,0.058984375
0010,19536,"[2, 1, 0]",300,162.88232803344727,False,2.692679049617419,604,0.058984375
0010,19537,"[2, 1, 0]",300,162.8875732421875,True,2.692679049617419,604,0.058984375
0010,19538,"[2, 1, 0]",300,162.89615631103516,False,2.692679049617419,604,0.058984375
0010,19539,"[2, 1, 0]",300,162.9014015197754,True,2.692679049617419,604,0.058984375
0010,19540,"[2, 1, 0]",300,162.90998458862305,False,2.692679049617419,604,0.058984375
0010,19541,"[2, 1, 0]",300,162.91522979736328,True,2.692679049617419,604,0.058984375
0010,19542,"[2, 1, 0]",300,162.92381286621094,False,2.692679049617419,604,0.058984375
0010,19543,"[2, 1, 0]",300,162.92858123779297,True,2.692679049617419,604,0.058984375
0010,19544,"[2, 1, 0]",300,162.93764114379883,False,2.692679049617419,604,0.058984375
0010,19545,"[2, 1, 0]",300,162.9488468170166,True,2.692679049617419,604,0.058984375
0010,19546,"[2, 1, 0]",300,162.95886039733887,False,2.692679049617419,604,0.058984375
0010,19547,"[2, 1, 0]",300,162.9645824432373,True,2.692679049617419,604,0.058984375
0010,19548,"[2, 1, 0]",300,162.97364234924316,False,2.692679049617419,604,0.058984375
0010,19549,"[2, 1, 0]",300,162.9788875579834,True,2.692679049617419,604,0.058984375
0010,19550,"[2, 1, 0]",300,162.98818588256836,False,2.692679049617419,604,0.058984375
0010,19551,"[2, 1, 0]",300,162.9936695098877,True,2.692679049617419,604,0.058984375
0010,19552,"[2, 1, 0]",300,163.00249099731445,False,2.692679049617419,604,0.058984375
0010,19553,"[2, 1, 0]",300,163.0074977874756,True,2.692679049617419,604,0.058984375
0010,19554,"[2, 1, 0]",300,163.01631927490234,False,2.692679049617419,604,0.058984375
0010,19555,"[2, 1, 0]",300,163.02156448364258,True,2.692679049617419,604,0.058984375
0010,19556,"[2, 1, 0]",300,163.03038597106934,False,2.692679049617419,604,0.058984375
0010,19557,"[2, 1, 0]",300,163.03539276123047,True,2.692679049617419,604,0.058984375
0010,19558,"[2, 1, 0]",300,163.04421424865723,False,2.692679049617419,604,0.058984375
0010,19559,"[2, 1, 0]",300,163.04922103881836,True,2.692679049617419,604,0.058984375
0010,19560,"[2, 1, 0]",300,163.05804252624512,False,2.692679049617419,604,0.058984375
0010,19561,"[2, 1, 0]",300,163.06304931640625,True,2.692679049617419,604,0.058984375
0010,19562,"[2, 1, 0]",300,163.071870803833,False,2.692679049617419,604,0.058984375
0010,19563,"[2, 1, 0]",300,163.07663917541504,True,2.692679049617419,604,0.058984375
0010,19564,"[2, 1, 0]",300,163.0854606628418,False,2.692679049617419,604,0.058984375
0010,19565,"[2, 1, 0]",300,163.09356689453125,True,2.692679049617419,604,0.058984375
0010,19566,"[2, 1, 0]",300,163.1028652191162,False,2.692679049617419,604,0.058984375
0010,19567,"[2, 1, 0]",300,163.10811042785645,True,2.692679049617419,604,0.058984375
0010,19568,"[2, 1, 0]",300,163.1166934967041,False,2.692679049617419,604,0.058984375
0010,19569,"[2, 1, 0]",300,163.12170028686523,True,2.692679049617419,604,0.058984375
0010,19570,"[2, 1, 0]",300,163.130521774292,False,2.692679049617419,604,0.058984375
0010,19571,"[2, 1, 0]",300,163.13552856445312,True,2.692679049617419,604,0.058984375
0010,19572,"[2, 1, 0]",300,163.14411163330078,False,2.692679049617419,604,0.058984375
0010,19573,"[2, 1, 0]",300,163.1491184234619,True,2.692679049617419,604,0.058984375
0010,19574,"[2, 1, 0]",300,163.15770149230957,False,2.692679049617419,604,0.058984375
0010,19575,"[2, 1, 0]",300,163.1629467010498,True,2.692679049617419,604,0.058984375
0010,19576,"[2, 1, 0]",300,163.17152976989746,False,2.692679049617419,604,0.058984375
0010,19577,"[2, 1, 0]",300,163.1765365600586,True,2.692679049617419,604,0.058984375
0010,19578,"[2, 1, 0]",300,163.18535804748535,False,2.692679049617419,604,0.058984375
0010,19579,"[2, 1, 0]",300,163.1906032562256,True,2.692679049617419,604,0.058984375
0010,19580,"[2, 1, 0]",300,163.19894790649414,False,2.692679049617419,604,0.058984375
0010,19581,"[2, 1, 0]",300,163.20419311523438,True,2.692679049617419,604,0.058984375
0010,19582,"[2, 1, 0]",300,163.21277618408203,False,2.692679049617419,604,0.058984375
0010,19583,"[2, 1, 0]",300,163.21802139282227,True,2.692679049617419,604,0.058984375
0010,19584,"[2, 1, 0]",300,163.22636604309082,False,2.692679049617419,604,0.058984375
0010,19585,"[2, 1, 0]",300,163.23161125183105,True,2.692679049617419,604,0.058984375
0010,19586,"[2, 1, 0]",300,163.2401943206787,False,2.692679049617419,604,0.058984375
0010,19587,"[2, 1, 0]",300,163.24853897094727,True,2.692679049617419,604,0.058984375
0010,19588,"[2, 1, 0]",300,163.25736045837402,False,2.692679049617419,604,0.058984375
0010,19589,"[2, 1, 0]",300,163.26284408569336,True,2.692679049617419,604,0.058984375
0010,19590,"[2, 1, 0]",300,163.27142715454102,False,2.692679049617419,604,0.058984375
0010,19591,"[2, 1, 0]",300,163.27691078186035,True,2.692679049617419,604,0.058984375
0010,19592,"[2, 1, 0]",300,163.2857322692871,False,2.692679049617419,604,0.058984375
0010,19593,"[2, 1, 0]",300,163.29097747802734,True,2.692679049617419,604,0.058984375
0010,19594,"[2, 1, 0]",300,163.299560546875,False,2.692679049617419,604,0.058984375
0010,19595,"[2, 1, 0]",300,163.30480575561523,True,2.692679049617419,604,0.058984375
0010,19596,"[2, 1, 0]",300,163.32006454467773,False,2.692679049617419,604,0.058984375
0010,19597,"[2, 1, 0]",300,163.32578659057617,True,2.692679049617419,604,0.058984375
0010,19598,"[2, 1, 0]",300,163.33436965942383,False,2.692679049617419,604,0.058984375
0010,19599,"[2, 1, 0]",300,163.33985328674316,True,2.692679049617419,604,0.058984375
0010,19600,"[2, 1, 0]",300,163.34843635559082,False,2.692679049617419,604,0.058984375
0010,19601,"[2, 1, 0]",300,163.35368156433105,True,2.692679049617419,604,0.058984375
0010,19602,"[2, 1, 0]",300,163.3622646331787,False,2.692679049617419,604,0.058984375
0010,19603,"[2, 1, 0]",300,163.36727142333984,True,2.692679049617419,604,0.058984375
0010,19604,"[2, 1, 0]",300,163.3758544921875,False,2.692679049617419,604,0.058984375
0010,19605,"[2, 1, 0]",300,163.38109970092773,True,2.692679049617419,604,0.058984375
0010,19606,"[2, 1, 0]",300,163.3894443511963,False,2.692679049617419,604,0.058984375
0010,19607,"[2, 1, 0]",300,163.39778900146484,True,2.692679049617419,604,0.058984375
0010,19608,"[2, 1, 0]",300,163.4068489074707,False,2.692679049617419,604,0.058984375
0010,19609,"[2, 1, 0]",300,163.41209411621094,True,2.692679049617419,604,0.058984375
0010,19610,"[2, 1, 0]",300,163.4206771850586,False,2.692679049617419,604,0.058984375
0010,19611,"[2, 1, 0]",300,163.42568397521973,True,2.692679049617419,604,0.058984375
0010,19612,"[2, 1, 0]",300,163.43450546264648,False,2.692679049617419,604,0.058984375
0010,19613,"[2, 1, 0]",300,163.43975067138672,True,2.692679049617419,604,0.058984375
0010,19614,"[2, 1, 0]",300,163.44833374023438,False,2.692679049617419,604,0.058984375
0010,19615,"[2, 1, 0]",300,163.4535789489746,True,2.692679049617419,604,0.058984375
0010,19616,"[2, 1, 0]",300,163.46240043640137,False,2.692679049617419,604,0.058984375
0010,19617,"[2, 1, 0]",300,163.4676456451416,True,2.692679049617419,604,0.058984375
0010,19618,"[2, 1, 0]",300,163.47622871398926,False,2.692679049617419,604,0.058984375
0010,19619,"[2, 1, 0]",300,163.4814739227295,True,2.692679049617419,604,0.058984375
0010,19620,"[2, 1, 0]",300,163.48981857299805,False,2.692679049617419,604,0.058984375
0010,19621,"[2, 1, 0]",300,163.49506378173828,True,2.692679049617419,604,0.058984375
0010,19622,"[2, 1, 0]",300,163.50364685058594,False,2.692679049617419,604,0.058984375
0010,19623,"[2, 1, 0]",300,163.51842880249023,True,2.692679049617419,604,0.058984375
0010,19624,"[2, 1, 0]",300,163.5279655456543,False,2.692679049617419,604,0.058984375
0010,19625,"[2, 1, 0]",300,163.53321075439453,True,2.692679049617419,604,0.058984375
0010,19626,"[2, 1, 0]",300,163.5415554046631,False,2.692679049617419,604,0.058984375
0010,19627,"[2, 1, 0]",300,163.54680061340332,True,2.692679049617419,604,0.058984375
0010,19628,"[2, 1, 0]",300,163.55562210083008,False,2.692679049617419,604,0.058984375
0010,19629,"[2, 1, 0]",300,163.56348991394043,True,2.692679049617419,604,0.058984375
0010,19630,"[2, 1, 0]",300,163.5725498199463,False,2.692679049617419,604,0.058984375
0010,19631,"[2, 1, 0]",300,163.57755661010742,True,2.692679049617419,604,0.058984375
0010,19632,"[2, 1, 0]",300,163.58637809753418,False,2.692679049617419,604,0.058984375
0010,19633,"[2, 1, 0]",300,163.5913848876953,True,2.692679049617419,604,0.058984375
0010,19634,"[2, 1, 0]",300,163.60020637512207,False,2.692679049617419,604,0.058984375
0010,19635,"[2, 1, 0]",300,163.6052131652832,True,2.692679049617419,604,0.058984375
0010,19636,"[2, 1, 0]",300,163.61403465270996,False,2.692679049617419,604,0.058984375
0010,19637,"[2, 1, 0]",300,163.618803024292,True,2.692679049617419,604,0.058984375
0010,19638,"[2, 1, 0]",300,163.62762451171875,False,2.692679049617419,604,0.058984375
0010,19639,"[2, 1, 0]",300,163.63263130187988,True,2.692679049617419,604,0.058984375
0010,19640,"[2, 1, 0]",300,163.64145278930664,False,2.692679049617419,604,0.058984375
0010,19641,"[2, 1, 0]",300,163.64645957946777,True,2.692679049617419,604,0.058984375
0010,19642,"[2, 1, 0]",300,163.65528106689453,False,2.692679049617419,604,0.058984375
0010,19643,"[2, 1, 0]",300,163.66028785705566,True,2.692679049617419,604,0.058984375
0010,19644,"[2, 1, 0]",300,163.66887092590332,False,2.692679049617419,604,0.058984375
0010,19645,"[2, 1, 0]",300,163.67387771606445,True,2.692679049617419,604,0.058984375
0010,19646,"[2, 1, 0]",300,163.68532180786133,False,2.692679049617419,604,0.058984375
0010,19647,"[2, 1, 0]",300,163.69104385375977,True,2.692679049617419,604,0.058984375
0010,19648,"[2, 1, 0]",300,163.7108325958252,False,2.692679049617419,604,0.058984375
0010,19649,"[2, 1, 0]",300,163.73133659362793,True,2.692679049617419,604,0.058984375
0010,19650,"[2, 1, 0]",300,163.75207901000977,False,2.692679049617419,604,0.058984375
0010,19651,"[2, 1, 0]",300,163.75994682312012,True,2.692679049617419,604,0.058984375
0010,19652,"[2, 1, 0]",300,163.7718677520752,False,2.692679049617419,604,0.058984375
0010,19653,"[2, 1, 0]",300,163.77806663513184,True,2.692679049617419,604,0.058984375
0010,19654,"[2, 1, 0]",300,163.7883186340332,False,2.692679049617419,604,0.058984375
0010,19655,"[2, 1, 0]",300,163.79451751708984,True,2.692679049617419,604,0.058984375
0010,19656,"[2, 1, 0]",300,163.8038158416748,False,2.692679049617419,604,0.058984375
0010,19657,"[2, 1, 0]",300,163.80929946899414,True,2.692679049617419,604,0.058984375
0010,19658,"[2, 1, 0]",300,163.818359375,False,2.692679049617419,604,0.058984375
0010,19659,"[2, 1, 0]",300,163.82360458374023,True,2.692679049617419,604,0.058984375
0010,19660,"[2, 1, 0]",300,163.8321876525879,False,2.692679049617419,604,0.058984375
0010,19661,"[2, 1, 0]",300,163.83719444274902,True,2.692679049617419,604,0.058984375
0010,19662,"[2, 1, 0]",300,163.84625434875488,False,2.692679049617419,604,0.058984375
0010,19663,"[2, 1, 0]",300,163.85126113891602,True,2.692679049617419,604,0.058984375
0010,19664,"[2, 1, 0]",300,163.86008262634277,False,2.692679049617419,604,0.058984375
0010,19665,"[2, 1, 0]",300,163.8953685760498,True,2.692679049617419,604,0.058984375
0010,19666,"[2, 1, 0]",300,163.90562057495117,False,2.692679049617419,604,0.058984375
0010,19667,"[2, 1, 0]",300,163.95020484924316,True,2.692679049617419,604,0.058984375
0010,19668,"[2, 1, 0]",300,163.96093368530273,False,2.692679049617419,604,0.058984375
0010,19669,"[2, 1, 0]",300,164.01028633117676,True,2.692679049617419,604,0.058984375
0010,19670,"[2, 1, 0]",300,164.02029991149902,False,2.692679049617419,604,0.058984375
0010,19671,"[2, 1, 0]",300,164.02935981750488,True,2.692679049617419,604,0.058984375
0010,19672,"[2, 1, 0]",300,164.03818130493164,False,2.692679049617419,604,0.058984375
0010,19673,"[2, 1, 0]",300,164.04366493225098,True,2.692679049617419,604,0.058984375
0010,19674,"[2, 1, 0]",300,164.05248641967773,False,2.692679049617419,604,0.058984375
0010,19675,"[2, 1, 0]",300,164.05773162841797,True,2.692679049617419,604,0.058984375
0010,19676,"[2, 1, 0]",300,164.06631469726562,False,2.692679049617419,604,0.058984375
0010,19677,"[2, 1, 0]",300,164.07155990600586,True,2.692679049617419,604,0.058984375
0010,19678,"[2, 1, 0]",300,164.08014297485352,False,2.692679049617419,604,0.058984375
0010,19679,"[2, 1, 0]",300,164.08514976501465,True,2.692679049617419,604,0.058984375
0010,19680,"[2, 1, 0]",300,164.0937328338623,False,2.692679049617419,604,0.058984375
0010,19681,"[2, 1, 0]",300,164.09897804260254,True,2.692679049617419,604,0.058984375
0010,19682,"[2, 1, 0]",300,164.1073226928711,False,2.692679049617419,604,0.058984375
0010,19683,"[2, 1, 0]",300,164.11232948303223,True,2.692679049617419,604,0.058984375
0010,19684,"[2, 1, 0]",300,164.12115097045898,False,2.692679049617419,604,0.058984375
0010,19685,"[2, 1, 0]",300,164.12615776062012,True,2.692679049617419,604,0.058984375
0010,19686,"[2, 1, 0]",300,164.13521766662598,False,2.692679049617419,604,0.058984375
0010,19687,"[2, 1, 0]",300,164.1404628753662,True,2.692679049617419,604,0.058984375
0010,19688,"[2, 1, 0]",300,164.14904594421387,False,2.692679049617419,604,0.058984375
0010,19689,"[2, 1, 0]",300,164.154052734375,True,2.692679049617419,604,0.058984375
0010,19690,"[2, 1, 0]",300,164.16287422180176,False,2.692679049617419,604,0.058984375
0010,19691,"[2, 1, 0]",300,164.1709804534912,True,2.692679049617419,604,0.058984375
0010,19692,"[2, 1, 0]",300,164.18051719665527,False,2.692679049617419,604,0.058984375
0010,19693,"[2, 1, 0]",300,164.1857624053955,True,2.692679049617419,604,0.058984375
0010,19694,"[2, 1, 0]",300,164.19410705566406,False,2.692679049617419,604,0.058984375
0010,19695,"[2, 1, 0]",300,164.1995906829834,True,2.692679049617419,604,0.058984375
0010,19696,"[2, 1, 0]",300,164.20841217041016,False,2.692679049617419,604,0.058984375
0010,19697,"[2, 1, 0]",300,164.2172336578369,True,2.692679049617419,604,0.058984375
0010,19698,"[2, 1, 0]",300,164.22677040100098,False,2.692679049617419,604,0.058984375
0010,19699,"[2, 1, 0]",300,164.23273086547852,True,2.692679049617419,604,0.058984375
0010,19700,"[2, 1, 0]",300,164.24202919006348,False,2.692679049617419,604,0.058984375
0010,19701,"[2, 1, 0]",300,164.2472743988037,True,2.692679049617419,604,0.058984375
0010,19702,"[2, 1, 0]",300,164.25657272338867,False,2.692679049617419,604,0.058984375
0010,19703,"[2, 1, 0]",300,164.262056350708,True,2.692679049617419,604,0.058984375
0010,19704,"[2, 1, 0]",300,164.27063941955566,False,2.692679049617419,604,0.058984375
0010,19705,"[2, 1, 0]",300,164.276123046875,True,2.692679049617419,604,0.058984375
0010,19706,"[2, 1, 0]",300,164.28470611572266,False,2.692679049617419,604,0.058984375
0010,19707,"[2, 1, 0]",300,164.2899513244629,True,2.692679049617419,604,0.058984375
0010,19708,"[2, 1, 0]",300,164.29853439331055,False,2.692679049617419,604,0.058984375
0010,19709,"[2, 1, 0]",300,164.32571411132812,True,2.692679049617419,604,0.058984375
0010,19710,"[2, 1, 0]",300,164.34741020202637,False,2.692679049617419,604,0.058984375
0010,19711,"[2, 1, 0]",300,164.35623168945312,True,2.692679049617419,604,0.058984375
0010,19712,"[2, 1, 0]",300,164.3681526184082,False,2.692679049617419,604,0.058984375
0010,19713,"[2, 1, 0]",300,164.38055038452148,True,2.692679049617419,604,0.058984375
0010,19714,"[2, 1, 0]",300,164.39080238342285,False,2.692679049617419,604,0.058984375
0010,19715,"[2, 1, 0]",300,164.3965244293213,True,2.692679049617419,604,0.058984375
0010,19716,"[2, 1, 0]",300,164.40606117248535,False,2.692679049617419,604,0.058984375
0010,19717,"[2, 1, 0]",300,164.4115447998047,True,2.692679049617419,604,0.058984375
0010,19718,"[2, 1, 0]",300,164.42251205444336,False,2.692679049617419,604,0.058984375
0010,19719,"[2, 1, 0]",300,164.4289493560791,True,2.692679049617419,604,0.058984375
0010,19720,"[2, 1, 0]",300,164.43824768066406,False,2.692679049617419,604,0.058984375
0010,19721,"[2, 1, 0]",300,164.4439697265625,True,2.692679049617419,604,0.058984375
0010,19722,"[2, 1, 0]",300,164.45326805114746,False,2.692679049617419,604,0.058984375
0010,19723,"[2, 1, 0]",300,164.4582748413086,True,2.692679049617419,604,0.058984375
0010,19724,"[2, 1, 0]",300,164.46709632873535,False,2.692679049617419,604,0.058984375
0010,19725,"[2, 1, 0]",300,164.47210311889648,True,2.692679049617419,604,0.058984375
0010,19726,"[2, 1, 0]",300,164.48092460632324,False,2.692679049617419,604,0.058984375
0010,19727,"[2, 1, 0]",300,164.48593139648438,True,2.692679049617419,604,0.058984375
0010,19728,"[2, 1, 0]",300,164.49475288391113,False,2.692679049617419,604,0.058984375
0010,19729,"[2, 1, 0]",300,164.49975967407227,True,2.692679049617419,604,0.058984375
0010,19730,"[2, 1, 0]",300,164.50858116149902,False,2.692679049617419,604,0.058984375
0010,19731,"[2, 1, 0]",300,164.51358795166016,True,2.692679049617419,604,0.058984375
0010,19732,"[2, 1, 0]",300,164.5224094390869,False,2.692679049617419,604,0.058984375
0010,19733,"[2, 1, 0]",300,164.53099250793457,True,2.692679049617419,604,0.058984375
0010,19734,"[2, 1, 0]",300,164.54005241394043,False,2.692679049617419,604,0.058984375
0010,19735,"[2, 1, 0]",300,164.54529762268066,True,2.692679049617419,604,0.058984375
0010,19736,"[2, 1, 0]",300,164.55411911010742,False,2.692679049617419,604,0.058984375
0010,19737,"[2, 1, 0]",300,164.55936431884766,True,2.692679049617419,604,0.058984375
0010,19738,"[2, 1, 0]",300,164.5681858062744,False,2.692679049617419,604,0.058984375
0010,19739,"[2, 1, 0]",300,164.57319259643555,True,2.692679049617419,604,0.058984375
0010,19740,"[2, 1, 0]",300,164.5822525024414,False,2.692679049617419,604,0.058984375
0010,19741,"[2, 1, 0]",300,164.58725929260254,True,2.692679049617419,604,0.058984375
0010,19742,"[2, 1, 0]",300,164.5960807800293,False,2.692679049617419,604,0.058984375
0010,19743,"[2, 1, 0]",300,164.60108757019043,True,2.692679049617419,604,0.058984375
0010,19744,"[2, 1, 0]",300,164.6099090576172,False,2.692679049617419,604,0.058984375
0010,19745,"[2, 1, 0]",300,164.61491584777832,True,2.692679049617419,604,0.058984375
0010,19746,"[2, 1, 0]",300,164.62373733520508,False,2.692679049617419,604,0.058984375
0010,19747,"[2, 1, 0]",300,164.63232040405273,True,2.692679049617419,604,0.058984375
0010,19748,"[2, 1, 0]",300,164.6418571472168,False,2.692679049617419,604,0.058984375
0010,19749,"[2, 1, 0]",300,164.64734077453613,True,2.692679049617419,604,0.058984375
0010,19750,"[2, 1, 0]",300,164.6561622619629,False,2.692679049617419,604,0.058984375
0010,19751,"[2, 1, 0]",300,164.66164588928223,True,2.692679049617419,604,0.058984375
0010,19752,"[2, 1, 0]",300,164.67046737670898,False,2.692679049617419,604,0.058984375
0010,19753,"[2, 1, 0]",300,164.67571258544922,True,2.692679049617419,604,0.058984375
0010,19754,"[2, 1, 0]",300,164.68429565429688,False,2.692679049617419,604,0.058984375
0010,19755,"[2, 1, 0]",300,164.69287872314453,True,2.692679049617419,604,0.058984375
0010,19756,"[2, 1, 0]",300,164.7014617919922,False,2.692679049617419,604,0.058984375
0010,19757,"[2, 1, 0]",300,164.70694541931152,True,2.692679049617419,604,0.058984375
0010,19758,"[2, 1, 0]",300,164.71552848815918,False,2.692679049617419,604,0.058984375
0010,19759,"[2, 1, 0]",300,164.72101211547852,True,2.692679049617419,604,0.058984375
0010,19760,"[2, 1, 0]",300,164.72959518432617,False,2.692679049617419,604,0.058984375
0010,19761,"[2, 1, 0]",300,164.7346019744873,True,2.692679049617419,604,0.058984375
0010,19762,"[2, 1, 0]",300,164.74318504333496,False,2.692679049617419,604,0.058984375
0010,19763,"[2, 1, 0]",300,164.7486686706543,True,2.692679049617419,604,0.058984375
0010,19764,"[2, 1, 0]",300,164.75701332092285,False,2.692679049617419,604,0.058984375
0010,19765,"[2, 1, 0]",300,164.7622585296631,True,2.692679049617419,604,0.058984375
0010,19766,"[2, 1, 0]",300,164.77084159851074,False,2.692679049617419,604,0.058984375
0010,19767,"[2, 1, 0]",300,164.77608680725098,True,2.692679049617419,604,0.058984375
0010,19768,"[2, 1, 0]",300,164.78586196899414,False,2.692679049617419,604,0.058984375
0010,19769,"[2, 1, 0]",300,164.79134559631348,True,2.692679049617419,604,0.058984375
0010,19770,"[2, 1, 0]",300,164.79969024658203,False,2.692679049617419,604,0.058984375
0010,19771,"[2, 1, 0]",300,164.80493545532227,True,2.692679049617419,604,0.058984375
0010,19772,"[2, 1, 0]",300,164.81351852416992,False,2.692679049617419,604,0.058984375
0010,19773,"[2, 1, 0]",300,164.81876373291016,True,2.692679049617419,604,0.058984375
0010,19774,"[2, 1, 0]",300,164.8271083831787,False,2.692679049617419,604,0.058984375
0010,19775,"[2, 1, 0]",300,164.83569145202637,True,2.692679049617419,604,0.058984375
0010,19776,"[2, 1, 0]",300,164.84451293945312,False,2.692679049617419,604,0.058984375
0010,19777,"[2, 1, 0]",300,164.84975814819336,True,2.692679049617419,604,0.058984375
0010,19778,"[2, 1, 0]",300,164.85834121704102,False,2.692679049617419,604,0.058984375
0010,19779,"[2, 1, 0]",300,164.86358642578125,True,2.692679049617419,604,0.058984375
0010,19780,"[2, 1, 0]",300,164.8721694946289,False,2.692679049617419,604,0.058984375
0010,19781,"[2, 1, 0]",300,164.87741470336914,True,2.692679049617419,604,0.058984375
0010,19782,"[2, 1, 0]",300,164.8857593536377,False,2.692679049617419,604,0.058984375
0010,19783,"[2, 1, 0]",300,164.89100456237793,True,2.692679049617419,604,0.058984375
0010,19784,"[2, 1, 0]",300,164.8995876312256,False,2.692679049617419,604,0.058984375
0010,19785,"[2, 1, 0]",300,164.90459442138672,True,2.692679049617419,604,0.058984375
0010,19786,"[2, 1, 0]",300,164.91317749023438,False,2.692679049617419,604,0.058984375
0010,19787,"[2, 1, 0]",300,164.9184226989746,True,2.692679049617419,604,0.058984375
0010,19788,"[2, 1, 0]",300,164.92748260498047,False,2.692679049617419,604,0.058984375
0010,19789,"[2, 1, 0]",300,164.9327278137207,True,2.692679049617419,604,0.058984375
0010,19790,"[2, 1, 0]",300,164.94131088256836,False,2.692679049617419,604,0.058984375
0010,19791,"[2, 1, 0]",300,164.9465560913086,True,2.692679049617419,604,0.058984375
0010,19792,"[2, 1, 0]",300,164.95490074157715,False,2.692679049617419,604,0.058984375
0010,19793,"[2, 1, 0]",300,164.96014595031738,True,2.692679049617419,604,0.058984375
0010,19794,"[2, 1, 0]",300,164.96872901916504,False,2.692679049617419,604,0.058984375
0010,19795,"[2, 1, 0]",300,164.97373580932617,True,2.692679049617419,604,0.058984375
0010,19796,"[2, 1, 0]",300,164.98231887817383,False,2.692679049617419,604,0.058984375
0010,19797,"[2, 1, 0]",300,164.9937629699707,True,2.692679049617419,604,0.058984375
0010,19798,"[2, 1, 0]",300,165.00329971313477,False,2.692679049617419,604,0.058984375
0010,19799,"[2, 1, 0]",300,165.008544921875,True,2.692679049617419,604,0.058984375
0010,19800,"[2, 1, 0]",300,165.01736640930176,False,2.692679049617419,604,0.058984375
0010,19801,"[2, 1, 0]",300,165.022611618042,True,2.692679049617419,604,0.058984375
0010,19802,"[2, 1, 0]",300,165.03143310546875,False,2.692679049617419,604,0.058984375
0010,19803,"[2, 1, 0]",300,165.03667831420898,True,2.692679049617419,604,0.058984375
0010,19804,"[2, 1, 0]",300,165.04549980163574,False,2.692679049617419,604,0.058984375
0010,19805,"[2, 1, 0]",300,165.05074501037598,True,2.692679049617419,604,0.058984375
0010,19806,"[2, 1, 0]",300,165.05932807922363,False,2.692679049617419,604,0.058984375
0010,19807,"[2, 1, 0]",300,165.06457328796387,True,2.692679049617419,604,0.058984375
0010,19808,"[2, 1, 0]",300,165.07315635681152,False,2.692679049617419,604,0.058984375
0010,19809,"[2, 1, 0]",300,165.07840156555176,True,2.692679049617419,604,0.058984375
0010,19810,"[2, 1, 0]",300,165.0869846343994,False,2.692679049617419,604,0.058984375
0010,19811,"[2, 1, 0]",300,165.09222984313965,True,2.692679049617419,604,0.058984375
0010,19812,"[2, 1, 0]",300,165.1008129119873,False,2.692679049617419,604,0.058984375
0010,19813,"[2, 1, 0]",300,165.10605812072754,True,2.692679049617419,604,0.058984375
0010,19814,"[2, 1, 0]",300,165.1144027709961,False,2.692679049617419,604,0.058984375
0010,19815,"[2, 1, 0]",300,165.11964797973633,True,2.692679049617419,604,0.058984375
0010,19816,"[2, 1, 0]",300,165.12823104858398,False,2.692679049617419,604,0.058984375
0010,19817,"[2, 1, 0]",300,165.13633728027344,True,2.692679049617419,604,0.058984375
0010,19818,"[2, 1, 0]",300,165.1453971862793,False,2.692679049617419,604,0.058984375
0010,19819,"[2, 1, 0]",300,165.15064239501953,True,2.692679049617419,604,0.058984375
0010,19820,"[2, 1, 0]",300,165.1592254638672,False,2.692679049617419,604,0.058984375
0010,19821,"[2, 1, 0]",300,165.16423225402832,True,2.692679049617419,604,0.058984375
0010,19822,"[2, 1, 0]",300,165.17329216003418,False,2.692679049617419,604,0.058984375
0010,19823,"[2, 1, 0]",300,165.1785373687744,True,2.692679049617419,604,0.058984375
0010,19824,"[2, 1, 0]",300,165.18735885620117,False,2.692679049617419,604,0.058984375
0010,19825,"[2, 1, 0]",300,165.1926040649414,True,2.692679049617419,604,0.058984375
0010,19826,"[2, 1, 0]",300,165.20142555236816,False,2.692679049617419,604,0.058984375
0010,19827,"[2, 1, 0]",300,165.2066707611084,True,2.692679049617419,604,0.058984375
0010,19828,"[2, 1, 0]",300,165.21501541137695,False,2.692679049617419,604,0.058984375
0010,19829,"[2, 1, 0]",300,165.2202606201172,True,2.692679049617419,604,0.058984375
0010,19830,"[2, 1, 0]",300,165.22860527038574,False,2.692679049617419,604,0.058984375
0010,19831,"[2, 1, 0]",300,165.23361206054688,True,2.692679049617419,604,0.058984375
0010,19832,"[2, 1, 0]",300,165.24243354797363,False,2.692679049617419,604,0.058984375
0010,19833,"[2, 1, 0]",300,165.2507781982422,True,2.692679049617419,604,0.058984375
0010,19834,"[2, 1, 0]",300,165.25936126708984,False,2.692679049617419,604,0.058984375
0010,19835,"[2, 1, 0]",300,165.26484489440918,True,2.692679049617419,604,0.058984375
0010,19836,"[2, 1, 0]",300,165.27366638183594,False,2.692679049617419,604,0.058984375
0010,19837,"[2, 1, 0]",300,165.27915000915527,True,2.692679049617419,604,0.058984375
0010,19838,"[2, 1, 0]",300,165.28773307800293,False,2.692679049617419,604,0.058984375
0010,19839,"[2, 1, 0]",300,165.29583930969238,True,2.692679049617419,604,0.058984375
0010,19840,"[2, 1, 0]",300,165.30466079711914,False,2.692679049617419,604,0.058984375
0010,19841,"[2, 1, 0]",300,165.30966758728027,True,2.692679049617419,604,0.058984375
0010,19842,"[2, 1, 0]",300,165.31848907470703,False,2.692679049617419,604,0.058984375
0010,19843,"[2, 1, 0]",300,165.32325744628906,True,2.692679049617419,604,0.058984375
0010,19844,"[2, 1, 0]",300,165.33207893371582,False,2.692679049617419,604,0.058984375
0010,19845,"[2, 1, 0]",300,165.33708572387695,True,2.692679049617419,604,0.058984375
0010,19846,"[2, 1, 0]",300,165.3459072113037,False,2.692679049617419,604,0.058984375
0010,19847,"[2, 1, 0]",300,165.35091400146484,True,2.692679049617419,604,0.058984375
0010,19848,"[2, 1, 0]",300,165.36593437194824,False,2.692679049617419,604,0.058984375
0010,19849,"[2, 1, 0]",300,165.37117958068848,True,2.692679049617419,604,0.058984375
0010,19850,"[2, 1, 0]",300,165.38047790527344,False,2.692679049617419,604,0.058984375
0010,19851,"[2, 1, 0]",300,165.38548469543457,True,2.692679049617419,604,0.058984375
0010,19852,"[2, 1, 0]",300,165.39454460144043,False,2.692679049617419,604,0.058984375
0010,19853,"[2, 1, 0]",300,165.39978981018066,True,2.692679049617419,604,0.058984375
0010,19854,"[2, 1, 0]",300,165.40861129760742,False,2.692679049617419,604,0.058984375
0010,19855,"[2, 1, 0]",300,165.41385650634766,True,2.692679049617419,604,0.058984375
0010,19856,"[2, 1, 0]",300,165.4224395751953,False,2.692679049617419,604,0.058984375
0010,19857,"[2, 1, 0]",300,165.42744636535645,True,2.692679049617419,604,0.058984375
0010,19858,"[2, 1, 0]",300,165.4362678527832,False,2.692679049617419,604,0.058984375
0010,19859,"[2, 1, 0]",300,165.44437408447266,True,2.692679049617419,604,0.058984375
0010,19860,"[2, 1, 0]",300,165.45343399047852,False,2.692679049617419,604,0.058984375
0010,19861,"[2, 1, 0]",300,165.45844078063965,True,2.692679049617419,604,0.058984375
0010,19862,"[2, 1, 0]",300,165.4670238494873,False,2.692679049617419,604,0.058984375
0010,19863,"[2, 1, 0]",300,165.49253463745117,True,2.692679049617419,604,0.058984375
0010,19864,"[2, 1, 0]",300,165.50135612487793,False,2.692679049617419,604,0.058984375
0010,19865,"[2, 1, 0]",300,165.50660133361816,True,2.692679049617419,604,0.058984375
0010,19866,"[2, 1, 0]",300,165.51566123962402,False,2.692679049617419,604,0.058984375
0010,19867,"[2, 1, 0]",300,165.52066802978516,True,2.692679049617419,604,0.058984375
0010,19868,"[2, 1, 0]",300,165.5294895172119,False,2.692679049617419,604,0.058984375
0010,19869,"[2, 1, 0]",300,165.53449630737305,True,2.692679049617419,604,0.058984375
0010,19870,"[2, 1, 0]",300,165.5433177947998,False,2.692679049617419,604,0.058984375
0010,19871,"[2, 1, 0]",300,165.54832458496094,True,2.692679049617419,604,0.058984375
0010,19872,"[2, 1, 0]",300,165.5571460723877,False,2.692679049617419,604,0.058984375
0010,19873,"[2, 1, 0]",300,165.56215286254883,True,2.692679049617419,604,0.058984375
0010,19874,"[2, 1, 0]",300,165.5709743499756,False,2.692679049617419,604,0.058984375
0010,19875,"[2, 1, 0]",300,165.57598114013672,True,2.692679049617419,604,0.058984375
0010,19876,"[2, 1, 0]",300,165.58432579040527,False,2.692679049617419,604,0.058984375
0010,19877,"[2, 1, 0]",300,165.5895709991455,True,2.692679049617419,604,0.058984375
0010,19878,"[2, 1, 0]",300,165.59815406799316,False,2.692679049617419,604,0.058984375
0010,19879,"[2, 1, 0]",300,165.6033992767334,True,2.692679049617419,604,0.058984375
0010,19880,"[2, 1, 0]",300,165.61198234558105,False,2.692679049617419,604,0.058984375
0010,19881,"[2, 1, 0]",300,165.6205654144287,True,2.692679049617419,604,0.058984375
0010,19882,"[2, 1, 0]",300,165.62914848327637,False,2.692679049617419,604,0.058984375
0010,19883,"[2, 1, 0]",300,165.6346321105957,True,2.692679049617419,604,0.058984375
0010,19884,"[2, 1, 0]",300,165.64297676086426,False,2.692679049617419,604,0.058984375
0010,19885,"[2, 1, 0]",300,165.6484603881836,True,2.692679049617419,604,0.058984375
0010,19886,"[2, 1, 0]",300,165.65704345703125,False,2.692679049617419,604,0.058984375
0010,19887,"[2, 1, 0]",300,165.66228866577148,True,2.692679049617419,604,0.058984375
0010,19888,"[2, 1, 0]",300,165.67087173461914,False,2.692679049617419,604,0.058984375
0010,19889,"[2, 1, 0]",300,165.67635536193848,True,2.692679049617419,604,0.058984375
0010,19890,"[2, 1, 0]",300,165.68493843078613,False,2.692679049617419,604,0.058984375
0010,19891,"[2, 1, 0]",300,165.69018363952637,True,2.692679049617419,604,0.058984375
0010,19892,"[2, 1, 0]",300,165.69876670837402,False,2.692679049617419,604,0.058984375
0010,19893,"[2, 1, 0]",300,165.70401191711426,True,2.692679049617419,604,0.058984375
0010,19894,"[2, 1, 0]",300,165.7123565673828,False,2.692679049617419,604,0.058984375
0010,19895,"[2, 1, 0]",300,165.71784019470215,True,2.692679049617419,604,0.058984375
0010,19896,"[2, 1, 0]",300,165.73047637939453,False,2.692679049617419,604,0.058984375
0010,19897,"[2, 1, 0]",300,165.73548316955566,True,2.692679049617419,604,0.058984375
0010,19898,"[2, 1, 0]",300,165.74716567993164,False,2.692679049617419,604,0.058984375
0010,19899,"[2, 1, 0]",300,165.75264930725098,True,2.692679049617419,604,0.058984375
0010,19900,"[2, 1, 0]",300,165.76194763183594,False,2.692679049617419,604,0.058984375
0010,19901,"[2, 1, 0]",300,165.7700538635254,True,2.692679049617419,604,0.058984375
0010,19902,"[2, 1, 0]",300,165.77863693237305,False,2.692679049617419,604,0.058984375
0010,19903,"[2, 1, 0]",300,165.78388214111328,True,2.692679049617419,604,0.058984375
0010,19904,"[2, 1, 0]",300,165.79246520996094,False,2.692679049617419,604,0.058984375
0010,19905,"[2, 1, 0]",300,165.79771041870117,True,2.692679049617419,604,0.058984375
0010,19906,"[2, 1, 0]",300,165.80629348754883,False,2.692679049617419,604,0.058984375
0010,19907,"[2, 1, 0]",300,165.81153869628906,True,2.692679049617419,604,0.058984375
0010,19908,"[2, 1, 0]",300,165.82012176513672,False,2.692679049617419,604,0.058984375
0010,19909,"[2, 1, 0]",300,165.82536697387695,True,2.692679049617419,604,0.058984375
0010,19910,"[2, 1, 0]",300,165.8337116241455,False,2.692679049617419,604,0.058984375
0010,19911,"[2, 1, 0]",300,165.83895683288574,True,2.692679049617419,604,0.058984375
0010,19912,"[2, 1, 0]",300,165.8475399017334,False,2.692679049617419,604,0.058984375
0010,19913,"[2, 1, 0]",300,165.85302352905273,True,2.692679049617419,604,0.058984375
0010,19914,"[2, 1, 0]",300,165.8613681793213,False,2.692679049617419,604,0.058984375
0010,19915,"[2, 1, 0]",300,165.86637496948242,True,2.692679049617419,604,0.058984375
0010,19916,"[2, 1, 0]",300,165.87495803833008,False,2.692679049617419,604,0.058984375
0010,19917,"[2, 1, 0]",300,165.8802032470703,True,2.692679049617419,604,0.058984375
0010,19918,"[2, 1, 0]",300,165.88878631591797,False,2.692679049617419,604,0.058984375
0010,19919,"[2, 1, 0]",300,165.8940315246582,True,2.692679049617419,604,0.058984375
0010,19920,"[2, 1, 0]",300,165.90285301208496,False,2.692679049617419,604,0.058984375
0010,19921,"[2, 1, 0]",300,165.9078598022461,True,2.692679049617419,604,0.058984375
0010,19922,"[2, 1, 0]",300,165.91644287109375,False,2.692679049617419,604,0.058984375
0010,19923,"[2, 1, 0]",300,165.9245491027832,True,2.692679049617419,604,0.058984375
0010,19924,"[2, 1, 0]",300,165.93337059020996,False,2.692679049617419,604,0.058984375
0010,19925,"[2, 1, 0]",300,165.9383773803711,True,2.692679049617419,604,0.058984375
0010,19926,"[2, 1, 0]",300,165.94696044921875,False,2.692679049617419,604,0.058984375
0010,19927,"[2, 1, 0]",300,165.95196723937988,True,2.692679049617419,604,0.058984375
0010,19928,"[2, 1, 0]",300,165.96055030822754,False,2.692679049617419,604,0.058984375
0010,19929,"[2, 1, 0]",300,165.96555709838867,True,2.692679049617419,604,0.058984375
0010,19930,"[2, 1, 0]",300,165.97414016723633,False,2.692679049617419,604,0.058984375
0010,19931,"[2, 1, 0]",300,165.97914695739746,True,2.692679049617419,604,0.058984375
0010,19932,"[2, 1, 0]",300,165.98796844482422,False,2.692679049617419,604,0.058984375
0010,19933,"[2, 1, 0]",300,165.99297523498535,True,2.692679049617419,604,0.058984375
0010,19934,"[2, 1, 0]",300,166.001558303833,False,2.692679049617419,604,0.058984375
0010,19935,"[2, 1, 0]",300,166.00632667541504,True,2.692679049617419,604,0.058984375
0010,19936,"[2, 1, 0]",300,166.0153865814209,False,2.692679049617419,604,0.058984375
0010,19937,"[2, 1, 0]",300,166.02039337158203,True,2.692679049617419,604,0.058984375
0010,19938,"[2, 1, 0]",300,166.0294532775879,False,2.692679049617419,604,0.058984375
0010,19939,"[2, 1, 0]",300,166.03446006774902,True,2.692679049617419,604,0.058984375
0010,19940,"[2, 1, 0]",300,166.04304313659668,False,2.692679049617419,604,0.058984375
0010,19941,"[2, 1, 0]",300,166.0480499267578,True,2.692679049617419,604,0.058984375
0010,19942,"[2, 1, 0]",300,166.05687141418457,False,2.692679049617419,604,0.058984375
0010,19943,"[2, 1, 0]",300,166.06497764587402,True,2.692679049617419,604,0.058984375
0010,19944,"[2, 1, 0]",300,166.07356071472168,False,2.692679049617419,604,0.058984375
0010,19945,"[2, 1, 0]",300,166.0788059234619,True,2.692679049617419,604,0.058984375
0010,19946,"[2, 1, 0]",300,166.08738899230957,False,2.692679049617419,604,0.058984375
0010,19947,"[2, 1, 0]",300,166.0926342010498,True,2.692679049617419,604,0.058984375
0010,19948,"[2, 1, 0]",300,166.10121726989746,False,2.692679049617419,604,0.058984375
0010,19949,"[2, 1, 0]",300,166.10980033874512,True,2.692679049617419,604,0.058984375
0010,19950,"[2, 1, 0]",300,166.11862182617188,False,2.692679049617419,604,0.058984375
0010,19951,"[2, 1, 0]",300,166.1241054534912,True,2.692679049617419,604,0.058984375
0010,19952,"[2, 1, 0]",300,166.13268852233887,False,2.692679049617419,604,0.058984375
0010,19953,"[2, 1, 0]",300,166.1379337310791,True,2.692679049617419,604,0.058984375
0010,19954,"[2, 1, 0]",300,166.14627838134766,False,2.692679049617419,604,0.058984375
0010,19955,"[2, 1, 0]",300,166.151762008667,True,2.692679049617419,604,0.058984375
0010,19956,"[2, 1, 0]",300,166.16010665893555,False,2.692679049617419,604,0.058984375
0010,19957,"[2, 1, 0]",300,166.16535186767578,True,2.692679049617419,604,0.058984375
0010,19958,"[2, 1, 0]",300,166.17369651794434,False,2.692679049617419,604,0.058984375
0010,19959,"[2, 1, 0]",300,166.17894172668457,True,2.692679049617419,604,0.058984375
0010,19960,"[2, 1, 0]",300,166.18728637695312,False,2.692679049617419,604,0.058984375
0010,19961,"[2, 1, 0]",300,166.19253158569336,True,2.692679049617419,604,0.058984375
0010,19962,"[2, 1, 0]",300,166.2008762359619,False,2.692679049617419,604,0.058984375
0010,19963,"[2, 1, 0]",300,166.20612144470215,True,2.692679049617419,604,0.058984375
0010,19964,"[2, 1, 0]",300,166.2144660949707,False,2.692679049617419,604,0.058984375
0010,19965,"[2, 1, 0]",300,166.22257232666016,True,2.692679049617419,604,0.058984375
0010,19966,"[2, 1, 0]",300,166.2313938140869,False,2.692679049617419,604,0.058984375
0010,19967,"[2, 1, 0]",300,166.23640060424805,True,2.692679049617419,604,0.058984375
0010,19968,"[2, 1, 0]",300,166.2452220916748,False,2.692679049617419,604,0.058984375
0010,19969,"[2, 1, 0]",300,166.25022888183594,True,2.692679049617419,604,0.058984375
0010,19970,"[2, 1, 0]",300,166.2588119506836,False,2.692679049617419,604,0.058984375
0010,19971,"[2, 1, 0]",300,166.26381874084473,True,2.692679049617419,604,0.058984375
0010,19972,"[2, 1, 0]",300,166.27240180969238,False,2.692679049617419,604,0.058984375
0010,19973,"[2, 1, 0]",300,166.27740859985352,True,2.692679049617419,604,0.058984375
0010,19974,"[2, 1, 0]",300,166.28623008728027,False,2.692679049617419,604,0.058984375
0010,19975,"[2, 1, 0]",300,166.2909984588623,True,2.692679049617419,604,0.058984375
0010,19976,"[2, 1, 0]",300,166.29981994628906,False,2.692679049617419,604,0.058984375
0010,19977,"[2, 1, 0]",300,166.3048267364502,True,2.692679049617419,604,0.058984375
0010,19978,"[2, 1, 0]",300,166.31317138671875,False,2.692679049617419,604,0.058984375
0010,19979,"[2, 1, 0]",300,166.31841659545898,True,2.692679049617419,604,0.058984375
0010,19980,"[2, 1, 0]",300,166.35465621948242,False,2.692679049617419,604,0.058984375
0010,19981,"[2, 1, 0]",300,166.3665771484375,True,2.692679049617419,604,0.058984375
0010,19982,"[2, 1, 0]",300,166.3801670074463,False,2.692679049617419,604,0.058984375
0010,19983,"[2, 1, 0]",300,166.38731956481934,True,2.692679049617419,604,0.058984375
0010,19984,"[2, 1, 0]",300,166.398286819458,False,2.692679049617419,604,0.058984375
0010,19985,"[2, 1, 0]",300,166.40949249267578,True,2.692679049617419,604,0.058984375
0010,19986,"[2, 1, 0]",300,166.41974449157715,False,2.692679049617419,604,0.058984375
0010,19987,"[2, 1, 0]",300,166.42522811889648,True,2.692679049617419,604,0.058984375
0010,19988,"[2, 1, 0]",300,166.43404960632324,False,2.692679049617419,604,0.058984375
0010,19989,"[2, 1, 0]",300,166.43929481506348,True,2.692679049617419,604,0.058984375
0010,19990,"[2, 1, 0]",300,166.44787788391113,False,2.692679049617419,604,0.058984375
0010,19991,"[2, 1, 0]",300,166.45336151123047,True,2.692679049617419,604,0.058984375
0010,19992,"[2, 1, 0]",300,166.46194458007812,False,2.692679049617419,604,0.058984375
0010,19993,"[2, 1, 0]",300,166.46766662597656,True,2.692679049617419,604,0.058984375
0010,19994,"[2, 1, 0]",300,166.47624969482422,False,2.692679049617419,604,0.058984375
0010,19995,"[2, 1, 0]",300,166.48149490356445,True,2.692679049617419,604,0.058984375
0010,19996,"[2, 1, 0]",300,166.489839553833,False,2.692679049617419,604,0.058984375
0010,19997,"[2, 1, 0]",300,166.49508476257324,True,2.692679049617419,604,0.058984375
0010,19998,"[2, 1, 0]",300,166.50390625,False,2.692679049617419,604,0.058984375
0010,19999,"[2, 1, 0]",300,166.51296615600586,True,2.692679049617419,604,0.058984375
0010,20000,"[2, 1, 0]",300,166.52274131774902,False,2.692679049617419,604,0.058984375
0010,20001,"[2, 1, 0]",300,166.53156280517578,True,2.692679049617419,604,0.058984375
0010,20002,"[2, 1, 0]",300,166.54086112976074,False,2.692679049617419,604,0.058984375
0010,20003,"[2, 1, 0]",300,166.54658317565918,True,2.692679049617419,604,0.058984375
0010,20004,"[2, 1, 0]",300,166.55540466308594,False,2.692679049617419,604,0.058984375
0010,20005,"[2, 1, 0]",300,166.56136512756348,True,2.692679049617419,604,0.058984375
0010,20006,"[2, 1, 0]",300,166.56970977783203,False,2.692679049617419,604,0.058984375
0010,20007,"[2, 1, 0]",300,166.5782928466797,True,2.692679049617419,604,0.058984375
0010,20008,"[2, 1, 0]",300,166.58711433410645,False,2.692679049617419,604,0.058984375
0010,20009,"[2, 1, 0]",300,166.59235954284668,True,2.692679049617419,604,0.058984375
0010,20010,"[2, 1, 0]",300,166.60070419311523,False,2.692679049617419,604,0.058984375
0010,20011,"[2, 1, 0]",300,166.60594940185547,True,2.692679049617419,604,0.058984375
0010,20012,"[2, 1, 0]",300,166.61477088928223,False,2.692679049617419,604,0.058984375
0010,20013,"[2, 1, 0]",300,166.62001609802246,True,2.692679049617419,604,0.058984375
0010,20014,"[2, 1, 0]",300,166.62883758544922,False,2.692679049617419,604,0.058984375
0010,20015,"[2, 1, 0]",300,166.63408279418945,True,2.692679049617419,604,0.058984375
0010,20016,"[2, 1, 0]",300,166.6426658630371,False,2.692679049617419,604,0.058984375
0010,20017,"[2, 1, 0]",300,166.64791107177734,True,2.692679049617419,604,0.058984375
0010,20018,"[2, 1, 0]",300,166.656494140625,False,2.692679049617419,604,0.058984375
0010,20019,"[2, 1, 0]",300,166.66173934936523,True,2.692679049617419,604,0.058984375
0010,20020,"[2, 1, 0]",300,166.6700839996338,False,2.692679049617419,604,0.058984375
0010,20021,"[2, 1, 0]",300,166.67532920837402,True,2.692679049617419,604,0.058984375
0010,20022,"[2, 1, 0]",300,166.68367385864258,False,2.692679049617419,604,0.058984375
0010,20023,"[2, 1, 0]",300,166.6889190673828,True,2.692679049617419,604,0.058984375
0010,20024,"[2, 1, 0]",300,166.69702529907227,False,2.692679049617419,604,0.058984375
0010,20025,"[2, 1, 0]",300,166.7020320892334,True,2.692679049617419,604,0.058984375
0010,20026,"[2, 1, 0]",300,166.71085357666016,False,2.692679049617419,604,0.058984375
0010,20027,"[2, 1, 0]",300,166.7189598083496,True,2.692679049617419,604,0.058984375
0010,20028,"[2, 1, 0]",300,166.72825813293457,False,2.692679049617419,604,0.058984375
0010,20029,"[2, 1, 0]",300,166.7332649230957,True,2.692679049617419,604,0.058984375
0010,20030,"[2, 1, 0]",300,166.74208641052246,False,2.692679049617419,604,0.058984375
0010,20031,"[2, 1, 0]",300,166.7470932006836,True,2.692679049617419,604,0.058984375
0010,20032,"[2, 1, 0]",300,166.75591468811035,False,2.692679049617419,604,0.058984375
0010,20033,"[2, 1, 0]",300,166.76092147827148,True,2.692679049617419,604,0.058984375
0010,20034,"[2, 1, 0]",300,166.76950454711914,False,2.692679049617419,604,0.058984375
0010,20035,"[2, 1, 0]",300,166.77474975585938,True,2.692679049617419,604,0.058984375
0010,20036,"[2, 1, 0]",300,166.78404808044434,False,2.692679049617419,604,0.058984375
0010,20037,"[2, 1, 0]",300,166.78953170776367,True,2.692679049617419,604,0.058984375
0010,20038,"[2, 1, 0]",300,166.79811477661133,False,2.692679049617419,604,0.058984375
0010,20039,"[2, 1, 0]",300,166.80335998535156,True,2.692679049617419,604,0.058984375
0010,20040,"[2, 1, 0]",300,166.81194305419922,False,2.692679049617419,604,0.058984375
0010,20041,"[2, 1, 0]",300,166.81718826293945,True,2.692679049617419,604,0.058984375
0010,20042,"[2, 1, 0]",300,166.8257713317871,False,2.692679049617419,604,0.058984375
0010,20043,"[2, 1, 0]",300,166.83101654052734,True,2.692679049617419,604,0.058984375
0010,20044,"[2, 1, 0]",300,166.839599609375,False,2.692679049617419,604,0.058984375
0010,20045,"[2, 1, 0]",300,166.84484481811523,True,2.692679049617419,604,0.058984375
0010,20046,"[2, 1, 0]",300,166.8531894683838,False,2.692679049617419,604,0.058984375
0010,20047,"[2, 1, 0]",300,166.85819625854492,True,2.692679049617419,604,0.058984375
0010,20048,"[2, 1, 0]",300,166.86677932739258,False,2.692679049617419,604,0.058984375
0010,20049,"[2, 1, 0]",300,166.88108444213867,True,2.692679049617419,604,0.058984375
0010,20050,"[2, 1, 0]",300,166.89062118530273,False,2.692679049617419,604,0.058984375
0010,20051,"[2, 1, 0]",300,166.89586639404297,True,2.692679049617419,604,0.058984375
0010,20052,"[2, 1, 0]",300,166.90444946289062,False,2.692679049617419,604,0.058984375
0010,20053,"[2, 1, 0]",300,166.90945625305176,True,2.692679049617419,604,0.058984375
0010,20054,"[2, 1, 0]",300,166.91851615905762,False,2.692679049617419,604,0.058984375
0010,20055,"[2, 1, 0]",300,166.92352294921875,True,2.692679049617419,604,0.058984375
0010,20056,"[2, 1, 0]",300,166.9321060180664,False,2.692679049617419,604,0.058984375
0010,20057,"[2, 1, 0]",300,166.93711280822754,True,2.692679049617419,604,0.058984375
0010,20058,"[2, 1, 0]",300,166.9459342956543,False,2.692679049617419,604,0.058984375
0010,20059,"[2, 1, 0]",300,166.95070266723633,True,2.692679049617419,604,0.058984375
0010,20060,"[2, 1, 0]",300,166.9595241546631,False,2.692679049617419,604,0.058984375
0010,20061,"[2, 1, 0]",300,166.96453094482422,True,2.692679049617419,604,0.058984375
0010,20062,"[2, 1, 0]",300,166.97335243225098,False,2.692679049617419,604,0.058984375
0010,20063,"[2, 1, 0]",300,166.9785976409912,True,2.692679049617419,604,0.058984375
0010,20064,"[2, 1, 0]",300,166.98741912841797,False,2.692679049617419,604,0.058984375
0010,20065,"[2, 1, 0]",300,166.9926643371582,True,2.692679049617419,604,0.058984375
0010,20066,"[2, 1, 0]",300,167.00148582458496,False,2.692679049617419,604,0.058984375
0010,20067,"[2, 1, 0]",300,167.0064926147461,True,2.692679049617419,604,0.058984375
0010,20068,"[2, 1, 0]",300,167.01531410217285,False,2.692679049617419,604,0.058984375
0010,20069,"[2, 1, 0]",300,167.0234203338623,True,2.692679049617419,604,0.058984375
0010,20070,"[2, 1, 0]",300,167.03224182128906,False,2.692679049617419,604,0.058984375
0010,20071,"[2, 1, 0]",300,167.0372486114502,True,2.692679049617419,604,0.058984375
0010,20072,"[2, 1, 0]",300,167.04583168029785,False,2.692679049617419,604,0.058984375
0010,20073,"[2, 1, 0]",300,167.0510768890381,True,2.692679049617419,604,0.058984375
0010,20074,"[2, 1, 0]",300,167.05942153930664,False,2.692679049617419,604,0.058984375
0010,20075,"[2, 1, 0]",300,167.06466674804688,True,2.692679049617419,604,0.058984375
0010,20076,"[2, 1, 0]",300,167.07396507263184,False,2.692679049617419,604,0.058984375
0010,20077,"[2, 1, 0]",300,167.07968711853027,True,2.692679049617419,604,0.058984375
0010,20078,"[2, 1, 0]",300,167.08850860595703,False,2.692679049617419,604,0.058984375
0010,20079,"[2, 1, 0]",300,167.09399223327637,True,2.692679049617419,604,0.058984375
0010,20080,"[2, 1, 0]",300,167.10281372070312,False,2.692679049617419,604,0.058984375
0010,20081,"[2, 1, 0]",300,167.10782051086426,True,2.692679049617419,604,0.058984375
0010,20082,"[2, 1, 0]",300,167.1164035797119,False,2.692679049617419,604,0.058984375
0010,20083,"[2, 1, 0]",300,167.12141036987305,True,2.692679049617419,604,0.058984375
0010,20084,"[2, 1, 0]",300,167.1299934387207,False,2.692679049617419,604,0.058984375
0010,20085,"[2, 1, 0]",300,167.13500022888184,True,2.692679049617419,604,0.058984375
0010,20086,"[2, 1, 0]",300,167.1435832977295,False,2.692679049617419,604,0.058984375
0010,20087,"[2, 1, 0]",300,167.14859008789062,True,2.692679049617419,604,0.058984375
0010,20088,"[2, 1, 0]",300,167.15764999389648,False,2.692679049617419,604,0.058984375
0010,20089,"[2, 1, 0]",300,167.16265678405762,True,2.692679049617419,604,0.058984375
0010,20090,"[2, 1, 0]",300,167.17123985290527,False,2.692679049617419,604,0.058984375
0010,20091,"[2, 1, 0]",300,167.17910766601562,True,2.692679049617419,604,0.058984375
0010,20092,"[2, 1, 0]",300,167.18792915344238,False,2.692679049617419,604,0.058984375
0010,20093,"[2, 1, 0]",300,167.19317436218262,True,2.692679049617419,604,0.058984375
0010,20094,"[2, 1, 0]",300,167.20151901245117,False,2.692679049617419,604,0.058984375
0010,20095,"[2, 1, 0]",300,167.2070026397705,True,2.692679049617419,604,0.058984375
0010,20096,"[2, 1, 0]",300,167.21534729003906,False,2.692679049617419,604,0.058984375
0010,20097,"[2, 1, 0]",300,167.2205924987793,True,2.692679049617419,604,0.058984375
0010,20098,"[2, 1, 0]",300,167.22917556762695,False,2.692679049617419,604,0.058984375
0010,20099,"[2, 1, 0]",300,167.2344207763672,True,2.692679049617419,604,0.058984375
0010,20100,"[2, 1, 0]",300,167.24610328674316,False,2.692679049617419,604,0.058984375
0010,20101,"[2, 1, 0]",300,167.2518253326416,True,2.692679049617419,604,0.058984375
0010,20102,"[2, 1, 0]",300,167.26064682006836,False,2.692679049617419,604,0.058984375
0010,20103,"[2, 1, 0]",300,167.2661304473877,True,2.692679049617419,604,0.058984375
0010,20104,"[2, 1, 0]",300,167.27471351623535,False,2.692679049617419,604,0.058984375
0010,20105,"[2, 1, 0]",300,167.2801971435547,True,2.692679049617419,604,0.058984375
0010,20106,"[2, 1, 0]",300,167.28878021240234,False,2.692679049617419,604,0.058984375
0010,20107,"[2, 1, 0]",300,167.29402542114258,True,2.692679049617419,604,0.058984375
0010,20108,"[2, 1, 0]",300,167.30237007141113,False,2.692679049617419,604,0.058984375
0010,20109,"[2, 1, 0]",300,167.30761528015137,True,2.692679049617419,604,0.058984375
0010,20110,"[2, 1, 0]",300,167.31619834899902,False,2.692679049617419,604,0.058984375
0010,20111,"[2, 1, 0]",300,167.32454299926758,True,2.692679049617419,604,0.058984375
0010,20112,"[2, 1, 0]",300,167.33336448669434,False,2.692679049617419,604,0.058984375
0010,20113,"[2, 1, 0]",300,167.33860969543457,True,2.692679049617419,604,0.058984375
0010,20114,"[2, 1, 0]",300,167.34719276428223,False,2.692679049617419,604,0.058984375
0010,20115,"[2, 1, 0]",300,167.35267639160156,True,2.692679049617419,604,0.058984375
0010,20116,"[2, 1, 0]",300,167.36102104187012,False,2.692679049617419,604,0.058984375
0010,20117,"[2, 1, 0]",300,167.36626625061035,True,2.692679049617419,604,0.058984375
0010,20118,"[2, 1, 0]",300,167.3746109008789,False,2.692679049617419,604,0.058984375
0010,20119,"[2, 1, 0]",300,167.37985610961914,True,2.692679049617419,604,0.058984375
0010,20120,"[2, 1, 0]",300,167.3884391784668,False,2.692679049617419,604,0.058984375
0010,20121,"[2, 1, 0]",300,167.39368438720703,True,2.692679049617419,604,0.058984375
0010,20122,"[2, 1, 0]",300,167.4020290374756,False,2.692679049617419,604,0.058984375
0010,20123,"[2, 1, 0]",300,167.40727424621582,True,2.692679049617419,604,0.058984375
0010,20124,"[2, 1, 0]",300,167.41585731506348,False,2.692679049617419,604,0.058984375
0010,20125,"[2, 1, 0]",300,167.4206256866455,True,2.692679049617419,604,0.058984375
0010,20126,"[2, 1, 0]",300,167.42920875549316,False,2.692679049617419,604,0.058984375
0010,20127,"[2, 1, 0]",300,167.4342155456543,True,2.692679049617419,604,0.058984375
0010,20128,"[2, 1, 0]",300,167.44279861450195,False,2.692679049617419,604,0.058984375
0010,20129,"[2, 1, 0]",300,167.4478054046631,True,2.692679049617419,604,0.058984375
0010,20130,"[2, 1, 0]",300,167.45638847351074,False,2.692679049617419,604,0.058984375
0010,20131,"[2, 1, 0]",300,167.46139526367188,True,2.692679049617419,604,0.058984375
0010,20132,"[2, 1, 0]",300,167.47021675109863,False,2.692679049617419,604,0.058984375
0010,20133,"[2, 1, 0]",300,167.4785614013672,True,2.692679049617419,604,0.058984375
0010,20134,"[2, 1, 0]",300,167.48738288879395,False,2.692679049617419,604,0.058984375
0010,20135,"[2, 1, 0]",300,167.49238967895508,True,2.692679049617419,604,0.058984375
0010,20136,"[2, 1, 0]",300,167.50097274780273,False,2.692679049617419,604,0.058984375
0010,20137,"[2, 1, 0]",300,167.50597953796387,True,2.692679049617419,604,0.058984375
0010,20138,"[2, 1, 0]",300,167.52934455871582,False,2.692679049617419,604,0.058984375
0010,20139,"[2, 1, 0]",300,167.53458976745605,True,2.692679049617419,604,0.058984375
0010,20140,"[2, 1, 0]",300,167.5434112548828,False,2.692679049617419,604,0.058984375
0010,20141,"[2, 1, 0]",300,167.54841804504395,True,2.692679049617419,604,0.058984375
0010,20142,"[2, 1, 0]",300,167.5574779510498,False,2.692679049617419,604,0.058984375
0010,20143,"[2, 1, 0]",300,167.56272315979004,True,2.692679049617419,604,0.058984375
0010,20144,"[2, 1, 0]",300,167.5715446472168,False,2.692679049617419,604,0.058984375
0010,20145,"[2, 1, 0]",300,167.57631301879883,True,2.692679049617419,604,0.058984375
0010,20146,"[2, 1, 0]",300,167.5851345062256,False,2.692679049617419,604,0.058984375
0010,20147,"[2, 1, 0]",300,167.59014129638672,True,2.692679049617419,604,0.058984375
0010,20148,"[2, 1, 0]",300,167.59896278381348,False,2.692679049617419,604,0.058984375
0010,20149,"[2, 1, 0]",300,167.6042079925537,True,2.692679049617419,604,0.058984375
0010,20150,"[2, 1, 0]",300,167.62948036193848,False,2.692679049617419,604,0.058984375
0010,20151,"[2, 1, 0]",300,167.64426231384277,True,2.692679049617419,604,0.058984375
0010,20152,"[2, 1, 0]",300,167.67215728759766,False,2.692679049617419,604,0.058984375
0010,20153,"[2, 1, 0]",300,167.6921844482422,True,2.692679049617419,604,0.058984375
0010,20154,"[2, 1, 0]",300,167.71483421325684,False,2.692679049617419,604,0.058984375
0010,20155,"[2, 1, 0]",300,167.7248477935791,True,2.692679049617419,604,0.058984375
0010,20156,"[2, 1, 0]",300,167.74415969848633,False,2.692679049617419,604,0.058984375
0010,20157,"[2, 1, 0]",300,167.7546501159668,True,2.692679049617419,604,0.058984375
0010,20158,"[2, 1, 0]",300,167.77348518371582,False,2.692679049617419,604,0.058984375
0010,20159,"[2, 1, 0]",300,167.78182983398438,True,2.692679049617419,604,0.058984375
0010,20160,"[2, 1, 0]",300,167.79470443725586,False,2.692679049617419,604,0.058984375
0010,20161,"[2, 1, 0]",300,167.8009033203125,True,2.692679049617419,604,0.058984375
0010,20162,"[2, 1, 0]",300,167.81044006347656,False,2.692679049617419,604,0.058984375
0010,20163,"[2, 1, 0]",300,167.8156852722168,True,2.692679049617419,604,0.058984375
0010,20164,"[2, 1, 0]",300,167.82498359680176,False,2.692679049617419,604,0.058984375
0010,20165,"[2, 1, 0]",300,167.8299903869629,True,2.692679049617419,604,0.058984375
0010,20166,"[2, 1, 0]",300,167.83881187438965,False,2.692679049617419,604,0.058984375
0010,20167,"[2, 1, 0]",300,167.84405708312988,True,2.692679049617419,604,0.058984375
0010,20168,"[2, 1, 0]",300,167.85383224487305,False,2.692679049617419,604,0.058984375
0010,20169,"[2, 1, 0]",300,167.86575317382812,True,2.692679049617419,604,0.058984375
0010,20170,"[2, 1, 0]",300,167.87433624267578,False,2.692679049617419,604,0.058984375
0010,20171,"[2, 1, 0]",300,167.88029670715332,True,2.692679049617419,604,0.058984375
0010,20172,"[2, 1, 0]",300,167.88911819458008,False,2.692679049617419,604,0.058984375
0010,20173,"[2, 1, 0]",300,167.89484024047852,True,2.692679049617419,604,0.058984375
0010,20174,"[2, 1, 0]",300,167.90461540222168,False,2.692679049617419,604,0.058984375
0010,20175,"[2, 1, 0]",300,167.91439056396484,True,2.692679049617419,604,0.058984375
0010,20176,"[2, 1, 0]",300,167.9236888885498,False,2.692679049617419,604,0.058984375
0010,20177,"[2, 1, 0]",300,167.92917251586914,True,2.692679049617419,604,0.058984375
0010,20178,"[2, 1, 0]",300,167.9387092590332,False,2.692679049617419,604,0.058984375
0010,20179,"[2, 1, 0]",300,167.94419288635254,True,2.692679049617419,604,0.058984375
0010,20180,"[2, 1, 0]",300,167.9532527923584,False,2.692679049617419,604,0.058984375
0010,20181,"[2, 1, 0]",300,167.95825958251953,True,2.692679049617419,604,0.058984375
0010,20182,"[2, 1, 0]",300,167.9670810699463,False,2.692679049617419,604,0.058984375
0010,20183,"[2, 1, 0]",300,167.97184944152832,True,2.692679049617419,604,0.058984375
0010,20184,"[2, 1, 0]",300,167.98090934753418,False,2.692679049617419,604,0.058984375
0010,20185,"[2, 1, 0]",300,167.9859161376953,True,2.692679049617419,604,0.058984375
0010,20186,"[2, 1, 0]",300,167.99497604370117,False,2.692679049617419,604,0.058984375
0010,20187,"[2, 1, 0]",300,167.9999828338623,True,2.692679049617419,604,0.058984375
0010,20188,"[2, 1, 0]",300,168.00904273986816,False,2.692679049617419,604,0.058984375
0010,20189,"[2, 1, 0]",300,168.0142879486084,True,2.692679049617419,604,0.058984375
0010,20190,"[2, 1, 0]",300,168.02334785461426,False,2.692679049617419,604,0.058984375
0010,20191,"[2, 1, 0]",300,168.0285930633545,True,2.692679049617419,604,0.058984375
0010,20192,"[2, 1, 0]",300,168.03717613220215,False,2.692679049617419,604,0.058984375
0010,20193,"[2, 1, 0]",300,168.04265975952148,True,2.692679049617419,604,0.058984375
0010,20194,"[2, 1, 0]",300,168.05124282836914,False,2.692679049617419,604,0.058984375
0010,20195,"[2, 1, 0]",300,168.0598258972168,True,2.692679049617419,604,0.058984375
0010,20196,"[2, 1, 0]",300,168.06912422180176,False,2.692679049617419,604,0.058984375
0010,20197,"[2, 1, 0]",300,168.074369430542,True,2.692679049617419,604,0.058984375
0010,20198,"[2, 1, 0]",300,168.08295249938965,False,2.692679049617419,604,0.058984375
0010,20199,"[2, 1, 0]",300,168.08819770812988,True,2.692679049617419,604,0.058984375
0010,20200,"[2, 1, 0]",300,168.09678077697754,False,2.692679049617419,604,0.058984375
0010,20201,"[2, 1, 0]",300,168.1056022644043,True,2.692679049617419,604,0.058984375
0010,20202,"[2, 1, 0]",300,168.11561584472656,False,2.692679049617419,604,0.058984375
0010,20203,"[2, 1, 0]",300,168.1210994720459,True,2.692679049617419,604,0.058984375
0010,20204,"[2, 1, 0]",300,168.13015937805176,False,2.692679049617419,604,0.058984375
0010,20205,"[2, 1, 0]",300,168.135404586792,True,2.692679049617419,604,0.058984375
0010,20206,"[2, 1, 0]",300,168.14422607421875,False,2.692679049617419,604,0.058984375
0010,20207,"[2, 1, 0]",300,168.14947128295898,True,2.692679049617419,604,0.058984375
0010,20208,"[2, 1, 0]",300,168.15876960754395,False,2.692679049617419,604,0.058984375
0010,20209,"[2, 1, 0]",300,168.16401481628418,True,2.692679049617419,604,0.058984375
0010,20210,"[2, 1, 0]",300,168.17259788513184,False,2.692679049617419,604,0.058984375
0010,20211,"[2, 1, 0]",300,168.20096969604492,True,2.692679049617419,604,0.058984375
0010,20212,"[2, 1, 0]",300,168.21050643920898,False,2.692679049617419,604,0.058984375
0010,20213,"[2, 1, 0]",300,168.21646690368652,True,2.692679049617419,604,0.058984375
0010,20214,"[2, 1, 0]",300,168.22528839111328,False,2.692679049617419,604,0.058984375
0010,20215,"[2, 1, 0]",300,168.23053359985352,True,2.692679049617419,604,0.058984375
0010,20216,"[2, 1, 0]",300,168.23959350585938,False,2.692679049617419,604,0.058984375
0010,20217,"[2, 1, 0]",300,168.24889183044434,True,2.692679049617419,604,0.058984375
0010,20218,"[2, 1, 0]",300,168.26367378234863,False,2.692679049617419,604,0.058984375
0010,20219,"[2, 1, 0]",300,168.27082633972168,True,2.692679049617419,604,0.058984375
0010,20220,"[2, 1, 0]",300,168.28083992004395,False,2.692679049617419,604,0.058984375
0010,20221,"[2, 1, 0]",300,168.28608512878418,True,2.692679049617419,604,0.058984375
0010,20222,"[2, 1, 0]",300,168.29466819763184,False,2.692679049617419,604,0.058984375
0010,20223,"[2, 1, 0]",300,168.29991340637207,True,2.692679049617419,604,0.058984375
0010,20224,"[2, 1, 0]",300,168.30849647521973,False,2.692679049617419,604,0.058984375
0010,20225,"[2, 1, 0]",300,168.31374168395996,True,2.692679049617419,604,0.058984375
0010,20226,"[2, 1, 0]",300,168.32256317138672,False,2.692679049617419,604,0.058984375
0010,20227,"[2, 1, 0]",300,168.32804679870605,True,2.692679049617419,604,0.058984375
0010,20228,"[2, 1, 0]",300,168.3366298675537,False,2.692679049617419,604,0.058984375
0010,20229,"[2, 1, 0]",300,168.3650016784668,True,2.692679049617419,604,0.058984375
0010,20230,"[2, 1, 0]",300,168.38717460632324,False,2.692679049617419,604,0.058984375
0010,20231,"[2, 1, 0]",300,168.3955192565918,True,2.692679049617419,604,0.058984375
0010,20232,"[2, 1, 0]",300,168.40767860412598,False,2.692679049617419,604,0.058984375
0010,20233,"[2, 1, 0]",300,168.41363906860352,True,2.692679049617419,604,0.058984375
0010,20234,"[2, 1, 0]",300,168.42365264892578,False,2.692679049617419,604,0.058984375
0010,20235,"[2, 1, 0]",300,168.42937469482422,True,2.692679049617419,604,0.058984375
0010,20236,"[2, 1, 0]",300,168.43891143798828,False,2.692679049617419,604,0.058984375
0010,20237,"[2, 1, 0]",300,168.45154762268066,True,2.692679049617419,604,0.058984375
0010,20238,"[2, 1, 0]",300,168.46370697021484,False,2.692679049617419,604,0.058984375
0010,20239,"[2, 1, 0]",300,168.46919059753418,True,2.692679049617419,604,0.058984375
0010,20240,"[2, 1, 0]",300,168.47991943359375,False,2.692679049617419,604,0.058984375
0010,20241,"[2, 1, 0]",300,168.4861183166504,True,2.692679049617419,604,0.058984375
0010,20242,"[2, 1, 0]",300,168.49589347839355,False,2.692679049617419,604,0.058984375
0010,20243,"[2, 1, 0]",300,168.501615524292,True,2.692679049617419,604,0.058984375
0010,20244,"[2, 1, 0]",300,168.51115226745605,False,2.692679049617419,604,0.058984375
0010,20245,"[2, 1, 0]",300,168.5163974761963,True,2.692679049617419,604,0.058984375
0010,20246,"[2, 1, 0]",300,168.52521896362305,False,2.692679049617419,604,0.058984375
0010,20247,"[2, 1, 0]",300,168.53046417236328,True,2.692679049617419,604,0.058984375
0010,20248,"[2, 1, 0]",300,168.53952407836914,False,2.692679049617419,604,0.058984375
0010,20249,"[2, 1, 0]",300,168.54476928710938,True,2.692679049617419,604,0.058984375
0010,20250,"[2, 1, 0]",300,168.55406761169434,False,2.692679049617419,604,0.058984375
0010,20251,"[2, 1, 0]",300,168.5638427734375,True,2.692679049617419,604,0.058984375
0010,20252,"[2, 1, 0]",300,168.57409477233887,False,2.692679049617419,604,0.058984375
0010,20253,"[2, 1, 0]",300,168.5798168182373,True,2.692679049617419,604,0.058984375
0010,20254,"[2, 1, 0]",300,168.58935356140137,False,2.692679049617419,604,0.058984375
0010,20255,"[2, 1, 0]",300,168.5945987701416,True,2.692679049617419,604,0.058984375
0010,20256,"[2, 1, 0]",300,168.60389709472656,False,2.692679049617419,604,0.058984375
0010,20257,"[2, 1, 0]",300,168.6091423034668,True,2.692679049617419,604,0.058984375
0010,20258,"[2, 1, 0]",300,168.61772537231445,False,2.692679049617419,604,0.058984375
0010,20259,"[2, 1, 0]",300,168.62988471984863,True,2.692679049617419,604,0.058984375
0010,20260,"[2, 1, 0]",300,168.6389446258545,False,2.692679049617419,604,0.058984375
0010,20261,"[2, 1, 0]",300,168.64442825317383,True,2.692679049617419,604,0.058984375
0010,20262,"[2, 1, 0]",300,168.6534881591797,False,2.692679049617419,604,0.058984375
0010,20263,"[2, 1, 0]",300,168.65849494934082,True,2.692679049617419,604,0.058984375
0010,20264,"[2, 1, 0]",300,168.66683959960938,False,2.692679049617419,604,0.058984375
0010,20265,"[2, 1, 0]",300,168.6723232269287,True,2.692679049617419,604,0.058984375
0010,20266,"[2, 1, 0]",300,168.68066787719727,False,2.692679049617419,604,0.058984375
0010,20267,"[2, 1, 0]",300,168.6861515045166,True,2.692679049617419,604,0.058984375
0010,20268,"[2, 1, 0]",300,168.69449615478516,False,2.692679049617419,604,0.058984375
0010,20269,"[2, 1, 0]",300,168.6999797821045,True,2.692679049617419,604,0.058984375
0010,20270,"[2, 1, 0]",300,168.70903968811035,False,2.692679049617419,604,0.058984375
0010,20271,"[2, 1, 0]",300,168.71404647827148,True,2.692679049617419,604,0.058984375
0010,20272,"[2, 1, 0]",300,168.72239112854004,False,2.692679049617419,604,0.058984375
0010,20273,"[2, 1, 0]",300,168.72787475585938,True,2.692679049617419,604,0.058984375
0010,20274,"[2, 1, 0]",300,168.73645782470703,False,2.692679049617419,604,0.058984375
0010,20275,"[2, 1, 0]",300,168.74170303344727,True,2.692679049617419,604,0.058984375
0010,20276,"[2, 1, 0]",300,168.75028610229492,False,2.692679049617419,604,0.058984375
0010,20277,"[2, 1, 0]",300,168.75529289245605,True,2.692679049617419,604,0.058984375
0010,20278,"[2, 1, 0]",300,168.7638759613037,False,2.692679049617419,604,0.058984375
0010,20279,"[2, 1, 0]",300,168.77388954162598,True,2.692679049617419,604,0.058984375
0010,20280,"[2, 1, 0]",300,168.78294944763184,False,2.692679049617419,604,0.058984375
0010,20281,"[2, 1, 0]",300,168.78795623779297,True,2.692679049617419,604,0.058984375
0010,20282,"[2, 1, 0]",300,168.79653930664062,False,2.692679049617419,604,0.058984375
0010,20283,"[2, 1, 0]",300,168.80178451538086,True,2.692679049617419,604,0.058984375
0010,20284,"[2, 1, 0]",300,168.81108283996582,False,2.692679049617419,604,0.058984375
0010,20285,"[2, 1, 0]",300,168.81585121154785,True,2.692679049617419,604,0.058984375
0010,20286,"[2, 1, 0]",300,168.8246726989746,False,2.692679049617419,604,0.058984375
0010,20287,"[2, 1, 0]",300,168.82967948913574,True,2.692679049617419,604,0.058984375
0010,20288,"[2, 1, 0]",300,168.8385009765625,False,2.692679049617419,604,0.058984375
0010,20289,"[2, 1, 0]",300,168.84350776672363,True,2.692679049617419,604,0.058984375
0010,20290,"[2, 1, 0]",300,168.8523292541504,False,2.692679049617419,604,0.058984375
0010,20291,"[2, 1, 0]",300,168.85709762573242,True,2.692679049617419,604,0.058984375
0010,20292,"[2, 1, 0]",300,168.86568069458008,False,2.692679049617419,604,0.058984375
0010,20293,"[2, 1, 0]",300,168.8706874847412,True,2.692679049617419,604,0.058984375
0010,20294,"[2, 1, 0]",300,168.87950897216797,False,2.692679049617419,604,0.058984375
0010,20295,"[2, 1, 0]",300,168.88427734375,True,2.692679049617419,604,0.058984375
0010,20296,"[2, 1, 0]",300,168.89309883117676,False,2.692679049617419,604,0.058984375
0010,20297,"[2, 1, 0]",300,168.8981056213379,True,2.692679049617419,604,0.058984375
0010,20298,"[2, 1, 0]",300,168.90692710876465,False,2.692679049617419,604,0.058984375
0010,20299,"[2, 1, 0]",300,168.91193389892578,True,2.692679049617419,604,0.058984375
0010,20300,"[2, 1, 0]",300,168.92051696777344,False,2.692679049617419,604,0.058984375
0010,20301,"[2, 1, 0]",300,168.9462661743164,True,2.692679049617419,604,0.058984375
0010,20302,"[2, 1, 0]",300,168.95604133605957,False,2.692679049617419,604,0.058984375
0010,20303,"[2, 1, 0]",300,168.9610481262207,True,2.692679049617419,604,0.058984375
0010,20304,"[2, 1, 0]",300,168.97034645080566,False,2.692679049617419,604,0.058984375
0010,20305,"[2, 1, 0]",300,168.9753532409668,True,2.692679049617419,604,0.058984375
0010,20306,"[2, 1, 0]",300,168.98417472839355,False,2.692679049617419,604,0.058984375
0010,20307,"[2, 1, 0]",300,168.9891815185547,True,2.692679049617419,604,0.058984375
0010,20308,"[2, 1, 0]",300,168.99776458740234,False,2.692679049617419,604,0.058984375
0010,20309,"[2, 1, 0]",300,169.00300979614258,True,2.692679049617419,604,0.058984375
0010,20310,"[2, 1, 0]",300,169.01159286499023,False,2.692679049617419,604,0.058984375
0010,20311,"[2, 1, 0]",300,169.01659965515137,True,2.692679049617419,604,0.058984375
0010,20312,"[2, 1, 0]",300,169.02542114257812,False,2.692679049617419,604,0.058984375
0010,20313,"[2, 1, 0]",300,169.03042793273926,True,2.692679049617419,604,0.058984375
0010,20314,"[2, 1, 0]",300,169.03924942016602,False,2.692679049617419,604,0.058984375
0010,20315,"[2, 1, 0]",300,169.04425621032715,True,2.692679049617419,604,0.058984375
0010,20316,"[2, 1, 0]",300,169.0530776977539,False,2.692679049617419,604,0.058984375
0010,20317,"[2, 1, 0]",300,169.05808448791504,True,2.692679049617419,604,0.058984375
0010,20318,"[2, 1, 0]",300,169.0673828125,False,2.692679049617419,604,0.058984375
0010,20319,"[2, 1, 0]",300,169.07262802124023,True,2.692679049617419,604,0.058984375
0010,20320,"[2, 1, 0]",300,169.0812110900879,False,2.692679049617419,604,0.058984375
0010,20321,"[2, 1, 0]",300,169.08931732177734,True,2.692679049617419,604,0.058984375
0010,20322,"[2, 1, 0]",300,169.0983772277832,False,2.692679049617419,604,0.058984375
0010,20323,"[2, 1, 0]",300,169.10338401794434,True,2.692679049617419,604,0.058984375
0010,20324,"[2, 1, 0]",300,169.1122055053711,False,2.692679049617419,604,0.058984375
0010,20325,"[2, 1, 0]",300,169.11721229553223,True,2.692679049617419,604,0.058984375
0010,20326,"[2, 1, 0]",300,169.12579536437988,False,2.692679049617419,604,0.058984375
0010,20327,"[2, 1, 0]",300,169.13175582885742,True,2.692679049617419,604,0.058984375
0010,20328,"[2, 1, 0]",300,169.14057731628418,False,2.692679049617419,604,0.058984375
0010,20329,"[2, 1, 0]",300,169.1455841064453,True,2.692679049617419,604,0.058984375
0010,20330,"[2, 1, 0]",300,169.15440559387207,False,2.692679049617419,604,0.058984375
0010,20331,"[2, 1, 0]",300,169.1591739654541,True,2.692679049617419,604,0.058984375
0010,20332,"[2, 1, 0]",300,169.16799545288086,False,2.692679049617419,604,0.058984375
0010,20333,"[2, 1, 0]",300,169.173002243042,True,2.692679049617419,604,0.058984375
0010,20334,"[2, 1, 0]",300,169.18158531188965,False,2.692679049617419,604,0.058984375
0010,20335,"[2, 1, 0]",300,169.18659210205078,True,2.692679049617419,604,0.058984375
0010,20336,"[2, 1, 0]",300,169.19517517089844,False,2.692679049617419,604,0.058984375
0010,20337,"[2, 1, 0]",300,169.2214012145996,True,2.692679049617419,604,0.058984375
0010,20338,"[2, 1, 0]",300,169.24500465393066,False,2.692679049617419,604,0.058984375
0010,20339,"[2, 1, 0]",300,169.25597190856934,True,2.692679049617419,604,0.058984375
0010,20340,"[2, 1, 0]",300,169.26932334899902,False,2.692679049617419,604,0.058984375
0010,20341,"[2, 1, 0]",300,169.27695274353027,True,2.692679049617419,604,0.058984375
0010,20342,"[2, 1, 0]",300,169.28768157958984,False,2.692679049617419,604,0.058984375
0010,20343,"[2, 1, 0]",300,169.29960250854492,True,2.692679049617419,604,0.058984375
0010,20344,"[2, 1, 0]",300,169.3096160888672,False,2.692679049617419,604,0.058984375
0010,20345,"[2, 1, 0]",300,169.31509971618652,True,2.692679049617419,604,0.058984375
0010,20346,"[2, 1, 0]",300,169.32439804077148,False,2.692679049617419,604,0.058984375
0010,20347,"[2, 1, 0]",300,169.32964324951172,True,2.692679049617419,604,0.058984375
0010,20348,"[2, 1, 0]",300,169.33870315551758,False,2.692679049617419,604,0.058984375
0010,20349,"[2, 1, 0]",300,169.34442520141602,True,2.692679049617419,604,0.058984375
0010,20350,"[2, 1, 0]",300,169.35348510742188,False,2.692679049617419,604,0.058984375
0010,20351,"[2, 1, 0]",300,169.3587303161621,True,2.692679049617419,604,0.058984375
0010,20352,"[2, 1, 0]",300,169.3713665008545,False,2.692679049617419,604,0.058984375
0010,20353,"[2, 1, 0]",300,169.37708854675293,True,2.692679049617419,604,0.058984375
0010,20354,"[2, 1, 0]",300,169.3863868713379,False,2.692679049617419,604,0.058984375
0010,20355,"[2, 1, 0]",300,169.39163208007812,True,2.692679049617419,604,0.058984375
0010,20356,"[2, 1, 0]",300,169.4009304046631,False,2.692679049617419,604,0.058984375
0010,20357,"[2, 1, 0]",300,169.40617561340332,True,2.692679049617419,604,0.058984375
0010,20358,"[2, 1, 0]",300,169.41499710083008,False,2.692679049617419,604,0.058984375
0010,20359,"[2, 1, 0]",300,169.4200038909912,True,2.692679049617419,604,0.058984375
0010,20360,"[2, 1, 0]",300,169.42954063415527,False,2.692679049617419,604,0.058984375
0010,20361,"[2, 1, 0]",300,169.4350242614746,True,2.692679049617419,604,0.058984375
0010,20362,"[2, 1, 0]",300,169.44360733032227,False,2.692679049617419,604,0.058984375
0010,20363,"[2, 1, 0]",300,169.45242881774902,True,2.692679049617419,604,0.058984375
0010,20364,"[2, 1, 0]",300,169.46172714233398,False,2.692679049617419,604,0.058984375
0010,20365,"[2, 1, 0]",300,169.46721076965332,True,2.692679049617419,604,0.058984375
0010,20366,"[2, 1, 0]",300,169.47627067565918,False,2.692679049617419,604,0.058984375
0010,20367,"[2, 1, 0]",300,169.4812774658203,True,2.692679049617419,604,0.058984375
0010,20368,"[2, 1, 0]",300,169.49009895324707,False,2.692679049617419,604,0.058984375
0010,20369,"[2, 1, 0]",300,169.4951057434082,True,2.692679049617419,604,0.058984375
0010,20370,"[2, 1, 0]",300,169.50368881225586,False,2.692679049617419,604,0.058984375
0010,20371,"[2, 1, 0]",300,169.508695602417,True,2.692679049617419,604,0.058984375
0010,20372,"[2, 1, 0]",300,169.51751708984375,False,2.692679049617419,604,0.058984375
0010,20373,"[2, 1, 0]",300,169.52252388000488,True,2.692679049617419,604,0.058984375
0010,20374,"[2, 1, 0]",300,169.53110694885254,False,2.692679049617419,604,0.058984375
0010,20375,"[2, 1, 0]",300,169.53635215759277,True,2.692679049617419,604,0.058984375
0010,20376,"[2, 1, 0]",300,169.54493522644043,False,2.692679049617419,604,0.058984375
0010,20377,"[2, 1, 0]",300,169.55018043518066,True,2.692679049617419,604,0.058984375
0010,20378,"[2, 1, 0]",300,169.55900192260742,False,2.692679049617419,604,0.058984375
0010,20379,"[2, 1, 0]",300,169.56424713134766,True,2.692679049617419,604,0.058984375
0010,20380,"[2, 1, 0]",300,169.5728302001953,False,2.692679049617419,604,0.058984375
0010,20381,"[2, 1, 0]",300,169.57807540893555,True,2.692679049617419,604,0.058984375
0010,20382,"[2, 1, 0]",300,169.5864200592041,False,2.692679049617419,604,0.058984375
0010,20383,"[2, 1, 0]",300,169.59190368652344,True,2.692679049617419,604,0.058984375
0010,20384,"[2, 1, 0]",300,169.600248336792,False,2.692679049617419,604,0.058984375
0010,20385,"[2, 1, 0]",300,169.60906982421875,True,2.692679049617419,604,0.058984375
0010,20386,"[2, 1, 0]",300,169.6178913116455,False,2.692679049617419,604,0.058984375
0010,20387,"[2, 1, 0]",300,169.62313652038574,True,2.692679049617419,604,0.058984375
0010,20388,"[2, 1, 0]",300,169.6317195892334,False,2.692679049617419,604,0.058984375
0010,20389,"[2, 1, 0]",300,169.63696479797363,True,2.692679049617419,604,0.058984375
0010,20390,"[2, 1, 0]",300,169.6455478668213,False,2.692679049617419,604,0.058984375
0010,20391,"[2, 1, 0]",300,169.65079307556152,True,2.692679049617419,604,0.058984375
0010,20392,"[2, 1, 0]",300,169.65937614440918,False,2.692679049617419,604,0.058984375
0010,20393,"[2, 1, 0]",300,169.6646213531494,True,2.692679049617419,604,0.058984375
0010,20394,"[2, 1, 0]",300,169.67296600341797,False,2.692679049617419,604,0.058984375
0010,20395,"[2, 1, 0]",300,169.6782112121582,True,2.692679049617419,604,0.058984375
0010,20396,"[2, 1, 0]",300,169.68703269958496,False,2.692679049617419,604,0.058984375
0010,20397,"[2, 1, 0]",300,169.6920394897461,True,2.692679049617419,604,0.058984375
0010,20398,"[2, 1, 0]",300,169.70038414001465,False,2.692679049617419,604,0.058984375
0010,20399,"[2, 1, 0]",300,169.70562934875488,True,2.692679049617419,604,0.058984375
0010,20400,"[2, 1, 0]",300,169.71397399902344,False,2.692679049617419,604,0.058984375
0010,20401,"[2, 1, 0]",300,169.71898078918457,True,2.692679049617419,604,0.058984375
0010,20402,"[2, 1, 0]",300,169.73137855529785,False,2.692679049617419,604,0.058984375
0010,20403,"[2, 1, 0]",300,169.7371006011963,True,2.692679049617419,604,0.058984375
0010,20404,"[2, 1, 0]",300,169.74616050720215,False,2.692679049617419,604,0.058984375
0010,20405,"[2, 1, 0]",300,169.7547435760498,True,2.692679049617419,604,0.058984375
0010,20406,"[2, 1, 0]",300,169.76356506347656,False,2.692679049617419,604,0.058984375
0010,20407,"[2, 1, 0]",300,169.7690486907959,True,2.692679049617419,604,0.058984375
0010,20408,"[2, 1, 0]",300,169.77787017822266,False,2.692679049617419,604,0.058984375
0010,20409,"[2, 1, 0]",300,169.783353805542,True,2.692679049617419,604,0.058984375
0010,20410,"[2, 1, 0]",300,169.79217529296875,False,2.692679049617419,604,0.058984375
0010,20411,"[2, 1, 0]",300,169.79718208312988,True,2.692679049617419,604,0.058984375
0010,20412,"[2, 1, 0]",300,169.80552673339844,False,2.692679049617419,604,0.058984375
0010,20413,"[2, 1, 0]",300,169.81077194213867,True,2.692679049617419,604,0.058984375
0010,20414,"[2, 1, 0]",300,169.81911659240723,False,2.692679049617419,604,0.058984375
0010,20415,"[2, 1, 0]",300,169.82412338256836,True,2.692679049617419,604,0.058984375
0010,20416,"[2, 1, 0]",300,169.8324680328369,False,2.692679049617419,604,0.058984375
0010,20417,"[2, 1, 0]",300,169.83771324157715,True,2.692679049617419,604,0.058984375
0010,20418,"[2, 1, 0]",300,169.8460578918457,False,2.692679049617419,604,0.058984375
0010,20419,"[2, 1, 0]",300,169.85130310058594,True,2.692679049617419,604,0.058984375
0010,20420,"[2, 1, 0]",300,169.8598861694336,False,2.692679049617419,604,0.058984375
0010,20421,"[2, 1, 0]",300,169.86513137817383,True,2.692679049617419,604,0.058984375
0010,20422,"[2, 1, 0]",300,169.87371444702148,False,2.692679049617419,604,0.058984375
0010,20423,"[2, 1, 0]",300,169.87895965576172,True,2.692679049617419,604,0.058984375
0010,20424,"[2, 1, 0]",300,169.88754272460938,False,2.692679049617419,604,0.058984375
0010,20425,"[2, 1, 0]",300,169.8925495147705,True,2.692679049617419,604,0.058984375
0010,20426,"[2, 1, 0]",300,169.90113258361816,False,2.692679049617419,604,0.058984375
0010,20427,"[2, 1, 0]",300,169.91019248962402,True,2.692679049617419,604,0.058984375
0010,20428,"[2, 1, 0]",300,169.9197292327881,False,2.692679049617419,604,0.058984375
0010,20429,"[2, 1, 0]",300,169.92497444152832,True,2.692679049617419,604,0.058984375
0010,20430,"[2, 1, 0]",300,169.93379592895508,False,2.692679049617419,604,0.058984375
0010,20431,"[2, 1, 0]",300,169.9392795562744,True,2.692679049617419,604,0.058984375
0010,20432,"[2, 1, 0]",300,169.94786262512207,False,2.692679049617419,604,0.058984375
0010,20433,"[2, 1, 0]",300,169.9533462524414,True,2.692679049617419,604,0.058984375
0010,20434,"[2, 1, 0]",300,169.96192932128906,False,2.692679049617419,604,0.058984375
0010,20435,"[2, 1, 0]",300,169.9674129486084,True,2.692679049617419,604,0.058984375
0010,20436,"[2, 1, 0]",300,169.97575759887695,False,2.692679049617419,604,0.058984375
0010,20437,"[2, 1, 0]",300,169.9810028076172,True,2.692679049617419,604,0.058984375
0010,20438,"[2, 1, 0]",300,169.98958587646484,False,2.692679049617419,604,0.058984375
0010,20439,"[2, 1, 0]",300,169.99483108520508,True,2.692679049617419,604,0.058984375
0010,20440,"[2, 1, 0]",300,170.00341415405273,False,2.692679049617419,604,0.058984375
0010,20441,"[2, 1, 0]",300,170.00842094421387,True,2.692679049617419,604,0.058984375
0010,20442,"[2, 1, 0]",300,170.01676559448242,False,2.692679049617419,604,0.058984375
0010,20443,"[2, 1, 0]",300,170.02201080322266,True,2.692679049617419,604,0.058984375
0010,20444,"[2, 1, 0]",300,170.0303554534912,False,2.692679049617419,604,0.058984375
0010,20445,"[2, 1, 0]",300,170.03560066223145,True,2.692679049617419,604,0.058984375
0010,20446,"[2, 1, 0]",300,170.0439453125,False,2.692679049617419,604,0.058984375
0010,20447,"[2, 1, 0]",300,170.05252838134766,True,2.692679049617419,604,0.058984375
0010,20448,"[2, 1, 0]",300,170.0611114501953,False,2.692679049617419,604,0.058984375
0010,20449,"[2, 1, 0]",300,170.06611824035645,True,2.692679049617419,604,0.058984375
0010,20450,"[2, 1, 0]",300,170.0749397277832,False,2.692679049617419,604,0.058984375
0010,20451,"[2, 1, 0]",300,170.07994651794434,True,2.692679049617419,604,0.058984375
0010,20452,"[2, 1, 0]",300,170.0887680053711,False,2.692679049617419,604,0.058984375
0010,20453,"[2, 1, 0]",300,170.09782791137695,True,2.692679049617419,604,0.058984375
0010,20454,"[2, 1, 0]",300,170.1066493988037,False,2.692679049617419,604,0.058984375
0010,20455,"[2, 1, 0]",300,170.11213302612305,True,2.692679049617419,604,0.058984375
0010,20456,"[2, 1, 0]",300,170.1207160949707,False,2.692679049617419,604,0.058984375
0010,20457,"[2, 1, 0]",300,170.12596130371094,True,2.692679049617419,604,0.058984375
0010,20458,"[2, 1, 0]",300,170.1345443725586,False,2.692679049617419,604,0.058984375
0010,20459,"[2, 1, 0]",300,170.14002799987793,True,2.692679049617419,604,0.058984375
0010,20460,"[2, 1, 0]",300,170.14837265014648,False,2.692679049617419,604,0.058984375
0010,20461,"[2, 1, 0]",300,170.15361785888672,True,2.692679049617419,604,0.058984375
0010,20462,"[2, 1, 0]",300,170.16220092773438,False,2.692679049617419,604,0.058984375
0010,20463,"[2, 1, 0]",300,170.1672077178955,True,2.692679049617419,604,0.058984375
0010,20464,"[2, 1, 0]",300,170.17579078674316,False,2.692679049617419,604,0.058984375
0010,20465,"[2, 1, 0]",300,170.1810359954834,True,2.692679049617419,604,0.058984375
0010,20466,"[2, 1, 0]",300,170.18938064575195,False,2.692679049617419,604,0.058984375
0010,20467,"[2, 1, 0]",300,170.1948642730713,True,2.692679049617419,604,0.058984375
0010,20468,"[2, 1, 0]",300,170.20320892333984,False,2.692679049617419,604,0.058984375
0010,20469,"[2, 1, 0]",300,170.21441459655762,True,2.692679049617419,604,0.058984375
0010,20470,"[2, 1, 0]",300,170.22371292114258,False,2.692679049617419,604,0.058984375
0010,20471,"[2, 1, 0]",300,170.2287197113037,True,2.692679049617419,604,0.058984375
0010,20472,"[2, 1, 0]",300,170.23730278015137,False,2.692679049617419,604,0.058984375
0010,20473,"[2, 1, 0]",300,170.2423095703125,True,2.692679049617419,604,0.058984375
0010,20474,"[2, 1, 0]",300,170.25089263916016,False,2.692679049617419,604,0.058984375
0010,20475,"[2, 1, 0]",300,170.2558994293213,True,2.692679049617419,604,0.058984375
0010,20476,"[2, 1, 0]",300,170.26472091674805,False,2.692679049617419,604,0.058984375
0010,20477,"[2, 1, 0]",300,170.26972770690918,True,2.692679049617419,604,0.058984375
0010,20478,"[2, 1, 0]",300,170.27831077575684,False,2.692679049617419,604,0.058984375
0010,20479,"[2, 1, 0]",300,170.28307914733887,True,2.692679049617419,604,0.058984375
