# best_solutions_for_time
bitstring,rank,join_order,cost,time_ms,used_fallback,energy,count,probability
0011110111,0,"[2, 1, 3, 0]",9300,1.8668174743652344,False,14.909436005722952,196,0.019140625
0011110111,1,"[2, 1, 0, 3]",600,1.8968582153320312,True,14.909436005722952,196,0.019140625
0110010010,2,"[1, 0, 2, 3]",315,14.417648315429688,True,13.325747172461199,75,0.00732421875

# all_solutions
bitstring,index,join_order,cost,time_ms,used_fallback,energy,count,probability
0011110111,0,"[2, 1, 3, 0]",9300,1.8668174743652344,False,14.909436005722952,196,0.019140625
0011110111,1,"[2, 1, 0, 3]",600,1.8968582153320312,True,14.909436005722952,196,0.019140625
0011110111,2,"[2, 1, 3, 0]",9300,1.9216537475585938,False,14.909436005722952,196,0.019140625
0011110111,3,"[2, 1, 0, 3]",600,1.9378662109375,True,14.909436005722952,196,0.019140625
0011110111,4,"[2, 1, 3, 0]",9300,1.9583702087402344,False,14.909436005722952,196,0.019140625
0011110111,5,"[2, 1, 0, 3]",600,1.9731521606445312,True,14.909436005722952,196,0.019140625
0011110111,6,"[2, 1, 3, 0]",9300,1.9919872283935547,False,14.909436005722952,196,0.019140625
0011110111,7,"[2, 1, 0, 3]",600,2.006053924560547,True,14.909436005722952,196,0.019140625
0011110111,8,"[2, 1, 3, 0]",9300,2.0241737365722656,False,14.909436005722952,196,0.019140625
0011110111,9,"[2, 1, 0, 3]",600,2.0377635955810547,True,14.909436005722952,196,0.019140625
0011110111,10,"[2, 1, 3, 0]",9300,2.0558834075927734,False,14.909436005722952,196,0.019140625
0011110111,11,"[2, 1, 0, 3]",600,2.069234848022461,True,14.909436005722952,196,0.019140625
0011110111,12,"[2, 1, 3, 0]",9300,2.0868778228759766,False,14.909436005722952,196,0.019140625
0011110111,13,"[2, 1, 0, 3]",600,2.100229263305664,True,14.909436005722952,196,0.019140625
0011110111,14,"[2, 1, 3, 0]",9300,2.118349075317383,False,14.909436005722952,196,0.019140625
0011110111,15,"[2, 1, 0, 3]",600,2.1317005157470703,True,14.909436005722952,196,0.019140625
0011110111,16,"[2, 1, 3, 0]",9300,2.149820327758789,False,14.909436005722952,196,0.019140625
0011110111,17,"[2, 1, 0, 3]",600,2.1636486053466797,True,14.909436005722952,196,0.019140625
0011110111,18,"[2, 1, 3, 0]",9300,2.1817684173583984,False,14.909436005722952,196,0.019140625
0011110111,19,"[2, 1, 0, 3]",600,2.195596694946289,True,14.909436005722952,196,0.019140625
0011110111,20,"[2, 1, 3, 0]",9300,2.2132396697998047,False,14.909436005722952,196,0.019140625
0011110111,21,"[2, 1, 0, 3]",600,2.2268295288085938,True,14.909436005722952,196,0.019140625
0011110111,22,"[2, 1, 3, 0]",9300,2.2444725036621094,False,14.909436005722952,196,0.019140625
0011110111,23,"[2, 1, 0, 3]",600,2.25830078125,True,14.909436005722952,196,0.019140625
0011110111,24,"[2, 1, 3, 0]",9300,2.276182174682617,False,14.909436005722952,196,0.019140625
0011110111,25,"[2, 1, 0, 3]",600,2.2895336151123047,True,14.909436005722952,196,0.019140625
0011110111,26,"[2, 1, 3, 0]",9300,2.307415008544922,False,14.909436005722952,196,0.019140625
0011110111,27,"[2, 1, 0, 3]",600,2.3207664489746094,True,14.909436005722952,196,0.019140625
0011110111,28,"[2, 1, 3, 0]",9300,2.3386478424072266,False,14.909436005722952,196,0.019140625
0011110111,29,"[2, 1, 0, 3]",600,2.3522377014160156,True,14.909436005722952,196,0.019140625
0011110111,30,"[2, 1, 3, 0]",9300,2.3698806762695312,False,14.909436005722952,196,0.019140625
0011110111,31,"[2, 1, 0, 3]",600,2.3832321166992188,True,14.909436005722952,196,0.019140625
0011110111,32,"[2, 1, 3, 0]",9300,2.4008750915527344,False,14.909436005722952,196,0.019140625
0011110111,33,"[2, 1, 0, 3]",600,2.414226531982422,True,14.909436005722952,196,0.019140625
0011110111,34,"[2, 1, 3, 0]",9300,2.432107925415039,False,14.909436005722952,196,0.019140625
0011110111,35,"[2, 1, 0, 3]",600,2.4454593658447266,True,14.909436005722952,196,0.019140625
0011110111,36,"[2, 1, 3, 0]",9300,2.4633407592773438,False,14.909436005722952,196,0.019140625
0011110111,37,"[2, 1, 0, 3]",600,2.4766921997070312,True,14.909436005722952,196,0.019140625
0011110111,38,"[2, 1, 3, 0]",9300,2.4945735931396484,False,14.909436005722952,196,0.019140625
0011110111,39,"[2, 1, 0, 3]",600,2.507448196411133,True,14.909436005722952,196,0.019140625
0011110111,40,"[2, 1, 3, 0]",9300,2.5260448455810547,False,14.909436005722952,196,0.019140625
0011110111,41,"[2, 1, 0, 3]",600,2.5391578674316406,True,14.909436005722952,196,0.019140625
0011110111,42,"[2, 1, 3, 0]",9300,2.559185028076172,False,14.909436005722952,196,0.019140625
0011110111,43,"[2, 1, 0, 3]",600,2.5742053985595703,True,14.909436005722952,196,0.019140625
0011110111,44,"[2, 1, 3, 0]",9300,2.5925636291503906,False,14.909436005722952,196,0.019140625
0011110111,45,"[2, 1, 0, 3]",600,2.6063919067382812,True,14.909436005722952,196,0.019140625
0011110111,46,"[2, 1, 3, 0]",9300,2.624034881591797,False,14.909436005722952,196,0.019140625
0011110111,47,"[2, 1, 0, 3]",600,2.637624740600586,True,14.909436005722952,196,0.019140625
0011110111,48,"[2, 1, 3, 0]",9300,2.6552677154541016,False,14.909436005722952,196,0.019140625
0011110111,49,"[2, 1, 0, 3]",600,2.668619155883789,True,14.909436005722952,196,0.019140625
0011110111,50,"[2, 1, 3, 0]",9300,2.6857852935791016,False,14.909436005722952,196,0.019140625
0011110111,51,"[2, 1, 0, 3]",600,2.6988983154296875,True,14.909436005722952,196,0.019140625
0011110111,52,"[2, 1, 3, 0]",9300,2.716541290283203,False,14.909436005722952,196,0.019140625
0011110111,53,"[2, 1, 0, 3]",600,2.729654312133789,True,14.909436005722952,196,0.019140625
0011110111,54,"[2, 1, 3, 0]",9300,2.7472972869873047,False,14.909436005722952,196,0.019140625
0011110111,55,"[2, 1, 0, 3]",600,2.7599334716796875,True,14.909436005722952,196,0.019140625
0011110111,56,"[2, 1, 3, 0]",9300,2.777576446533203,False,14.909436005722952,196,0.019140625
0011110111,57,"[2, 1, 0, 3]",600,2.790689468383789,True,14.909436005722952,196,0.019140625
0011110111,58,"[2, 1, 3, 0]",9300,2.8083324432373047,False,14.909436005722952,196,0.019140625
0011110111,59,"[2, 1, 0, 3]",600,2.821683883666992,True,14.909436005722952,196,0.019140625
0011110111,60,"[2, 1, 3, 0]",9300,2.8390884399414062,False,14.909436005722952,196,0.019140625
0011110111,61,"[2, 1, 0, 3]",600,2.852201461791992,True,14.909436005722952,196,0.019140625
0011110111,62,"[2, 1, 3, 0]",9300,2.869844436645508,False,14.909436005722952,196,0.019140625
0011110111,63,"[2, 1, 0, 3]",600,2.882719039916992,True,14.909436005722952,196,0.019140625
0011110111,64,"[2, 1, 3, 0]",9300,2.900362014770508,False,14.909436005722952,196,0.019140625
0011110111,65,"[2, 1, 0, 3]",600,2.913236618041992,True,14.909436005722952,196,0.019140625
0011110111,66,"[2, 1, 3, 0]",9300,2.930879592895508,False,14.909436005722952,196,0.019140625
0011110111,67,"[2, 1, 0, 3]",600,2.943754196166992,True,14.909436005722952,196,0.019140625
0011110111,68,"[2, 1, 3, 0]",9300,2.9609203338623047,False,14.909436005722952,196,0.019140625
0011110111,69,"[2, 1, 0, 3]",600,2.9740333557128906,True,14.909436005722952,196,0.019140625
0011110111,70,"[2, 1, 3, 0]",9300,2.9914379119873047,False,14.909436005722952,196,0.019140625
0011110111,71,"[2, 1, 0, 3]",600,3.0050277709960938,True,14.909436005722952,196,0.019140625
0011110111,72,"[2, 1, 3, 0]",9300,3.022432327270508,False,14.909436005722952,196,0.019140625
0011110111,73,"[2, 1, 0, 3]",600,3.0362606048583984,True,14.909436005722952,196,0.019140625
0011110111,74,"[2, 1, 3, 0]",9300,3.053903579711914,False,14.909436005722952,196,0.019140625
0011110111,75,"[2, 1, 0, 3]",600,3.0672550201416016,True,14.909436005722952,196,0.019140625
0011110111,76,"[2, 1, 3, 0]",9300,3.0846595764160156,False,14.909436005722952,196,0.019140625
0011110111,77,"[2, 1, 0, 3]",600,3.098011016845703,True,14.909436005722952,196,0.019140625
0011110111,78,"[2, 1, 3, 0]",9300,3.114938735961914,False,14.909436005722952,196,0.019140625
0011110111,79,"[2, 1, 0, 3]",600,3.155231475830078,True,14.909436005722952,196,0.019140625
0011110111,80,"[2, 1, 3, 0]",9300,3.173351287841797,False,14.909436005722952,196,0.019140625
0011110111,81,"[2, 1, 0, 3]",600,3.1867027282714844,True,14.909436005722952,196,0.019140625
0011110111,82,"[2, 1, 3, 0]",9300,3.2041072845458984,False,14.909436005722952,196,0.019140625
0011110111,83,"[2, 1, 0, 3]",600,3.2172203063964844,True,14.909436005722952,196,0.019140625
0011110111,84,"[2, 1, 3, 0]",9300,3.23486328125,False,14.909436005722952,196,0.019140625
0011110111,85,"[2, 1, 0, 3]",600,3.2482147216796875,True,14.909436005722952,196,0.019140625
0011110111,86,"[2, 1, 3, 0]",9300,3.265857696533203,False,14.909436005722952,196,0.019140625
0011110111,87,"[2, 1, 0, 3]",600,3.2792091369628906,True,14.909436005722952,196,0.019140625
0011110111,88,"[2, 1, 3, 0]",9300,3.2966136932373047,False,14.909436005722952,196,0.019140625
0011110111,89,"[2, 1, 0, 3]",600,3.3102035522460938,True,14.909436005722952,196,0.019140625
0011110111,90,"[2, 1, 3, 0]",9300,3.327608108520508,False,14.909436005722952,196,0.019140625
0011110111,91,"[2, 1, 0, 3]",600,3.3402442932128906,True,14.909436005722952,196,0.019140625
0011110111,92,"[2, 1, 3, 0]",9300,3.3600330352783203,False,14.909436005722952,196,0.019140625
0011110111,93,"[2, 1, 0, 3]",600,3.373861312866211,True,14.909436005722952,196,0.019140625
0011110111,94,"[2, 1, 3, 0]",9300,3.391742706298828,False,14.909436005722952,196,0.019140625
0011110111,95,"[2, 1, 0, 3]",600,3.4046173095703125,True,14.909436005722952,196,0.019140625
0011110111,96,"[2, 1, 3, 0]",9300,3.422260284423828,False,14.909436005722952,196,0.019140625
0011110111,97,"[2, 1, 0, 3]",600,3.435373306274414,True,14.909436005722952,196,0.019140625
0011110111,98,"[2, 1, 3, 0]",9300,3.452777862548828,False,14.909436005722952,196,0.019140625
0011110111,99,"[2, 1, 0, 3]",600,3.4661293029785156,True,14.909436005722952,196,0.019140625
0011110111,100,"[2, 1, 3, 0]",9300,3.484010696411133,False,14.909436005722952,196,0.019140625
0011110111,101,"[2, 1, 0, 3]",600,3.496885299682617,True,14.909436005722952,196,0.019140625
0011110111,102,"[2, 1, 3, 0]",9300,3.514528274536133,False,14.909436005722952,196,0.019140625
0011110111,103,"[2, 1, 0, 3]",600,3.527402877807617,True,14.909436005722952,196,0.019140625
0011110111,104,"[2, 1, 3, 0]",9300,3.5445690155029297,False,14.909436005722952,196,0.019140625
0011110111,105,"[2, 1, 0, 3]",600,3.557920455932617,True,14.909436005722952,196,0.019140625
0011110111,106,"[2, 1, 3, 0]",9300,3.5753250122070312,False,14.909436005722952,196,0.019140625
0011110111,107,"[2, 1, 0, 3]",600,3.5886764526367188,True,14.909436005722952,196,0.019140625
0011110111,108,"[2, 1, 3, 0]",9300,3.6063194274902344,False,14.909436005722952,196,0.019140625
0011110111,109,"[2, 1, 0, 3]",600,3.6194324493408203,True,14.909436005722952,196,0.019140625
0011110111,110,"[2, 1, 3, 0]",9300,3.6368370056152344,False,14.909436005722952,196,0.019140625
0011110111,111,"[2, 1, 0, 3]",600,3.6499500274658203,True,14.909436005722952,196,0.019140625
0011110111,112,"[2, 1, 3, 0]",9300,3.6673545837402344,False,14.909436005722952,196,0.019140625
0011110111,113,"[2, 1, 0, 3]",600,3.679990768432617,True,14.909436005722952,196,0.019140625
0011110111,114,"[2, 1, 3, 0]",9300,3.6973953247070312,False,14.909436005722952,196,0.019140625
0011110111,115,"[2, 1, 0, 3]",600,3.7102699279785156,True,14.909436005722952,196,0.019140625
0011110111,116,"[2, 1, 3, 0]",9300,3.7276744842529297,False,14.909436005722952,196,0.019140625
0011110111,117,"[2, 1, 0, 3]",600,3.740549087524414,True,14.909436005722952,196,0.019140625
0011110111,118,"[2, 1, 3, 0]",9300,3.7577152252197266,False,14.909436005722952,196,0.019140625
0011110111,119,"[2, 1, 0, 3]",600,3.7703514099121094,True,14.909436005722952,196,0.019140625
0011110111,120,"[2, 1, 3, 0]",9300,3.7877559661865234,False,14.909436005722952,196,0.019140625
0011110111,121,"[2, 1, 0, 3]",600,3.800630569458008,True,14.909436005722952,196,0.019140625
0011110111,122,"[2, 1, 3, 0]",9300,3.8177967071533203,False,14.909436005722952,196,0.019140625
0011110111,123,"[2, 1, 0, 3]",600,3.8309097290039062,True,14.909436005722952,196,0.019140625
0011110111,124,"[2, 1, 3, 0]",9300,3.8480758666992188,False,14.909436005722952,196,0.019140625
0011110111,125,"[2, 1, 0, 3]",600,3.8611888885498047,True,14.909436005722952,196,0.019140625
0011110111,126,"[2, 1, 3, 0]",9300,3.8785934448242188,False,14.909436005722952,196,0.019140625
0011110111,127,"[2, 1, 0, 3]",600,3.892183303833008,True,14.909436005722952,196,0.019140625
0011110111,128,"[2, 1, 3, 0]",9300,3.909587860107422,False,14.909436005722952,196,0.019140625
0011110111,129,"[2, 1, 0, 3]",600,3.922700881958008,True,14.909436005722952,196,0.019140625
0011110111,130,"[2, 1, 3, 0]",9300,3.9398670196533203,False,14.909436005722952,196,0.019140625
0011110111,131,"[2, 1, 0, 3]",600,3.953218460083008,True,14.909436005722952,196,0.019140625
0011110111,132,"[2, 1, 3, 0]",9300,3.9703845977783203,False,14.909436005722952,196,0.019140625
0011110111,133,"[2, 1, 0, 3]",600,3.9832592010498047,True,14.909436005722952,196,0.019140625
0011110111,134,"[2, 1, 3, 0]",9300,4.000186920166016,False,14.909436005722952,196,0.019140625
0011110111,135,"[2, 1, 0, 3]",600,4.0130615234375,True,14.909436005722952,196,0.019140625
0011110111,136,"[2, 1, 3, 0]",9300,4.030466079711914,False,14.909436005722952,196,0.019140625
0011110111,137,"[2, 1, 0, 3]",600,4.0435791015625,True,14.909436005722952,196,0.019140625
0011110111,138,"[2, 1, 3, 0]",9300,4.060983657836914,False,14.909436005722952,196,0.019140625
0011110111,139,"[2, 1, 0, 3]",600,4.073858261108398,True,14.909436005722952,196,0.019140625
0011110111,140,"[2, 1, 3, 0]",9300,4.091024398803711,False,14.909436005722952,196,0.019140625
0011110111,141,"[2, 1, 0, 3]",600,4.103899002075195,True,14.909436005722952,196,0.019140625
0011110111,142,"[2, 1, 3, 0]",9300,4.121303558349609,False,14.909436005722952,196,0.019140625
0011110111,143,"[2, 1, 0, 3]",600,4.137277603149414,True,14.909436005722952,196,0.019140625
0011110111,144,"[2, 1, 3, 0]",9300,4.155397415161133,False,14.909436005722952,196,0.019140625
0011110111,145,"[2, 1, 0, 3]",600,4.171133041381836,True,14.909436005722952,196,0.019140625
0011110111,146,"[2, 1, 3, 0]",9300,4.189252853393555,False,14.909436005722952,196,0.019140625
0011110111,147,"[2, 1, 0, 3]",600,4.202842712402344,True,14.909436005722952,196,0.019140625
0011110111,148,"[2, 1, 3, 0]",9300,4.220485687255859,False,14.909436005722952,196,0.019140625
0011110111,149,"[2, 1, 0, 3]",600,4.23431396484375,True,14.909436005722952,196,0.019140625
0011110111,150,"[2, 1, 3, 0]",9300,4.251956939697266,False,14.909436005722952,196,0.019140625
0011110111,151,"[2, 1, 0, 3]",600,4.265308380126953,True,14.909436005722952,196,0.019140625
0011110111,152,"[2, 1, 3, 0]",9300,4.282951354980469,False,14.909436005722952,196,0.019140625
0011110111,153,"[2, 1, 0, 3]",600,4.296541213989258,True,14.909436005722952,196,0.019140625
0011110111,154,"[2, 1, 3, 0]",9300,4.314184188842773,False,14.909436005722952,196,0.019140625
0011110111,155,"[2, 1, 0, 3]",600,4.3277740478515625,True,14.909436005722952,196,0.019140625
0011110111,156,"[2, 1, 3, 0]",9300,4.345178604125977,False,14.909436005722952,196,0.019140625
0011110111,157,"[2, 1, 0, 3]",600,4.358530044555664,True,14.909436005722952,196,0.019140625
0011110111,158,"[2, 1, 3, 0]",9300,4.375696182250977,False,14.909436005722952,196,0.019140625
0011110111,159,"[2, 1, 0, 3]",600,4.3888092041015625,True,14.909436005722952,196,0.019140625
0011110111,160,"[2, 1, 3, 0]",9300,4.405975341796875,False,14.909436005722952,196,0.019140625
0011110111,161,"[2, 1, 0, 3]",600,4.419088363647461,True,14.909436005722952,196,0.019140625
0011110111,162,"[2, 1, 3, 0]",9300,4.436492919921875,False,14.909436005722952,196,0.019140625
0011110111,163,"[2, 1, 0, 3]",600,4.449605941772461,True,14.909436005722952,196,0.019140625
0011110111,164,"[2, 1, 3, 0]",9300,4.467010498046875,False,14.909436005722952,196,0.019140625
0011110111,165,"[2, 1, 0, 3]",600,4.479885101318359,True,14.909436005722952,196,0.019140625
0011110111,166,"[2, 1, 3, 0]",9300,4.497528076171875,False,14.909436005722952,196,0.019140625
0011110111,167,"[2, 1, 0, 3]",600,4.510164260864258,True,14.909436005722952,196,0.019140625
0011110111,168,"[2, 1, 3, 0]",9300,4.527568817138672,False,14.909436005722952,196,0.019140625
0011110111,169,"[2, 1, 0, 3]",600,4.540205001831055,True,14.909436005722952,196,0.019140625
0011110111,170,"[2, 1, 3, 0]",9300,4.557609558105469,False,14.909436005722952,196,0.019140625
0011110111,171,"[2, 1, 0, 3]",600,4.570245742797852,True,14.909436005722952,196,0.019140625
0011110111,172,"[2, 1, 3, 0]",9300,4.587888717651367,False,14.909436005722952,196,0.019140625
0011110111,173,"[2, 1, 0, 3]",600,4.60052490234375,True,14.909436005722952,196,0.019140625
0011110111,174,"[2, 1, 3, 0]",9300,4.618167877197266,False,14.909436005722952,196,0.019140625
0011110111,175,"[2, 1, 0, 3]",600,4.631280899047852,True,14.909436005722952,196,0.019140625
0011110111,176,"[2, 1, 3, 0]",9300,4.648447036743164,False,14.909436005722952,196,0.019140625
0011110111,177,"[2, 1, 0, 3]",600,4.661321640014648,True,14.909436005722952,196,0.019140625
0011110111,178,"[2, 1, 3, 0]",9300,4.6787261962890625,False,14.909436005722952,196,0.019140625
0011110111,179,"[2, 1, 0, 3]",600,4.691839218139648,True,14.909436005722952,196,0.019140625
0011110111,180,"[2, 1, 3, 0]",9300,4.7092437744140625,False,14.909436005722952,196,0.019140625
0011110111,181,"[2, 1, 0, 3]",600,4.722118377685547,True,14.909436005722952,196,0.019140625
0011110111,182,"[2, 1, 3, 0]",9300,4.739284515380859,False,14.909436005722952,196,0.019140625
0011110111,183,"[2, 1, 0, 3]",600,4.752397537231445,True,14.909436005722952,196,0.019140625
0011110111,184,"[2, 1, 3, 0]",9300,4.769802093505859,False,14.909436005722952,196,0.019140625
0011110111,185,"[2, 1, 0, 3]",600,4.782676696777344,True,14.909436005722952,196,0.019140625
0011110111,186,"[2, 1, 3, 0]",9300,4.799842834472656,False,14.909436005722952,196,0.019140625
0011110111,187,"[2, 1, 0, 3]",600,4.812479019165039,True,14.909436005722952,196,0.019140625
0011110111,188,"[2, 1, 3, 0]",9300,4.829883575439453,False,14.909436005722952,196,0.019140625
0011110111,189,"[2, 1, 0, 3]",600,4.842996597290039,True,14.909436005722952,196,0.019140625
0011110111,190,"[2, 1, 3, 0]",9300,4.860639572143555,False,14.909436005722952,196,0.019140625
0011110111,191,"[2, 1, 0, 3]",600,4.873752593994141,True,14.909436005722952,196,0.019140625
0011110111,192,"[2, 1, 3, 0]",9300,4.891157150268555,False,14.909436005722952,196,0.019140625
0011110111,193,"[2, 1, 0, 3]",600,4.904270172119141,True,14.909436005722952,196,0.019140625
0011110111,194,"[2, 1, 3, 0]",9300,4.923105239868164,False,14.909436005722952,196,0.019140625
0011110111,195,"[2, 1, 0, 3]",600,4.936456680297852,True,14.909436005722952,196,0.019140625
0011110111,196,"[2, 1, 3, 0]",9300,4.953861236572266,False,14.909436005722952,196,0.019140625
0011110111,197,"[2, 1, 0, 3]",600,4.966974258422852,True,14.909436005722952,196,0.019140625
0011110111,198,"[2, 1, 3, 0]",9300,4.984140396118164,False,14.909436005722952,196,0.019140625
0011110111,199,"[2, 1, 0, 3]",600,4.997014999389648,True,14.909436005722952,196,0.019140625
0011110111,200,"[2, 1, 3, 0]",9300,5.013942718505859,False,14.909436005722952,196,0.019140625
0011110111,201,"[2, 1, 0, 3]",600,5.026817321777344,True,14.909436005722952,196,0.019140625
0011110111,202,"[2, 1, 3, 0]",9300,5.044460296630859,False,14.909436005722952,196,0.019140625
0011110111,203,"[2, 1, 0, 3]",600,5.057573318481445,True,14.909436005722952,196,0.019140625
0011110111,204,"[2, 1, 3, 0]",9300,5.075216293334961,False,14.909436005722952,196,0.019140625
0011110111,205,"[2, 1, 0, 3]",600,5.088090896606445,True,14.909436005722952,196,0.019140625
0011110111,206,"[2, 1, 3, 0]",9300,5.105733871459961,False,14.909436005722952,196,0.019140625
0011110111,207,"[2, 1, 0, 3]",600,5.118608474731445,True,14.909436005722952,196,0.019140625
0011110111,208,"[2, 1, 3, 0]",9300,5.136013031005859,False,14.909436005722952,196,0.019140625
0011110111,209,"[2, 1, 0, 3]",600,5.149126052856445,True,14.909436005722952,196,0.019140625
0011110111,210,"[2, 1, 3, 0]",9300,5.166292190551758,False,14.909436005722952,196,0.019140625
0011110111,211,"[2, 1, 0, 3]",600,5.179166793823242,True,14.909436005722952,196,0.019140625
0011110111,212,"[2, 1, 3, 0]",9300,5.196332931518555,False,14.909436005722952,196,0.019140625
0011110111,213,"[2, 1, 0, 3]",600,5.209445953369141,True,14.909436005722952,196,0.019140625
0011110111,214,"[2, 1, 3, 0]",9300,5.226373672485352,False,14.909436005722952,196,0.019140625
0011110111,215,"[2, 1, 0, 3]",600,5.239248275756836,True,14.909436005722952,196,0.019140625
0011110111,216,"[2, 1, 3, 0]",9300,5.25665283203125,False,14.909436005722952,196,0.019140625
0011110111,217,"[2, 1, 0, 3]",600,5.269527435302734,True,14.909436005722952,196,0.019140625
0011110111,218,"[2, 1, 3, 0]",9300,5.286931991577148,False,14.909436005722952,196,0.019140625
0011110111,219,"[2, 1, 0, 3]",600,5.299806594848633,True,14.909436005722952,196,0.019140625
0011110111,220,"[2, 1, 3, 0]",9300,5.317211151123047,False,14.909436005722952,196,0.019140625
0011110111,221,"[2, 1, 0, 3]",600,5.32984733581543,True,14.909436005722952,196,0.019140625
0011110111,222,"[2, 1, 3, 0]",9300,5.347490310668945,False,14.909436005722952,196,0.019140625
0011110111,223,"[2, 1, 0, 3]",600,5.360126495361328,True,14.909436005722952,196,0.019140625
0011110111,224,"[2, 1, 3, 0]",9300,5.377292633056641,False,14.909436005722952,196,0.019140625
0011110111,225,"[2, 1, 0, 3]",600,5.390167236328125,True,14.909436005722952,196,0.019140625
0011110111,226,"[2, 1, 3, 0]",9300,5.4073333740234375,False,14.909436005722952,196,0.019140625
0011110111,227,"[2, 1, 0, 3]",600,5.420446395874023,True,14.909436005722952,196,0.019140625
0011110111,228,"[2, 1, 3, 0]",9300,5.4378509521484375,False,14.909436005722952,196,0.019140625
0011110111,229,"[2, 1, 0, 3]",600,5.45048713684082,True,14.909436005722952,196,0.019140625
0011110111,230,"[2, 1, 3, 0]",9300,5.467891693115234,False,14.909436005722952,196,0.019140625
0011110111,231,"[2, 1, 0, 3]",600,5.486488342285156,True,14.909436005722952,196,0.019140625
0011110111,232,"[2, 1, 3, 0]",9300,5.504846572875977,False,14.909436005722952,196,0.019140625
0011110111,233,"[2, 1, 0, 3]",600,5.518436431884766,True,14.909436005722952,196,0.019140625
0011110111,234,"[2, 1, 3, 0]",9300,5.536556243896484,False,14.909436005722952,196,0.019140625
0011110111,235,"[2, 1, 0, 3]",600,5.549907684326172,True,14.909436005722952,196,0.019140625
0011110111,236,"[2, 1, 3, 0]",9300,5.567312240600586,False,14.909436005722952,196,0.019140625
0011110111,237,"[2, 1, 0, 3]",600,5.580663681030273,True,14.909436005722952,196,0.019140625
0011110111,238,"[2, 1, 3, 0]",9300,5.5980682373046875,False,14.909436005722952,196,0.019140625
0011110111,239,"[2, 1, 0, 3]",600,5.610942840576172,True,14.909436005722952,196,0.019140625
0011110111,240,"[2, 1, 3, 0]",9300,5.628347396850586,False,14.909436005722952,196,0.019140625
0011110111,241,"[2, 1, 0, 3]",600,5.641460418701172,True,14.909436005722952,196,0.019140625
0011110111,242,"[2, 1, 3, 0]",9300,5.658864974975586,False,14.909436005722952,196,0.019140625
0011110111,243,"[2, 1, 0, 3]",600,5.671977996826172,True,14.909436005722952,196,0.019140625
0011110111,244,"[2, 1, 3, 0]",9300,5.6915283203125,False,14.909436005722952,196,0.019140625
0011110111,245,"[2, 1, 0, 3]",600,5.705118179321289,True,14.909436005722952,196,0.019140625
0011110111,246,"[2, 1, 3, 0]",9300,5.722999572753906,False,14.909436005722952,196,0.019140625
0011110111,247,"[2, 1, 0, 3]",600,5.735874176025391,True,14.909436005722952,196,0.019140625
0011110111,248,"[2, 1, 3, 0]",9300,5.753278732299805,False,14.909436005722952,196,0.019140625
0011110111,249,"[2, 1, 0, 3]",600,5.766630172729492,True,14.909436005722952,196,0.019140625
0011110111,250,"[2, 1, 3, 0]",9300,5.784034729003906,False,14.909436005722952,196,0.019140625
0011110111,251,"[2, 1, 0, 3]",600,5.797147750854492,True,14.909436005722952,196,0.019140625
0011110111,252,"[2, 1, 3, 0]",9300,5.814790725708008,False,14.909436005722952,196,0.019140625
0011110111,253,"[2, 1, 0, 3]",600,5.827903747558594,True,14.909436005722952,196,0.019140625
0011110111,254,"[2, 1, 3, 0]",9300,5.845308303833008,False,14.909436005722952,196,0.019140625
0011110111,255,"[2, 1, 0, 3]",600,5.858421325683594,True,14.909436005722952,196,0.019140625
0011110111,256,"[2, 1, 3, 0]",9300,5.875825881958008,False,14.909436005722952,196,0.019140625
0011110111,257,"[2, 1, 0, 3]",600,5.889177322387695,True,14.909436005722952,196,0.019140625
0011110111,258,"[2, 1, 3, 0]",9300,5.906581878662109,False,14.909436005722952,196,0.019140625
0011110111,259,"[2, 1, 0, 3]",600,5.919694900512695,True,14.909436005722952,196,0.019140625
0011110111,260,"[2, 1, 3, 0]",9300,5.937337875366211,False,14.909436005722952,196,0.019140625
0011110111,261,"[2, 1, 0, 3]",600,5.950689315795898,True,14.909436005722952,196,0.019140625
0011110111,262,"[2, 1, 3, 0]",9300,5.9680938720703125,False,14.909436005722952,196,0.019140625
0011110111,263,"[2, 1, 0, 3]",600,5.981206893920898,True,14.909436005722952,196,0.019140625
0011110111,264,"[2, 1, 3, 0]",9300,5.998373031616211,False,14.909436005722952,196,0.019140625
0011110111,265,"[2, 1, 0, 3]",600,6.011724472045898,True,14.909436005722952,196,0.019140625
0011110111,266,"[2, 1, 3, 0]",9300,6.0291290283203125,False,14.909436005722952,196,0.019140625
0011110111,267,"[2, 1, 0, 3]",600,6.042242050170898,True,14.909436005722952,196,0.019140625
0011110111,268,"[2, 1, 3, 0]",9300,6.0596466064453125,False,14.909436005722952,196,0.019140625
0011110111,269,"[2, 1, 0, 3]",600,6.072521209716797,True,14.909436005722952,196,0.019140625
0011110111,270,"[2, 1, 3, 0]",9300,6.090641021728516,False,14.909436005722952,196,0.019140625
0011110111,271,"[2, 1, 0, 3]",600,6.103754043579102,True,14.909436005722952,196,0.019140625
0011110111,272,"[2, 1, 3, 0]",9300,6.121397018432617,False,14.909436005722952,196,0.019140625
0011110111,273,"[2, 1, 0, 3]",600,6.134748458862305,True,14.909436005722952,196,0.019140625
0011110111,274,"[2, 1, 3, 0]",9300,6.15239143371582,False,14.909436005722952,196,0.019140625
0011110111,275,"[2, 1, 0, 3]",600,6.165504455566406,True,14.909436005722952,196,0.019140625
0011110111,276,"[2, 1, 3, 0]",9300,6.18290901184082,False,14.909436005722952,196,0.019140625
0011110111,277,"[2, 1, 0, 3]",600,6.196022033691406,True,14.909436005722952,196,0.019140625
0011110111,278,"[2, 1, 3, 0]",9300,6.21342658996582,False,14.909436005722952,196,0.019140625
0011110111,279,"[2, 1, 0, 3]",600,6.226539611816406,True,14.909436005722952,196,0.019140625
0011110111,280,"[2, 1, 3, 0]",9300,6.244182586669922,False,14.909436005722952,196,0.019140625
0011110111,281,"[2, 1, 0, 3]",600,6.257295608520508,True,14.909436005722952,196,0.019140625
0011110111,282,"[2, 1, 3, 0]",9300,6.274700164794922,False,14.909436005722952,196,0.019140625
0011110111,283,"[2, 1, 0, 3]",600,6.287574768066406,True,14.909436005722952,196,0.019140625
0011110111,284,"[2, 1, 3, 0]",9300,6.30497932434082,False,14.909436005722952,196,0.019140625
0011110111,285,"[2, 1, 0, 3]",600,6.318092346191406,True,14.909436005722952,196,0.019140625
0011110111,286,"[2, 1, 3, 0]",9300,6.33549690246582,False,14.909436005722952,196,0.019140625
0011110111,287,"[2, 1, 0, 3]",600,6.349086761474609,True,14.909436005722952,196,0.019140625
0011110111,288,"[2, 1, 3, 0]",9300,6.366491317749023,False,14.909436005722952,196,0.019140625
0011110111,289,"[2, 1, 0, 3]",600,6.379604339599609,True,14.909436005722952,196,0.019140625
0011110111,290,"[2, 1, 3, 0]",9300,6.397008895874023,False,14.909436005722952,196,0.019140625
0011110111,291,"[2, 1, 0, 3]",600,6.410360336303711,True,14.909436005722952,196,0.019140625
0011110111,292,"[2, 1, 3, 0]",9300,6.427526473999023,False,14.909436005722952,196,0.019140625
0011110111,293,"[2, 1, 0, 3]",600,6.440639495849609,True,14.909436005722952,196,0.019140625
0011110111,294,"[2, 1, 3, 0]",9300,6.459712982177734,False,14.909436005722952,196,0.019140625
0011110111,295,"[2, 1, 0, 3]",600,6.473302841186523,True,14.909436005722952,196,0.019140625
0011110111,296,"[2, 1, 3, 0]",9300,6.491184234619141,False,14.909436005722952,196,0.019140625
0011110111,297,"[2, 1, 0, 3]",600,6.504535675048828,True,14.909436005722952,196,0.019140625
0011110111,298,"[2, 1, 3, 0]",9300,6.538629531860352,False,14.909436005722952,196,0.019140625
0011110111,299,"[2, 1, 0, 3]",600,6.552457809448242,True,14.909436005722952,196,0.019140625
0011110111,300,"[2, 1, 3, 0]",9300,6.5708160400390625,False,14.909436005722952,196,0.019140625
0011110111,301,"[2, 1, 0, 3]",600,6.584644317626953,True,14.909436005722952,196,0.019140625
0011110111,302,"[2, 1, 3, 0]",9300,6.603002548217773,False,14.909436005722952,196,0.019140625
0011110111,303,"[2, 1, 0, 3]",600,6.617069244384766,True,14.909436005722952,196,0.019140625
0011110111,304,"[2, 1, 3, 0]",9300,6.635189056396484,False,14.909436005722952,196,0.019140625
0011110111,305,"[2, 1, 0, 3]",600,6.649017333984375,True,14.909436005722952,196,0.019140625
0011110111,306,"[2, 1, 3, 0]",9300,6.667375564575195,False,14.909436005722952,196,0.019140625
0011110111,307,"[2, 1, 0, 3]",600,6.681203842163086,True,14.909436005722952,196,0.019140625
0011110111,308,"[2, 1, 3, 0]",9300,6.699562072753906,False,14.909436005722952,196,0.019140625
0011110111,309,"[2, 1, 0, 3]",600,6.713390350341797,True,14.909436005722952,196,0.019140625
0011110111,310,"[2, 1, 3, 0]",9300,6.731986999511719,False,14.909436005722952,196,0.019140625
0011110111,311,"[2, 1, 0, 3]",600,6.748199462890625,True,14.909436005722952,196,0.019140625
0011110111,312,"[2, 1, 3, 0]",9300,6.766796112060547,False,14.909436005722952,196,0.019140625
0011110111,313,"[2, 1, 0, 3]",600,6.781816482543945,True,14.909436005722952,196,0.019140625
0011110111,314,"[2, 1, 3, 0]",9300,6.800174713134766,False,14.909436005722952,196,0.019140625
0011110111,315,"[2, 1, 0, 3]",600,6.814479827880859,True,14.909436005722952,196,0.019140625
0011110111,316,"[2, 1, 3, 0]",9300,6.832599639892578,False,14.909436005722952,196,0.019140625
0011110111,317,"[2, 1, 0, 3]",600,6.846427917480469,True,14.909436005722952,196,0.019140625
0011110111,318,"[2, 1, 3, 0]",9300,6.866216659545898,False,14.909436005722952,196,0.019140625
0011110111,319,"[2, 1, 0, 3]",600,6.880283355712891,True,14.909436005722952,196,0.019140625
0011110111,320,"[2, 1, 3, 0]",9300,6.898641586303711,False,14.909436005722952,196,0.019140625
0011110111,321,"[2, 1, 0, 3]",600,6.9122314453125,True,14.909436005722952,196,0.019140625
0011110111,322,"[2, 1, 3, 0]",9300,6.93058967590332,False,14.909436005722952,196,0.019140625
0011110111,323,"[2, 1, 0, 3]",600,6.943941116333008,True,14.909436005722952,196,0.019140625
0011110111,324,"[2, 1, 3, 0]",9300,6.96253776550293,False,14.909436005722952,196,0.019140625
0011110111,325,"[2, 1, 0, 3]",600,6.97636604309082,True,14.909436005722952,196,0.019140625
0011110111,326,"[2, 1, 3, 0]",9300,6.994485855102539,False,14.909436005722952,196,0.019140625
0011110111,327,"[2, 1, 0, 3]",600,7.008552551269531,True,14.909436005722952,196,0.019140625
0011110111,328,"[2, 1, 3, 0]",9300,7.026910781860352,False,14.909436005722952,196,0.019140625
0011110111,329,"[2, 1, 0, 3]",600,7.040500640869141,True,14.909436005722952,196,0.019140625
0011110111,330,"[2, 1, 3, 0]",9300,7.058620452880859,False,14.909436005722952,196,0.019140625
0011110111,331,"[2, 1, 0, 3]",600,7.07244873046875,True,14.909436005722952,196,0.019140625
0011110111,332,"[2, 1, 3, 0]",9300,7.09080696105957,False,14.909436005722952,196,0.019140625
0011110111,333,"[2, 1, 0, 3]",600,7.104396820068359,True,14.909436005722952,196,0.019140625
0011110111,334,"[2, 1, 3, 0]",9300,7.122516632080078,False,14.909436005722952,196,0.019140625
0011110111,335,"[2, 1, 0, 3]",600,7.136106491088867,True,14.909436005722952,196,0.019140625
0011110111,336,"[2, 1, 3, 0]",9300,7.154226303100586,False,14.909436005722952,196,0.019140625
0011110111,337,"[2, 1, 0, 3]",600,7.167816162109375,True,14.909436005722952,196,0.019140625
0011110111,338,"[2, 1, 3, 0]",9300,7.186174392700195,False,14.909436005722952,196,0.019140625
0011110111,339,"[2, 1, 0, 3]",600,7.2021484375,True,14.909436005722952,196,0.019140625
0011110111,340,"[2, 1, 3, 0]",9300,7.221221923828125,False,14.909436005722952,196,0.019140625
0011110111,341,"[2, 1, 0, 3]",600,7.235288619995117,True,14.909436005722952,196,0.019140625
0011110111,342,"[2, 1, 3, 0]",9300,7.2536468505859375,False,14.909436005722952,196,0.019140625
0011110111,343,"[2, 1, 0, 3]",600,7.277965545654297,True,14.909436005722952,196,0.019140625
0011110111,344,"[2, 1, 3, 0]",9300,7.296562194824219,False,14.909436005722952,196,0.019140625
0011110111,345,"[2, 1, 0, 3]",600,7.310390472412109,True,14.909436005722952,196,0.019140625
0011110111,346,"[2, 1, 3, 0]",9300,7.327795028686523,False,14.909436005722952,196,0.019140625
0011110111,347,"[2, 1, 0, 3]",600,7.340908050537109,True,14.909436005722952,196,0.019140625
0011110111,348,"[2, 1, 3, 0]",9300,7.358312606811523,False,14.909436005722952,196,0.019140625
0011110111,349,"[2, 1, 0, 3]",600,7.370948791503906,True,14.909436005722952,196,0.019140625
0011110111,350,"[2, 1, 3, 0]",9300,7.38835334777832,False,14.909436005722952,196,0.019140625
0011110111,351,"[2, 1, 0, 3]",600,7.401227951049805,True,14.909436005722952,196,0.019140625
0011110111,352,"[2, 1, 3, 0]",9300,7.418632507324219,False,14.909436005722952,196,0.019140625
0011110111,353,"[2, 1, 0, 3]",600,7.431507110595703,True,14.909436005722952,196,0.019140625
0011110111,354,"[2, 1, 3, 0]",9300,7.448911666870117,False,14.909436005722952,196,0.019140625
0011110111,355,"[2, 1, 0, 3]",600,7.462263107299805,True,14.909436005722952,196,0.019140625
0011110111,356,"[2, 1, 3, 0]",9300,7.479667663574219,False,14.909436005722952,196,0.019140625
0011110111,357,"[2, 1, 0, 3]",600,7.492542266845703,True,14.909436005722952,196,0.019140625
0011110111,358,"[2, 1, 3, 0]",9300,7.509946823120117,False,14.909436005722952,196,0.019140625
0011110111,359,"[2, 1, 0, 3]",600,7.522821426391602,True,14.909436005722952,196,0.019140625
0011110111,360,"[2, 1, 3, 0]",9300,7.542133331298828,False,14.909436005722952,196,0.019140625
0011110111,361,"[2, 1, 0, 3]",600,7.555484771728516,True,14.909436005722952,196,0.019140625
0011110111,362,"[2, 1, 3, 0]",9300,7.57288932800293,False,14.909436005722952,196,0.019140625
0011110111,363,"[2, 1, 0, 3]",600,7.585763931274414,True,14.909436005722952,196,0.019140625
0011110111,364,"[2, 1, 3, 0]",9300,7.602930068969727,False,14.909436005722952,196,0.019140625
0011110111,365,"[2, 1, 0, 3]",600,7.6160430908203125,True,14.909436005722952,196,0.019140625
0011110111,366,"[2, 1, 3, 0]",9300,7.633447647094727,False,14.909436005722952,196,0.019140625
0011110111,367,"[2, 1, 0, 3]",600,7.646799087524414,True,14.909436005722952,196,0.019140625
0011110111,368,"[2, 1, 3, 0]",9300,7.664203643798828,False,14.909436005722952,196,0.019140625
0011110111,369,"[2, 1, 0, 3]",600,7.677316665649414,True,14.909436005722952,196,0.019140625
0011110111,370,"[2, 1, 3, 0]",9300,7.694721221923828,False,14.909436005722952,196,0.019140625
0011110111,371,"[2, 1, 0, 3]",600,7.7075958251953125,True,14.909436005722952,196,0.019140625
0011110111,372,"[2, 1, 3, 0]",9300,7.724761962890625,False,14.909436005722952,196,0.019140625
0011110111,373,"[2, 1, 0, 3]",600,7.737874984741211,True,14.909436005722952,196,0.019140625
0011110111,374,"[2, 1, 3, 0]",9300,7.754802703857422,False,14.909436005722952,196,0.019140625
0011110111,375,"[2, 1, 0, 3]",600,7.767915725708008,True,14.909436005722952,196,0.019140625
0011110111,376,"[2, 1, 3, 0]",9300,7.784843444824219,False,14.909436005722952,196,0.019140625
0011110111,377,"[2, 1, 0, 3]",600,7.797718048095703,True,14.909436005722952,196,0.019140625
0011110111,378,"[2, 1, 3, 0]",9300,7.814884185791016,False,14.909436005722952,196,0.019140625
0011110111,379,"[2, 1, 0, 3]",600,7.827997207641602,True,14.909436005722952,196,0.019140625
0011110111,380,"[2, 1, 3, 0]",9300,7.845401763916016,False,14.909436005722952,196,0.019140625
0011110111,381,"[2, 1, 0, 3]",600,7.859945297241211,True,14.909436005722952,196,0.019140625
0011110111,382,"[2, 1, 3, 0]",9300,7.877826690673828,False,14.909436005722952,196,0.019140625
0011110111,383,"[2, 1, 0, 3]",600,7.890939712524414,True,14.909436005722952,196,0.019140625
0011110111,384,"[2, 1, 3, 0]",9300,7.908105850219727,False,14.909436005722952,196,0.019140625
0011110111,385,"[2, 1, 0, 3]",600,7.920980453491211,True,14.909436005722952,196,0.019140625
0011110111,386,"[2, 1, 3, 0]",9300,7.938146591186523,False,14.909436005722952,196,0.019140625
0011110111,387,"[2, 1, 0, 3]",600,7.950782775878906,True,14.909436005722952,196,0.019140625
0011110111,388,"[2, 1, 3, 0]",9300,7.96818733215332,False,14.909436005722952,196,0.019140625
0011110111,389,"[2, 1, 0, 3]",600,7.981061935424805,True,14.909436005722952,196,0.019140625
0011110111,390,"[2, 1, 3, 0]",9300,7.99870491027832,False,14.909436005722952,196,0.019140625
0011110111,391,"[2, 1, 0, 3]",600,8.011817932128906,True,14.909436005722952,196,0.019140625
0001010101,392,"[3, 2, 1, 0]",9600,8.031845092773438,False,18.727548804578362,103,0.01005859375
0001010101,393,"[3, 2, 1, 0]",9600,8.04591178894043,True,18.727548804578362,103,0.01005859375
0001010101,394,"[3, 2, 1, 0]",9600,8.064508438110352,False,18.727548804578362,103,0.01005859375
0001010101,395,"[3, 2, 1, 0]",9600,8.078813552856445,True,18.727548804578362,103,0.01005859375
0001010101,396,"[3, 2, 1, 0]",9600,8.096694946289062,False,18.727548804578362,103,0.01005859375
0001010101,397,"[3, 2, 1, 0]",9600,8.11004638671875,True,18.727548804578362,103,0.01005859375
0001010101,398,"[3, 2, 1, 0]",9600,8.127212524414062,False,18.727548804578362,103,0.01005859375
0001010101,399,"[3, 2, 1, 0]",9600,8.140325546264648,True,18.727548804578362,103,0.01005859375
0001010101,400,"[3, 2, 1, 0]",9600,8.15725326538086,False,18.727548804578362,103,0.01005859375
0001010101,401,"[3, 2, 1, 0]",9600,8.17251205444336,True,18.727548804578362,103,0.01005859375
0001010101,402,"[3, 2, 1, 0]",9600,8.190155029296875,False,18.727548804578362,103,0.01005859375
0001010101,403,"[3, 2, 1, 0]",9600,8.20302963256836,True,18.727548804578362,103,0.01005859375
0001010101,404,"[3, 2, 1, 0]",9600,8.220434188842773,False,18.727548804578362,103,0.01005859375
0001010101,405,"[3, 2, 1, 0]",9600,8.233070373535156,True,18.727548804578362,103,0.01005859375
0001010101,406,"[3, 2, 1, 0]",9600,8.250713348388672,False,18.727548804578362,103,0.01005859375
0001010101,407,"[3, 2, 1, 0]",9600,8.263349533081055,True,18.727548804578362,103,0.01005859375
0001010101,408,"[3, 2, 1, 0]",9600,8.280515670776367,False,18.727548804578362,103,0.01005859375
0001010101,409,"[3, 2, 1, 0]",9600,8.29315185546875,True,18.727548804578362,103,0.01005859375
0001010101,410,"[3, 2, 1, 0]",9600,8.310317993164062,False,18.727548804578362,103,0.01005859375
0001010101,411,"[3, 2, 1, 0]",9600,8.322954177856445,True,18.727548804578362,103,0.01005859375
0001010101,412,"[3, 2, 1, 0]",9600,8.340120315551758,False,18.727548804578362,103,0.01005859375
0001010101,413,"[3, 2, 1, 0]",9600,8.35275650024414,True,18.727548804578362,103,0.01005859375
0001010101,414,"[3, 2, 1, 0]",9600,8.369684219360352,False,18.727548804578362,103,0.01005859375
0001010101,415,"[3, 2, 1, 0]",9600,8.382558822631836,True,18.727548804578362,103,0.01005859375
0001010101,416,"[3, 2, 1, 0]",9600,8.399724960327148,False,18.727548804578362,103,0.01005859375
0001010101,417,"[3, 2, 1, 0]",9600,8.412361145019531,True,18.727548804578362,103,0.01005859375
0001010101,418,"[3, 2, 1, 0]",9600,8.429765701293945,False,18.727548804578362,103,0.01005859375
0001010101,419,"[3, 2, 1, 0]",9600,8.44264030456543,True,18.727548804578362,103,0.01005859375
0001010101,420,"[3, 2, 1, 0]",9600,8.459806442260742,False,18.727548804578362,103,0.01005859375
0001010101,421,"[3, 2, 1, 0]",9600,8.472919464111328,True,18.727548804578362,103,0.01005859375
0001010101,422,"[3, 2, 1, 0]",9600,8.49008560180664,False,18.727548804578362,103,0.01005859375
0001010101,423,"[3, 2, 1, 0]",9600,8.504629135131836,True,18.727548804578362,103,0.01005859375
0001010101,424,"[3, 2, 1, 0]",9600,8.52203369140625,False,18.727548804578362,103,0.01005859375
0001010101,425,"[3, 2, 1, 0]",9600,8.534908294677734,True,18.727548804578362,103,0.01005859375
0001010101,426,"[3, 2, 1, 0]",9600,8.56781005859375,False,18.727548804578362,103,0.01005859375
0001010101,427,"[3, 2, 1, 0]",9600,8.605718612670898,True,18.727548804578362,103,0.01005859375
0001010101,428,"[3, 2, 1, 0]",9600,8.62431526184082,False,18.727548804578362,103,0.01005859375
0001010101,429,"[3, 2, 1, 0]",9600,8.63790512084961,True,18.727548804578362,103,0.01005859375
0001010101,430,"[3, 2, 1, 0]",9600,8.656501770019531,False,18.727548804578362,103,0.01005859375
0001010101,431,"[3, 2, 1, 0]",9600,8.67009162902832,True,18.727548804578362,103,0.01005859375
0001010101,432,"[3, 2, 1, 0]",9600,8.688211441040039,False,18.727548804578362,103,0.01005859375
0001010101,433,"[3, 2, 1, 0]",9600,8.701562881469727,True,18.727548804578362,103,0.01005859375
0001010101,434,"[3, 2, 1, 0]",9600,8.719682693481445,False,18.727548804578362,103,0.01005859375
0001010101,435,"[3, 2, 1, 0]",9600,8.732795715332031,True,18.727548804578362,103,0.01005859375
0001010101,436,"[3, 2, 1, 0]",9600,8.75091552734375,False,18.727548804578362,103,0.01005859375
0001010101,437,"[3, 2, 1, 0]",9600,8.764266967773438,True,18.727548804578362,103,0.01005859375
0001010101,438,"[3, 2, 1, 0]",9600,8.782386779785156,False,18.727548804578362,103,0.01005859375
0001010101,439,"[3, 2, 1, 0]",9600,8.795499801635742,True,18.727548804578362,103,0.01005859375
0001010101,440,"[3, 2, 1, 0]",9600,8.813619613647461,False,18.727548804578362,103,0.01005859375
0001010101,441,"[3, 2, 1, 0]",9600,8.826971054077148,True,18.727548804578362,103,0.01005859375
0001010101,442,"[3, 2, 1, 0]",9600,8.844852447509766,False,18.727548804578362,103,0.01005859375
0001010101,443,"[3, 2, 1, 0]",9600,8.859872817993164,True,18.727548804578362,103,0.01005859375
0001010101,444,"[3, 2, 1, 0]",9600,8.878946304321289,False,18.727548804578362,103,0.01005859375
0001010101,445,"[3, 2, 1, 0]",9600,8.894205093383789,True,18.727548804578362,103,0.01005859375
0001010101,446,"[3, 2, 1, 0]",9600,8.913516998291016,False,18.727548804578362,103,0.01005859375
0001010101,447,"[3, 2, 1, 0]",9600,8.927345275878906,True,18.727548804578362,103,0.01005859375
0001010101,448,"[3, 2, 1, 0]",9600,8.945465087890625,False,18.727548804578362,103,0.01005859375
0001010101,449,"[3, 2, 1, 0]",9600,8.959054946899414,True,18.727548804578362,103,0.01005859375
0001010101,450,"[3, 2, 1, 0]",9600,8.976936340332031,False,18.727548804578362,103,0.01005859375
0001010101,451,"[3, 2, 1, 0]",9600,8.990287780761719,True,18.727548804578362,103,0.01005859375
0001010101,452,"[3, 2, 1, 0]",9600,9.008169174194336,False,18.727548804578362,103,0.01005859375
0001010101,453,"[3, 2, 1, 0]",9600,9.021759033203125,True,18.727548804578362,103,0.01005859375
0001010101,454,"[3, 2, 1, 0]",9600,9.039878845214844,False,18.727548804578362,103,0.01005859375
0001010101,455,"[3, 2, 1, 0]",9600,9.053230285644531,True,18.727548804578362,103,0.01005859375
0001010101,456,"[3, 2, 1, 0]",9600,9.071111679077148,False,18.727548804578362,103,0.01005859375
0001010101,457,"[3, 2, 1, 0]",9600,9.084701538085938,True,18.727548804578362,103,0.01005859375
0001010101,458,"[3, 2, 1, 0]",9600,9.102582931518555,False,18.727548804578362,103,0.01005859375
0001010101,459,"[3, 2, 1, 0]",9600,9.116172790527344,True,18.727548804578362,103,0.01005859375
0001010101,460,"[3, 2, 1, 0]",9600,9.134292602539062,False,18.727548804578362,103,0.01005859375
0001010101,461,"[3, 2, 1, 0]",9600,9.147882461547852,True,18.727548804578362,103,0.01005859375
0001010101,462,"[3, 2, 1, 0]",9600,9.166240692138672,False,18.727548804578362,103,0.01005859375
0001010101,463,"[3, 2, 1, 0]",9600,9.179830551147461,True,18.727548804578362,103,0.01005859375
0001010101,464,"[3, 2, 1, 0]",9600,9.198188781738281,False,18.727548804578362,103,0.01005859375
0001010101,465,"[3, 2, 1, 0]",9600,9.21320915222168,True,18.727548804578362,103,0.01005859375
0001010101,466,"[3, 2, 1, 0]",9600,9.2315673828125,False,18.727548804578362,103,0.01005859375
0001010101,467,"[3, 2, 1, 0]",9600,9.245157241821289,True,18.727548804578362,103,0.01005859375
0001010101,468,"[3, 2, 1, 0]",9600,9.263038635253906,False,18.727548804578362,103,0.01005859375
0001010101,469,"[3, 2, 1, 0]",9600,9.276628494262695,True,18.727548804578362,103,0.01005859375
0001010101,470,"[3, 2, 1, 0]",9600,9.294748306274414,False,18.727548804578362,103,0.01005859375
0001010101,471,"[3, 2, 1, 0]",9600,9.308099746704102,True,18.727548804578362,103,0.01005859375
0001010101,472,"[3, 2, 1, 0]",9600,9.32621955871582,False,18.727548804578362,103,0.01005859375
0001010101,473,"[3, 2, 1, 0]",9600,9.33980941772461,True,18.727548804578362,103,0.01005859375
0001010101,474,"[3, 2, 1, 0]",9600,9.357690811157227,False,18.727548804578362,103,0.01005859375
0001010101,475,"[3, 2, 1, 0]",9600,9.371280670166016,True,18.727548804578362,103,0.01005859375
0001010101,476,"[3, 2, 1, 0]",9600,9.388923645019531,False,18.727548804578362,103,0.01005859375
0001010101,477,"[3, 2, 1, 0]",9600,9.40251350402832,True,18.727548804578362,103,0.01005859375
0001010101,478,"[3, 2, 1, 0]",9600,9.419918060302734,False,18.727548804578362,103,0.01005859375
0001010101,479,"[3, 2, 1, 0]",9600,9.435415267944336,True,18.727548804578362,103,0.01005859375
0001010101,480,"[3, 2, 1, 0]",9600,9.453535079956055,False,18.727548804578362,103,0.01005859375
0001010101,481,"[3, 2, 1, 0]",9600,9.467601776123047,True,18.727548804578362,103,0.01005859375
0001010101,482,"[3, 2, 1, 0]",9600,9.489774703979492,False,18.727548804578362,103,0.01005859375
0001010101,483,"[3, 2, 1, 0]",9600,9.503602981567383,True,18.727548804578362,103,0.01005859375
0001010101,484,"[3, 2, 1, 0]",9600,9.537935256958008,False,18.727548804578362,103,0.01005859375
0001010101,485,"[3, 2, 1, 0]",9600,9.552955627441406,True,18.727548804578362,103,0.01005859375
0001010101,486,"[3, 2, 1, 0]",9600,9.571552276611328,False,18.727548804578362,103,0.01005859375
0001010101,487,"[3, 2, 1, 0]",9600,9.585142135620117,True,18.727548804578362,103,0.01005859375
0001010101,488,"[3, 2, 1, 0]",9600,9.603738784790039,False,18.727548804578362,103,0.01005859375
0001010101,489,"[3, 2, 1, 0]",9600,9.617090225219727,True,18.727548804578362,103,0.01005859375
0001010101,490,"[3, 2, 1, 0]",9600,9.635686874389648,False,18.727548804578362,103,0.01005859375
0001010101,491,"[3, 2, 1, 0]",9600,9.649276733398438,True,18.727548804578362,103,0.01005859375
0001010101,492,"[3, 2, 1, 0]",9600,9.667634963989258,False,18.727548804578362,103,0.01005859375
0001010101,493,"[3, 2, 1, 0]",9600,9.681224822998047,True,18.727548804578362,103,0.01005859375
0001010101,494,"[3, 2, 1, 0]",9600,9.710073471069336,False,18.727548804578362,103,0.01005859375
0001010101,495,"[3, 2, 1, 0]",9600,9.725570678710938,True,18.727548804578362,103,0.01005859375
0001010101,496,"[3, 2, 1, 0]",9600,9.744644165039062,False,18.727548804578362,103,0.01005859375
0001010101,497,"[3, 2, 1, 0]",9600,9.758472442626953,True,18.727548804578362,103,0.01005859375
0001010101,498,"[3, 2, 1, 0]",9600,9.776592254638672,False,18.727548804578362,103,0.01005859375
0001010101,499,"[3, 2, 1, 0]",9600,9.78994369506836,True,18.727548804578362,103,0.01005859375
0001010101,500,"[3, 2, 1, 0]",9600,9.807825088500977,False,18.727548804578362,103,0.01005859375
0001010101,501,"[3, 2, 1, 0]",9600,9.821176528930664,True,18.727548804578362,103,0.01005859375
0001010101,502,"[3, 2, 1, 0]",9600,9.83881950378418,False,18.727548804578362,103,0.01005859375
0001010101,503,"[3, 2, 1, 0]",9600,9.851932525634766,True,18.727548804578362,103,0.01005859375
0001010101,504,"[3, 2, 1, 0]",9600,9.870052337646484,False,18.727548804578362,103,0.01005859375
0001010101,505,"[3, 2, 1, 0]",9600,9.883403778076172,True,18.727548804578362,103,0.01005859375
0001010101,506,"[3, 2, 1, 0]",9600,9.901285171508789,False,18.727548804578362,103,0.01005859375
0001010101,507,"[3, 2, 1, 0]",9600,9.916305541992188,True,18.727548804578362,103,0.01005859375
0001010101,508,"[3, 2, 1, 0]",9600,9.934663772583008,False,18.727548804578362,103,0.01005859375
0001010101,509,"[3, 2, 1, 0]",9600,9.948015213012695,True,18.727548804578362,103,0.01005859375
0001010101,510,"[3, 2, 1, 0]",9600,9.965658187866211,False,18.727548804578362,103,0.01005859375
0001010101,511,"[3, 2, 1, 0]",9600,9.979009628295898,True,18.727548804578362,103,0.01005859375
0001010101,512,"[3, 2, 1, 0]",9600,9.996891021728516,False,18.727548804578362,103,0.01005859375
0001010101,513,"[3, 2, 1, 0]",9600,10.010004043579102,True,18.727548804578362,103,0.01005859375
0001010101,514,"[3, 2, 1, 0]",9600,10.027885437011719,False,18.727548804578362,103,0.01005859375
0001010101,515,"[3, 2, 1, 0]",9600,10.041236877441406,True,18.727548804578362,103,0.01005859375
0001010101,516,"[3, 2, 1, 0]",9600,10.059356689453125,False,18.727548804578362,103,0.01005859375
0001010101,517,"[3, 2, 1, 0]",9600,10.072708129882812,True,18.727548804578362,103,0.01005859375
0001010101,518,"[3, 2, 1, 0]",9600,10.09058952331543,False,18.727548804578362,103,0.01005859375
0001010101,519,"[3, 2, 1, 0]",9600,10.10441780090332,True,18.727548804578362,103,0.01005859375
0001010101,520,"[3, 2, 1, 0]",9600,10.122299194335938,False,18.727548804578362,103,0.01005859375
0001010101,521,"[3, 2, 1, 0]",9600,10.135889053344727,True,18.727548804578362,103,0.01005859375
0001010101,522,"[3, 2, 1, 0]",9600,10.154008865356445,False,18.727548804578362,103,0.01005859375
0001010101,523,"[3, 2, 1, 0]",9600,10.167598724365234,True,18.727548804578362,103,0.01005859375
0001010101,524,"[3, 2, 1, 0]",9600,10.18524169921875,False,18.727548804578362,103,0.01005859375
0001010101,525,"[3, 2, 1, 0]",9600,10.198593139648438,True,18.727548804578362,103,0.01005859375
0001010101,526,"[3, 2, 1, 0]",9600,10.216474533081055,False,18.727548804578362,103,0.01005859375
0001010101,527,"[3, 2, 1, 0]",9600,10.231256484985352,True,18.727548804578362,103,0.01005859375
0001010101,528,"[3, 2, 1, 0]",9600,10.250091552734375,False,18.727548804578362,103,0.01005859375
0001010101,529,"[3, 2, 1, 0]",9600,10.263681411743164,True,18.727548804578362,103,0.01005859375
0001010101,530,"[3, 2, 1, 0]",9600,10.281801223754883,False,18.727548804578362,103,0.01005859375
0001010101,531,"[3, 2, 1, 0]",9600,10.295391082763672,True,18.727548804578362,103,0.01005859375
0001010101,532,"[3, 2, 1, 0]",9600,10.31351089477539,False,18.727548804578362,103,0.01005859375
0001010101,533,"[3, 2, 1, 0]",9600,10.326623916625977,True,18.727548804578362,103,0.01005859375
0001010101,534,"[3, 2, 1, 0]",9600,10.344743728637695,False,18.727548804578362,103,0.01005859375
0001010101,535,"[3, 2, 1, 0]",9600,10.35761833190918,True,18.727548804578362,103,0.01005859375
0001010101,536,"[3, 2, 1, 0]",9600,10.375738143920898,False,18.727548804578362,103,0.01005859375
0001010101,537,"[3, 2, 1, 0]",9600,10.388851165771484,True,18.727548804578362,103,0.01005859375
0001010101,538,"[3, 2, 1, 0]",9600,10.406732559204102,False,18.727548804578362,103,0.01005859375
0001010101,539,"[3, 2, 1, 0]",9600,10.420083999633789,True,18.727548804578362,103,0.01005859375
0001010101,540,"[3, 2, 1, 0]",9600,10.438203811645508,False,18.727548804578362,103,0.01005859375
0001010101,541,"[3, 2, 1, 0]",9600,10.451555252075195,True,18.727548804578362,103,0.01005859375
0001010101,542,"[3, 2, 1, 0]",9600,10.469913482666016,False,18.727548804578362,103,0.01005859375
0001010101,543,"[3, 2, 1, 0]",9600,10.483503341674805,True,18.727548804578362,103,0.01005859375
0001010101,544,"[3, 2, 1, 0]",9600,10.501623153686523,False,18.727548804578362,103,0.01005859375
0001010101,545,"[3, 2, 1, 0]",9600,10.516166687011719,True,18.727548804578362,103,0.01005859375
0001010101,546,"[3, 2, 1, 0]",9600,10.535001754760742,False,18.727548804578362,103,0.01005859375
0001010101,547,"[3, 2, 1, 0]",9600,10.548591613769531,True,18.727548804578362,103,0.01005859375
0001010101,548,"[3, 2, 1, 0]",9600,10.566949844360352,False,18.727548804578362,103,0.01005859375
0001010101,549,"[3, 2, 1, 0]",9600,10.58197021484375,True,18.727548804578362,103,0.01005859375
0001010101,550,"[3, 2, 1, 0]",9600,10.600566864013672,False,18.727548804578362,103,0.01005859375
0001010101,551,"[3, 2, 1, 0]",9600,10.61391830444336,True,18.727548804578362,103,0.01005859375
0001010101,552,"[3, 2, 1, 0]",9600,10.631799697875977,False,18.727548804578362,103,0.01005859375
0001010101,553,"[3, 2, 1, 0]",9600,10.645389556884766,True,18.727548804578362,103,0.01005859375
0001010101,554,"[3, 2, 1, 0]",9600,10.663270950317383,False,18.727548804578362,103,0.01005859375
0001010101,555,"[3, 2, 1, 0]",9600,10.676860809326172,True,18.727548804578362,103,0.01005859375
0001010101,556,"[3, 2, 1, 0]",9600,10.695219039916992,False,18.727548804578362,103,0.01005859375
0001010101,557,"[3, 2, 1, 0]",9600,10.70857048034668,True,18.727548804578362,103,0.01005859375
0001010101,558,"[3, 2, 1, 0]",9600,10.726690292358398,False,18.727548804578362,103,0.01005859375
0001010101,559,"[3, 2, 1, 0]",9600,10.740041732788086,True,18.727548804578362,103,0.01005859375
0001010101,560,"[3, 2, 1, 0]",9600,10.757923126220703,False,18.727548804578362,103,0.01005859375
0001010101,561,"[3, 2, 1, 0]",9600,10.77127456665039,True,18.727548804578362,103,0.01005859375
0001010101,562,"[3, 2, 1, 0]",9600,10.788917541503906,False,18.727548804578362,103,0.01005859375
0001010101,563,"[3, 2, 1, 0]",9600,10.802030563354492,True,18.727548804578362,103,0.01005859375
0001010101,564,"[3, 2, 1, 0]",9600,10.81991195678711,False,18.727548804578362,103,0.01005859375
0001010101,565,"[3, 2, 1, 0]",9600,10.833501815795898,True,18.727548804578362,103,0.01005859375
0001010101,566,"[3, 2, 1, 0]",9600,10.851383209228516,False,18.727548804578362,103,0.01005859375
0001010101,567,"[3, 2, 1, 0]",9600,10.864973068237305,True,18.727548804578362,103,0.01005859375
0001010101,568,"[3, 2, 1, 0]",9600,10.883092880249023,False,18.727548804578362,103,0.01005859375
0001010101,569,"[3, 2, 1, 0]",9600,10.898113250732422,True,18.727548804578362,103,0.01005859375
0001010101,570,"[3, 2, 1, 0]",9600,10.916948318481445,False,18.727548804578362,103,0.01005859375
0001010101,571,"[3, 2, 1, 0]",9600,10.940790176391602,True,18.727548804578362,103,0.01005859375
0001010101,572,"[3, 2, 1, 0]",9600,10.958194732666016,False,18.727548804578362,103,0.01005859375
0001010101,573,"[3, 2, 1, 0]",9600,10.970830917358398,True,18.727548804578362,103,0.01005859375
0001010101,574,"[3, 2, 1, 0]",9600,10.987997055053711,False,18.727548804578362,103,0.01005859375
0001010101,575,"[3, 2, 1, 0]",9600,11.000871658325195,True,18.727548804578362,103,0.01005859375
0001010101,576,"[3, 2, 1, 0]",9600,11.01827621459961,False,18.727548804578362,103,0.01005859375
0001010101,577,"[3, 2, 1, 0]",9600,11.031150817871094,True,18.727548804578362,103,0.01005859375
0001010101,578,"[3, 2, 1, 0]",9600,11.048555374145508,False,18.727548804578362,103,0.01005859375
0001010101,579,"[3, 2, 1, 0]",9600,11.06119155883789,True,18.727548804578362,103,0.01005859375
0001010101,580,"[3, 2, 1, 0]",9600,11.078357696533203,False,18.727548804578362,103,0.01005859375
0001010101,581,"[3, 2, 1, 0]",9600,11.091232299804688,True,18.727548804578362,103,0.01005859375
0001010101,582,"[3, 2, 1, 0]",9600,11.1083984375,False,18.727548804578362,103,0.01005859375
0001010101,583,"[3, 2, 1, 0]",9600,11.121034622192383,True,18.727548804578362,103,0.01005859375
0001010101,584,"[3, 2, 1, 0]",9600,11.138200759887695,False,18.727548804578362,103,0.01005859375
0001010101,585,"[3, 2, 1, 0]",9600,11.150598526000977,True,18.727548804578362,103,0.01005859375
0001010101,586,"[3, 2, 1, 0]",9600,11.167764663696289,False,18.727548804578362,103,0.01005859375
0001010101,587,"[3, 2, 1, 0]",9600,11.180400848388672,True,18.727548804578362,103,0.01005859375
0001010101,588,"[3, 2, 1, 0]",9600,11.197566986083984,False,18.727548804578362,103,0.01005859375
0001010101,589,"[3, 2, 1, 0]",9600,11.210441589355469,True,18.727548804578362,103,0.01005859375
0001010101,590,"[3, 2, 1, 0]",9600,11.227607727050781,False,18.727548804578362,103,0.01005859375
0001010101,591,"[3, 2, 1, 0]",9600,11.260271072387695,True,18.727548804578362,103,0.01005859375
0001010101,592,"[3, 2, 1, 0]",9600,11.279821395874023,False,18.727548804578362,103,0.01005859375
0001010101,593,"[3, 2, 1, 0]",9600,11.29293441772461,True,18.727548804578362,103,0.01005859375
0001010101,594,"[3, 2, 1, 0]",9600,11.310577392578125,False,18.727548804578362,103,0.01005859375
0001010101,595,"[3, 2, 1, 0]",9600,11.323690414428711,True,18.727548804578362,103,0.01005859375
0001010101,596,"[3, 2, 1, 0]",9600,11.343002319335938,False,18.727548804578362,103,0.01005859375
0001010101,597,"[3, 2, 1, 0]",9600,11.356115341186523,True,18.727548804578362,103,0.01005859375
0110100111,598,"[2, 1, 3, 0]",9300,11.373758316040039,False,14.363774402289181,97,0.00947265625
0110100111,599,"[2, 1, 0, 3]",600,11.388540267944336,True,14.363774402289181,97,0.00947265625
0110100111,600,"[2, 1, 3, 0]",9300,11.40594482421875,False,14.363774402289181,97,0.00947265625
0110100111,601,"[2, 1, 0, 3]",600,11.419296264648438,True,14.363774402289181,97,0.00947265625
0110100111,602,"[2, 1, 3, 0]",9300,11.436700820922852,False,14.363774402289181,97,0.00947265625
0110100111,603,"[2, 1, 0, 3]",600,11.449337005615234,True,14.363774402289181,97,0.00947265625
0110100111,604,"[2, 1, 3, 0]",9300,11.466741561889648,False,14.363774402289181,97,0.00947265625
0110100111,605,"[2, 1, 0, 3]",600,11.479854583740234,True,14.363774402289181,97,0.00947265625
0110100111,606,"[2, 1, 3, 0]",9300,11.497259140014648,False,14.363774402289181,97,0.00947265625
0110100111,607,"[2, 1, 0, 3]",600,11.510133743286133,True,14.363774402289181,97,0.00947265625
0110100111,608,"[2, 1, 3, 0]",9300,11.527538299560547,False,14.363774402289181,97,0.00947265625
0110100111,609,"[2, 1, 0, 3]",600,11.540412902832031,True,14.363774402289181,97,0.00947265625
0110100111,610,"[2, 1, 3, 0]",9300,11.558294296264648,False,14.363774402289181,97,0.00947265625
0110100111,611,"[2, 1, 0, 3]",600,11.573076248168945,True,14.363774402289181,97,0.00947265625
0110100111,612,"[2, 1, 3, 0]",9300,11.590719223022461,False,14.363774402289181,97,0.00947265625
0110100111,613,"[2, 1, 0, 3]",600,11.604070663452148,True,14.363774402289181,97,0.00947265625
0110100111,614,"[2, 1, 3, 0]",9300,11.621475219726562,False,14.363774402289181,97,0.00947265625
0110100111,615,"[2, 1, 0, 3]",600,11.634588241577148,True,14.363774402289181,97,0.00947265625
0110100111,616,"[2, 1, 3, 0]",9300,11.651992797851562,False,14.363774402289181,97,0.00947265625
0110100111,617,"[2, 1, 0, 3]",600,11.664867401123047,True,14.363774402289181,97,0.00947265625
0110100111,618,"[2, 1, 3, 0]",9300,11.682271957397461,False,14.363774402289181,97,0.00947265625
0110100111,619,"[2, 1, 0, 3]",600,11.695623397827148,True,14.363774402289181,97,0.00947265625
0110100111,620,"[2, 1, 3, 0]",9300,11.713266372680664,False,14.363774402289181,97,0.00947265625
0110100111,621,"[2, 1, 0, 3]",600,11.726140975952148,True,14.363774402289181,97,0.00947265625
0110100111,622,"[2, 1, 3, 0]",9300,11.743783950805664,False,14.363774402289181,97,0.00947265625
0110100111,623,"[2, 1, 0, 3]",600,11.75689697265625,True,14.363774402289181,97,0.00947265625
0110100111,624,"[2, 1, 3, 0]",9300,11.774063110351562,False,14.363774402289181,97,0.00947265625
0110100111,625,"[2, 1, 0, 3]",600,11.786937713623047,True,14.363774402289181,97,0.00947265625
0110100111,626,"[2, 1, 3, 0]",9300,11.804342269897461,False,14.363774402289181,97,0.00947265625
0110100111,627,"[2, 1, 0, 3]",600,11.817693710327148,True,14.363774402289181,97,0.00947265625
0110100111,628,"[2, 1, 3, 0]",9300,11.835098266601562,False,14.363774402289181,97,0.00947265625
0110100111,629,"[2, 1, 0, 3]",600,11.848211288452148,True,14.363774402289181,97,0.00947265625
0110100111,630,"[2, 1, 3, 0]",9300,11.865854263305664,False,14.363774402289181,97,0.00947265625
0110100111,631,"[2, 1, 0, 3]",600,11.87896728515625,True,14.363774402289181,97,0.00947265625
0110100111,632,"[2, 1, 3, 0]",9300,11.896371841430664,False,14.363774402289181,97,0.00947265625
0110100111,633,"[2, 1, 0, 3]",600,11.913537979125977,True,14.363774402289181,97,0.00947265625
0110100111,634,"[2, 1, 3, 0]",9300,11.931419372558594,False,14.363774402289181,97,0.00947265625
0110100111,635,"[2, 1, 0, 3]",600,11.94453239440918,True,14.363774402289181,97,0.00947265625
0110100111,636,"[2, 1, 3, 0]",9300,11.962175369262695,False,14.363774402289181,97,0.00947265625
0110100111,637,"[2, 1, 0, 3]",600,11.975288391113281,True,14.363774402289181,97,0.00947265625
0110100111,638,"[2, 1, 3, 0]",9300,11.992692947387695,False,14.363774402289181,97,0.00947265625
0110100111,639,"[2, 1, 0, 3]",600,12.00556755065918,True,14.363774402289181,97,0.00947265625
0110100111,640,"[2, 1, 3, 0]",9300,12.022972106933594,False,14.363774402289181,97,0.00947265625
0110100111,641,"[2, 1, 0, 3]",600,12.03608512878418,True,14.363774402289181,97,0.00947265625
0110100111,642,"[2, 1, 3, 0]",9300,12.053489685058594,False,14.363774402289181,97,0.00947265625
0110100111,643,"[2, 1, 0, 3]",600,12.06660270690918,True,14.363774402289181,97,0.00947265625
0110100111,644,"[2, 1, 3, 0]",9300,12.084007263183594,False,14.363774402289181,97,0.00947265625
0110100111,645,"[2, 1, 0, 3]",600,12.097597122192383,True,14.363774402289181,97,0.00947265625
0110100111,646,"[2, 1, 3, 0]",9300,12.116670608520508,False,14.363774402289181,97,0.00947265625
0110100111,647,"[2, 1, 0, 3]",600,12.132644653320312,True,14.363774402289181,97,0.00947265625
0110100111,648,"[2, 1, 3, 0]",9300,12.150764465332031,False,14.363774402289181,97,0.00947265625
0110100111,649,"[2, 1, 0, 3]",600,12.165307998657227,True,14.363774402289181,97,0.00947265625
0110100111,650,"[2, 1, 3, 0]",9300,12.183189392089844,False,14.363774402289181,97,0.00947265625
0110100111,651,"[2, 1, 0, 3]",600,12.197017669677734,True,14.363774402289181,97,0.00947265625
0110100111,652,"[2, 1, 3, 0]",9300,12.213945388793945,False,14.363774402289181,97,0.00947265625
0110100111,653,"[2, 1, 0, 3]",600,12.228727340698242,True,14.363774402289181,97,0.00947265625
0110100111,654,"[2, 1, 3, 0]",9300,12.246847152709961,False,14.363774402289181,97,0.00947265625
0110100111,655,"[2, 1, 0, 3]",600,12.259960174560547,True,14.363774402289181,97,0.00947265625
0110100111,656,"[2, 1, 3, 0]",9300,12.277364730834961,False,14.363774402289181,97,0.00947265625
0110100111,657,"[2, 1, 0, 3]",600,12.290239334106445,True,14.363774402289181,97,0.00947265625
0110100111,658,"[2, 1, 3, 0]",9300,12.308120727539062,False,14.363774402289181,97,0.00947265625
0110100111,659,"[2, 1, 0, 3]",600,12.320995330810547,True,14.363774402289181,97,0.00947265625
0110100111,660,"[2, 1, 3, 0]",9300,12.338638305664062,False,14.363774402289181,97,0.00947265625
0110100111,661,"[2, 1, 0, 3]",600,12.351751327514648,True,14.363774402289181,97,0.00947265625
0110100111,662,"[2, 1, 3, 0]",9300,12.369155883789062,False,14.363774402289181,97,0.00947265625
0110100111,663,"[2, 1, 0, 3]",600,12.382268905639648,True,14.363774402289181,97,0.00947265625
0110100111,664,"[2, 1, 3, 0]",9300,12.399673461914062,False,14.363774402289181,97,0.00947265625
0110100111,665,"[2, 1, 0, 3]",600,12.412786483764648,True,14.363774402289181,97,0.00947265625
0110100111,666,"[2, 1, 3, 0]",9300,12.429952621459961,False,14.363774402289181,97,0.00947265625
0110100111,667,"[2, 1, 0, 3]",600,12.442827224731445,True,14.363774402289181,97,0.00947265625
0110100111,668,"[2, 1, 3, 0]",9300,12.459993362426758,False,14.363774402289181,97,0.00947265625
0110100111,669,"[2, 1, 0, 3]",600,12.473106384277344,True,14.363774402289181,97,0.00947265625
0110100111,670,"[2, 1, 3, 0]",9300,12.490510940551758,False,14.363774402289181,97,0.00947265625
0110100111,671,"[2, 1, 0, 3]",600,12.503862380981445,True,14.363774402289181,97,0.00947265625
0110100111,672,"[2, 1, 3, 0]",9300,12.52126693725586,False,14.363774402289181,97,0.00947265625
0110100111,673,"[2, 1, 0, 3]",600,12.534618377685547,True,14.363774402289181,97,0.00947265625
0110100111,674,"[2, 1, 3, 0]",9300,12.552022933959961,False,14.363774402289181,97,0.00947265625
0110100111,675,"[2, 1, 0, 3]",600,12.566804885864258,True,14.363774402289181,97,0.00947265625
0110100111,676,"[2, 1, 3, 0]",9300,12.584447860717773,False,14.363774402289181,97,0.00947265625
0110100111,677,"[2, 1, 0, 3]",600,12.598037719726562,True,14.363774402289181,97,0.00947265625
0110100111,678,"[2, 1, 3, 0]",9300,12.615442276000977,False,14.363774402289181,97,0.00947265625
0110100111,679,"[2, 1, 0, 3]",600,12.628555297851562,True,14.363774402289181,97,0.00947265625
0110100111,680,"[2, 1, 3, 0]",9300,12.646913528442383,False,14.363774402289181,97,0.00947265625
0110100111,681,"[2, 1, 0, 3]",600,12.660026550292969,True,14.363774402289181,97,0.00947265625
0110100111,682,"[2, 1, 3, 0]",9300,12.677192687988281,False,14.363774402289181,97,0.00947265625
0110100111,683,"[2, 1, 0, 3]",600,12.690305709838867,True,14.363774402289181,97,0.00947265625
0110100111,684,"[2, 1, 3, 0]",9300,12.707710266113281,False,14.363774402289181,97,0.00947265625
0110100111,685,"[2, 1, 0, 3]",600,12.720584869384766,True,14.363774402289181,97,0.00947265625
0110100111,686,"[2, 1, 3, 0]",9300,12.738466262817383,False,14.363774402289181,97,0.00947265625
0110100111,687,"[2, 1, 0, 3]",600,12.751340866088867,True,14.363774402289181,97,0.00947265625
0110100111,688,"[2, 1, 3, 0]",9300,12.768745422363281,False,14.363774402289181,97,0.00947265625
0110100111,689,"[2, 1, 0, 3]",600,12.782096862792969,True,14.363774402289181,97,0.00947265625
0110100111,690,"[2, 1, 3, 0]",9300,12.799501419067383,False,14.363774402289181,97,0.00947265625
0110100111,691,"[2, 1, 0, 3]",600,12.812614440917969,True,14.363774402289181,97,0.00947265625
0110100111,692,"[2, 1, 3, 0]",9300,12.830018997192383,False,14.363774402289181,97,0.00947265625
0110100111,693,"[2, 1, 0, 3]",600,12.843132019042969,True,14.363774402289181,97,0.00947265625
0110100111,694,"[2, 1, 3, 0]",9300,12.860536575317383,False,14.363774402289181,97,0.00947265625
0110100111,695,"[2, 1, 0, 3]",600,12.874841690063477,True,14.363774402289181,97,0.00947265625
0110100111,696,"[2, 1, 3, 0]",9300,12.894153594970703,False,14.363774402289181,97,0.00947265625
0110100111,697,"[2, 1, 0, 3]",600,12.907981872558594,True,14.363774402289181,97,0.00947265625
0110100111,698,"[2, 1, 3, 0]",9300,12.926101684570312,False,14.363774402289181,97,0.00947265625
0110100111,699,"[2, 1, 0, 3]",600,12.939214706420898,True,14.363774402289181,97,0.00947265625
0110100111,700,"[2, 1, 3, 0]",9300,12.956619262695312,False,14.363774402289181,97,0.00947265625
0110100111,701,"[2, 1, 0, 3]",600,12.969970703125,True,14.363774402289181,97,0.00947265625
0110100111,702,"[2, 1, 3, 0]",9300,12.987613677978516,False,14.363774402289181,97,0.00947265625
0110100111,703,"[2, 1, 0, 3]",600,13.000965118408203,True,14.363774402289181,97,0.00947265625
0110100111,704,"[2, 1, 3, 0]",9300,13.018369674682617,False,14.363774402289181,97,0.00947265625
0110100111,705,"[2, 1, 0, 3]",600,13.031721115112305,True,14.363774402289181,97,0.00947265625
0110100111,706,"[2, 1, 3, 0]",9300,13.049125671386719,False,14.363774402289181,97,0.00947265625
0110100111,707,"[2, 1, 0, 3]",600,13.062238693237305,True,14.363774402289181,97,0.00947265625
0110100111,708,"[2, 1, 3, 0]",9300,13.07988166809082,False,14.363774402289181,97,0.00947265625
0110100111,709,"[2, 1, 0, 3]",600,13.092994689941406,True,14.363774402289181,97,0.00947265625
0110100111,710,"[2, 1, 3, 0]",9300,13.110637664794922,False,14.363774402289181,97,0.00947265625
0110100111,711,"[2, 1, 0, 3]",600,13.123512268066406,True,14.363774402289181,97,0.00947265625
0110100111,712,"[2, 1, 3, 0]",9300,13.14091682434082,False,14.363774402289181,97,0.00947265625
0110100111,713,"[2, 1, 0, 3]",600,13.154268264770508,True,14.363774402289181,97,0.00947265625
0110100111,714,"[2, 1, 3, 0]",9300,13.171672821044922,False,14.363774402289181,97,0.00947265625
0110100111,715,"[2, 1, 0, 3]",600,13.18502426147461,True,14.363774402289181,97,0.00947265625
0110100111,716,"[2, 1, 3, 0]",9300,13.202667236328125,False,14.363774402289181,97,0.00947265625
0110100111,717,"[2, 1, 0, 3]",600,13.21721076965332,True,14.363774402289181,97,0.00947265625
0110100111,718,"[2, 1, 3, 0]",9300,13.235092163085938,False,14.363774402289181,97,0.00947265625
0110100111,719,"[2, 1, 0, 3]",600,13.24772834777832,True,14.363774402289181,97,0.00947265625
0110100111,720,"[2, 1, 3, 0]",9300,13.265132904052734,False,14.363774402289181,97,0.00947265625
0110100111,721,"[2, 1, 0, 3]",600,13.278007507324219,True,14.363774402289181,97,0.00947265625
0110100111,722,"[2, 1, 3, 0]",9300,13.295412063598633,False,14.363774402289181,97,0.00947265625
0110100111,723,"[2, 1, 0, 3]",600,13.308286666870117,True,14.363774402289181,97,0.00947265625
0110100111,724,"[2, 1, 3, 0]",9300,13.32545280456543,False,14.363774402289181,97,0.00947265625
0110100111,725,"[2, 1, 0, 3]",600,13.338327407836914,True,14.363774402289181,97,0.00947265625
0110100111,726,"[2, 1, 3, 0]",9300,13.355731964111328,False,14.363774402289181,97,0.00947265625
0110100111,727,"[2, 1, 0, 3]",600,13.368606567382812,True,14.363774402289181,97,0.00947265625
0110100111,728,"[2, 1, 3, 0]",9300,13.386011123657227,False,14.363774402289181,97,0.00947265625
0110100111,729,"[2, 1, 0, 3]",600,13.399362564086914,True,14.363774402289181,97,0.00947265625
0110100111,730,"[2, 1, 3, 0]",9300,13.41700553894043,False,14.363774402289181,97,0.00947265625
0110100111,731,"[2, 1, 0, 3]",600,13.430118560791016,True,14.363774402289181,97,0.00947265625
0110100111,732,"[2, 1, 3, 0]",9300,13.447284698486328,False,14.363774402289181,97,0.00947265625
0110100111,733,"[2, 1, 0, 3]",600,13.460159301757812,True,14.363774402289181,97,0.00947265625
0110100111,734,"[2, 1, 3, 0]",9300,13.477563858032227,False,14.363774402289181,97,0.00947265625
0110100111,735,"[2, 1, 0, 3]",600,13.494729995727539,True,14.363774402289181,97,0.00947265625
0110100111,736,"[2, 1, 3, 0]",9300,13.512372970581055,False,14.363774402289181,97,0.00947265625
0110100111,737,"[2, 1, 0, 3]",600,13.527154922485352,True,14.363774402289181,97,0.00947265625
0110100111,738,"[2, 1, 3, 0]",9300,13.545036315917969,False,14.363774402289181,97,0.00947265625
0110100111,739,"[2, 1, 0, 3]",600,13.558149337768555,True,14.363774402289181,97,0.00947265625
0110100111,740,"[2, 1, 3, 0]",9300,13.575553894042969,False,14.363774402289181,97,0.00947265625
0110100111,741,"[2, 1, 0, 3]",600,13.588428497314453,True,14.363774402289181,97,0.00947265625
0110100111,742,"[2, 1, 3, 0]",9300,13.606071472167969,False,14.363774402289181,97,0.00947265625
0110100111,743,"[2, 1, 0, 3]",600,13.619184494018555,True,14.363774402289181,97,0.00947265625
0110100111,744,"[2, 1, 3, 0]",9300,13.636589050292969,False,14.363774402289181,97,0.00947265625
0110100111,745,"[2, 1, 0, 3]",600,13.649225234985352,True,14.363774402289181,97,0.00947265625
0110100111,746,"[2, 1, 3, 0]",9300,13.667583465576172,False,14.363774402289181,97,0.00947265625
0110100111,747,"[2, 1, 0, 3]",600,13.681411743164062,True,14.363774402289181,97,0.00947265625
0110100111,748,"[2, 1, 3, 0]",9300,13.699054718017578,False,14.363774402289181,97,0.00947265625
0110100111,749,"[2, 1, 0, 3]",600,13.712167739868164,True,14.363774402289181,97,0.00947265625
0110100111,750,"[2, 1, 3, 0]",9300,13.729333877563477,False,14.363774402289181,97,0.00947265625
0110100111,751,"[2, 1, 0, 3]",600,13.742446899414062,True,14.363774402289181,97,0.00947265625
0110100111,752,"[2, 1, 3, 0]",9300,13.759613037109375,False,14.363774402289181,97,0.00947265625
0110100111,753,"[2, 1, 0, 3]",600,13.77248764038086,True,14.363774402289181,97,0.00947265625
0110100111,754,"[2, 1, 3, 0]",9300,13.789892196655273,False,14.363774402289181,97,0.00947265625
0110100111,755,"[2, 1, 0, 3]",600,13.80300521850586,True,14.363774402289181,97,0.00947265625
0110100111,756,"[2, 1, 3, 0]",9300,13.820409774780273,False,14.363774402289181,97,0.00947265625
0110100111,757,"[2, 1, 0, 3]",600,13.833761215209961,True,14.363774402289181,97,0.00947265625
0110100111,758,"[2, 1, 3, 0]",9300,13.851165771484375,False,14.363774402289181,97,0.00947265625
0110100111,759,"[2, 1, 0, 3]",600,13.86570930480957,True,14.363774402289181,97,0.00947265625
0110100111,760,"[2, 1, 3, 0]",9300,13.883352279663086,False,14.363774402289181,97,0.00947265625
0110100111,761,"[2, 1, 0, 3]",600,13.896703720092773,True,14.363774402289181,97,0.00947265625
0110100111,762,"[2, 1, 3, 0]",9300,13.914108276367188,False,14.363774402289181,97,0.00947265625
0110100111,763,"[2, 1, 0, 3]",600,13.926982879638672,True,14.363774402289181,97,0.00947265625
0110100111,764,"[2, 1, 3, 0]",9300,13.944387435913086,False,14.363774402289181,97,0.00947265625
0110100111,765,"[2, 1, 0, 3]",600,13.957500457763672,True,14.363774402289181,97,0.00947265625
0110100111,766,"[2, 1, 3, 0]",9300,13.974905014038086,False,14.363774402289181,97,0.00947265625
0110100111,767,"[2, 1, 0, 3]",600,13.987541198730469,True,14.363774402289181,97,0.00947265625
0110100111,768,"[2, 1, 3, 0]",9300,14.004945755004883,False,14.363774402289181,97,0.00947265625
0110100111,769,"[2, 1, 0, 3]",600,14.018058776855469,True,14.363774402289181,97,0.00947265625
0110100111,770,"[2, 1, 3, 0]",9300,14.035463333129883,False,14.363774402289181,97,0.00947265625
0110100111,771,"[2, 1, 0, 3]",600,14.048576354980469,True,14.363774402289181,97,0.00947265625
0110100111,772,"[2, 1, 3, 0]",9300,14.066934585571289,False,14.363774402289181,97,0.00947265625
0110100111,773,"[2, 1, 0, 3]",600,14.079809188842773,True,14.363774402289181,97,0.00947265625
0110100111,774,"[2, 1, 3, 0]",9300,14.097213745117188,False,14.363774402289181,97,0.00947265625
0110100111,775,"[2, 1, 0, 3]",600,14.132976531982422,True,14.363774402289181,97,0.00947265625
0110100111,776,"[2, 1, 3, 0]",9300,14.15109634399414,False,14.363774402289181,97,0.00947265625
0110100111,777,"[2, 1, 0, 3]",600,14.164447784423828,True,14.363774402289181,97,0.00947265625
0110100111,778,"[2, 1, 3, 0]",9300,14.182090759277344,False,14.363774402289181,97,0.00947265625
0110100111,779,"[2, 1, 0, 3]",600,14.197587966918945,True,14.363774402289181,97,0.00947265625
0110100111,780,"[2, 1, 3, 0]",9300,14.215707778930664,False,14.363774402289181,97,0.00947265625
0110100111,781,"[2, 1, 0, 3]",600,14.22882080078125,True,14.363774402289181,97,0.00947265625
0110100111,782,"[2, 1, 3, 0]",9300,14.246463775634766,False,14.363774402289181,97,0.00947265625
0110100111,783,"[2, 1, 0, 3]",600,14.259815216064453,True,14.363774402289181,97,0.00947265625
0110100111,784,"[2, 1, 3, 0]",9300,14.277458190917969,False,14.363774402289181,97,0.00947265625
0110100111,785,"[2, 1, 0, 3]",600,14.290571212768555,True,14.363774402289181,97,0.00947265625
0110100111,786,"[2, 1, 3, 0]",9300,14.307975769042969,False,14.363774402289181,97,0.00947265625
0110100111,787,"[2, 1, 0, 3]",600,14.321088790893555,True,14.363774402289181,97,0.00947265625
0110100111,788,"[2, 1, 3, 0]",9300,14.338970184326172,False,14.363774402289181,97,0.00947265625
0110100111,789,"[2, 1, 0, 3]",600,14.352083206176758,True,14.363774402289181,97,0.00947265625
0110100111,790,"[2, 1, 3, 0]",9300,14.369487762451172,False,14.363774402289181,97,0.00947265625
0110100111,791,"[2, 1, 0, 3]",600,14.38283920288086,True,14.363774402289181,97,0.00947265625
0110010010,792,"[1, 2, 0, 3]",600,14.400482177734375,False,13.325747172461199,75,0.00732421875
0110010010,793,"[1, 0, 2, 3]",315,14.417648315429688,True,13.325747172461199,75,0.00732421875
0110010010,794,"[1, 2, 0, 3]",600,14.435768127441406,False,13.325747172461199,75,0.00732421875
0110010010,795,"[1, 0, 2, 3]",315,14.461278915405273,True,13.325747172461199,75,0.00732421875
0110010010,796,"[1, 2, 0, 3]",600,14.482975006103516,False,13.325747172461199,75,0.00732421875
0110010010,797,"[1, 0, 2, 3]",315,14.49894905090332,True,13.325747172461199,75,0.00732421875
0110010010,798,"[1, 2, 0, 3]",600,14.519691467285156,False,13.325747172461199,75,0.00732421875
0110010010,799,"[1, 0, 2, 3]",315,14.534950256347656,True,13.325747172461199,75,0.00732421875
0110010010,800,"[1, 2, 0, 3]",600,14.556646347045898,False,13.325747172461199,75,0.00732421875
0110010010,801,"[1, 0, 2, 3]",315,14.5721435546875,True,13.325747172461199,75,0.00732421875
0110010010,802,"[1, 2, 0, 3]",600,14.592647552490234,False,13.325747172461199,75,0.00732421875
0110010010,803,"[1, 0, 2, 3]",315,14.607667922973633,True,13.325747172461199,75,0.00732421875
0110010010,804,"[1, 2, 0, 3]",600,14.627695083618164,False,13.325747172461199,75,0.00732421875
0110010010,805,"[1, 0, 2, 3]",315,14.642477035522461,True,13.325747172461199,75,0.00732421875
0110010010,806,"[1, 2, 0, 3]",600,14.662504196166992,False,13.325747172461199,75,0.00732421875
0110010010,807,"[1, 0, 2, 3]",315,14.67752456665039,True,13.325747172461199,75,0.00732421875
0110010010,808,"[1, 2, 0, 3]",600,14.697551727294922,False,13.325747172461199,75,0.00732421875
0110010010,809,"[1, 0, 2, 3]",315,14.712333679199219,True,13.325747172461199,75,0.00732421875
0110010010,810,"[1, 2, 0, 3]",600,14.73236083984375,False,13.325747172461199,75,0.00732421875
0110010010,811,"[1, 0, 2, 3]",315,14.747381210327148,True,13.325747172461199,75,0.00732421875
0110010010,812,"[1, 2, 0, 3]",600,14.76740837097168,False,13.325747172461199,75,0.00732421875
0110010010,813,"[1, 0, 2, 3]",315,14.782428741455078,True,13.325747172461199,75,0.00732421875
0110010010,814,"[1, 2, 0, 3]",600,14.802694320678711,False,13.325747172461199,75,0.00732421875
0110010010,815,"[1, 0, 2, 3]",315,14.820098876953125,True,13.325747172461199,75,0.00732421875
0110010010,816,"[1, 2, 0, 3]",600,14.84060287475586,False,13.325747172461199,75,0.00732421875
0110010010,817,"[1, 0, 2, 3]",315,14.856576919555664,True,13.325747172461199,75,0.00732421875
0110010010,818,"[1, 2, 0, 3]",600,14.876127243041992,False,13.325747172461199,75,0.00732421875
0110010010,819,"[1, 0, 2, 3]",315,14.891862869262695,True,13.325747172461199,75,0.00732421875
0110010010,820,"[1, 2, 0, 3]",600,14.912128448486328,False,13.325747172461199,75,0.00732421875
0110010010,821,"[1, 0, 2, 3]",315,14.92929458618164,True,13.325747172461199,75,0.00732421875
0110010010,822,"[1, 2, 0, 3]",600,14.949321746826172,False,13.325747172461199,75,0.00732421875
0110010010,823,"[1, 0, 2, 3]",315,14.964580535888672,True,13.325747172461199,75,0.00732421875
0110010010,824,"[1, 2, 0, 3]",600,14.984607696533203,False,13.325747172461199,75,0.00732421875
0110010010,825,"[1, 0, 2, 3]",315,14.999628067016602,True,13.325747172461199,75,0.00732421875
0110010010,826,"[1, 2, 0, 3]",600,15.019655227661133,False,13.325747172461199,75,0.00732421875
0110010010,827,"[1, 0, 2, 3]",315,15.03443717956543,True,13.325747172461199,75,0.00732421875
0110010010,828,"[1, 2, 0, 3]",600,15.054702758789062,False,13.325747172461199,75,0.00732421875
0110010010,829,"[1, 0, 2, 3]",315,15.069723129272461,True,13.325747172461199,75,0.00732421875
0110010010,830,"[1, 2, 0, 3]",600,15.08951187133789,False,13.325747172461199,75,0.00732421875
0110010010,831,"[1, 0, 2, 3]",315,15.104293823242188,True,13.325747172461199,75,0.00732421875
0110010010,832,"[1, 2, 0, 3]",600,15.124082565307617,False,13.325747172461199,75,0.00732421875
0110010010,833,"[1, 0, 2, 3]",315,15.138864517211914,True,13.325747172461199,75,0.00732421875
0110010010,834,"[1, 2, 0, 3]",600,15.158653259277344,False,13.325747172461199,75,0.00732421875
0110010010,835,"[1, 0, 2, 3]",315,15.17343521118164,True,13.325747172461199,75,0.00732421875
0110010010,836,"[1, 2, 0, 3]",600,15.19322395324707,False,13.325747172461199,75,0.00732421875
0110010010,837,"[1, 0, 2, 3]",315,15.207767486572266,True,13.325747172461199,75,0.00732421875
0110010010,838,"[1, 2, 0, 3]",600,15.227317810058594,False,13.325747172461199,75,0.00732421875
0110010010,839,"[1, 0, 2, 3]",315,15.242338180541992,True,13.325747172461199,75,0.00732421875
0110010010,840,"[1, 2, 0, 3]",600,15.261650085449219,False,13.325747172461199,75,0.00732421875
0110010010,841,"[1, 0, 2, 3]",315,15.276908874511719,True,13.325747172461199,75,0.00732421875
0110010010,842,"[1, 2, 0, 3]",600,15.29836654663086,False,13.325747172461199,75,0.00732421875
0110010010,843,"[1, 0, 2, 3]",315,15.31362533569336,True,13.325747172461199,75,0.00732421875
0110010010,844,"[1, 2, 0, 3]",600,15.333890914916992,False,13.325747172461199,75,0.00732421875
0110010010,845,"[1, 0, 2, 3]",315,15.349149703979492,True,13.325747172461199,75,0.00732421875
0110010010,846,"[1, 2, 0, 3]",600,15.370368957519531,False,13.325747172461199,75,0.00732421875
0110010010,847,"[1, 0, 2, 3]",315,15.386343002319336,True,13.325747172461199,75,0.00732421875
0110010010,848,"[1, 2, 0, 3]",600,15.40684700012207,False,13.325747172461199,75,0.00732421875
0110010010,849,"[1, 0, 2, 3]",315,15.42210578918457,True,13.325747172461199,75,0.00732421875
0110010010,850,"[1, 2, 0, 3]",600,15.442132949829102,False,13.325747172461199,75,0.00732421875
0110010010,851,"[1, 0, 2, 3]",315,15.456914901733398,True,13.325747172461199,75,0.00732421875
0110010010,852,"[1, 2, 0, 3]",600,15.476226806640625,False,13.325747172461199,75,0.00732421875
0110010010,853,"[1, 0, 2, 3]",315,15.49077033996582,True,13.325747172461199,75,0.00732421875
0110010010,854,"[1, 2, 0, 3]",600,15.51055908203125,False,13.325747172461199,75,0.00732421875
0110010010,855,"[1, 0, 2, 3]",315,15.525341033935547,True,13.325747172461199,75,0.00732421875
0110010010,856,"[1, 2, 0, 3]",600,15.545129776000977,False,13.325747172461199,75,0.00732421875
0110010010,857,"[1, 0, 2, 3]",315,15.560150146484375,True,13.325747172461199,75,0.00732421875
0110010010,858,"[1, 2, 0, 3]",600,15.579938888549805,False,13.325747172461199,75,0.00732421875
0110010010,859,"[1, 0, 2, 3]",315,15.594720840454102,True,13.325747172461199,75,0.00732421875
0110010010,860,"[1, 2, 0, 3]",600,15.614509582519531,False,13.325747172461199,75,0.00732421875
0110010010,861,"[1, 0, 2, 3]",315,15.629291534423828,True,13.325747172461199,75,0.00732421875
0110010010,862,"[1, 2, 0, 3]",600,15.64931869506836,False,13.325747172461199,75,0.00732421875
0110010010,863,"[1, 0, 2, 3]",315,15.666007995605469,True,13.325747172461199,75,0.00732421875
0110010010,864,"[1, 2, 0, 3]",600,15.686273574829102,False,13.325747172461199,75,0.00732421875
0110010010,865,"[1, 0, 2, 3]",315,15.701055526733398,True,13.325747172461199,75,0.00732421875
0110010010,866,"[1, 2, 0, 3]",600,15.720844268798828,False,13.325747172461199,75,0.00732421875
0110010010,867,"[1, 0, 2, 3]",315,15.735864639282227,True,13.325747172461199,75,0.00732421875
0110010010,868,"[1, 2, 0, 3]",600,15.75613021850586,False,13.325747172461199,75,0.00732421875
0110010010,869,"[1, 0, 2, 3]",315,15.771150588989258,True,13.325747172461199,75,0.00732421875
0110010010,870,"[1, 2, 0, 3]",600,15.790939331054688,False,13.325747172461199,75,0.00732421875
0110010010,871,"[1, 0, 2, 3]",315,15.805959701538086,True,13.325747172461199,75,0.00732421875
0110010010,872,"[1, 2, 0, 3]",600,15.825748443603516,False,13.325747172461199,75,0.00732421875
0110010010,873,"[1, 0, 2, 3]",315,15.840768814086914,True,13.325747172461199,75,0.00732421875
0110010010,874,"[1, 2, 0, 3]",600,15.860557556152344,False,13.325747172461199,75,0.00732421875
0110010010,875,"[1, 0, 2, 3]",315,15.876293182373047,True,13.325747172461199,75,0.00732421875
0110010010,876,"[1, 2, 0, 3]",600,15.896081924438477,False,13.325747172461199,75,0.00732421875
0110010010,877,"[1, 0, 2, 3]",315,15.910863876342773,True,13.325747172461199,75,0.00732421875
0110010010,878,"[1, 2, 0, 3]",600,15.930414199829102,False,13.325747172461199,75,0.00732421875
0110010010,879,"[1, 0, 2, 3]",315,15.9454345703125,True,13.325747172461199,75,0.00732421875
0110010010,880,"[1, 2, 0, 3]",600,15.96522331237793,False,13.325747172461199,75,0.00732421875
0110010010,881,"[1, 0, 2, 3]",315,15.980243682861328,True,13.325747172461199,75,0.00732421875
0110010010,882,"[1, 2, 0, 3]",600,16.000032424926758,False,13.325747172461199,75,0.00732421875
0110010010,883,"[1, 0, 2, 3]",315,16.014814376831055,True,13.325747172461199,75,0.00732421875
0110010010,884,"[1, 2, 0, 3]",600,16.036033630371094,False,13.325747172461199,75,0.00732421875
0110010010,885,"[1, 0, 2, 3]",315,16.051530838012695,True,13.325747172461199,75,0.00732421875
0110010010,886,"[1, 2, 0, 3]",600,16.071796417236328,False,13.325747172461199,75,0.00732421875
0110010010,887,"[1, 0, 2, 3]",315,16.086578369140625,True,13.325747172461199,75,0.00732421875
0110010010,888,"[1, 2, 0, 3]",600,16.106367111206055,False,13.325747172461199,75,0.00732421875
0110010010,889,"[1, 0, 2, 3]",315,16.12114906311035,True,13.325747172461199,75,0.00732421875
0110010010,890,"[1, 2, 0, 3]",600,16.14093780517578,False,13.325747172461199,75,0.00732421875
0110010010,891,"[1, 0, 2, 3]",315,16.155719757080078,True,13.325747172461199,75,0.00732421875
0110010010,892,"[1, 2, 0, 3]",600,16.175031661987305,False,13.325747172461199,75,0.00732421875
0110010010,893,"[1, 0, 2, 3]",315,16.190052032470703,True,13.325747172461199,75,0.00732421875
0110010010,894,"[1, 2, 0, 3]",600,16.20960235595703,False,13.325747172461199,75,0.00732421875
0110010010,895,"[1, 0, 2, 3]",315,16.22486114501953,True,13.325747172461199,75,0.00732421875
0110010010,896,"[1, 2, 0, 3]",600,16.24441146850586,False,13.325747172461199,75,0.00732421875
0110010010,897,"[1, 0, 2, 3]",315,16.261577606201172,True,13.325747172461199,75,0.00732421875
0110010010,898,"[1, 2, 0, 3]",600,16.281843185424805,False,13.325747172461199,75,0.00732421875
0110010010,899,"[1, 0, 2, 3]",315,16.297101974487305,True,13.325747172461199,75,0.00732421875
0110010010,900,"[1, 2, 0, 3]",600,16.316890716552734,False,13.325747172461199,75,0.00732421875
0110010010,901,"[1, 0, 2, 3]",315,16.331911087036133,True,13.325747172461199,75,0.00732421875
0110010010,902,"[1, 2, 0, 3]",600,16.35146141052246,False,13.325747172461199,75,0.00732421875
0110010010,903,"[1, 0, 2, 3]",315,16.36648178100586,True,13.325747172461199,75,0.00732421875
0110010010,904,"[1, 2, 0, 3]",600,16.386032104492188,False,13.325747172461199,75,0.00732421875
0110010010,905,"[1, 0, 2, 3]",315,16.402482986450195,True,13.325747172461199,75,0.00732421875
0110010010,906,"[1, 2, 0, 3]",600,16.42298698425293,False,13.325747172461199,75,0.00732421875
0110010010,907,"[1, 0, 2, 3]",315,16.437530517578125,True,13.325747172461199,75,0.00732421875
0110010010,908,"[1, 2, 0, 3]",600,16.457557678222656,False,13.325747172461199,75,0.00732421875
0110010010,909,"[1, 0, 2, 3]",315,16.47210121154785,True,13.325747172461199,75,0.00732421875
0110010010,910,"[1, 2, 0, 3]",600,16.507863998413086,False,13.325747172461199,75,0.00732421875
0110010010,911,"[1, 0, 2, 3]",315,16.523361206054688,True,13.325747172461199,75,0.00732421875
0110010010,912,"[1, 2, 0, 3]",600,16.544342041015625,False,13.325747172461199,75,0.00732421875
0110010010,913,"[1, 0, 2, 3]",315,16.559600830078125,True,13.325747172461199,75,0.00732421875
0110010010,914,"[1, 2, 0, 3]",600,16.58010482788086,False,13.325747172461199,75,0.00732421875
0110010010,915,"[1, 0, 2, 3]",315,16.59560203552246,True,13.325747172461199,75,0.00732421875
0110010010,916,"[1, 2, 0, 3]",600,16.615867614746094,False,13.325747172461199,75,0.00732421875
0110010010,917,"[1, 0, 2, 3]",315,16.631364822387695,True,13.325747172461199,75,0.00732421875
0110010010,918,"[1, 2, 0, 3]",600,16.652345657348633,False,13.325747172461199,75,0.00732421875
0110010010,919,"[1, 0, 2, 3]",315,16.667604446411133,True,13.325747172461199,75,0.00732421875
0110010010,920,"[1, 2, 0, 3]",600,16.68858528137207,False,13.325747172461199,75,0.00732421875
0110010010,921,"[1, 0, 2, 3]",315,16.704320907592773,True,13.325747172461199,75,0.00732421875
0110010010,922,"[1, 2, 0, 3]",600,16.72506332397461,False,13.325747172461199,75,0.00732421875
0110010010,923,"[1, 0, 2, 3]",315,16.740798950195312,True,13.325747172461199,75,0.00732421875
0110010010,924,"[1, 2, 0, 3]",600,16.76201820373535,False,13.325747172461199,75,0.00732421875
0110010010,925,"[1, 0, 2, 3]",315,16.777515411376953,True,13.325747172461199,75,0.00732421875
0110010010,926,"[1, 2, 0, 3]",600,16.7996883392334,False,13.325747172461199,75,0.00732421875
0110010010,927,"[1, 0, 2, 3]",315,16.815662384033203,True,13.325747172461199,75,0.00732421875
0110010010,928,"[1, 2, 0, 3]",600,16.83664321899414,False,13.325747172461199,75,0.00732421875
0110010010,929,"[1, 0, 2, 3]",315,16.852378845214844,True,13.325747172461199,75,0.00732421875
0110010010,930,"[1, 2, 0, 3]",600,16.87312126159668,False,13.325747172461199,75,0.00732421875
0110010010,931,"[1, 0, 2, 3]",315,16.88838005065918,True,13.325747172461199,75,0.00732421875
0110010010,932,"[1, 2, 0, 3]",600,16.909122467041016,False,13.325747172461199,75,0.00732421875
0110010010,933,"[1, 0, 2, 3]",315,16.924381256103516,True,13.325747172461199,75,0.00732421875
0110010010,934,"[1, 2, 0, 3]",600,16.945362091064453,False,13.325747172461199,75,0.00732421875
0110010010,935,"[1, 0, 2, 3]",315,16.961097717285156,True,13.325747172461199,75,0.00732421875
0110010010,936,"[1, 2, 0, 3]",600,16.982078552246094,False,13.325747172461199,75,0.00732421875
0110010010,937,"[1, 0, 2, 3]",315,16.997575759887695,True,13.325747172461199,75,0.00732421875
0110010010,938,"[1, 2, 0, 3]",600,17.01831817626953,False,13.325747172461199,75,0.00732421875
0110010010,939,"[1, 0, 2, 3]",315,17.034053802490234,True,13.325747172461199,75,0.00732421875
0110010010,940,"[1, 2, 0, 3]",600,17.055034637451172,False,13.325747172461199,75,0.00732421875
0110010010,941,"[1, 0, 2, 3]",315,17.070293426513672,True,13.325747172461199,75,0.00732421875
0010110010,942,"[2, 1, 3, 0]",9300,17.09127426147461,False,15.87456625076201,67,0.00654296875
0010110010,943,"[2, 1, 0, 3]",600,17.107725143432617,True,15.87456625076201,67,0.00654296875
0010110010,944,"[2, 1, 3, 0]",9300,17.128705978393555,False,15.87456625076201,67,0.00654296875
0010110010,945,"[2, 1, 0, 3]",600,17.144441604614258,True,15.87456625076201,67,0.00654296875
0010110010,946,"[2, 1, 3, 0]",9300,17.165422439575195,False,15.87456625076201,67,0.00654296875
0010110010,947,"[2, 1, 0, 3]",600,17.183303833007812,True,15.87456625076201,67,0.00654296875
0010110010,948,"[2, 1, 3, 0]",9300,17.206907272338867,False,15.87456625076201,67,0.00654296875
0010110010,949,"[2, 1, 0, 3]",600,17.223119735717773,True,15.87456625076201,67,0.00654296875
0010110010,950,"[2, 1, 3, 0]",9300,17.244815826416016,False,15.87456625076201,67,0.00654296875
0010110010,951,"[2, 1, 0, 3]",600,17.261028289794922,True,15.87456625076201,67,0.00654296875
0010110010,952,"[2, 1, 3, 0]",9300,17.28200912475586,False,15.87456625076201,67,0.00654296875
0010110010,953,"[2, 1, 0, 3]",600,17.297983169555664,True,15.87456625076201,67,0.00654296875
0010110010,954,"[2, 1, 3, 0]",9300,17.3187255859375,False,15.87456625076201,67,0.00654296875
0010110010,955,"[2, 1, 0, 3]",600,17.334461212158203,True,15.87456625076201,67,0.00654296875
0010110010,956,"[2, 1, 3, 0]",9300,17.35520362854004,False,15.87456625076201,67,0.00654296875
0010110010,957,"[2, 1, 0, 3]",600,17.371177673339844,True,15.87456625076201,67,0.00654296875
0010110010,958,"[2, 1, 3, 0]",9300,17.39192008972168,False,15.87456625076201,67,0.00654296875
0010110010,959,"[2, 1, 0, 3]",600,17.41766929626465,True,15.87456625076201,67,0.00654296875
0010110010,960,"[2, 1, 3, 0]",9300,17.43769645690918,False,15.87456625076201,67,0.00654296875
0010110010,961,"[2, 1, 0, 3]",600,17.45295524597168,True,15.87456625076201,67,0.00654296875
0010110010,962,"[2, 1, 3, 0]",9300,17.47298240661621,False,15.87456625076201,67,0.00654296875
0010110010,963,"[2, 1, 0, 3]",600,17.492294311523438,True,15.87456625076201,67,0.00654296875
0010110010,964,"[2, 1, 3, 0]",9300,17.512798309326172,False,15.87456625076201,67,0.00654296875
0010110010,965,"[2, 1, 0, 3]",600,17.52781867980957,True,15.87456625076201,67,0.00654296875
0010110010,966,"[2, 1, 3, 0]",9300,17.547607421875,False,15.87456625076201,67,0.00654296875
0010110010,967,"[2, 1, 0, 3]",600,17.5628662109375,True,15.87456625076201,67,0.00654296875
0010110010,968,"[2, 1, 3, 0]",9300,17.58408546447754,False,15.87456625076201,67,0.00654296875
0010110010,969,"[2, 1, 0, 3]",600,17.59958267211914,True,15.87456625076201,67,0.00654296875
0010110010,970,"[2, 1, 3, 0]",9300,17.619848251342773,False,15.87456625076201,67,0.00654296875
0010110010,971,"[2, 1, 0, 3]",600,17.63463020324707,True,15.87456625076201,67,0.00654296875
0010110010,972,"[2, 1, 3, 0]",9300,17.6544189453125,False,15.87456625076201,67,0.00654296875
0010110010,973,"[2, 1, 0, 3]",600,17.6694393157959,True,15.87456625076201,67,0.00654296875
0010110010,974,"[2, 1, 3, 0]",9300,17.689228057861328,False,15.87456625076201,67,0.00654296875
0010110010,975,"[2, 1, 0, 3]",600,17.704248428344727,True,15.87456625076201,67,0.00654296875
0010110010,976,"[2, 1, 3, 0]",9300,17.724037170410156,False,15.87456625076201,67,0.00654296875
0010110010,977,"[2, 1, 0, 3]",600,17.739295959472656,True,15.87456625076201,67,0.00654296875
0010110010,978,"[2, 1, 3, 0]",9300,17.768144607543945,False,15.87456625076201,67,0.00654296875
0010110010,979,"[2, 1, 0, 3]",600,17.782211303710938,True,15.87456625076201,67,0.00654296875
0010110010,980,"[2, 1, 3, 0]",9300,17.79937744140625,False,15.87456625076201,67,0.00654296875
0010110010,981,"[2, 1, 0, 3]",600,17.81296730041504,True,15.87456625076201,67,0.00654296875
0010110010,982,"[2, 1, 3, 0]",9300,17.83013343811035,False,15.87456625076201,67,0.00654296875
0010110010,983,"[2, 1, 0, 3]",600,17.846345901489258,True,15.87456625076201,67,0.00654296875
0010110010,984,"[2, 1, 3, 0]",9300,17.863750457763672,False,15.87456625076201,67,0.00654296875
0010110010,985,"[2, 1, 0, 3]",600,17.87734031677246,True,15.87456625076201,67,0.00654296875
0010110010,986,"[2, 1, 3, 0]",9300,17.894506454467773,False,15.87456625076201,67,0.00654296875
0010110010,987,"[2, 1, 0, 3]",600,17.90785789489746,True,15.87456625076201,67,0.00654296875
0010110010,988,"[2, 1, 3, 0]",9300,17.925500869750977,False,15.87456625076201,67,0.00654296875
0010110010,989,"[2, 1, 0, 3]",600,17.940044403076172,True,15.87456625076201,67,0.00654296875
0010110010,990,"[2, 1, 3, 0]",9300,17.95792579650879,False,15.87456625076201,67,0.00654296875
0010110010,991,"[2, 1, 0, 3]",600,17.971277236938477,True,15.87456625076201,67,0.00654296875
0010110010,992,"[2, 1, 3, 0]",9300,17.988920211791992,False,15.87456625076201,67,0.00654296875
0010110010,993,"[2, 1, 0, 3]",600,18.002033233642578,True,15.87456625076201,67,0.00654296875
0010110010,994,"[2, 1, 3, 0]",9300,18.01919937133789,False,15.87456625076201,67,0.00654296875
0010110010,995,"[2, 1, 0, 3]",600,18.031835556030273,True,15.87456625076201,67,0.00654296875
0010110010,996,"[2, 1, 3, 0]",9300,18.049240112304688,False,15.87456625076201,67,0.00654296875
0010110010,997,"[2, 1, 0, 3]",600,18.062114715576172,True,15.87456625076201,67,0.00654296875
0010110010,998,"[2, 1, 3, 0]",9300,18.0814266204834,False,15.87456625076201,67,0.00654296875
0010110010,999,"[2, 1, 0, 3]",600,18.094539642333984,True,15.87456625076201,67,0.00654296875
0010110010,1000,"[2, 1, 3, 0]",9300,18.1119441986084,False,15.87456625076201,67,0.00654296875
0010110010,1001,"[2, 1, 0, 3]",600,18.125057220458984,True,15.87456625076201,67,0.00654296875
0010110010,1002,"[2, 1, 3, 0]",9300,18.142223358154297,False,15.87456625076201,67,0.00654296875
0010110010,1003,"[2, 1, 0, 3]",600,18.155336380004883,True,15.87456625076201,67,0.00654296875
0010110010,1004,"[2, 1, 3, 0]",9300,18.172502517700195,False,15.87456625076201,67,0.00654296875
0010110010,1005,"[2, 1, 0, 3]",600,18.18561553955078,True,15.87456625076201,67,0.00654296875
0010110010,1006,"[2, 1, 3, 0]",9300,18.202781677246094,False,15.87456625076201,67,0.00654296875
0010110010,1007,"[2, 1, 0, 3]",600,18.215656280517578,True,15.87456625076201,67,0.00654296875
0010110010,1008,"[2, 1, 3, 0]",9300,18.23258399963379,False,15.87456625076201,67,0.00654296875
0010110010,1009,"[2, 1, 0, 3]",600,18.245935440063477,True,15.87456625076201,67,0.00654296875
0010110010,1010,"[2, 1, 3, 0]",9300,18.2647705078125,False,15.87456625076201,67,0.00654296875
0010110010,1011,"[2, 1, 0, 3]",600,18.277883529663086,True,15.87456625076201,67,0.00654296875
0010110010,1012,"[2, 1, 3, 0]",9300,18.2952880859375,False,15.87456625076201,67,0.00654296875
0010110010,1013,"[2, 1, 0, 3]",600,18.308401107788086,True,15.87456625076201,67,0.00654296875
0010110010,1014,"[2, 1, 3, 0]",9300,18.325328826904297,False,15.87456625076201,67,0.00654296875
0010110010,1015,"[2, 1, 0, 3]",600,18.338441848754883,True,15.87456625076201,67,0.00654296875
0010110010,1016,"[2, 1, 3, 0]",9300,18.355846405029297,False,15.87456625076201,67,0.00654296875
0010110010,1017,"[2, 1, 0, 3]",600,18.36848258972168,True,15.87456625076201,67,0.00654296875
0010110010,1018,"[2, 1, 3, 0]",9300,18.385648727416992,False,15.87456625076201,67,0.00654296875
0010110010,1019,"[2, 1, 0, 3]",600,18.398761749267578,True,15.87456625076201,67,0.00654296875
0010110010,1020,"[2, 1, 3, 0]",9300,18.41592788696289,False,15.87456625076201,67,0.00654296875
0010110010,1021,"[2, 1, 0, 3]",600,18.428802490234375,True,15.87456625076201,67,0.00654296875
0010110010,1022,"[2, 1, 3, 0]",9300,18.445968627929688,False,15.87456625076201,67,0.00654296875
0010110010,1023,"[2, 1, 0, 3]",600,18.45860481262207,True,15.87456625076201,67,0.00654296875
0010110010,1024,"[2, 1, 3, 0]",9300,18.475770950317383,False,15.87456625076201,67,0.00654296875
0010110010,1025,"[2, 1, 0, 3]",600,18.488645553588867,True,15.87456625076201,67,0.00654296875
0010110010,1026,"[2, 1, 3, 0]",9300,18.50605010986328,False,15.87456625076201,67,0.00654296875
0010110010,1027,"[2, 1, 0, 3]",600,18.518924713134766,True,15.87456625076201,67,0.00654296875
0010110010,1028,"[2, 1, 3, 0]",9300,18.53632926940918,False,15.87456625076201,67,0.00654296875
0010110010,1029,"[2, 1, 0, 3]",600,18.549203872680664,True,15.87456625076201,67,0.00654296875
0010110010,1030,"[2, 1, 3, 0]",9300,18.566608428955078,False,15.87456625076201,67,0.00654296875
0010110010,1031,"[2, 1, 0, 3]",600,18.581390380859375,True,15.87456625076201,67,0.00654296875
0010110010,1032,"[2, 1, 3, 0]",9300,18.59903335571289,False,15.87456625076201,67,0.00654296875
0010110010,1033,"[2, 1, 0, 3]",600,18.612384796142578,True,15.87456625076201,67,0.00654296875
0010110010,1034,"[2, 1, 3, 0]",9300,18.62931251525879,False,15.87456625076201,67,0.00654296875
0010110010,1035,"[2, 1, 0, 3]",600,18.642663955688477,True,15.87456625076201,67,0.00654296875
0010110010,1036,"[2, 1, 3, 0]",9300,18.66006851196289,False,15.87456625076201,67,0.00654296875
0010110010,1037,"[2, 1, 0, 3]",600,18.673181533813477,True,15.87456625076201,67,0.00654296875
0010110010,1038,"[2, 1, 3, 0]",9300,18.69034767150879,False,15.87456625076201,67,0.00654296875
0010110010,1039,"[2, 1, 0, 3]",600,18.703222274780273,True,15.87456625076201,67,0.00654296875
0010110010,1040,"[2, 1, 3, 0]",9300,18.720388412475586,False,15.87456625076201,67,0.00654296875
0010110010,1041,"[2, 1, 0, 3]",600,18.73326301574707,True,15.87456625076201,67,0.00654296875
0010110010,1042,"[2, 1, 3, 0]",9300,18.750429153442383,False,15.87456625076201,67,0.00654296875
0010110010,1043,"[2, 1, 0, 3]",600,18.763303756713867,True,15.87456625076201,67,0.00654296875
0010110010,1044,"[2, 1, 3, 0]",9300,18.78070831298828,False,15.87456625076201,67,0.00654296875
0010110010,1045,"[2, 1, 0, 3]",600,18.793821334838867,True,15.87456625076201,67,0.00654296875
0010110010,1046,"[2, 1, 3, 0]",9300,18.81098747253418,False,15.87456625076201,67,0.00654296875
0010110010,1047,"[2, 1, 0, 3]",600,18.823862075805664,True,15.87456625076201,67,0.00654296875
0010110010,1048,"[2, 1, 3, 0]",9300,18.842697143554688,False,15.87456625076201,67,0.00654296875
0010110010,1049,"[2, 1, 0, 3]",600,18.856525421142578,True,15.87456625076201,67,0.00654296875
0010110010,1050,"[2, 1, 3, 0]",9300,18.874406814575195,False,15.87456625076201,67,0.00654296875
0010110010,1051,"[2, 1, 0, 3]",600,18.887758255004883,True,15.87456625076201,67,0.00654296875
0010110010,1052,"[2, 1, 3, 0]",9300,18.906354904174805,False,15.87456625076201,67,0.00654296875
0010110010,1053,"[2, 1, 0, 3]",600,18.919706344604492,True,15.87456625076201,67,0.00654296875
0010110010,1054,"[2, 1, 3, 0]",9300,18.937349319458008,False,15.87456625076201,67,0.00654296875
0010110010,1055,"[2, 1, 0, 3]",600,18.950462341308594,True,15.87456625076201,67,0.00654296875
0010110010,1056,"[2, 1, 3, 0]",9300,18.967866897583008,False,15.87456625076201,67,0.00654296875
0010110010,1057,"[2, 1, 0, 3]",600,18.980979919433594,True,15.87456625076201,67,0.00654296875
0010110010,1058,"[2, 1, 3, 0]",9300,18.998384475708008,False,15.87456625076201,67,0.00654296875
0010110010,1059,"[2, 1, 0, 3]",600,19.01102066040039,True,15.87456625076201,67,0.00654296875
0010110010,1060,"[2, 1, 3, 0]",9300,19.028425216674805,False,15.87456625076201,67,0.00654296875
0010110010,1061,"[2, 1, 0, 3]",600,19.04153823852539,True,15.87456625076201,67,0.00654296875
0010110010,1062,"[2, 1, 3, 0]",9300,19.058942794799805,False,15.87456625076201,67,0.00654296875
0010110010,1063,"[2, 1, 0, 3]",600,19.07205581665039,True,15.87456625076201,67,0.00654296875
0010110010,1064,"[2, 1, 3, 0]",9300,19.089460372924805,False,15.87456625076201,67,0.00654296875
0010110010,1065,"[2, 1, 0, 3]",600,19.102811813354492,True,15.87456625076201,67,0.00654296875
0010110010,1066,"[2, 1, 3, 0]",9300,19.120216369628906,False,15.87456625076201,67,0.00654296875
0010110010,1067,"[2, 1, 0, 3]",600,19.133567810058594,True,15.87456625076201,67,0.00654296875
0010110010,1068,"[2, 1, 3, 0]",9300,19.150733947753906,False,15.87456625076201,67,0.00654296875
0010110010,1069,"[2, 1, 0, 3]",600,19.16360855102539,True,15.87456625076201,67,0.00654296875
0010110010,1070,"[2, 1, 3, 0]",9300,19.180774688720703,False,15.87456625076201,67,0.00654296875
0010110010,1071,"[2, 1, 0, 3]",600,19.19388771057129,True,15.87456625076201,67,0.00654296875
0010110010,1072,"[2, 1, 3, 0]",9300,19.2110538482666,False,15.87456625076201,67,0.00654296875
0010110010,1073,"[2, 1, 0, 3]",600,19.225358963012695,True,15.87456625076201,67,0.00654296875
0010110010,1074,"[2, 1, 3, 0]",9300,19.243240356445312,False,15.87456625076201,67,0.00654296875
0010110010,1075,"[2, 1, 0, 3]",600,19.2563533782959,True,15.87456625076201,67,0.00654296875
1001010001,1076,"[0, 2, 1, 3]",500,19.27638053894043,False,11.18188720114459,64,0.00625
1001010001,1077,"[0, 1, 2, 3]",315,19.290447235107422,True,11.18188720114459,64,0.00625
1001010001,1078,"[0, 2, 1, 3]",500,19.30832862854004,False,11.18188720114459,64,0.00625
1001010001,1079,"[0, 1, 2, 3]",315,19.332408905029297,True,11.18188720114459,64,0.00625
1001010001,1080,"[0, 2, 1, 3]",500,19.35267448425293,False,11.18188720114459,64,0.00625
1001010001,1081,"[0, 1, 2, 3]",315,19.367218017578125,True,11.18188720114459,64,0.00625
1001010001,1082,"[0, 2, 1, 3]",500,19.387006759643555,False,11.18188720114459,64,0.00625
1001010001,1083,"[0, 1, 2, 3]",315,19.40155029296875,True,11.18188720114459,64,0.00625
1001010001,1084,"[0, 2, 1, 3]",500,19.42157745361328,False,11.18188720114459,64,0.00625
1001010001,1085,"[0, 1, 2, 3]",315,19.436120986938477,True,11.18188720114459,64,0.00625
1001010001,1086,"[0, 2, 1, 3]",500,19.455671310424805,False,11.18188720114459,64,0.00625
1001010001,1087,"[0, 1, 2, 3]",315,19.4704532623291,True,11.18188720114459,64,0.00625
1001010001,1088,"[0, 2, 1, 3]",500,19.49000358581543,False,11.18188720114459,64,0.00625
1001010001,1089,"[0, 1, 2, 3]",315,19.505023956298828,True,11.18188720114459,64,0.00625
1001010001,1090,"[0, 2, 1, 3]",500,19.524574279785156,False,11.18188720114459,64,0.00625
1001010001,1091,"[0, 1, 2, 3]",315,19.539594650268555,True,11.18188720114459,64,0.00625
1001010001,1092,"[0, 2, 1, 3]",500,19.559144973754883,False,11.18188720114459,64,0.00625
1001010001,1093,"[0, 1, 2, 3]",315,19.57559585571289,True,11.18188720114459,64,0.00625
1001010001,1094,"[0, 2, 1, 3]",500,19.596338272094727,False,11.18188720114459,64,0.00625
1001010001,1095,"[0, 1, 2, 3]",315,19.610881805419922,True,11.18188720114459,64,0.00625
1001010001,1096,"[0, 2, 1, 3]",500,19.630908966064453,False,11.18188720114459,64,0.00625
1001010001,1097,"[0, 1, 2, 3]",315,19.64545249938965,True,11.18188720114459,64,0.00625
1001010001,1098,"[0, 2, 1, 3]",500,19.666671752929688,False,11.18188720114459,64,0.00625
1001010001,1099,"[0, 1, 2, 3]",315,19.68240737915039,True,11.18188720114459,64,0.00625
1001010001,1100,"[0, 2, 1, 3]",500,19.702911376953125,False,11.18188720114459,64,0.00625
1001010001,1101,"[0, 1, 2, 3]",315,19.717693328857422,True,11.18188720114459,64,0.00625
1001010001,1102,"[0, 2, 1, 3]",500,19.737958908081055,False,11.18188720114459,64,0.00625
1001010001,1103,"[0, 1, 2, 3]",315,19.75250244140625,True,11.18188720114459,64,0.00625
1001010001,1104,"[0, 2, 1, 3]",500,19.77252960205078,False,11.18188720114459,64,0.00625
1001010001,1105,"[0, 1, 2, 3]",315,19.787073135375977,True,11.18188720114459,64,0.00625
1001010001,1106,"[0, 2, 1, 3]",500,19.806861877441406,False,11.18188720114459,64,0.00625
1001010001,1107,"[0, 1, 2, 3]",315,19.8214054107666,True,11.18188720114459,64,0.00625
1001010001,1108,"[0, 2, 1, 3]",500,19.840717315673828,False,11.18188720114459,64,0.00625
1001010001,1109,"[0, 1, 2, 3]",315,19.855499267578125,True,11.18188720114459,64,0.00625
1001010001,1110,"[0, 2, 1, 3]",500,19.87481117248535,False,11.18188720114459,64,0.00625
1001010001,1111,"[0, 1, 2, 3]",315,19.889354705810547,True,11.18188720114459,64,0.00625
1001010001,1112,"[0, 2, 1, 3]",500,19.908905029296875,False,11.18188720114459,64,0.00625
1001010001,1113,"[0, 1, 2, 3]",315,19.92344856262207,True,11.18188720114459,64,0.00625
1001010001,1114,"[0, 2, 1, 3]",500,19.94490623474121,False,11.18188720114459,64,0.00625
1001010001,1115,"[0, 1, 2, 3]",315,19.96016502380371,True,11.18188720114459,64,0.00625
1001010001,1116,"[0, 2, 1, 3]",500,19.980430603027344,False,11.18188720114459,64,0.00625
1001010001,1117,"[0, 1, 2, 3]",315,19.995450973510742,True,11.18188720114459,64,0.00625
1001010001,1118,"[0, 2, 1, 3]",500,20.015239715576172,False,11.18188720114459,64,0.00625
1001010001,1119,"[0, 1, 2, 3]",315,20.03026008605957,True,11.18188720114459,64,0.00625
1001010001,1120,"[0, 2, 1, 3]",500,20.050048828125,False,11.18188720114459,64,0.00625
1001010001,1121,"[0, 1, 2, 3]",315,20.0650691986084,True,11.18188720114459,64,0.00625
1001010001,1122,"[0, 2, 1, 3]",500,20.084857940673828,False,11.18188720114459,64,0.00625
1001010001,1123,"[0, 1, 2, 3]",315,20.12467384338379,True,11.18188720114459,64,0.00625
1001010001,1124,"[0, 2, 1, 3]",500,20.145177841186523,False,11.18188720114459,64,0.00625
1001010001,1125,"[0, 1, 2, 3]",315,20.160198211669922,True,11.18188720114459,64,0.00625
1001010001,1126,"[0, 2, 1, 3]",500,20.17998695373535,False,11.18188720114459,64,0.00625
1001010001,1127,"[0, 1, 2, 3]",315,20.19476890563965,True,11.18188720114459,64,0.00625
1001010001,1128,"[0, 2, 1, 3]",500,20.214557647705078,False,11.18188720114459,64,0.00625
1001010001,1129,"[0, 1, 2, 3]",315,20.229578018188477,True,11.18188720114459,64,0.00625
1001010001,1130,"[0, 2, 1, 3]",500,20.249605178833008,False,11.18188720114459,64,0.00625
1001010001,1131,"[0, 1, 2, 3]",315,20.264387130737305,True,11.18188720114459,64,0.00625
1001010001,1132,"[0, 2, 1, 3]",500,20.284652709960938,False,11.18188720114459,64,0.00625
1001010001,1133,"[0, 1, 2, 3]",315,20.299673080444336,True,11.18188720114459,64,0.00625
1001010001,1134,"[0, 2, 1, 3]",500,20.319223403930664,False,11.18188720114459,64,0.00625
1001010001,1135,"[0, 1, 2, 3]",315,20.335912704467773,True,11.18188720114459,64,0.00625
1001010001,1136,"[0, 2, 1, 3]",500,20.356178283691406,False,11.18188720114459,64,0.00625
1001010001,1137,"[0, 1, 2, 3]",315,20.371198654174805,True,11.18188720114459,64,0.00625
1001010001,1138,"[0, 2, 1, 3]",500,20.390987396240234,False,11.18188720114459,64,0.00625
1001010001,1139,"[0, 1, 2, 3]",315,20.40576934814453,True,11.18188720114459,64,0.00625
1001010001,1140,"[0, 2, 1, 3]",500,20.425796508789062,False,11.18188720114459,64,0.00625
1001010001,1141,"[0, 1, 2, 3]",315,20.44963836669922,True,11.18188720114459,64,0.00625
1001010001,1142,"[0, 2, 1, 3]",500,20.467758178710938,False,11.18188720114459,64,0.00625
1001010001,1143,"[0, 1, 2, 3]",315,20.480871200561523,True,11.18188720114459,64,0.00625
1001010001,1144,"[0, 2, 1, 3]",500,20.498037338256836,False,11.18188720114459,64,0.00625
1001010001,1145,"[0, 1, 2, 3]",315,20.511388778686523,True,11.18188720114459,64,0.00625
1001010001,1146,"[0, 2, 1, 3]",500,20.528316497802734,False,11.18188720114459,64,0.00625
1001010001,1147,"[0, 1, 2, 3]",315,20.54142951965332,True,11.18188720114459,64,0.00625
1001010001,1148,"[0, 2, 1, 3]",500,20.560264587402344,False,11.18188720114459,64,0.00625
1001010001,1149,"[0, 1, 2, 3]",315,20.574331283569336,True,11.18188720114459,64,0.00625
1001010001,1150,"[0, 2, 1, 3]",500,20.59197425842285,False,11.18188720114459,64,0.00625
1001010001,1151,"[0, 1, 2, 3]",315,20.60699462890625,True,11.18188720114459,64,0.00625
1001010001,1152,"[0, 2, 1, 3]",500,20.624399185180664,False,11.18188720114459,64,0.00625
1001010001,1153,"[0, 1, 2, 3]",315,20.638227462768555,True,11.18188720114459,64,0.00625
1001010001,1154,"[0, 2, 1, 3]",500,20.655155181884766,False,11.18188720114459,64,0.00625
1001010001,1155,"[0, 1, 2, 3]",315,20.668506622314453,True,11.18188720114459,64,0.00625
1001010001,1156,"[0, 2, 1, 3]",500,20.687103271484375,False,11.18188720114459,64,0.00625
1001010001,1157,"[0, 1, 2, 3]",315,20.700693130493164,True,11.18188720114459,64,0.00625
1001010001,1158,"[0, 2, 1, 3]",500,20.718097686767578,False,11.18188720114459,64,0.00625
1001010001,1159,"[0, 1, 2, 3]",315,20.731210708618164,True,11.18188720114459,64,0.00625
1001010001,1160,"[0, 2, 1, 3]",500,20.748376846313477,False,11.18188720114459,64,0.00625
1001010001,1161,"[0, 1, 2, 3]",315,20.76101303100586,True,11.18188720114459,64,0.00625
1001010001,1162,"[0, 2, 1, 3]",500,20.778656005859375,False,11.18188720114459,64,0.00625
1001010001,1163,"[0, 1, 2, 3]",315,20.79153060913086,True,11.18188720114459,64,0.00625
1001010001,1164,"[0, 2, 1, 3]",500,20.80845832824707,False,11.18188720114459,64,0.00625
1001010001,1165,"[0, 1, 2, 3]",315,20.821571350097656,True,11.18188720114459,64,0.00625
1001010001,1166,"[0, 2, 1, 3]",500,20.83873748779297,False,11.18188720114459,64,0.00625
1001010001,1167,"[0, 1, 2, 3]",315,20.851612091064453,True,11.18188720114459,64,0.00625
1001010001,1168,"[0, 2, 1, 3]",500,20.868539810180664,False,11.18188720114459,64,0.00625
1001010001,1169,"[0, 1, 2, 3]",315,20.88165283203125,True,11.18188720114459,64,0.00625
1001010001,1170,"[0, 2, 1, 3]",500,20.899057388305664,False,11.18188720114459,64,0.00625
1001010001,1171,"[0, 1, 2, 3]",315,20.91217041015625,True,11.18188720114459,64,0.00625
1001010001,1172,"[0, 2, 1, 3]",500,20.929336547851562,False,11.18188720114459,64,0.00625
1001010001,1173,"[0, 1, 2, 3]",315,20.94268798828125,True,11.18188720114459,64,0.00625
1001010001,1174,"[0, 2, 1, 3]",500,20.959854125976562,False,11.18188720114459,64,0.00625
1001010001,1175,"[0, 1, 2, 3]",315,20.972728729248047,True,11.18188720114459,64,0.00625
1001010001,1176,"[0, 2, 1, 3]",500,20.98989486694336,False,11.18188720114459,64,0.00625
1001010001,1177,"[0, 1, 2, 3]",315,21.00539207458496,True,11.18188720114459,64,0.00625
1001010001,1178,"[0, 2, 1, 3]",500,21.023273468017578,False,11.18188720114459,64,0.00625
1001010001,1179,"[0, 1, 2, 3]",315,21.036386489868164,True,11.18188720114459,64,0.00625
1001010001,1180,"[0, 2, 1, 3]",500,21.053314208984375,False,11.18188720114459,64,0.00625
1001010001,1181,"[0, 1, 2, 3]",315,21.06618881225586,True,11.18188720114459,64,0.00625
1001010001,1182,"[0, 2, 1, 3]",500,21.083354949951172,False,11.18188720114459,64,0.00625
1001010001,1183,"[0, 1, 2, 3]",315,21.096229553222656,True,11.18188720114459,64,0.00625
1001010001,1184,"[0, 2, 1, 3]",500,21.11339569091797,False,11.18188720114459,64,0.00625
1001010001,1185,"[0, 1, 2, 3]",315,21.126508712768555,True,11.18188720114459,64,0.00625
1001010001,1186,"[0, 2, 1, 3]",500,21.143436431884766,False,11.18188720114459,64,0.00625
1001010001,1187,"[0, 1, 2, 3]",315,21.15607261657715,True,11.18188720114459,64,0.00625
1001010001,1188,"[0, 2, 1, 3]",500,21.17300033569336,False,11.18188720114459,64,0.00625
1001010001,1189,"[0, 1, 2, 3]",315,21.185874938964844,True,11.18188720114459,64,0.00625
1001010001,1190,"[0, 2, 1, 3]",500,21.202802658081055,False,11.18188720114459,64,0.00625
1001010001,1191,"[0, 1, 2, 3]",315,21.215438842773438,True,11.18188720114459,64,0.00625
1001010001,1192,"[0, 2, 1, 3]",500,21.23284339904785,False,11.18188720114459,64,0.00625
1001010001,1193,"[0, 1, 2, 3]",315,21.245479583740234,True,11.18188720114459,64,0.00625
1001010001,1194,"[0, 2, 1, 3]",500,21.262645721435547,False,11.18188720114459,64,0.00625
1001010001,1195,"[0, 1, 2, 3]",315,21.27552032470703,True,11.18188720114459,64,0.00625
1001010001,1196,"[0, 2, 1, 3]",500,21.292924880981445,False,11.18188720114459,64,0.00625
1001010001,1197,"[0, 1, 2, 3]",315,21.30579948425293,True,11.18188720114459,64,0.00625
1001010001,1198,"[0, 2, 1, 3]",500,21.324634552001953,False,11.18188720114459,64,0.00625
1001010001,1199,"[0, 1, 2, 3]",315,21.33965492248535,True,11.18188720114459,64,0.00625
1001010001,1200,"[0, 2, 1, 3]",500,21.357297897338867,False,11.18188720114459,64,0.00625
1001010001,1201,"[0, 1, 2, 3]",315,21.370410919189453,True,11.18188720114459,64,0.00625
1001010001,1202,"[0, 2, 1, 3]",500,21.387815475463867,False,11.18188720114459,64,0.00625
1001010001,1203,"[0, 1, 2, 3]",315,21.40069007873535,True,11.18188720114459,64,0.00625
0001111111,1204,"[3, 2, 1, 0]",9600,21.418333053588867,False,17.889370673819272,62,0.0060546875
0001111111,1205,"[3, 2, 1, 0]",9600,21.431922912597656,True,17.889370673819272,62,0.0060546875
0001111111,1206,"[3, 2, 1, 0]",9600,21.449565887451172,False,17.889370673819272,62,0.0060546875
0001111111,1207,"[3, 2, 1, 0]",9600,21.462678909301758,True,17.889370673819272,62,0.0060546875
0001111111,1208,"[3, 2, 1, 0]",9600,21.480083465576172,False,17.889370673819272,62,0.0060546875
0001111111,1209,"[3, 2, 1, 0]",9600,21.496295928955078,True,17.889370673819272,62,0.0060546875
0001111111,1210,"[3, 2, 1, 0]",9600,21.514177322387695,False,17.889370673819272,62,0.0060546875
0001111111,1211,"[3, 2, 1, 0]",9600,21.52705192565918,True,17.889370673819272,62,0.0060546875
0001111111,1212,"[3, 2, 1, 0]",9600,21.544456481933594,False,17.889370673819272,62,0.0060546875
0001111111,1213,"[3, 2, 1, 0]",9600,21.557092666625977,True,17.889370673819272,62,0.0060546875
0001111111,1214,"[3, 2, 1, 0]",9600,21.57449722290039,False,17.889370673819272,62,0.0060546875
0001111111,1215,"[3, 2, 1, 0]",9600,21.586894989013672,True,17.889370673819272,62,0.0060546875
0001111111,1216,"[3, 2, 1, 0]",9600,21.604061126708984,False,17.889370673819272,62,0.0060546875
0001111111,1217,"[3, 2, 1, 0]",9600,21.616697311401367,True,17.889370673819272,62,0.0060546875
0001111111,1218,"[3, 2, 1, 0]",9600,21.63386344909668,False,17.889370673819272,62,0.0060546875
0001111111,1219,"[3, 2, 1, 0]",9600,21.648406982421875,True,17.889370673819272,62,0.0060546875
0001111111,1220,"[3, 2, 1, 0]",9600,21.666288375854492,False,17.889370673819272,62,0.0060546875
0001111111,1221,"[3, 2, 1, 0]",9600,21.67963981628418,True,17.889370673819272,62,0.0060546875
0001111111,1222,"[3, 2, 1, 0]",9600,21.696805953979492,False,17.889370673819272,62,0.0060546875
0001111111,1223,"[3, 2, 1, 0]",9600,21.709918975830078,True,17.889370673819272,62,0.0060546875
0001111111,1224,"[3, 2, 1, 0]",9600,21.72708511352539,False,17.889370673819272,62,0.0060546875
0001111111,1225,"[3, 2, 1, 0]",9600,21.740436553955078,True,17.889370673819272,62,0.0060546875
0001111111,1226,"[3, 2, 1, 0]",9600,21.75736427307129,False,17.889370673819272,62,0.0060546875
0001111111,1227,"[3, 2, 1, 0]",9600,21.770238876342773,True,17.889370673819272,62,0.0060546875
0001111111,1228,"[3, 2, 1, 0]",9600,21.787405014038086,False,17.889370673819272,62,0.0060546875
0001111111,1229,"[3, 2, 1, 0]",9600,21.80027961730957,True,17.889370673819272,62,0.0060546875
0001111111,1230,"[3, 2, 1, 0]",9600,21.817445755004883,False,17.889370673819272,62,0.0060546875
0001111111,1231,"[3, 2, 1, 0]",9600,21.829843521118164,True,17.889370673819272,62,0.0060546875
0001111111,1232,"[3, 2, 1, 0]",9600,21.847009658813477,False,17.889370673819272,62,0.0060546875
0001111111,1233,"[3, 2, 1, 0]",9600,21.85988426208496,True,17.889370673819272,62,0.0060546875
0001111111,1234,"[3, 2, 1, 0]",9600,21.876811981201172,False,17.889370673819272,62,0.0060546875
0001111111,1235,"[3, 2, 1, 0]",9600,21.889686584472656,True,17.889370673819272,62,0.0060546875
0001111111,1236,"[3, 2, 1, 0]",9600,21.906614303588867,False,17.889370673819272,62,0.0060546875
0001111111,1237,"[3, 2, 1, 0]",9600,21.91948890686035,True,17.889370673819272,62,0.0060546875
0001111111,1238,"[3, 2, 1, 0]",9600,21.936655044555664,False,17.889370673819272,62,0.0060546875
0001111111,1239,"[3, 2, 1, 0]",9600,21.949291229248047,True,17.889370673819272,62,0.0060546875
0001111111,1240,"[3, 2, 1, 0]",9600,21.967649459838867,False,17.889370673819272,62,0.0060546875
0001111111,1241,"[3, 2, 1, 0]",9600,21.980762481689453,True,17.889370673819272,62,0.0060546875
0001111111,1242,"[3, 2, 1, 0]",9600,21.99840545654297,False,17.889370673819272,62,0.0060546875
0001111111,1243,"[3, 2, 1, 0]",9600,22.01104164123535,True,17.889370673819272,62,0.0060546875
0001111111,1244,"[3, 2, 1, 0]",9600,22.028446197509766,False,17.889370673819272,62,0.0060546875
0001111111,1245,"[3, 2, 1, 0]",9600,22.04132080078125,True,17.889370673819272,62,0.0060546875
0001111111,1246,"[3, 2, 1, 0]",9600,22.05824851989746,False,17.889370673819272,62,0.0060546875
0001111111,1247,"[3, 2, 1, 0]",9600,22.071361541748047,True,17.889370673819272,62,0.0060546875
0001111111,1248,"[3, 2, 1, 0]",9600,22.08852767944336,False,17.889370673819272,62,0.0060546875
0001111111,1249,"[3, 2, 1, 0]",9600,22.10211753845215,True,17.889370673819272,62,0.0060546875
0001111111,1250,"[3, 2, 1, 0]",9600,22.120952606201172,False,17.889370673819272,62,0.0060546875
0001111111,1251,"[3, 2, 1, 0]",9600,22.13430404663086,True,17.889370673819272,62,0.0060546875
0001111111,1252,"[3, 2, 1, 0]",9600,22.151947021484375,False,17.889370673819272,62,0.0060546875
0001111111,1253,"[3, 2, 1, 0]",9600,22.16482162475586,True,17.889370673819272,62,0.0060546875
0001111111,1254,"[3, 2, 1, 0]",9600,22.182226181030273,False,17.889370673819272,62,0.0060546875
0001111111,1255,"[3, 2, 1, 0]",9600,22.194623947143555,True,17.889370673819272,62,0.0060546875
0001111111,1256,"[3, 2, 1, 0]",9600,22.211790084838867,False,17.889370673819272,62,0.0060546875
0001111111,1257,"[3, 2, 1, 0]",9600,22.22466468811035,True,17.889370673819272,62,0.0060546875
0001111111,1258,"[3, 2, 1, 0]",9600,22.242069244384766,False,17.889370673819272,62,0.0060546875
0001111111,1259,"[3, 2, 1, 0]",9600,22.25470542907715,True,17.889370673819272,62,0.0060546875
0001111111,1260,"[3, 2, 1, 0]",9600,22.272109985351562,False,17.889370673819272,62,0.0060546875
0001111111,1261,"[3, 2, 1, 0]",9600,22.286176681518555,True,17.889370673819272,62,0.0060546875
0001111111,1262,"[3, 2, 1, 0]",9600,22.304058074951172,False,17.889370673819272,62,0.0060546875
0001111111,1263,"[3, 2, 1, 0]",9600,22.316932678222656,True,17.889370673819272,62,0.0060546875
0001111111,1264,"[3, 2, 1, 0]",9600,22.33409881591797,False,17.889370673819272,62,0.0060546875
0001111111,1265,"[3, 2, 1, 0]",9600,22.34673500061035,True,17.889370673819272,62,0.0060546875
0001111111,1266,"[3, 2, 1, 0]",9600,22.363901138305664,False,17.889370673819272,62,0.0060546875
0001111111,1267,"[3, 2, 1, 0]",9600,22.376537322998047,True,17.889370673819272,62,0.0060546875
0001111111,1268,"[3, 2, 1, 0]",9600,22.39394187927246,False,17.889370673819272,62,0.0060546875
0001111111,1269,"[3, 2, 1, 0]",9600,22.406816482543945,True,17.889370673819272,62,0.0060546875
0001111111,1270,"[3, 2, 1, 0]",9600,22.423505783081055,False,17.889370673819272,62,0.0060546875
0001111111,1271,"[3, 2, 1, 0]",9600,22.43661880493164,True,17.889370673819272,62,0.0060546875
0001111111,1272,"[3, 2, 1, 0]",9600,22.453784942626953,False,17.889370673819272,62,0.0060546875
0001111111,1273,"[3, 2, 1, 0]",9600,22.466659545898438,True,17.889370673819272,62,0.0060546875
0001111111,1274,"[3, 2, 1, 0]",9600,22.48358726501465,False,17.889370673819272,62,0.0060546875
0001111111,1275,"[3, 2, 1, 0]",9600,22.496461868286133,True,17.889370673819272,62,0.0060546875
0001111111,1276,"[3, 2, 1, 0]",9600,22.513389587402344,False,17.889370673819272,62,0.0060546875
0001111111,1277,"[3, 2, 1, 0]",9600,22.526264190673828,True,17.889370673819272,62,0.0060546875
0001111111,1278,"[3, 2, 1, 0]",9600,22.54343032836914,False,17.889370673819272,62,0.0060546875
0001111111,1279,"[3, 2, 1, 0]",9600,22.556304931640625,True,17.889370673819272,62,0.0060546875
0001111111,1280,"[3, 2, 1, 0]",9600,22.572994232177734,False,17.889370673819272,62,0.0060546875
0001111111,1281,"[3, 2, 1, 0]",9600,22.585630416870117,True,17.889370673819272,62,0.0060546875
0001111111,1282,"[3, 2, 1, 0]",9600,22.60422706604004,False,17.889370673819272,62,0.0060546875
0001111111,1283,"[3, 2, 1, 0]",9600,22.617340087890625,True,17.889370673819272,62,0.0060546875
0001111111,1284,"[3, 2, 1, 0]",9600,22.63498306274414,False,17.889370673819272,62,0.0060546875
0001111111,1285,"[3, 2, 1, 0]",9600,22.647857666015625,True,17.889370673819272,62,0.0060546875
0001111111,1286,"[3, 2, 1, 0]",9600,22.66526222229004,False,17.889370673819272,62,0.0060546875
0001111111,1287,"[3, 2, 1, 0]",9600,22.677898406982422,True,17.889370673819272,62,0.0060546875
0001111111,1288,"[3, 2, 1, 0]",9600,22.695302963256836,False,17.889370673819272,62,0.0060546875
0001111111,1289,"[3, 2, 1, 0]",9600,22.707700729370117,True,17.889370673819272,62,0.0060546875
0001111111,1290,"[3, 2, 1, 0]",9600,22.72486686706543,False,17.889370673819272,62,0.0060546875
0001111111,1291,"[3, 2, 1, 0]",9600,22.737503051757812,True,17.889370673819272,62,0.0060546875
0001111111,1292,"[3, 2, 1, 0]",9600,22.754669189453125,False,17.889370673819272,62,0.0060546875
0001111111,1293,"[3, 2, 1, 0]",9600,22.767066955566406,True,17.889370673819272,62,0.0060546875
0001111111,1294,"[3, 2, 1, 0]",9600,22.78423309326172,False,17.889370673819272,62,0.0060546875
0001111111,1295,"[3, 2, 1, 0]",9600,22.7968692779541,True,17.889370673819272,62,0.0060546875
0001111111,1296,"[3, 2, 1, 0]",9600,22.814035415649414,False,17.889370673819272,62,0.0060546875
0001111111,1297,"[3, 2, 1, 0]",9600,22.8271484375,True,17.889370673819272,62,0.0060546875
0001111111,1298,"[3, 2, 1, 0]",9600,22.844314575195312,False,17.889370673819272,62,0.0060546875
0001111111,1299,"[3, 2, 1, 0]",9600,22.856950759887695,True,17.889370673819272,62,0.0060546875
0001111111,1300,"[3, 2, 1, 0]",9600,22.87578582763672,False,17.889370673819272,62,0.0060546875
0001111111,1301,"[3, 2, 1, 0]",9600,22.888898849487305,True,17.889370673819272,62,0.0060546875
0001111111,1302,"[3, 2, 1, 0]",9600,22.906780242919922,False,17.889370673819272,62,0.0060546875
0001111111,1303,"[3, 2, 1, 0]",9600,22.920846939086914,True,17.889370673819272,62,0.0060546875
0001111111,1304,"[3, 2, 1, 0]",9600,22.93872833251953,False,17.889370673819272,62,0.0060546875
0001111111,1305,"[3, 2, 1, 0]",9600,22.951364517211914,True,17.889370673819272,62,0.0060546875
0001111111,1306,"[3, 2, 1, 0]",9600,22.968769073486328,False,17.889370673819272,62,0.0060546875
0001111111,1307,"[3, 2, 1, 0]",9600,22.981643676757812,True,17.889370673819272,62,0.0060546875
0001111111,1308,"[3, 2, 1, 0]",9600,22.998809814453125,False,17.889370673819272,62,0.0060546875
0001111111,1309,"[3, 2, 1, 0]",9600,23.01168441772461,True,17.889370673819272,62,0.0060546875
0001111111,1310,"[3, 2, 1, 0]",9600,23.028850555419922,False,17.889370673819272,62,0.0060546875
0001111111,1311,"[3, 2, 1, 0]",9600,23.041486740112305,True,17.889370673819272,62,0.0060546875
0001111111,1312,"[3, 2, 1, 0]",9600,23.05889129638672,False,17.889370673819272,62,0.0060546875
0001111111,1313,"[3, 2, 1, 0]",9600,23.0715274810791,True,17.889370673819272,62,0.0060546875
0001111111,1314,"[3, 2, 1, 0]",9600,23.088693618774414,False,17.889370673819272,62,0.0060546875
0001111111,1315,"[3, 2, 1, 0]",9600,23.101329803466797,True,17.889370673819272,62,0.0060546875
0001111111,1316,"[3, 2, 1, 0]",9600,23.118019104003906,False,17.889370673819272,62,0.0060546875
0001111111,1317,"[3, 2, 1, 0]",9600,23.13065528869629,True,17.889370673819272,62,0.0060546875
0001111111,1318,"[3, 2, 1, 0]",9600,23.1478214263916,False,17.889370673819272,62,0.0060546875
0001111111,1319,"[3, 2, 1, 0]",9600,23.1626033782959,True,17.889370673819272,62,0.0060546875
0001111111,1320,"[3, 2, 1, 0]",9600,23.180007934570312,False,17.889370673819272,62,0.0060546875
0001111111,1321,"[3, 2, 1, 0]",9600,23.1935977935791,True,17.889370673819272,62,0.0060546875
0001111111,1322,"[3, 2, 1, 0]",9600,23.211002349853516,False,17.889370673819272,62,0.0060546875
0001111111,1323,"[3, 2, 1, 0]",9600,23.2241153717041,True,17.889370673819272,62,0.0060546875
0001111111,1324,"[3, 2, 1, 0]",9600,23.242473602294922,False,17.889370673819272,62,0.0060546875
0001111111,1325,"[3, 2, 1, 0]",9600,23.255586624145508,True,17.889370673819272,62,0.0060546875
0001111111,1326,"[3, 2, 1, 0]",9600,23.27275276184082,False,17.889370673819272,62,0.0060546875
0001111111,1327,"[3, 2, 1, 0]",9600,23.285388946533203,True,17.889370673819272,62,0.0060546875
0110110010,1328,"[2, 1, 0, 3]",600,23.302793502807617,False,13.47662624208997,59,0.00576171875
0110110010,1329,"[2, 1, 0, 3]",600,23.316383361816406,True,13.47662624208997,59,0.00576171875
0110110010,1330,"[2, 1, 0, 3]",600,23.334026336669922,False,13.47662624208997,59,0.00576171875
0110110010,1331,"[2, 1, 0, 3]",600,23.347139358520508,True,13.47662624208997,59,0.00576171875
0110110010,1332,"[2, 1, 0, 3]",600,23.364543914794922,False,13.47662624208997,59,0.00576171875
0110110010,1333,"[2, 1, 0, 3]",600,23.377656936645508,True,13.47662624208997,59,0.00576171875
0110110010,1334,"[2, 1, 0, 3]",600,23.395061492919922,False,13.47662624208997,59,0.00576171875
0110110010,1335,"[2, 1, 0, 3]",600,23.408174514770508,True,13.47662624208997,59,0.00576171875
0110110010,1336,"[2, 1, 0, 3]",600,23.425579071044922,False,13.47662624208997,59,0.00576171875
0110110010,1337,"[2, 1, 0, 3]",600,23.438453674316406,True,13.47662624208997,59,0.00576171875
0110110010,1338,"[2, 1, 0, 3]",600,23.45561981201172,False,13.47662624208997,59,0.00576171875
0110110010,1339,"[2, 1, 0, 3]",600,23.468494415283203,True,13.47662624208997,59,0.00576171875
0110110010,1340,"[2, 1, 0, 3]",600,23.485660552978516,False,13.47662624208997,59,0.00576171875
0110110010,1341,"[2, 1, 0, 3]",600,23.4987735748291,True,13.47662624208997,59,0.00576171875
0110110010,1342,"[2, 1, 0, 3]",600,23.515939712524414,False,13.47662624208997,59,0.00576171875
0110110010,1343,"[2, 1, 0, 3]",600,23.529052734375,True,13.47662624208997,59,0.00576171875
0110110010,1344,"[2, 1, 0, 3]",600,23.546218872070312,False,13.47662624208997,59,0.00576171875
0110110010,1345,"[2, 1, 0, 3]",600,23.560762405395508,True,13.47662624208997,59,0.00576171875
0110110010,1346,"[2, 1, 0, 3]",600,23.578882217407227,False,13.47662624208997,59,0.00576171875
0110110010,1347,"[2, 1, 0, 3]",600,23.592233657836914,True,13.47662624208997,59,0.00576171875
0110110010,1348,"[2, 1, 0, 3]",600,23.609399795532227,False,13.47662624208997,59,0.00576171875
0110110010,1349,"[2, 1, 0, 3]",600,23.622512817382812,True,13.47662624208997,59,0.00576171875
0110110010,1350,"[2, 1, 0, 3]",600,23.641109466552734,False,13.47662624208997,59,0.00576171875
0110110010,1351,"[2, 1, 0, 3]",600,23.654937744140625,True,13.47662624208997,59,0.00576171875
0110110010,1352,"[2, 1, 0, 3]",600,23.67258071899414,False,13.47662624208997,59,0.00576171875
0110110010,1353,"[2, 1, 0, 3]",600,23.685693740844727,True,13.47662624208997,59,0.00576171875
0110110010,1354,"[2, 1, 0, 3]",600,23.70285987854004,False,13.47662624208997,59,0.00576171875
0110110010,1355,"[2, 1, 0, 3]",600,23.715972900390625,True,13.47662624208997,59,0.00576171875
0110110010,1356,"[2, 1, 0, 3]",600,23.73337745666504,False,13.47662624208997,59,0.00576171875
0110110010,1357,"[2, 1, 0, 3]",600,23.746252059936523,True,13.47662624208997,59,0.00576171875
0110110010,1358,"[2, 1, 0, 3]",600,23.763418197631836,False,13.47662624208997,59,0.00576171875
0110110010,1359,"[2, 1, 0, 3]",600,23.776531219482422,True,13.47662624208997,59,0.00576171875
0110110010,1360,"[2, 1, 0, 3]",600,23.793935775756836,False,13.47662624208997,59,0.00576171875
0110110010,1361,"[2, 1, 0, 3]",600,23.80681037902832,True,13.47662624208997,59,0.00576171875
0110110010,1362,"[2, 1, 0, 3]",600,23.823976516723633,False,13.47662624208997,59,0.00576171875
0110110010,1363,"[2, 1, 0, 3]",600,23.83708953857422,True,13.47662624208997,59,0.00576171875
0110110010,1364,"[2, 1, 0, 3]",600,23.85401725769043,False,13.47662624208997,59,0.00576171875
0110110010,1365,"[2, 1, 0, 3]",600,23.867130279541016,True,13.47662624208997,59,0.00576171875
0110110010,1366,"[2, 1, 0, 3]",600,23.88596534729004,False,13.47662624208997,59,0.00576171875
0110110010,1367,"[2, 1, 0, 3]",600,23.899078369140625,True,13.47662624208997,59,0.00576171875
0110110010,1368,"[2, 1, 0, 3]",600,23.916959762573242,False,13.47662624208997,59,0.00576171875
0110110010,1369,"[2, 1, 0, 3]",600,23.930072784423828,True,13.47662624208997,59,0.00576171875
0110110010,1370,"[2, 1, 0, 3]",600,23.947477340698242,False,13.47662624208997,59,0.00576171875
0110110010,1371,"[2, 1, 0, 3]",600,23.960590362548828,True,13.47662624208997,59,0.00576171875
0110110010,1372,"[2, 1, 0, 3]",600,23.977994918823242,False,13.47662624208997,59,0.00576171875
0110110010,1373,"[2, 1, 0, 3]",600,23.991107940673828,True,13.47662624208997,59,0.00576171875
0110110010,1374,"[2, 1, 0, 3]",600,24.008512496948242,False,13.47662624208997,59,0.00576171875
0110110010,1375,"[2, 1, 0, 3]",600,24.021625518798828,True,13.47662624208997,59,0.00576171875
0110110010,1376,"[2, 1, 0, 3]",600,24.039030075073242,False,13.47662624208997,59,0.00576171875
0110110010,1377,"[2, 1, 0, 3]",600,24.051904678344727,True,13.47662624208997,59,0.00576171875
0110110010,1378,"[2, 1, 0, 3]",600,24.06907081604004,False,13.47662624208997,59,0.00576171875
0110110010,1379,"[2, 1, 0, 3]",600,24.082422256469727,True,13.47662624208997,59,0.00576171875
0110110010,1380,"[2, 1, 0, 3]",600,24.09982681274414,False,13.47662624208997,59,0.00576171875
0110110010,1381,"[2, 1, 0, 3]",600,24.113178253173828,True,13.47662624208997,59,0.00576171875
0110110010,1382,"[2, 1, 0, 3]",600,24.13034439086914,False,13.47662624208997,59,0.00576171875
0110110010,1383,"[2, 1, 0, 3]",600,24.143457412719727,True,13.47662624208997,59,0.00576171875
0110110010,1384,"[2, 1, 0, 3]",600,24.16086196899414,False,13.47662624208997,59,0.00576171875
0110110010,1385,"[2, 1, 0, 3]",600,24.173974990844727,True,13.47662624208997,59,0.00576171875
0110110010,1386,"[2, 1, 0, 3]",600,24.19137954711914,False,13.47662624208997,59,0.00576171875
0110110010,1387,"[2, 1, 0, 3]",600,24.20663833618164,True,13.47662624208997,59,0.00576171875
0110110010,1388,"[2, 1, 0, 3]",600,24.22475814819336,False,13.47662624208997,59,0.00576171875
0110110010,1389,"[2, 1, 0, 3]",600,24.237871170043945,True,13.47662624208997,59,0.00576171875
0110110010,1390,"[2, 1, 0, 3]",600,24.25527572631836,False,13.47662624208997,59,0.00576171875
0110110010,1391,"[2, 1, 0, 3]",600,24.268150329589844,True,13.47662624208997,59,0.00576171875
0110110010,1392,"[2, 1, 0, 3]",600,24.285554885864258,False,13.47662624208997,59,0.00576171875
0110110010,1393,"[2, 1, 0, 3]",600,24.29819107055664,True,13.47662624208997,59,0.00576171875
0110110010,1394,"[2, 1, 0, 3]",600,24.315595626831055,False,13.47662624208997,59,0.00576171875
0110110010,1395,"[2, 1, 0, 3]",600,24.32847023010254,True,13.47662624208997,59,0.00576171875
0110110010,1396,"[2, 1, 0, 3]",600,24.345874786376953,False,13.47662624208997,59,0.00576171875
0110110010,1397,"[2, 1, 0, 3]",600,24.358749389648438,True,13.47662624208997,59,0.00576171875
0110110010,1398,"[2, 1, 0, 3]",600,24.37615394592285,False,13.47662624208997,59,0.00576171875
0110110010,1399,"[2, 1, 0, 3]",600,24.38950538635254,True,13.47662624208997,59,0.00576171875
0110110010,1400,"[2, 1, 0, 3]",600,24.40810203552246,False,13.47662624208997,59,0.00576171875
0110110010,1401,"[2, 1, 0, 3]",600,24.422168731689453,True,13.47662624208997,59,0.00576171875
0110110010,1402,"[2, 1, 0, 3]",600,24.44005012512207,False,13.47662624208997,59,0.00576171875
0110110010,1403,"[2, 1, 0, 3]",600,24.453163146972656,True,13.47662624208997,59,0.00576171875
0110110010,1404,"[2, 1, 0, 3]",600,24.47056770324707,False,13.47662624208997,59,0.00576171875
0110110010,1405,"[2, 1, 0, 3]",600,24.483680725097656,True,13.47662624208997,59,0.00576171875
0110110010,1406,"[2, 1, 0, 3]",600,24.50084686279297,False,13.47662624208997,59,0.00576171875
0110110010,1407,"[2, 1, 0, 3]",600,24.513721466064453,True,13.47662624208997,59,0.00576171875
0110110010,1408,"[2, 1, 0, 3]",600,24.532318115234375,False,13.47662624208997,59,0.00576171875
0110110010,1409,"[2, 1, 0, 3]",600,24.545907974243164,True,13.47662624208997,59,0.00576171875
0110110010,1410,"[2, 1, 0, 3]",600,24.56355094909668,False,13.47662624208997,59,0.00576171875
0110110010,1411,"[2, 1, 0, 3]",600,24.576663970947266,True,13.47662624208997,59,0.00576171875
0110110010,1412,"[2, 1, 0, 3]",600,24.59406852722168,False,13.47662624208997,59,0.00576171875
0110110010,1413,"[2, 1, 0, 3]",600,24.606943130493164,True,13.47662624208997,59,0.00576171875
0110110010,1414,"[2, 1, 0, 3]",600,24.624347686767578,False,13.47662624208997,59,0.00576171875
0110110010,1415,"[2, 1, 0, 3]",600,24.637460708618164,True,13.47662624208997,59,0.00576171875
0110110010,1416,"[2, 1, 0, 3]",600,24.654865264892578,False,13.47662624208997,59,0.00576171875
0110110010,1417,"[2, 1, 0, 3]",600,24.667978286743164,True,13.47662624208997,59,0.00576171875
0110110010,1418,"[2, 1, 0, 3]",600,24.685144424438477,False,13.47662624208997,59,0.00576171875
0110110010,1419,"[2, 1, 0, 3]",600,24.698495864868164,True,13.47662624208997,59,0.00576171875
0110110010,1420,"[2, 1, 0, 3]",600,24.715662002563477,False,13.47662624208997,59,0.00576171875
0110110010,1421,"[2, 1, 0, 3]",600,24.72853660583496,True,13.47662624208997,59,0.00576171875
0110110010,1422,"[2, 1, 0, 3]",600,24.745941162109375,False,13.47662624208997,59,0.00576171875
0110110010,1423,"[2, 1, 0, 3]",600,24.75905418395996,True,13.47662624208997,59,0.00576171875
0110110010,1424,"[2, 1, 0, 3]",600,24.776458740234375,False,13.47662624208997,59,0.00576171875
0110110010,1425,"[2, 1, 0, 3]",600,24.78957176208496,True,13.47662624208997,59,0.00576171875
0110110010,1426,"[2, 1, 0, 3]",600,24.806976318359375,False,13.47662624208997,59,0.00576171875
0110110010,1427,"[2, 1, 0, 3]",600,24.820327758789062,True,13.47662624208997,59,0.00576171875
0110110010,1428,"[2, 1, 0, 3]",600,24.837732315063477,False,13.47662624208997,59,0.00576171875
0110110010,1429,"[2, 1, 0, 3]",600,24.852752685546875,True,13.47662624208997,59,0.00576171875
0110110010,1430,"[2, 1, 0, 3]",600,24.870872497558594,False,13.47662624208997,59,0.00576171875
0110110010,1431,"[2, 1, 0, 3]",600,24.884462356567383,True,13.47662624208997,59,0.00576171875
0110110010,1432,"[2, 1, 0, 3]",600,24.9021053314209,False,13.47662624208997,59,0.00576171875
0110110010,1433,"[2, 1, 0, 3]",600,24.915456771850586,True,13.47662624208997,59,0.00576171875
0110110010,1434,"[2, 1, 0, 3]",600,24.9330997467041,False,13.47662624208997,59,0.00576171875
0110110010,1435,"[2, 1, 0, 3]",600,24.946212768554688,True,13.47662624208997,59,0.00576171875
0110110010,1436,"[2, 1, 0, 3]",600,24.963855743408203,False,13.47662624208997,59,0.00576171875
0110110010,1437,"[2, 1, 0, 3]",600,24.97720718383789,True,13.47662624208997,59,0.00576171875
0110110010,1438,"[2, 1, 0, 3]",600,24.994850158691406,False,13.47662624208997,59,0.00576171875
0110110010,1439,"[2, 1, 0, 3]",600,25.008201599121094,True,13.47662624208997,59,0.00576171875
0110110010,1440,"[2, 1, 0, 3]",600,25.025606155395508,False,13.47662624208997,59,0.00576171875
0110110010,1441,"[2, 1, 0, 3]",600,25.038480758666992,True,13.47662624208997,59,0.00576171875
0110110010,1442,"[2, 1, 0, 3]",600,25.056123733520508,False,13.47662624208997,59,0.00576171875
0110110010,1443,"[2, 1, 0, 3]",600,25.06875991821289,True,13.47662624208997,59,0.00576171875
0110110010,1444,"[2, 1, 0, 3]",600,25.086164474487305,False,13.47662624208997,59,0.00576171875
0110110010,1445,"[2, 1, 0, 3]",600,25.09927749633789,True,13.47662624208997,59,0.00576171875
0010100111,1446,"[2, 1, 3, 0]",9300,25.116920471191406,False,20.409531892849856,58,0.0056640625
0010100111,1447,"[2, 1, 0, 3]",600,25.130033493041992,True,20.409531892849856,58,0.0056640625
0010100111,1448,"[2, 1, 3, 0]",9300,25.147676467895508,False,20.409531892849856,58,0.0056640625
0010100111,1449,"[2, 1, 0, 3]",600,25.160789489746094,True,20.409531892849856,58,0.0056640625
0010100111,1450,"[2, 1, 3, 0]",9300,25.17986297607422,False,20.409531892849856,58,0.0056640625
0010100111,1451,"[2, 1, 0, 3]",600,25.21061897277832,True,20.409531892849856,58,0.0056640625
0010100111,1452,"[2, 1, 3, 0]",9300,25.23207664489746,False,20.409531892849856,58,0.0056640625
0010100111,1453,"[2, 1, 0, 3]",600,25.24590492248535,True,20.409531892849856,58,0.0056640625
0010100111,1454,"[2, 1, 3, 0]",9300,25.264263153076172,False,20.409531892849856,58,0.0056640625
0010100111,1455,"[2, 1, 0, 3]",600,25.277376174926758,True,20.409531892849856,58,0.0056640625
0010100111,1456,"[2, 1, 3, 0]",9300,25.295257568359375,False,20.409531892849856,58,0.0056640625
0010100111,1457,"[2, 1, 0, 3]",600,25.309085845947266,True,20.409531892849856,58,0.0056640625
0010100111,1458,"[2, 1, 3, 0]",9300,25.326013565063477,False,20.409531892849856,58,0.0056640625
0010100111,1459,"[2, 1, 0, 3]",600,25.339365005493164,True,20.409531892849856,58,0.0056640625
0010100111,1460,"[2, 1, 3, 0]",9300,25.356769561767578,False,20.409531892849856,58,0.0056640625
0010100111,1461,"[2, 1, 0, 3]",600,25.370121002197266,True,20.409531892849856,58,0.0056640625
0010100111,1462,"[2, 1, 3, 0]",9300,25.387048721313477,False,20.409531892849856,58,0.0056640625
0010100111,1463,"[2, 1, 0, 3]",600,25.400161743164062,True,20.409531892849856,58,0.0056640625
0010100111,1464,"[2, 1, 3, 0]",9300,25.417327880859375,False,20.409531892849856,58,0.0056640625
0010100111,1465,"[2, 1, 0, 3]",600,25.43020248413086,True,20.409531892849856,58,0.0056640625
0010100111,1466,"[2, 1, 3, 0]",9300,25.447368621826172,False,20.409531892849856,58,0.0056640625
0010100111,1467,"[2, 1, 0, 3]",600,25.460481643676758,True,20.409531892849856,58,0.0056640625
0010100111,1468,"[2, 1, 3, 0]",9300,25.478124618530273,False,20.409531892849856,58,0.0056640625
0010100111,1469,"[2, 1, 0, 3]",600,25.494813919067383,True,20.409531892849856,58,0.0056640625
0010100111,1470,"[2, 1, 3, 0]",9300,25.5126953125,False,20.409531892849856,58,0.0056640625
0010100111,1471,"[2, 1, 0, 3]",600,25.55108070373535,True,20.409531892849856,58,0.0056640625
0010100111,1472,"[2, 1, 3, 0]",9300,25.569915771484375,False,20.409531892849856,58,0.0056640625
0010100111,1473,"[2, 1, 0, 3]",600,25.583505630493164,True,20.409531892849856,58,0.0056640625
0010100111,1474,"[2, 1, 3, 0]",9300,25.60114860534668,False,20.409531892849856,58,0.0056640625
0010100111,1475,"[2, 1, 0, 3]",600,25.614023208618164,True,20.409531892849856,58,0.0056640625
0010100111,1476,"[2, 1, 3, 0]",9300,25.63190460205078,False,20.409531892849856,58,0.0056640625
0010100111,1477,"[2, 1, 0, 3]",600,25.644540786743164,True,20.409531892849856,58,0.0056640625
0010100111,1478,"[2, 1, 3, 0]",9300,25.661706924438477,False,20.409531892849856,58,0.0056640625
0010100111,1479,"[2, 1, 0, 3]",600,25.674819946289062,True,20.409531892849856,58,0.0056640625
0010100111,1480,"[2, 1, 3, 0]",9300,25.691986083984375,False,20.409531892849856,58,0.0056640625
0010100111,1481,"[2, 1, 0, 3]",600,25.70509910583496,True,20.409531892849856,58,0.0056640625
0010100111,1482,"[2, 1, 3, 0]",9300,25.722265243530273,False,20.409531892849856,58,0.0056640625
0010100111,1483,"[2, 1, 0, 3]",600,25.73537826538086,True,20.409531892849856,58,0.0056640625
0010100111,1484,"[2, 1, 3, 0]",9300,25.752544403076172,False,20.409531892849856,58,0.0056640625
0010100111,1485,"[2, 1, 0, 3]",600,25.76589584350586,True,20.409531892849856,58,0.0056640625
0010100111,1486,"[2, 1, 3, 0]",9300,25.783300399780273,False,20.409531892849856,58,0.0056640625
0010100111,1487,"[2, 1, 0, 3]",600,25.800704956054688,True,20.409531892849856,58,0.0056640625
0010100111,1488,"[2, 1, 3, 0]",9300,25.818347930908203,False,20.409531892849856,58,0.0056640625
0010100111,1489,"[2, 1, 0, 3]",600,25.832414627075195,True,20.409531892849856,58,0.0056640625
0010100111,1490,"[2, 1, 3, 0]",9300,25.84981918334961,False,20.409531892849856,58,0.0056640625
0010100111,1491,"[2, 1, 0, 3]",600,25.8636474609375,True,20.409531892849856,58,0.0056640625
0010100111,1492,"[2, 1, 3, 0]",9300,25.882482528686523,False,20.409531892849856,58,0.0056640625
0010100111,1493,"[2, 1, 0, 3]",600,25.896310806274414,True,20.409531892849856,58,0.0056640625
0010100111,1494,"[2, 1, 3, 0]",9300,25.91395378112793,False,20.409531892849856,58,0.0056640625
0010100111,1495,"[2, 1, 0, 3]",600,25.927066802978516,True,20.409531892849856,58,0.0056640625
0010100111,1496,"[2, 1, 3, 0]",9300,25.94447135925293,False,20.409531892849856,58,0.0056640625
0010100111,1497,"[2, 1, 0, 3]",600,25.957107543945312,True,20.409531892849856,58,0.0056640625
0010100111,1498,"[2, 1, 3, 0]",9300,25.974750518798828,False,20.409531892849856,58,0.0056640625
0010100111,1499,"[2, 1, 0, 3]",600,25.987863540649414,True,20.409531892849856,58,0.0056640625
0010100111,1500,"[2, 1, 3, 0]",9300,26.005029678344727,False,20.409531892849856,58,0.0056640625
0010100111,1501,"[2, 1, 0, 3]",600,26.018142700195312,True,20.409531892849856,58,0.0056640625
0010100111,1502,"[2, 1, 3, 0]",9300,26.03769302368164,False,20.409531892849856,58,0.0056640625
0010100111,1503,"[2, 1, 0, 3]",600,26.051044464111328,True,20.409531892849856,58,0.0056640625
0010100111,1504,"[2, 1, 3, 0]",9300,26.068687438964844,False,20.409531892849856,58,0.0056640625
0010100111,1505,"[2, 1, 0, 3]",600,26.081562042236328,True,20.409531892849856,58,0.0056640625
0010100111,1506,"[2, 1, 3, 0]",9300,26.098966598510742,False,20.409531892849856,58,0.0056640625
0010100111,1507,"[2, 1, 0, 3]",600,26.112079620361328,True,20.409531892849856,58,0.0056640625
0010100111,1508,"[2, 1, 3, 0]",9300,26.129484176635742,False,20.409531892849856,58,0.0056640625
0010100111,1509,"[2, 1, 0, 3]",600,26.142358779907227,True,20.409531892849856,58,0.0056640625
0010100111,1510,"[2, 1, 3, 0]",9300,26.160001754760742,False,20.409531892849856,58,0.0056640625
0010100111,1511,"[2, 1, 0, 3]",600,26.173114776611328,True,20.409531892849856,58,0.0056640625
0010100111,1512,"[2, 1, 3, 0]",9300,26.190519332885742,False,20.409531892849856,58,0.0056640625
0010100111,1513,"[2, 1, 0, 3]",600,26.206254959106445,True,20.409531892849856,58,0.0056640625
0010100111,1514,"[2, 1, 3, 0]",9300,26.224374771118164,False,20.409531892849856,58,0.0056640625
0010100111,1515,"[2, 1, 0, 3]",600,26.23772621154785,True,20.409531892849856,58,0.0056640625
0010100111,1516,"[2, 1, 3, 0]",9300,26.255369186401367,False,20.409531892849856,58,0.0056640625
0010100111,1517,"[2, 1, 0, 3]",600,26.268720626831055,True,20.409531892849856,58,0.0056640625
0010100111,1518,"[2, 1, 3, 0]",9300,26.28636360168457,False,20.409531892849856,58,0.0056640625
0010100111,1519,"[2, 1, 0, 3]",600,26.299476623535156,True,20.409531892849856,58,0.0056640625
0010100111,1520,"[2, 1, 3, 0]",9300,26.31688117980957,False,20.409531892849856,58,0.0056640625
0010100111,1521,"[2, 1, 0, 3]",600,26.329994201660156,True,20.409531892849856,58,0.0056640625
0010100111,1522,"[2, 1, 3, 0]",9300,26.34739875793457,False,20.409531892849856,58,0.0056640625
0010100111,1523,"[2, 1, 0, 3]",600,26.360034942626953,True,20.409531892849856,58,0.0056640625
0010100111,1524,"[2, 1, 3, 0]",9300,26.37767791748047,False,20.409531892849856,58,0.0056640625
0010100111,1525,"[2, 1, 0, 3]",600,26.390552520751953,True,20.409531892849856,58,0.0056640625
0010100111,1526,"[2, 1, 3, 0]",9300,26.40819549560547,False,20.409531892849856,58,0.0056640625
0010100111,1527,"[2, 1, 0, 3]",600,26.421308517456055,True,20.409531892849856,58,0.0056640625
0010100111,1528,"[2, 1, 3, 0]",9300,26.43871307373047,False,20.409531892849856,58,0.0056640625
0010100111,1529,"[2, 1, 0, 3]",600,26.451587677001953,True,20.409531892849856,58,0.0056640625
0010100111,1530,"[2, 1, 3, 0]",9300,26.468992233276367,False,20.409531892849856,58,0.0056640625
0010100111,1531,"[2, 1, 0, 3]",600,26.48162841796875,True,20.409531892849856,58,0.0056640625
0010100111,1532,"[2, 1, 3, 0]",9300,26.498794555664062,False,20.409531892849856,58,0.0056640625
0010100111,1533,"[2, 1, 0, 3]",600,26.511669158935547,True,20.409531892849856,58,0.0056640625
0010100111,1534,"[2, 1, 3, 0]",9300,26.53026580810547,False,20.409531892849856,58,0.0056640625
0010100111,1535,"[2, 1, 0, 3]",600,26.543617248535156,True,20.409531892849856,58,0.0056640625
0010100111,1536,"[2, 1, 3, 0]",9300,26.56102180480957,False,20.409531892849856,58,0.0056640625
0010100111,1537,"[2, 1, 0, 3]",600,26.574373245239258,True,20.409531892849856,58,0.0056640625
0010100111,1538,"[2, 1, 3, 0]",9300,26.591777801513672,False,20.409531892849856,58,0.0056640625
0010100111,1539,"[2, 1, 0, 3]",600,26.60512924194336,True,20.409531892849856,58,0.0056640625
0010100111,1540,"[2, 1, 3, 0]",9300,26.622533798217773,False,20.409531892849856,58,0.0056640625
0010100111,1541,"[2, 1, 0, 3]",600,26.63588523864746,True,20.409531892849856,58,0.0056640625
0010100111,1542,"[2, 1, 3, 0]",9300,26.653289794921875,False,20.409531892849856,58,0.0056640625
0010100111,1543,"[2, 1, 0, 3]",600,26.666641235351562,True,20.409531892849856,58,0.0056640625
0010100111,1544,"[2, 1, 3, 0]",9300,26.683330535888672,False,20.409531892849856,58,0.0056640625
0010100111,1545,"[2, 1, 0, 3]",600,26.696443557739258,True,20.409531892849856,58,0.0056640625
0010100111,1546,"[2, 1, 3, 0]",9300,26.713848114013672,False,20.409531892849856,58,0.0056640625
0010100111,1547,"[2, 1, 0, 3]",600,26.726961135864258,True,20.409531892849856,58,0.0056640625
0010100111,1548,"[2, 1, 3, 0]",9300,26.74412727355957,False,20.409531892849856,58,0.0056640625
0010100111,1549,"[2, 1, 0, 3]",600,26.757240295410156,True,20.409531892849856,58,0.0056640625
0010100111,1550,"[2, 1, 3, 0]",9300,26.77464485168457,False,20.409531892849856,58,0.0056640625
0010100111,1551,"[2, 1, 0, 3]",600,26.787281036376953,True,20.409531892849856,58,0.0056640625
0010100111,1552,"[2, 1, 3, 0]",9300,26.80683135986328,False,20.409531892849856,58,0.0056640625
0010100111,1553,"[2, 1, 0, 3]",600,26.82018280029297,True,20.409531892849856,58,0.0056640625
0010100111,1554,"[2, 1, 3, 0]",9300,26.837825775146484,False,20.409531892849856,58,0.0056640625
0010100111,1555,"[2, 1, 0, 3]",600,26.85236930847168,True,20.409531892849856,58,0.0056640625
0010100111,1556,"[2, 1, 3, 0]",9300,26.8704891204834,False,20.409531892849856,58,0.0056640625
0010100111,1557,"[2, 1, 0, 3]",600,26.883602142333984,True,20.409531892849856,58,0.0056640625
0010100111,1558,"[2, 1, 3, 0]",9300,26.9010066986084,False,20.409531892849856,58,0.0056640625
0010100111,1559,"[2, 1, 0, 3]",600,26.914119720458984,True,20.409531892849856,58,0.0056640625
0010100111,1560,"[2, 1, 3, 0]",9300,26.931285858154297,False,20.409531892849856,58,0.0056640625
0010100111,1561,"[2, 1, 0, 3]",600,26.944398880004883,True,20.409531892849856,58,0.0056640625
0000010101,1562,"[3, 2, 1, 0]",9600,26.961565017700195,False,17.161821869240917,56,0.00546875
0000010101,1563,"[3, 2, 1, 0]",9600,26.97443962097168,True,17.161821869240917,56,0.00546875
0000010101,1564,"[3, 2, 1, 0]",9600,26.991605758666992,False,17.161821869240917,56,0.00546875
0000010101,1565,"[3, 2, 1, 0]",9600,27.004718780517578,True,17.161821869240917,56,0.00546875
0000010101,1566,"[3, 2, 1, 0]",9600,27.022123336791992,False,17.161821869240917,56,0.00546875
0000010101,1567,"[3, 2, 1, 0]",9600,27.035236358642578,True,17.161821869240917,56,0.00546875
0000010101,1568,"[3, 2, 1, 0]",9600,27.05240249633789,False,17.161821869240917,56,0.00546875
0000010101,1569,"[3, 2, 1, 0]",9600,27.065038681030273,True,17.161821869240917,56,0.00546875
0000010101,1570,"[3, 2, 1, 0]",9600,27.082204818725586,False,17.161821869240917,56,0.00546875
0000010101,1571,"[3, 2, 1, 0]",9600,27.09507942199707,True,17.161821869240917,56,0.00546875
0000010101,1572,"[3, 2, 1, 0]",9600,27.112245559692383,False,17.161821869240917,56,0.00546875
0000010101,1573,"[3, 2, 1, 0]",9600,27.125120162963867,True,17.161821869240917,56,0.00546875
0000010101,1574,"[3, 2, 1, 0]",9600,27.14228630065918,False,17.161821869240917,56,0.00546875
0000010101,1575,"[3, 2, 1, 0]",9600,27.15468406677246,True,17.161821869240917,56,0.00546875
0000010101,1576,"[3, 2, 1, 0]",9600,27.173519134521484,False,17.161821869240917,56,0.00546875
0000010101,1577,"[3, 2, 1, 0]",9600,27.18639373779297,True,17.161821869240917,56,0.00546875
0000010101,1578,"[3, 2, 1, 0]",9600,27.204513549804688,False,17.161821869240917,56,0.00546875
0000010101,1579,"[3, 2, 1, 0]",9600,27.21714973449707,True,17.161821869240917,56,0.00546875
0000010101,1580,"[3, 2, 1, 0]",9600,27.234554290771484,False,17.161821869240917,56,0.00546875
0000010101,1581,"[3, 2, 1, 0]",9600,27.247190475463867,True,17.161821869240917,56,0.00546875
0000010101,1582,"[3, 2, 1, 0]",9600,27.26459503173828,False,17.161821869240917,56,0.00546875
0000010101,1583,"[3, 2, 1, 0]",9600,27.276992797851562,True,17.161821869240917,56,0.00546875
0000010101,1584,"[3, 2, 1, 0]",9600,27.294158935546875,False,17.161821869240917,56,0.00546875
0000010101,1585,"[3, 2, 1, 0]",9600,27.306556701660156,True,17.161821869240917,56,0.00546875
0000010101,1586,"[3, 2, 1, 0]",9600,27.32372283935547,False,17.161821869240917,56,0.00546875
0000010101,1587,"[3, 2, 1, 0]",9600,27.33612060546875,True,17.161821869240917,56,0.00546875
0000010101,1588,"[3, 2, 1, 0]",9600,27.353286743164062,False,17.161821869240917,56,0.00546875
0000010101,1589,"[3, 2, 1, 0]",9600,27.366161346435547,True,17.161821869240917,56,0.00546875
0000010101,1590,"[3, 2, 1, 0]",9600,27.38332748413086,False,17.161821869240917,56,0.00546875
0000010101,1591,"[3, 2, 1, 0]",9600,27.396202087402344,True,17.161821869240917,56,0.00546875
0000010101,1592,"[3, 2, 1, 0]",9600,27.413606643676758,False,17.161821869240917,56,0.00546875
0000010101,1593,"[3, 2, 1, 0]",9600,27.42624282836914,True,17.161821869240917,56,0.00546875
0000010101,1594,"[3, 2, 1, 0]",9600,27.443408966064453,False,17.161821869240917,56,0.00546875
0000010101,1595,"[3, 2, 1, 0]",9600,27.456283569335938,True,17.161821869240917,56,0.00546875
0000010101,1596,"[3, 2, 1, 0]",9600,27.47344970703125,False,17.161821869240917,56,0.00546875
0000010101,1597,"[3, 2, 1, 0]",9600,27.487993240356445,True,17.161821869240917,56,0.00546875
0000010101,1598,"[3, 2, 1, 0]",9600,27.505874633789062,False,17.161821869240917,56,0.00546875
0000010101,1599,"[3, 2, 1, 0]",9600,27.51898765563965,True,17.161821869240917,56,0.00546875
0000010101,1600,"[3, 2, 1, 0]",9600,27.53615379333496,False,17.161821869240917,56,0.00546875
0000010101,1601,"[3, 2, 1, 0]",9600,27.549266815185547,True,17.161821869240917,56,0.00546875
0000010101,1602,"[3, 2, 1, 0]",9600,27.56810188293457,False,17.161821869240917,56,0.00546875
0000010101,1603,"[3, 2, 1, 0]",9600,27.58169174194336,True,17.161821869240917,56,0.00546875
0000010101,1604,"[3, 2, 1, 0]",9600,27.599334716796875,False,17.161821869240917,56,0.00546875
0000010101,1605,"[3, 2, 1, 0]",9600,27.61220932006836,True,17.161821869240917,56,0.00546875
0000010101,1606,"[3, 2, 1, 0]",9600,27.629613876342773,False,17.161821869240917,56,0.00546875
0000010101,1607,"[3, 2, 1, 0]",9600,27.642250061035156,True,17.161821869240917,56,0.00546875
0000010101,1608,"[3, 2, 1, 0]",9600,27.65941619873047,False,17.161821869240917,56,0.00546875
0000010101,1609,"[3, 2, 1, 0]",9600,27.67205238342285,True,17.161821869240917,56,0.00546875
0000010101,1610,"[3, 2, 1, 0]",9600,27.689218521118164,False,17.161821869240917,56,0.00546875
0000010101,1611,"[3, 2, 1, 0]",9600,27.70233154296875,True,17.161821869240917,56,0.00546875
0000010101,1612,"[3, 2, 1, 0]",9600,27.719497680664062,False,17.161821869240917,56,0.00546875
0000010101,1613,"[3, 2, 1, 0]",9600,27.732372283935547,True,17.161821869240917,56,0.00546875
0000010101,1614,"[3, 2, 1, 0]",9600,27.749300003051758,False,17.161821869240917,56,0.00546875
0000010101,1615,"[3, 2, 1, 0]",9600,27.762413024902344,True,17.161821869240917,56,0.00546875
0000010101,1616,"[3, 2, 1, 0]",9600,27.779579162597656,False,17.161821869240917,56,0.00546875
0000010101,1617,"[3, 2, 1, 0]",9600,27.79221534729004,True,17.161821869240917,56,0.00546875
0000010101,1618,"[3, 2, 1, 0]",9600,27.81057357788086,False,17.161821869240917,56,0.00546875
0000010101,1619,"[3, 2, 1, 0]",9600,27.82416343688965,True,17.161821869240917,56,0.00546875
0000010101,1620,"[3, 2, 1, 0]",9600,27.84132957458496,False,17.161821869240917,56,0.00546875
0000010101,1621,"[3, 2, 1, 0]",9600,27.854204177856445,True,17.161821869240917,56,0.00546875
0000010101,1622,"[3, 2, 1, 0]",9600,27.871370315551758,False,17.161821869240917,56,0.00546875
0000010101,1623,"[3, 2, 1, 0]",9600,27.88400650024414,True,17.161821869240917,56,0.00546875
0000010101,1624,"[3, 2, 1, 0]",9600,27.901411056518555,False,17.161821869240917,56,0.00546875
0000010101,1625,"[3, 2, 1, 0]",9600,27.914047241210938,True,17.161821869240917,56,0.00546875
0000010101,1626,"[3, 2, 1, 0]",9600,27.93145179748535,False,17.161821869240917,56,0.00546875
0000010101,1627,"[3, 2, 1, 0]",9600,27.944326400756836,True,17.161821869240917,56,0.00546875
0000010101,1628,"[3, 2, 1, 0]",9600,27.96173095703125,False,17.161821869240917,56,0.00546875
0000010101,1629,"[3, 2, 1, 0]",9600,27.97412872314453,True,17.161821869240917,56,0.00546875
0000010101,1630,"[3, 2, 1, 0]",9600,27.991294860839844,False,17.161821869240917,56,0.00546875
0000010101,1631,"[3, 2, 1, 0]",9600,28.003931045532227,True,17.161821869240917,56,0.00546875
0000010101,1632,"[3, 2, 1, 0]",9600,28.02109718322754,False,17.161821869240917,56,0.00546875
0000010101,1633,"[3, 2, 1, 0]",9600,28.03349494934082,True,17.161821869240917,56,0.00546875
0000010101,1634,"[3, 2, 1, 0]",9600,28.050661087036133,False,17.161821869240917,56,0.00546875
0000010101,1635,"[3, 2, 1, 0]",9600,28.063297271728516,True,17.161821869240917,56,0.00546875
0000010101,1636,"[3, 2, 1, 0]",9600,28.080463409423828,False,17.161821869240917,56,0.00546875
0000010101,1637,"[3, 2, 1, 0]",9600,28.093338012695312,True,17.161821869240917,56,0.00546875
0000010101,1638,"[3, 2, 1, 0]",9600,28.110265731811523,False,17.161821869240917,56,0.00546875
0000010101,1639,"[3, 2, 1, 0]",9600,28.12480926513672,True,17.161821869240917,56,0.00546875
0000010101,1640,"[3, 2, 1, 0]",9600,28.14316749572754,False,17.161821869240917,56,0.00546875
0000010101,1641,"[3, 2, 1, 0]",9600,28.156280517578125,True,17.161821869240917,56,0.00546875
0000010101,1642,"[3, 2, 1, 0]",9600,28.17368507385254,False,17.161821869240917,56,0.00546875
0000010101,1643,"[3, 2, 1, 0]",9600,28.186321258544922,True,17.161821869240917,56,0.00546875
0000010101,1644,"[3, 2, 1, 0]",9600,28.203725814819336,False,17.161821869240917,56,0.00546875
0000010101,1645,"[3, 2, 1, 0]",9600,28.21660041809082,True,17.161821869240917,56,0.00546875
0000010101,1646,"[3, 2, 1, 0]",9600,28.233766555786133,False,17.161821869240917,56,0.00546875
0000010101,1647,"[3, 2, 1, 0]",9600,28.246641159057617,True,17.161821869240917,56,0.00546875
0000010101,1648,"[3, 2, 1, 0]",9600,28.263568878173828,False,17.161821869240917,56,0.00546875
0000010101,1649,"[3, 2, 1, 0]",9600,28.27620506286621,True,17.161821869240917,56,0.00546875
0000010101,1650,"[3, 2, 1, 0]",9600,28.293371200561523,False,17.161821869240917,56,0.00546875
0000010101,1651,"[3, 2, 1, 0]",9600,28.306007385253906,True,17.161821869240917,56,0.00546875
0000010101,1652,"[3, 2, 1, 0]",9600,28.32341194152832,False,17.161821869240917,56,0.00546875
0000010101,1653,"[3, 2, 1, 0]",9600,28.33867073059082,True,17.161821869240917,56,0.00546875
0000010101,1654,"[3, 2, 1, 0]",9600,28.35679054260254,False,17.161821869240917,56,0.00546875
0000010101,1655,"[3, 2, 1, 0]",9600,28.37204933166504,True,17.161821869240917,56,0.00546875
0000010101,1656,"[3, 2, 1, 0]",9600,28.389692306518555,False,17.161821869240917,56,0.00546875
0000010101,1657,"[3, 2, 1, 0]",9600,28.403043746948242,True,17.161821869240917,56,0.00546875
0000010101,1658,"[3, 2, 1, 0]",9600,28.420209884643555,False,17.161821869240917,56,0.00546875
0000010101,1659,"[3, 2, 1, 0]",9600,28.43308448791504,True,17.161821869240917,56,0.00546875
0000010101,1660,"[3, 2, 1, 0]",9600,28.45144271850586,False,17.161821869240917,56,0.00546875
0000010101,1661,"[3, 2, 1, 0]",9600,28.464794158935547,True,17.161821869240917,56,0.00546875
0000010101,1662,"[3, 2, 1, 0]",9600,28.482437133789062,False,17.161821869240917,56,0.00546875
0000010101,1663,"[3, 2, 1, 0]",9600,28.495311737060547,True,17.161821869240917,56,0.00546875
0000010101,1664,"[3, 2, 1, 0]",9600,28.512954711914062,False,17.161821869240917,56,0.00546875
0000010101,1665,"[3, 2, 1, 0]",9600,28.52606773376465,True,17.161821869240917,56,0.00546875
0000010101,1666,"[3, 2, 1, 0]",9600,28.54323387145996,False,17.161821869240917,56,0.00546875
0000010101,1667,"[3, 2, 1, 0]",9600,28.556108474731445,True,17.161821869240917,56,0.00546875
0000010101,1668,"[3, 2, 1, 0]",9600,28.573274612426758,False,17.161821869240917,56,0.00546875
0000010101,1669,"[3, 2, 1, 0]",9600,28.586387634277344,True,17.161821869240917,56,0.00546875
0000010101,1670,"[3, 2, 1, 0]",9600,28.603553771972656,False,17.161821869240917,56,0.00546875
0000010101,1671,"[3, 2, 1, 0]",9600,28.61618995666504,True,17.161821869240917,56,0.00546875
0000010101,1672,"[3, 2, 1, 0]",9600,28.63335609436035,False,17.161821869240917,56,0.00546875
0000010101,1673,"[3, 2, 1, 0]",9600,28.645992279052734,True,17.161821869240917,56,0.00546875
0011010101,1674,"[1, 3, 2, 0]",9450,28.665542602539062,False,14.110739454205536,55,0.00537109375
0011010101,1675,"[1, 0, 3, 2]",465,28.681278228759766,True,14.110739454205536,55,0.00537109375
0011010101,1676,"[1, 3, 2, 0]",9450,28.699159622192383,False,14.110739454205536,55,0.00537109375
0011010101,1677,"[1, 0, 3, 2]",465,28.712749481201172,True,14.110739454205536,55,0.00537109375
0011010101,1678,"[1, 3, 2, 0]",9450,28.730392456054688,False,14.110739454205536,55,0.00537109375
0011010101,1679,"[1, 0, 3, 2]",465,28.743743896484375,True,14.110739454205536,55,0.00537109375
0011010101,1680,"[1, 3, 2, 0]",9450,28.7625789642334,False,14.110739454205536,55,0.00537109375
0011010101,1681,"[1, 0, 3, 2]",465,28.776168823242188,True,14.110739454205536,55,0.00537109375
0011010101,1682,"[1, 3, 2, 0]",9450,28.793811798095703,False,14.110739454205536,55,0.00537109375
0011010101,1683,"[1, 0, 3, 2]",465,28.80692481994629,True,14.110739454205536,55,0.00537109375
0011010101,1684,"[1, 3, 2, 0]",9450,28.824329376220703,False,14.110739454205536,55,0.00537109375
0011010101,1685,"[1, 0, 3, 2]",465,28.83768081665039,True,14.110739454205536,55,0.00537109375
0011010101,1686,"[1, 3, 2, 0]",9450,28.855085372924805,False,14.110739454205536,55,0.00537109375
0011010101,1687,"[1, 0, 3, 2]",465,28.86819839477539,True,14.110739454205536,55,0.00537109375
0011010101,1688,"[1, 3, 2, 0]",9450,28.885602951049805,False,14.110739454205536,55,0.00537109375
0011010101,1689,"[1, 0, 3, 2]",465,28.899192810058594,True,14.110739454205536,55,0.00537109375
0011010101,1690,"[1, 3, 2, 0]",9450,28.916358947753906,False,14.110739454205536,55,0.00537109375
0011010101,1691,"[1, 0, 3, 2]",465,28.929948806762695,True,14.110739454205536,55,0.00537109375
0011010101,1692,"[1, 3, 2, 0]",9450,28.94759178161621,False,14.110739454205536,55,0.00537109375
0011010101,1693,"[1, 0, 3, 2]",465,28.960704803466797,True,14.110739454205536,55,0.00537109375
0011010101,1694,"[1, 3, 2, 0]",9450,28.97810935974121,False,14.110739454205536,55,0.00537109375
0011010101,1695,"[1, 0, 3, 2]",465,28.991222381591797,True,14.110739454205536,55,0.00537109375
0011010101,1696,"[1, 3, 2, 0]",9450,29.00862693786621,False,14.110739454205536,55,0.00537109375
0011010101,1697,"[1, 0, 3, 2]",465,29.022216796875,True,14.110739454205536,55,0.00537109375
0011010101,1698,"[1, 3, 2, 0]",9450,29.039382934570312,False,14.110739454205536,55,0.00537109375
0011010101,1699,"[1, 0, 3, 2]",465,29.0524959564209,True,14.110739454205536,55,0.00537109375
0011010101,1700,"[1, 3, 2, 0]",9450,29.06966209411621,False,14.110739454205536,55,0.00537109375
0011010101,1701,"[1, 0, 3, 2]",465,29.084444046020508,True,14.110739454205536,55,0.00537109375
0011010101,1702,"[1, 3, 2, 0]",9450,29.10470962524414,False,14.110739454205536,55,0.00537109375
0011010101,1703,"[1, 0, 3, 2]",465,29.11853790283203,True,14.110739454205536,55,0.00537109375
0011010101,1704,"[1, 3, 2, 0]",9450,29.13641929626465,False,14.110739454205536,55,0.00537109375
0011010101,1705,"[1, 0, 3, 2]",465,29.150009155273438,True,14.110739454205536,55,0.00537109375
0011010101,1706,"[1, 3, 2, 0]",9450,29.16741371154785,False,14.110739454205536,55,0.00537109375
0011010101,1707,"[1, 0, 3, 2]",465,29.180526733398438,True,14.110739454205536,55,0.00537109375
0011010101,1708,"[1, 3, 2, 0]",9450,29.19793128967285,False,14.110739454205536,55,0.00537109375
0011010101,1709,"[1, 0, 3, 2]",465,29.210805892944336,True,14.110739454205536,55,0.00537109375
0011010101,1710,"[1, 3, 2, 0]",9450,29.22844886779785,False,14.110739454205536,55,0.00537109375
0011010101,1711,"[1, 0, 3, 2]",465,29.241323471069336,True,14.110739454205536,55,0.00537109375
0011010101,1712,"[1, 3, 2, 0]",9450,29.25848960876465,False,14.110739454205536,55,0.00537109375
0011010101,1713,"[1, 0, 3, 2]",465,29.271602630615234,True,14.110739454205536,55,0.00537109375
0011010101,1714,"[1, 3, 2, 0]",9450,29.28900718688965,False,14.110739454205536,55,0.00537109375
0011010101,1715,"[1, 0, 3, 2]",465,29.302120208740234,True,14.110739454205536,55,0.00537109375
0011010101,1716,"[1, 3, 2, 0]",9450,29.319286346435547,False,14.110739454205536,55,0.00537109375
0011010101,1717,"[1, 0, 3, 2]",465,29.332637786865234,True,14.110739454205536,55,0.00537109375
0011010101,1718,"[1, 3, 2, 0]",9450,29.35004234313965,False,14.110739454205536,55,0.00537109375
0011010101,1719,"[1, 0, 3, 2]",465,29.363393783569336,True,14.110739454205536,55,0.00537109375
0011010101,1720,"[1, 3, 2, 0]",9450,29.38079833984375,False,14.110739454205536,55,0.00537109375
0011010101,1721,"[1, 0, 3, 2]",465,29.394149780273438,True,14.110739454205536,55,0.00537109375
0011010101,1722,"[1, 3, 2, 0]",9450,29.41298484802246,False,14.110739454205536,55,0.00537109375
0011010101,1723,"[1, 0, 3, 2]",465,29.42681312561035,True,14.110739454205536,55,0.00537109375
0011010101,1724,"[1, 3, 2, 0]",9450,29.444217681884766,False,14.110739454205536,55,0.00537109375
0011010101,1725,"[1, 0, 3, 2]",465,29.457569122314453,True,14.110739454205536,55,0.00537109375
0011010101,1726,"[1, 3, 2, 0]",9450,29.474973678588867,False,14.110739454205536,55,0.00537109375
0011010101,1727,"[1, 0, 3, 2]",465,29.491662979125977,True,14.110739454205536,55,0.00537109375
0011010101,1728,"[1, 3, 2, 0]",9450,29.509305953979492,False,14.110739454205536,55,0.00537109375
0011010101,1729,"[1, 0, 3, 2]",465,29.52265739440918,True,14.110739454205536,55,0.00537109375
0011010101,1730,"[1, 3, 2, 0]",9450,29.540300369262695,False,14.110739454205536,55,0.00537109375
0011010101,1731,"[1, 0, 3, 2]",465,29.55341339111328,True,14.110739454205536,55,0.00537109375
0011010101,1732,"[1, 3, 2, 0]",9450,29.570817947387695,False,14.110739454205536,55,0.00537109375
0011010101,1733,"[1, 0, 3, 2]",465,29.58393096923828,True,14.110739454205536,55,0.00537109375
0011010101,1734,"[1, 3, 2, 0]",9450,29.601335525512695,False,14.110739454205536,55,0.00537109375
0011010101,1735,"[1, 0, 3, 2]",465,29.61421012878418,True,14.110739454205536,55,0.00537109375
0011010101,1736,"[1, 3, 2, 0]",9450,29.631614685058594,False,14.110739454205536,55,0.00537109375
0011010101,1737,"[1, 0, 3, 2]",465,29.644250869750977,True,14.110739454205536,55,0.00537109375
0011010101,1738,"[1, 3, 2, 0]",9450,29.66165542602539,False,14.110739454205536,55,0.00537109375
0011010101,1739,"[1, 0, 3, 2]",465,29.674530029296875,True,14.110739454205536,55,0.00537109375
0011010101,1740,"[1, 3, 2, 0]",9450,29.691696166992188,False,14.110739454205536,55,0.00537109375
0011010101,1741,"[1, 0, 3, 2]",465,29.704809188842773,True,14.110739454205536,55,0.00537109375
0011010101,1742,"[1, 3, 2, 0]",9450,29.721975326538086,False,14.110739454205536,55,0.00537109375
0011010101,1743,"[1, 0, 3, 2]",465,29.73651885986328,True,14.110739454205536,55,0.00537109375
0011010101,1744,"[1, 3, 2, 0]",9450,29.7544002532959,False,14.110739454205536,55,0.00537109375
0011010101,1745,"[1, 0, 3, 2]",465,29.767751693725586,True,14.110739454205536,55,0.00537109375
0011010101,1746,"[1, 3, 2, 0]",9450,29.7849178314209,False,14.110739454205536,55,0.00537109375
0011010101,1747,"[1, 0, 3, 2]",465,29.798030853271484,True,14.110739454205536,55,0.00537109375
0011010101,1748,"[1, 3, 2, 0]",9450,29.815196990966797,False,14.110739454205536,55,0.00537109375
0011010101,1749,"[1, 0, 3, 2]",465,29.828310012817383,True,14.110739454205536,55,0.00537109375
0011010101,1750,"[1, 3, 2, 0]",9450,29.845476150512695,False,14.110739454205536,55,0.00537109375
0011010101,1751,"[1, 0, 3, 2]",465,29.858827590942383,True,14.110739454205536,55,0.00537109375
0011010101,1752,"[1, 3, 2, 0]",9450,29.877662658691406,False,14.110739454205536,55,0.00537109375
0011010101,1753,"[1, 0, 3, 2]",465,29.891252517700195,True,14.110739454205536,55,0.00537109375
0011010101,1754,"[1, 3, 2, 0]",9450,29.909372329711914,False,14.110739454205536,55,0.00537109375
0011010101,1755,"[1, 0, 3, 2]",465,29.9222469329834,True,14.110739454205536,55,0.00537109375
0011010101,1756,"[1, 3, 2, 0]",9450,29.939651489257812,False,14.110739454205536,55,0.00537109375
0011010101,1757,"[1, 0, 3, 2]",465,29.9527645111084,True,14.110739454205536,55,0.00537109375
0011010101,1758,"[1, 3, 2, 0]",9450,29.970169067382812,False,14.110739454205536,55,0.00537109375
0011010101,1759,"[1, 0, 3, 2]",465,29.9832820892334,True,14.110739454205536,55,0.00537109375
0011010101,1760,"[1, 3, 2, 0]",9450,30.000686645507812,False,14.110739454205536,55,0.00537109375
0011010101,1761,"[1, 0, 3, 2]",465,30.0137996673584,True,14.110739454205536,55,0.00537109375
0011010101,1762,"[1, 3, 2, 0]",9450,30.031204223632812,False,14.110739454205536,55,0.00537109375
0011010101,1763,"[1, 0, 3, 2]",465,30.043840408325195,True,14.110739454205536,55,0.00537109375
0011010101,1764,"[1, 3, 2, 0]",9450,30.062437057495117,False,14.110739454205536,55,0.00537109375
0011010101,1765,"[1, 0, 3, 2]",465,30.076026916503906,True,14.110739454205536,55,0.00537109375
0011010101,1766,"[1, 3, 2, 0]",9450,30.09343147277832,False,14.110739454205536,55,0.00537109375
0011010101,1767,"[1, 0, 3, 2]",465,30.106067657470703,True,14.110739454205536,55,0.00537109375
0011010101,1768,"[1, 3, 2, 0]",9450,30.123472213745117,False,14.110739454205536,55,0.00537109375
0011010101,1769,"[1, 0, 3, 2]",465,30.1361083984375,True,14.110739454205536,55,0.00537109375
0011010101,1770,"[1, 3, 2, 0]",9450,30.153512954711914,False,14.110739454205536,55,0.00537109375
0011010101,1771,"[1, 0, 3, 2]",465,30.1666259765625,True,14.110739454205536,55,0.00537109375
0011010101,1772,"[1, 3, 2, 0]",9450,30.183792114257812,False,14.110739454205536,55,0.00537109375
0011010101,1773,"[1, 0, 3, 2]",465,30.1971435546875,True,14.110739454205536,55,0.00537109375
0011010101,1774,"[1, 3, 2, 0]",9450,30.21407127380371,False,14.110739454205536,55,0.00537109375
0011010101,1775,"[1, 0, 3, 2]",465,30.2274227142334,True,14.110739454205536,55,0.00537109375
0011010101,1776,"[1, 3, 2, 0]",9450,30.24435043334961,False,14.110739454205536,55,0.00537109375
0011010101,1777,"[1, 0, 3, 2]",465,30.257701873779297,True,14.110739454205536,55,0.00537109375
0011010101,1778,"[1, 3, 2, 0]",9450,30.27486801147461,False,14.110739454205536,55,0.00537109375
0011010101,1779,"[1, 0, 3, 2]",465,30.287981033325195,True,14.110739454205536,55,0.00537109375
0011010101,1780,"[1, 3, 2, 0]",9450,30.304908752441406,False,14.110739454205536,55,0.00537109375
0011010101,1781,"[1, 0, 3, 2]",465,30.31778335571289,True,14.110739454205536,55,0.00537109375
0011010101,1782,"[1, 3, 2, 0]",9450,30.334949493408203,False,14.110739454205536,55,0.00537109375
0011010101,1783,"[1, 0, 3, 2]",465,30.347824096679688,True,14.110739454205536,55,0.00537109375
0000010001,1784,"[2, 3, 1, 0]",9600,30.3652286529541,False,20.090619058289455,55,0.00537109375
0000010001,1785,"[2, 3, 1, 0]",9600,30.379772186279297,True,20.090619058289455,55,0.00537109375
0000010001,1786,"[2, 3, 1, 0]",9600,30.397891998291016,False,20.090619058289455,55,0.00537109375
0000010001,1787,"[2, 3, 1, 0]",9600,30.4110050201416,True,20.090619058289455,55,0.00537109375
0000010001,1788,"[2, 3, 1, 0]",9600,30.427932739257812,False,20.090619058289455,55,0.00537109375
0000010001,1789,"[2, 3, 1, 0]",9600,30.440807342529297,True,20.090619058289455,55,0.00537109375
0000010001,1790,"[2, 3, 1, 0]",9600,30.457496643066406,False,20.090619058289455,55,0.00537109375
0000010001,1791,"[2, 3, 1, 0]",9600,30.47013282775879,True,20.090619058289455,55,0.00537109375
0000010001,1792,"[2, 3, 1, 0]",9600,30.487060546875,False,20.090619058289455,55,0.00537109375
0000010001,1793,"[2, 3, 1, 0]",9600,30.499696731567383,True,20.090619058289455,55,0.00537109375
0000010001,1794,"[2, 3, 1, 0]",9600,30.516624450683594,False,20.090619058289455,55,0.00537109375
0000010001,1795,"[2, 3, 1, 0]",9600,30.529260635375977,True,20.090619058289455,55,0.00537109375
0000010001,1796,"[2, 3, 1, 0]",9600,30.546188354492188,False,20.090619058289455,55,0.00537109375
0000010001,1797,"[2, 3, 1, 0]",9600,30.559062957763672,True,20.090619058289455,55,0.00537109375
0000010001,1798,"[2, 3, 1, 0]",9600,30.576229095458984,False,20.090619058289455,55,0.00537109375
0000010001,1799,"[2, 3, 1, 0]",9600,30.588626861572266,True,20.090619058289455,55,0.00537109375
0000010001,1800,"[2, 3, 1, 0]",9600,30.605554580688477,False,20.090619058289455,55,0.00537109375
0000010001,1801,"[2, 3, 1, 0]",9600,30.618667602539062,True,20.090619058289455,55,0.00537109375
0000010001,1802,"[2, 3, 1, 0]",9600,30.635595321655273,False,20.090619058289455,55,0.00537109375
0000010001,1803,"[2, 3, 1, 0]",9600,30.649900436401367,True,20.090619058289455,55,0.00537109375
0000010001,1804,"[2, 3, 1, 0]",9600,30.66730499267578,False,20.090619058289455,55,0.00537109375
0000010001,1805,"[2, 3, 1, 0]",9600,30.680179595947266,True,20.090619058289455,55,0.00537109375
0000010001,1806,"[2, 3, 1, 0]",9600,30.69901466369629,False,20.090619058289455,55,0.00537109375
0000010001,1807,"[2, 3, 1, 0]",9600,30.712366104125977,True,20.090619058289455,55,0.00537109375
0000010001,1808,"[2, 3, 1, 0]",9600,30.72977066040039,False,20.090619058289455,55,0.00537109375
0000010001,1809,"[2, 3, 1, 0]",9600,30.742406845092773,True,20.090619058289455,55,0.00537109375
0000010001,1810,"[2, 3, 1, 0]",9600,30.759572982788086,False,20.090619058289455,55,0.00537109375
0000010001,1811,"[2, 3, 1, 0]",9600,30.771970748901367,True,20.090619058289455,55,0.00537109375
0000010001,1812,"[2, 3, 1, 0]",9600,30.78913688659668,False,20.090619058289455,55,0.00537109375
0000010001,1813,"[2, 3, 1, 0]",9600,30.802011489868164,True,20.090619058289455,55,0.00537109375
0000010001,1814,"[2, 3, 1, 0]",9600,30.819177627563477,False,20.090619058289455,55,0.00537109375
0000010001,1815,"[2, 3, 1, 0]",9600,30.831575393676758,True,20.090619058289455,55,0.00537109375
0000010001,1816,"[2, 3, 1, 0]",9600,30.84874153137207,False,20.090619058289455,55,0.00537109375
0000010001,1817,"[2, 3, 1, 0]",9600,30.861377716064453,True,20.090619058289455,55,0.00537109375
0000010001,1818,"[2, 3, 1, 0]",9600,30.878543853759766,False,20.090619058289455,55,0.00537109375
0000010001,1819,"[2, 3, 1, 0]",9600,30.913829803466797,True,20.090619058289455,55,0.00537109375
0000010001,1820,"[2, 3, 1, 0]",9600,30.931711196899414,False,20.090619058289455,55,0.00537109375
0000010001,1821,"[2, 3, 1, 0]",9600,30.945301055908203,True,20.090619058289455,55,0.00537109375
0000010001,1822,"[2, 3, 1, 0]",9600,30.962467193603516,False,20.090619058289455,55,0.00537109375
0000010001,1823,"[2, 3, 1, 0]",9600,30.977487564086914,True,20.090619058289455,55,0.00537109375
0000010001,1824,"[2, 3, 1, 0]",9600,30.994892120361328,False,20.090619058289455,55,0.00537109375
0000010001,1825,"[2, 3, 1, 0]",9600,31.008481979370117,True,20.090619058289455,55,0.00537109375
0000010001,1826,"[2, 3, 1, 0]",9600,31.02588653564453,False,20.090619058289455,55,0.00537109375
0000010001,1827,"[2, 3, 1, 0]",9600,31.04114532470703,True,20.090619058289455,55,0.00537109375
0000010001,1828,"[2, 3, 1, 0]",9600,31.05902671813965,False,20.090619058289455,55,0.00537109375
0000010001,1829,"[2, 3, 1, 0]",9600,31.072378158569336,True,20.090619058289455,55,0.00537109375
0000010001,1830,"[2, 3, 1, 0]",9600,31.08978271484375,False,20.090619058289455,55,0.00537109375
0000010001,1831,"[2, 3, 1, 0]",9600,31.102418899536133,True,20.090619058289455,55,0.00537109375
0000010001,1832,"[2, 3, 1, 0]",9600,31.119823455810547,False,20.090619058289455,55,0.00537109375
0000010001,1833,"[2, 3, 1, 0]",9600,31.13245964050293,True,20.090619058289455,55,0.00537109375
0000010001,1834,"[2, 3, 1, 0]",9600,31.149864196777344,False,20.090619058289455,55,0.00537109375
0000010001,1835,"[2, 3, 1, 0]",9600,31.162738800048828,True,20.090619058289455,55,0.00537109375
0000010001,1836,"[2, 3, 1, 0]",9600,31.17990493774414,False,20.090619058289455,55,0.00537109375
0000010001,1837,"[2, 3, 1, 0]",9600,31.192302703857422,True,20.090619058289455,55,0.00537109375
0000010001,1838,"[2, 3, 1, 0]",9600,31.209230422973633,False,20.090619058289455,55,0.00537109375
0000010001,1839,"[2, 3, 1, 0]",9600,31.222105026245117,True,20.090619058289455,55,0.00537109375
0000010001,1840,"[2, 3, 1, 0]",9600,31.239032745361328,False,20.090619058289455,55,0.00537109375
0000010001,1841,"[2, 3, 1, 0]",9600,31.25143051147461,True,20.090619058289455,55,0.00537109375
0000010001,1842,"[2, 3, 1, 0]",9600,31.268596649169922,False,20.090619058289455,55,0.00537109375
0000010001,1843,"[2, 3, 1, 0]",9600,31.281471252441406,True,20.090619058289455,55,0.00537109375
0000010001,1844,"[2, 3, 1, 0]",9600,31.29863739013672,False,20.090619058289455,55,0.00537109375
0000010001,1845,"[2, 3, 1, 0]",9600,31.311511993408203,True,20.090619058289455,55,0.00537109375
0000010001,1846,"[2, 3, 1, 0]",9600,31.328439712524414,False,20.090619058289455,55,0.00537109375
0000010001,1847,"[2, 3, 1, 0]",9600,31.3413143157959,True,20.090619058289455,55,0.00537109375
0000010001,1848,"[2, 3, 1, 0]",9600,31.361103057861328,False,20.090619058289455,55,0.00537109375
0000010001,1849,"[2, 3, 1, 0]",9600,31.374216079711914,True,20.090619058289455,55,0.00537109375
0000010001,1850,"[2, 3, 1, 0]",9600,31.39185905456543,False,20.090619058289455,55,0.00537109375
0000010001,1851,"[2, 3, 1, 0]",9600,31.40425682067871,True,20.090619058289455,55,0.00537109375
0000010001,1852,"[2, 3, 1, 0]",9600,31.421184539794922,False,20.090619058289455,55,0.00537109375
0000010001,1853,"[2, 3, 1, 0]",9600,31.435251235961914,True,20.090619058289455,55,0.00537109375
0000010001,1854,"[2, 3, 1, 0]",9600,31.45313262939453,False,20.090619058289455,55,0.00537109375
0000010001,1855,"[2, 3, 1, 0]",9600,31.466007232666016,True,20.090619058289455,55,0.00537109375
0000010001,1856,"[2, 3, 1, 0]",9600,31.48365020751953,False,20.090619058289455,55,0.00537109375
0000010001,1857,"[2, 3, 1, 0]",9600,31.496286392211914,True,20.090619058289455,55,0.00537109375
0000010001,1858,"[2, 3, 1, 0]",9600,31.513690948486328,False,20.090619058289455,55,0.00537109375
0000010001,1859,"[2, 3, 1, 0]",9600,31.52608871459961,True,20.090619058289455,55,0.00537109375
0000010001,1860,"[2, 3, 1, 0]",9600,31.54301643371582,False,20.090619058289455,55,0.00537109375
0000010001,1861,"[2, 3, 1, 0]",9600,31.555652618408203,True,20.090619058289455,55,0.00537109375
0000010001,1862,"[2, 3, 1, 0]",9600,31.572580337524414,False,20.090619058289455,55,0.00537109375
0000010001,1863,"[2, 3, 1, 0]",9600,31.585216522216797,True,20.090619058289455,55,0.00537109375
0000010001,1864,"[2, 3, 1, 0]",9600,31.60238265991211,False,20.090619058289455,55,0.00537109375
0000010001,1865,"[2, 3, 1, 0]",9600,31.615018844604492,True,20.090619058289455,55,0.00537109375
0000010001,1866,"[2, 3, 1, 0]",9600,31.631946563720703,False,20.090619058289455,55,0.00537109375
0000010001,1867,"[2, 3, 1, 0]",9600,31.644821166992188,True,20.090619058289455,55,0.00537109375
0000010001,1868,"[2, 3, 1, 0]",9600,31.6617488861084,False,20.090619058289455,55,0.00537109375
0000010001,1869,"[2, 3, 1, 0]",9600,31.676054000854492,True,20.090619058289455,55,0.00537109375
0000010001,1870,"[2, 3, 1, 0]",9600,31.69393539428711,False,20.090619058289455,55,0.00537109375
0000010001,1871,"[2, 3, 1, 0]",9600,31.706571578979492,True,20.090619058289455,55,0.00537109375
0000010001,1872,"[2, 3, 1, 0]",9600,31.723737716674805,False,20.090619058289455,55,0.00537109375
0000010001,1873,"[2, 3, 1, 0]",9600,31.736373901367188,True,20.090619058289455,55,0.00537109375
0000010001,1874,"[2, 3, 1, 0]",9600,31.7533016204834,False,20.090619058289455,55,0.00537109375
0000010001,1875,"[2, 3, 1, 0]",9600,31.76569938659668,True,20.090619058289455,55,0.00537109375
0000010001,1876,"[2, 3, 1, 0]",9600,31.782865524291992,False,20.090619058289455,55,0.00537109375
0000010001,1877,"[2, 3, 1, 0]",9600,31.795501708984375,True,20.090619058289455,55,0.00537109375
0000010001,1878,"[2, 3, 1, 0]",9600,31.812429428100586,False,20.090619058289455,55,0.00537109375
0000010001,1879,"[2, 3, 1, 0]",9600,31.82530403137207,True,20.090619058289455,55,0.00537109375
0000010001,1880,"[2, 3, 1, 0]",9600,31.842708587646484,False,20.090619058289455,55,0.00537109375
0000010001,1881,"[2, 3, 1, 0]",9600,31.855106353759766,True,20.090619058289455,55,0.00537109375
0000010001,1882,"[2, 3, 1, 0]",9600,31.872272491455078,False,20.090619058289455,55,0.00537109375
0000010001,1883,"[2, 3, 1, 0]",9600,31.88490867614746,True,20.090619058289455,55,0.00537109375
0000010001,1884,"[2, 3, 1, 0]",9600,31.902074813842773,False,20.090619058289455,55,0.00537109375
0000010001,1885,"[2, 3, 1, 0]",9600,31.914472579956055,True,20.090619058289455,55,0.00537109375
0000010001,1886,"[2, 3, 1, 0]",9600,31.931638717651367,False,20.090619058289455,55,0.00537109375
0000010001,1887,"[2, 3, 1, 0]",9600,31.94451332092285,True,20.090619058289455,55,0.00537109375
0000010001,1888,"[2, 3, 1, 0]",9600,31.961679458618164,False,20.090619058289455,55,0.00537109375
0000010001,1889,"[2, 3, 1, 0]",9600,31.97479248046875,True,20.090619058289455,55,0.00537109375
0000010001,1890,"[2, 3, 1, 0]",9600,31.99315071105957,False,20.090619058289455,55,0.00537109375
0000010001,1891,"[2, 3, 1, 0]",9600,32.00674057006836,True,20.090619058289455,55,0.00537109375
0000010001,1892,"[2, 3, 1, 0]",9600,32.024383544921875,False,20.090619058289455,55,0.00537109375
0000010001,1893,"[2, 3, 1, 0]",9600,32.03725814819336,True,20.090619058289455,55,0.00537109375
0110110110,1894,"[2, 1, 3, 0]",9300,32.05466270446777,False,20.456314071920076,53,0.00517578125
0110110110,1895,"[2, 1, 0, 3]",600,32.06825256347656,True,20.456314071920076,53,0.00517578125
0110110110,1896,"[2, 1, 3, 0]",9300,32.08565711975098,False,20.456314071920076,53,0.00517578125
0110110110,1897,"[2, 1, 0, 3]",600,32.099008560180664,True,20.456314071920076,53,0.00517578125
0110110110,1898,"[2, 1, 3, 0]",9300,32.11641311645508,False,20.456314071920076,53,0.00517578125
0110110110,1899,"[2, 1, 0, 3]",600,32.129526138305664,True,20.456314071920076,53,0.00517578125
0110110110,1900,"[2, 1, 3, 0]",9300,32.14716911315918,False,20.456314071920076,53,0.00517578125
0110110110,1901,"[2, 1, 0, 3]",600,32.160282135009766,True,20.456314071920076,53,0.00517578125
0110110110,1902,"[2, 1, 3, 0]",9300,32.17768669128418,False,20.456314071920076,53,0.00517578125
0110110110,1903,"[2, 1, 0, 3]",600,32.19103813171387,True,20.456314071920076,53,0.00517578125
0110110110,1904,"[2, 1, 3, 0]",9300,32.20987319946289,False,20.456314071920076,53,0.00517578125
0110110110,1905,"[2, 1, 0, 3]",600,32.22346305847168,True,20.456314071920076,53,0.00517578125
0110110110,1906,"[2, 1, 3, 0]",9300,32.2413444519043,False,20.456314071920076,53,0.00517578125
0110110110,1907,"[2, 1, 0, 3]",600,32.25445747375488,True,20.456314071920076,53,0.00517578125
0110110110,1908,"[2, 1, 3, 0]",9300,32.271623611450195,False,20.456314071920076,53,0.00517578125
0110110110,1909,"[2, 1, 0, 3]",600,32.28473663330078,True,20.456314071920076,53,0.00517578125
0110110110,1910,"[2, 1, 3, 0]",9300,32.302141189575195,False,20.456314071920076,53,0.00517578125
0110110110,1911,"[2, 1, 0, 3]",600,32.317161560058594,True,20.456314071920076,53,0.00517578125
0110110110,1912,"[2, 1, 3, 0]",9300,32.335519790649414,False,20.456314071920076,53,0.00517578125
0110110110,1913,"[2, 1, 0, 3]",600,32.3486328125,True,20.456314071920076,53,0.00517578125
0110110110,1914,"[2, 1, 3, 0]",9300,32.366037368774414,False,20.456314071920076,53,0.00517578125
0110110110,1915,"[2, 1, 0, 3]",600,32.3793888092041,True,20.456314071920076,53,0.00517578125
0110110110,1916,"[2, 1, 3, 0]",9300,32.39703178405762,False,20.456314071920076,53,0.00517578125
0110110110,1917,"[2, 1, 0, 3]",600,32.410621643066406,True,20.456314071920076,53,0.00517578125
0110110110,1918,"[2, 1, 3, 0]",9300,32.42778778076172,False,20.456314071920076,53,0.00517578125
0110110110,1919,"[2, 1, 0, 3]",600,32.44137763977051,True,20.456314071920076,53,0.00517578125
0110110110,1920,"[2, 1, 3, 0]",9300,32.45854377746582,False,20.456314071920076,53,0.00517578125
0110110110,1921,"[2, 1, 0, 3]",600,32.47213363647461,True,20.456314071920076,53,0.00517578125
0110110110,1922,"[2, 1, 3, 0]",9300,32.48929977416992,False,20.456314071920076,53,0.00517578125
0110110110,1923,"[2, 1, 0, 3]",600,32.50265121459961,True,20.456314071920076,53,0.00517578125
0110110110,1924,"[2, 1, 3, 0]",9300,32.51981735229492,False,20.456314071920076,53,0.00517578125
0110110110,1925,"[2, 1, 0, 3]",600,32.53293037414551,True,20.456314071920076,53,0.00517578125
0110110110,1926,"[2, 1, 3, 0]",9300,32.550811767578125,False,20.456314071920076,53,0.00517578125
0110110110,1927,"[2, 1, 0, 3]",600,32.56368637084961,True,20.456314071920076,53,0.00517578125
0110110110,1928,"[2, 1, 3, 0]",9300,32.58109092712402,False,20.456314071920076,53,0.00517578125
0110110110,1929,"[2, 1, 0, 3]",600,32.59420394897461,True,20.456314071920076,53,0.00517578125
0110110110,1930,"[2, 1, 3, 0]",9300,32.611846923828125,False,20.456314071920076,53,0.00517578125
0110110110,1931,"[2, 1, 0, 3]",600,32.62472152709961,True,20.456314071920076,53,0.00517578125
0110110110,1932,"[2, 1, 3, 0]",9300,32.64331817626953,False,20.456314071920076,53,0.00517578125
0110110110,1933,"[2, 1, 0, 3]",600,32.65666961669922,True,20.456314071920076,53,0.00517578125
0110110110,1934,"[2, 1, 3, 0]",9300,32.674551010131836,False,20.456314071920076,53,0.00517578125
0110110110,1935,"[2, 1, 0, 3]",600,32.68742561340332,True,20.456314071920076,53,0.00517578125
0110110110,1936,"[2, 1, 3, 0]",9300,32.704830169677734,False,20.456314071920076,53,0.00517578125
0110110110,1937,"[2, 1, 0, 3]",600,32.71794319152832,True,20.456314071920076,53,0.00517578125
0110110110,1938,"[2, 1, 3, 0]",9300,32.735347747802734,False,20.456314071920076,53,0.00517578125
0110110110,1939,"[2, 1, 0, 3]",600,32.74869918823242,True,20.456314071920076,53,0.00517578125
0110110110,1940,"[2, 1, 3, 0]",9300,32.766103744506836,False,20.456314071920076,53,0.00517578125
0110110110,1941,"[2, 1, 0, 3]",600,32.77897834777832,True,20.456314071920076,53,0.00517578125
0110110110,1942,"[2, 1, 3, 0]",9300,32.796382904052734,False,20.456314071920076,53,0.00517578125
0110110110,1943,"[2, 1, 0, 3]",600,32.80973434448242,True,20.456314071920076,53,0.00517578125
0110110110,1944,"[2, 1, 3, 0]",9300,32.827138900756836,False,20.456314071920076,53,0.00517578125
0110110110,1945,"[2, 1, 0, 3]",600,32.840728759765625,True,20.456314071920076,53,0.00517578125
0110110110,1946,"[2, 1, 3, 0]",9300,32.85813331604004,False,20.456314071920076,53,0.00517578125
0110110110,1947,"[2, 1, 0, 3]",600,32.871246337890625,True,20.456314071920076,53,0.00517578125
0110110110,1948,"[2, 1, 3, 0]",9300,32.88841247558594,False,20.456314071920076,53,0.00517578125
0110110110,1949,"[2, 1, 0, 3]",600,32.901763916015625,True,20.456314071920076,53,0.00517578125
0110110110,1950,"[2, 1, 3, 0]",9300,32.91893005371094,False,20.456314071920076,53,0.00517578125
0110110110,1951,"[2, 1, 0, 3]",600,32.93204307556152,True,20.456314071920076,53,0.00517578125
0110110110,1952,"[2, 1, 3, 0]",9300,32.949209213256836,False,20.456314071920076,53,0.00517578125
0110110110,1953,"[2, 1, 0, 3]",600,32.96399116516113,True,20.456314071920076,53,0.00517578125
0110110110,1954,"[2, 1, 3, 0]",9300,32.98377990722656,False,20.456314071920076,53,0.00517578125
0110110110,1955,"[2, 1, 0, 3]",600,32.99713134765625,True,20.456314071920076,53,0.00517578125
0110110110,1956,"[2, 1, 3, 0]",9300,33.01501274108887,False,20.456314071920076,53,0.00517578125
0110110110,1957,"[2, 1, 0, 3]",600,33.028364181518555,True,20.456314071920076,53,0.00517578125
0110110110,1958,"[2, 1, 3, 0]",9300,33.04576873779297,False,20.456314071920076,53,0.00517578125
0110110110,1959,"[2, 1, 0, 3]",600,33.058881759643555,True,20.456314071920076,53,0.00517578125
0110110110,1960,"[2, 1, 3, 0]",9300,33.07652473449707,False,20.456314071920076,53,0.00517578125
0110110110,1961,"[2, 1, 0, 3]",600,33.089637756347656,True,20.456314071920076,53,0.00517578125
0110110110,1962,"[2, 1, 3, 0]",9300,33.10704231262207,False,20.456314071920076,53,0.00517578125
0110110110,1963,"[2, 1, 0, 3]",600,33.120155334472656,True,20.456314071920076,53,0.00517578125
0110110110,1964,"[2, 1, 3, 0]",9300,33.13755989074707,False,20.456314071920076,53,0.00517578125
0110110110,1965,"[2, 1, 0, 3]",600,33.150434494018555,True,20.456314071920076,53,0.00517578125
0110110110,1966,"[2, 1, 3, 0]",9300,33.16783905029297,False,20.456314071920076,53,0.00517578125
0110110110,1967,"[2, 1, 0, 3]",600,33.19740295410156,True,20.456314071920076,53,0.00517578125
0110110110,1968,"[2, 1, 3, 0]",9300,33.21552276611328,False,20.456314071920076,53,0.00517578125
0110110110,1969,"[2, 1, 0, 3]",600,33.22958946228027,True,20.456314071920076,53,0.00517578125
0110110110,1970,"[2, 1, 3, 0]",9300,33.247947692871094,False,20.456314071920076,53,0.00517578125
0110110110,1971,"[2, 1, 0, 3]",600,33.262014389038086,True,20.456314071920076,53,0.00517578125
0110110110,1972,"[2, 1, 3, 0]",9300,33.280372619628906,False,20.456314071920076,53,0.00517578125
0110110110,1973,"[2, 1, 0, 3]",600,33.2944393157959,True,20.456314071920076,53,0.00517578125
0110110110,1974,"[2, 1, 3, 0]",9300,33.31398963928223,False,20.456314071920076,53,0.00517578125
0110110110,1975,"[2, 1, 0, 3]",600,33.32853317260742,True,20.456314071920076,53,0.00517578125
0110110110,1976,"[2, 1, 3, 0]",9300,33.34689140319824,False,20.456314071920076,53,0.00517578125
0110110110,1977,"[2, 1, 0, 3]",600,33.36071968078613,True,20.456314071920076,53,0.00517578125
0110110110,1978,"[2, 1, 3, 0]",9300,33.37883949279785,False,20.456314071920076,53,0.00517578125
0110110110,1979,"[2, 1, 0, 3]",600,33.39266777038574,True,20.456314071920076,53,0.00517578125
0110110110,1980,"[2, 1, 3, 0]",9300,33.41078758239746,False,20.456314071920076,53,0.00517578125
0110110110,1981,"[2, 1, 0, 3]",600,33.42461585998535,True,20.456314071920076,53,0.00517578125
0110110110,1982,"[2, 1, 3, 0]",9300,33.44297409057617,False,20.456314071920076,53,0.00517578125
0110110110,1983,"[2, 1, 0, 3]",600,33.45632553100586,True,20.456314071920076,53,0.00517578125
0110110110,1984,"[2, 1, 3, 0]",9300,33.47492218017578,False,20.456314071920076,53,0.00517578125
0110110110,1985,"[2, 1, 0, 3]",600,33.493757247924805,True,20.456314071920076,53,0.00517578125
0110110110,1986,"[2, 1, 3, 0]",9300,33.51306915283203,False,20.456314071920076,53,0.00517578125
0110110110,1987,"[2, 1, 0, 3]",600,33.52665901184082,True,20.456314071920076,53,0.00517578125
0110110110,1988,"[2, 1, 3, 0]",9300,33.54477882385254,False,20.456314071920076,53,0.00517578125
0110110110,1989,"[2, 1, 0, 3]",600,33.55860710144043,True,20.456314071920076,53,0.00517578125
0110110110,1990,"[2, 1, 3, 0]",9300,33.57696533203125,False,20.456314071920076,53,0.00517578125
0110110110,1991,"[2, 1, 0, 3]",600,33.593177795410156,True,20.456314071920076,53,0.00517578125
0110110110,1992,"[2, 1, 3, 0]",9300,33.61177444458008,False,20.456314071920076,53,0.00517578125
0110110110,1993,"[2, 1, 0, 3]",600,33.62631797790527,True,20.456314071920076,53,0.00517578125
0110110110,1994,"[2, 1, 3, 0]",9300,33.644914627075195,False,20.456314071920076,53,0.00517578125
0110110110,1995,"[2, 1, 0, 3]",600,33.660888671875,True,20.456314071920076,53,0.00517578125
0110110110,1996,"[2, 1, 3, 0]",9300,33.68020057678223,False,20.456314071920076,53,0.00517578125
0110110110,1997,"[2, 1, 0, 3]",600,33.69498252868652,True,20.456314071920076,53,0.00517578125
0110110110,1998,"[2, 1, 3, 0]",9300,33.71310234069824,False,20.456314071920076,53,0.00517578125
0110110110,1999,"[2, 1, 0, 3]",600,33.72764587402344,True,20.456314071920076,53,0.00517578125
0010100110,2000,"[2, 1, 3, 0]",9300,33.745765686035156,False,18.36377440228918,53,0.00517578125
0010100110,2001,"[2, 1, 0, 3]",600,33.76007080078125,True,18.36377440228918,53,0.00517578125
0010100110,2002,"[2, 1, 3, 0]",9300,33.77819061279297,False,18.36377440228918,53,0.00517578125
0010100110,2003,"[2, 1, 0, 3]",600,33.79249572753906,True,18.36377440228918,53,0.00517578125
0010100110,2004,"[2, 1, 3, 0]",9300,33.81228446960449,False,18.36377440228918,53,0.00517578125
0010100110,2005,"[2, 1, 0, 3]",600,33.82706642150879,True,18.36377440228918,53,0.00517578125
0010100110,2006,"[2, 1, 3, 0]",9300,33.84590148925781,False,18.36377440228918,53,0.00517578125
0010100110,2007,"[2, 1, 0, 3]",600,33.859968185424805,True,18.36377440228918,53,0.00517578125
0010100110,2008,"[2, 1, 3, 0]",9300,33.87856483459473,False,18.36377440228918,53,0.00517578125
0010100110,2009,"[2, 1, 0, 3]",600,33.89239311218262,True,18.36377440228918,53,0.00517578125
0010100110,2010,"[2, 1, 3, 0]",9300,33.91075134277344,False,18.36377440228918,53,0.00517578125
0010100110,2011,"[2, 1, 0, 3]",600,33.92457962036133,True,18.36377440228918,53,0.00517578125
0010100110,2012,"[2, 1, 3, 0]",9300,33.94293785095215,False,18.36377440228918,53,0.00517578125
0010100110,2013,"[2, 1, 0, 3]",600,33.95676612854004,True,18.36377440228918,53,0.00517578125
0010100110,2014,"[2, 1, 3, 0]",9300,33.974647521972656,False,18.36377440228918,53,0.00517578125
0010100110,2015,"[2, 1, 0, 3]",600,33.988237380981445,True,18.36377440228918,53,0.00517578125
0010100110,2016,"[2, 1, 3, 0]",9300,34.00778770446777,False,18.36377440228918,53,0.00517578125
0010100110,2017,"[2, 1, 0, 3]",600,34.02137756347656,True,18.36377440228918,53,0.00517578125
0010100110,2018,"[2, 1, 3, 0]",9300,34.03973579406738,False,18.36377440228918,53,0.00517578125
0010100110,2019,"[2, 1, 0, 3]",600,34.05356407165527,True,18.36377440228918,53,0.00517578125
0010100110,2020,"[2, 1, 3, 0]",9300,34.071922302246094,False,18.36377440228918,53,0.00517578125
0010100110,2021,"[2, 1, 0, 3]",600,34.085750579833984,True,18.36377440228918,53,0.00517578125
0010100110,2022,"[2, 1, 3, 0]",9300,34.1038703918457,False,18.36377440228918,53,0.00517578125
0010100110,2023,"[2, 1, 0, 3]",600,34.117698669433594,True,18.36377440228918,53,0.00517578125
0010100110,2024,"[2, 1, 3, 0]",9300,34.15203094482422,False,18.36377440228918,53,0.00517578125
0010100110,2025,"[2, 1, 0, 3]",600,34.16633605957031,True,18.36377440228918,53,0.00517578125
0010100110,2026,"[2, 1, 3, 0]",9300,34.18469429016113,False,18.36377440228918,53,0.00517578125
0010100110,2027,"[2, 1, 0, 3]",600,34.198760986328125,True,18.36377440228918,53,0.00517578125
0010100110,2028,"[2, 1, 3, 0]",9300,34.21759605407715,False,18.36377440228918,53,0.00517578125
0010100110,2029,"[2, 1, 0, 3]",600,34.23166275024414,True,18.36377440228918,53,0.00517578125
0010100110,2030,"[2, 1, 3, 0]",9300,34.24978256225586,False,18.36377440228918,53,0.00517578125
0010100110,2031,"[2, 1, 0, 3]",600,34.26408767700195,True,18.36377440228918,53,0.00517578125
0010100110,2032,"[2, 1, 3, 0]",9300,34.28220748901367,False,18.36377440228918,53,0.00517578125
0010100110,2033,"[2, 1, 0, 3]",600,34.296274185180664,True,18.36377440228918,53,0.00517578125
0010100110,2034,"[2, 1, 3, 0]",9300,34.31510925292969,False,18.36377440228918,53,0.00517578125
0010100110,2035,"[2, 1, 0, 3]",600,34.32917594909668,True,18.36377440228918,53,0.00517578125
0010100110,2036,"[2, 1, 3, 0]",9300,34.3477725982666,False,18.36377440228918,53,0.00517578125
0010100110,2037,"[2, 1, 0, 3]",600,34.3632698059082,True,18.36377440228918,53,0.00517578125
0010100110,2038,"[2, 1, 3, 0]",9300,34.38234329223633,False,18.36377440228918,53,0.00517578125
0010100110,2039,"[2, 1, 0, 3]",600,34.40690040588379,True,18.36377440228918,53,0.00517578125
0010100110,2040,"[2, 1, 3, 0]",9300,34.42502021789551,False,18.36377440228918,53,0.00517578125
0010100110,2041,"[2, 1, 0, 3]",600,34.4548225402832,True,18.36377440228918,53,0.00517578125
0010100110,2042,"[2, 1, 3, 0]",9300,34.47294235229492,False,18.36377440228918,53,0.00517578125
0010100110,2043,"[2, 1, 0, 3]",600,34.48677062988281,True,18.36377440228918,53,0.00517578125
0010100110,2044,"[2, 1, 3, 0]",9300,34.505605697631836,False,18.36377440228918,53,0.00517578125
0010100110,2045,"[2, 1, 0, 3]",600,34.51943397521973,True,18.36377440228918,53,0.00517578125
0010100110,2046,"[2, 1, 3, 0]",9300,34.53779220581055,False,18.36377440228918,53,0.00517578125
0010100110,2047,"[2, 1, 0, 3]",600,34.55162048339844,True,18.36377440228918,53,0.00517578125
0010100110,2048,"[2, 1, 3, 0]",9300,34.56997871398926,False,18.36377440228918,53,0.00517578125
0010100110,2049,"[2, 1, 0, 3]",600,34.58404541015625,True,18.36377440228918,53,0.00517578125
0010100110,2050,"[2, 1, 3, 0]",9300,34.60288047790527,False,18.36377440228918,53,0.00517578125
0010100110,2051,"[2, 1, 0, 3]",600,34.616947174072266,True,18.36377440228918,53,0.00517578125
0010100110,2052,"[2, 1, 3, 0]",9300,34.635305404663086,False,18.36377440228918,53,0.00517578125
0010100110,2053,"[2, 1, 0, 3]",600,34.65986251831055,True,18.36377440228918,53,0.00517578125
0010100110,2054,"[2, 1, 3, 0]",9300,34.68012809753418,False,18.36377440228918,53,0.00517578125
0010100110,2055,"[2, 1, 0, 3]",600,34.694671630859375,True,18.36377440228918,53,0.00517578125
0010100110,2056,"[2, 1, 3, 0]",9300,34.713029861450195,False,18.36377440228918,53,0.00517578125
0010100110,2057,"[2, 1, 0, 3]",600,34.726858139038086,True,18.36377440228918,53,0.00517578125
0010100110,2058,"[2, 1, 3, 0]",9300,34.746408462524414,False,18.36377440228918,53,0.00517578125
0010100110,2059,"[2, 1, 0, 3]",600,34.760475158691406,True,18.36377440228918,53,0.00517578125
0010100110,2060,"[2, 1, 3, 0]",9300,34.77883338928223,False,18.36377440228918,53,0.00517578125
0010100110,2061,"[2, 1, 0, 3]",600,34.792184829711914,True,18.36377440228918,53,0.00517578125
0010100110,2062,"[2, 1, 3, 0]",9300,34.81030464172363,False,18.36377440228918,53,0.00517578125
0010100110,2063,"[2, 1, 0, 3]",600,34.825801849365234,True,18.36377440228918,53,0.00517578125
0010100110,2064,"[2, 1, 3, 0]",9300,34.84368324279785,False,18.36377440228918,53,0.00517578125
0010100110,2065,"[2, 1, 0, 3]",600,34.85727310180664,True,18.36377440228918,53,0.00517578125
0010100110,2066,"[2, 1, 3, 0]",9300,34.87539291381836,False,18.36377440228918,53,0.00517578125
0010100110,2067,"[2, 1, 0, 3]",600,34.88898277282715,True,18.36377440228918,53,0.00517578125
0010100110,2068,"[2, 1, 3, 0]",9300,34.906864166259766,False,18.36377440228918,53,0.00517578125
0010100110,2069,"[2, 1, 0, 3]",600,34.92021560668945,True,18.36377440228918,53,0.00517578125
0010100110,2070,"[2, 1, 3, 0]",9300,34.93809700012207,False,18.36377440228918,53,0.00517578125
0010100110,2071,"[2, 1, 0, 3]",600,34.951210021972656,True,18.36377440228918,53,0.00517578125
0010100110,2072,"[2, 1, 3, 0]",9300,34.96909141540527,False,18.36377440228918,53,0.00517578125
0010100110,2073,"[2, 1, 0, 3]",600,34.98268127441406,True,18.36377440228918,53,0.00517578125
0010100110,2074,"[2, 1, 3, 0]",9300,35.00056266784668,False,18.36377440228918,53,0.00517578125
0010100110,2075,"[2, 1, 0, 3]",600,35.01439094543457,True,18.36377440228918,53,0.00517578125
0010100110,2076,"[2, 1, 3, 0]",9300,35.03227233886719,False,18.36377440228918,53,0.00517578125
0010100110,2077,"[2, 1, 0, 3]",600,35.04610061645508,True,18.36377440228918,53,0.00517578125
0010100110,2078,"[2, 1, 3, 0]",9300,35.0642204284668,False,18.36377440228918,53,0.00517578125
0010100110,2079,"[2, 1, 0, 3]",600,35.0794792175293,True,18.36377440228918,53,0.00517578125
0010100110,2080,"[2, 1, 3, 0]",9300,35.09831428527832,False,18.36377440228918,53,0.00517578125
0010100110,2081,"[2, 1, 0, 3]",600,35.11238098144531,True,18.36377440228918,53,0.00517578125
0010100110,2082,"[2, 1, 3, 0]",9300,35.13073921203613,False,18.36377440228918,53,0.00517578125
0010100110,2083,"[2, 1, 0, 3]",600,35.144805908203125,True,18.36377440228918,53,0.00517578125
0010100110,2084,"[2, 1, 3, 0]",9300,35.16268730163574,False,18.36377440228918,53,0.00517578125
0010100110,2085,"[2, 1, 0, 3]",600,35.176753997802734,True,18.36377440228918,53,0.00517578125
0010100110,2086,"[2, 1, 3, 0]",9300,35.19463539123535,False,18.36377440228918,53,0.00517578125
0010100110,2087,"[2, 1, 0, 3]",600,35.20822525024414,True,18.36377440228918,53,0.00517578125
0010100110,2088,"[2, 1, 3, 0]",9300,35.22610664367676,False,18.36377440228918,53,0.00517578125
0010100110,2089,"[2, 1, 0, 3]",600,35.23993492126465,True,18.36377440228918,53,0.00517578125
0010100110,2090,"[2, 1, 3, 0]",9300,35.25805473327637,False,18.36377440228918,53,0.00517578125
0010100110,2091,"[2, 1, 0, 3]",600,35.271644592285156,True,18.36377440228918,53,0.00517578125
0010100110,2092,"[2, 1, 3, 0]",9300,35.28952598571777,False,18.36377440228918,53,0.00517578125
0010100110,2093,"[2, 1, 0, 3]",600,35.30311584472656,True,18.36377440228918,53,0.00517578125
0010100110,2094,"[2, 1, 3, 0]",9300,35.32123565673828,False,18.36377440228918,53,0.00517578125
0010100110,2095,"[2, 1, 0, 3]",600,35.33458709716797,True,18.36377440228918,53,0.00517578125
0010100110,2096,"[2, 1, 3, 0]",9300,35.363197326660156,False,18.36377440228918,53,0.00517578125
0010100110,2097,"[2, 1, 0, 3]",600,35.37607192993164,True,18.36377440228918,53,0.00517578125
0010100110,2098,"[2, 1, 3, 0]",9300,35.393476486206055,False,18.36377440228918,53,0.00517578125
0010100110,2099,"[2, 1, 0, 3]",600,35.40658950805664,True,18.36377440228918,53,0.00517578125
0010100110,2100,"[2, 1, 3, 0]",9300,35.425424575805664,False,18.36377440228918,53,0.00517578125
0010100110,2101,"[2, 1, 0, 3]",600,35.43853759765625,True,18.36377440228918,53,0.00517578125
0010100110,2102,"[2, 1, 3, 0]",9300,35.456180572509766,False,18.36377440228918,53,0.00517578125
0010100110,2103,"[2, 1, 0, 3]",600,35.46929359436035,True,18.36377440228918,53,0.00517578125
0010100110,2104,"[2, 1, 3, 0]",9300,35.48693656921387,False,18.36377440228918,53,0.00517578125
0010100110,2105,"[2, 1, 0, 3]",600,35.50243377685547,True,18.36377440228918,53,0.00517578125
1011011101,2106,"[3, 1, 0, 2]",900,35.5219841003418,False,28.07351047538313,52,0.005078125
1011011101,2107,"[3, 1, 0, 2]",900,35.53652763366699,True,28.07351047538313,52,0.005078125
1011011101,2108,"[3, 1, 0, 2]",900,35.55440902709961,False,28.07351047538313,52,0.005078125
1011011101,2109,"[3, 1, 0, 2]",900,35.5679988861084,True,28.07351047538313,52,0.005078125
1011011101,2110,"[3, 1, 0, 2]",900,35.58540344238281,False,28.07351047538313,52,0.005078125
1011011101,2111,"[3, 1, 0, 2]",900,35.5985164642334,True,28.07351047538313,52,0.005078125
1011011101,2112,"[3, 1, 0, 2]",900,35.616159439086914,False,28.07351047538313,52,0.005078125
1011011101,2113,"[3, 1, 0, 2]",900,35.6295108795166,True,28.07351047538313,52,0.005078125
1011011101,2114,"[3, 1, 0, 2]",900,35.646915435791016,False,28.07351047538313,52,0.005078125
1011011101,2115,"[3, 1, 0, 2]",900,35.6600284576416,True,28.07351047538313,52,0.005078125
1011011101,2116,"[3, 1, 0, 2]",900,35.677433013916016,False,28.07351047538313,52,0.005078125
1011011101,2117,"[3, 1, 0, 2]",900,35.6905460357666,True,28.07351047538313,52,0.005078125
1011011101,2118,"[3, 1, 0, 2]",900,35.707950592041016,False,28.07351047538313,52,0.005078125
1011011101,2119,"[3, 1, 0, 2]",900,35.7213020324707,True,28.07351047538313,52,0.005078125
1011011101,2120,"[3, 1, 0, 2]",900,35.738468170166016,False,28.07351047538313,52,0.005078125
1011011101,2121,"[3, 1, 0, 2]",900,35.753488540649414,True,28.07351047538313,52,0.005078125
1011011101,2122,"[3, 1, 0, 2]",900,35.77136993408203,False,28.07351047538313,52,0.005078125
1011011101,2123,"[3, 1, 0, 2]",900,35.78448295593262,True,28.07351047538313,52,0.005078125
1011011101,2124,"[3, 1, 0, 2]",900,35.80141067504883,False,28.07351047538313,52,0.005078125
1011011101,2125,"[3, 1, 0, 2]",900,35.814523696899414,True,28.07351047538313,52,0.005078125
1011011101,2126,"[3, 1, 0, 2]",900,35.83168983459473,False,28.07351047538313,52,0.005078125
1011011101,2127,"[3, 1, 0, 2]",900,35.84456443786621,True,28.07351047538313,52,0.005078125
1011011101,2128,"[3, 1, 0, 2]",900,35.86173057556152,False,28.07351047538313,52,0.005078125
1011011101,2129,"[3, 1, 0, 2]",900,35.87484359741211,True,28.07351047538313,52,0.005078125
1011011101,2130,"[3, 1, 0, 2]",900,35.89200973510742,False,28.07351047538313,52,0.005078125
1011011101,2131,"[3, 1, 0, 2]",900,35.90536117553711,True,28.07351047538313,52,0.005078125
1011011101,2132,"[3, 1, 0, 2]",900,35.92252731323242,False,28.07351047538313,52,0.005078125
1011011101,2133,"[3, 1, 0, 2]",900,35.93587875366211,True,28.07351047538313,52,0.005078125
1011011101,2134,"[3, 1, 0, 2]",900,35.95328330993652,False,28.07351047538313,52,0.005078125
1011011101,2135,"[3, 1, 0, 2]",900,35.96615791320801,True,28.07351047538313,52,0.005078125
1011011101,2136,"[3, 1, 0, 2]",900,35.98332405090332,False,28.07351047538313,52,0.005078125
1011011101,2137,"[3, 1, 0, 2]",900,35.996437072753906,True,28.07351047538313,52,0.005078125
1011011101,2138,"[3, 1, 0, 2]",900,36.01360321044922,False,28.07351047538313,52,0.005078125
1011011101,2139,"[3, 1, 0, 2]",900,36.026716232299805,True,28.07351047538313,52,0.005078125
1011011101,2140,"[3, 1, 0, 2]",900,36.04388236999512,False,28.07351047538313,52,0.005078125
1011011101,2141,"[3, 1, 0, 2]",900,36.0567569732666,True,28.07351047538313,52,0.005078125
1011011101,2142,"[3, 1, 0, 2]",900,36.075592041015625,False,28.07351047538313,52,0.005078125
1011011101,2143,"[3, 1, 0, 2]",900,36.08870506286621,True,28.07351047538313,52,0.005078125
1011011101,2144,"[3, 1, 0, 2]",900,36.10658645629883,False,28.07351047538313,52,0.005078125
1011011101,2145,"[3, 1, 0, 2]",900,36.119699478149414,True,28.07351047538313,52,0.005078125
1011011101,2146,"[3, 1, 0, 2]",900,36.13710403442383,False,28.07351047538313,52,0.005078125
1011011101,2147,"[3, 1, 0, 2]",900,36.14997863769531,True,28.07351047538313,52,0.005078125
1011011101,2148,"[3, 1, 0, 2]",900,36.16738319396973,False,28.07351047538313,52,0.005078125
1011011101,2149,"[3, 1, 0, 2]",900,36.18049621582031,True,28.07351047538313,52,0.005078125
1011011101,2150,"[3, 1, 0, 2]",900,36.19790077209473,False,28.07351047538313,52,0.005078125
1011011101,2151,"[3, 1, 0, 2]",900,36.21101379394531,True,28.07351047538313,52,0.005078125
1011011101,2152,"[3, 1, 0, 2]",900,36.228179931640625,False,28.07351047538313,52,0.005078125
1011011101,2153,"[3, 1, 0, 2]",900,36.24105453491211,True,28.07351047538313,52,0.005078125
1011011101,2154,"[3, 1, 0, 2]",900,36.25845909118652,False,28.07351047538313,52,0.005078125
1011011101,2155,"[3, 1, 0, 2]",900,36.27324104309082,True,28.07351047538313,52,0.005078125
1011011101,2156,"[3, 1, 0, 2]",900,36.29112243652344,False,28.07351047538313,52,0.005078125
1011011101,2157,"[3, 1, 0, 2]",900,36.30423545837402,True,28.07351047538313,52,0.005078125
1011011101,2158,"[3, 1, 0, 2]",900,36.32187843322754,False,28.07351047538313,52,0.005078125
1011011101,2159,"[3, 1, 0, 2]",900,36.336660385131836,True,28.07351047538313,52,0.005078125
1011011101,2160,"[3, 1, 0, 2]",900,36.35406494140625,False,28.07351047538313,52,0.005078125
1011011101,2161,"[3, 1, 0, 2]",900,36.36765480041504,True,28.07351047538313,52,0.005078125
1011011101,2162,"[3, 1, 0, 2]",900,36.385297775268555,False,28.07351047538313,52,0.005078125
1011011101,2163,"[3, 1, 0, 2]",900,36.40007972717285,True,28.07351047538313,52,0.005078125
1011011101,2164,"[3, 1, 0, 2]",900,36.41772270202637,False,28.07351047538313,52,0.005078125
1011011101,2165,"[3, 1, 0, 2]",900,36.431312561035156,True,28.07351047538313,52,0.005078125
1011011101,2166,"[3, 1, 0, 2]",900,36.44871711730957,False,28.07351047538313,52,0.005078125
1011011101,2167,"[3, 1, 0, 2]",900,36.4842414855957,True,28.07351047538313,52,0.005078125
1011011101,2168,"[3, 1, 0, 2]",900,36.50212287902832,False,28.07351047538313,52,0.005078125
1011011101,2169,"[3, 1, 0, 2]",900,36.51571273803711,True,28.07351047538313,52,0.005078125
1011011101,2170,"[3, 1, 0, 2]",900,36.53311729431152,False,28.07351047538313,52,0.005078125
1011011101,2171,"[3, 1, 0, 2]",900,36.54670715332031,True,28.07351047538313,52,0.005078125
1011011101,2172,"[3, 1, 0, 2]",900,36.56411170959473,False,28.07351047538313,52,0.005078125
1011011101,2173,"[3, 1, 0, 2]",900,36.57698631286621,True,28.07351047538313,52,0.005078125
1011011101,2174,"[3, 1, 0, 2]",900,36.59462928771973,False,28.07351047538313,52,0.005078125
1011011101,2175,"[3, 1, 0, 2]",900,36.60774230957031,True,28.07351047538313,52,0.005078125
1011011101,2176,"[3, 1, 0, 2]",900,36.62514686584473,False,28.07351047538313,52,0.005078125
1011011101,2177,"[3, 1, 0, 2]",900,36.638498306274414,True,28.07351047538313,52,0.005078125
1011011101,2178,"[3, 1, 0, 2]",900,36.65590286254883,False,28.07351047538313,52,0.005078125
1011011101,2179,"[3, 1, 0, 2]",900,36.669015884399414,True,28.07351047538313,52,0.005078125
1011011101,2180,"[3, 1, 0, 2]",900,36.68642044067383,False,28.07351047538313,52,0.005078125
1011011101,2181,"[3, 1, 0, 2]",900,36.699533462524414,True,28.07351047538313,52,0.005078125
1011011101,2182,"[3, 1, 0, 2]",900,36.71693801879883,False,28.07351047538313,52,0.005078125
1011011101,2183,"[3, 1, 0, 2]",900,36.72957420349121,True,28.07351047538313,52,0.005078125
1011011101,2184,"[3, 1, 0, 2]",900,36.748647689819336,False,28.07351047538313,52,0.005078125
1011011101,2185,"[3, 1, 0, 2]",900,36.762237548828125,True,28.07351047538313,52,0.005078125
1011011101,2186,"[3, 1, 0, 2]",900,36.77988052368164,False,28.07351047538313,52,0.005078125
1011011101,2187,"[3, 1, 0, 2]",900,36.79323196411133,True,28.07351047538313,52,0.005078125
1011011101,2188,"[3, 1, 0, 2]",900,36.81063652038574,False,28.07351047538313,52,0.005078125
1011011101,2189,"[3, 1, 0, 2]",900,36.82351112365723,True,28.07351047538313,52,0.005078125
1011011101,2190,"[3, 1, 0, 2]",900,36.84091567993164,False,28.07351047538313,52,0.005078125
1011011101,2191,"[3, 1, 0, 2]",900,36.85426712036133,True,28.07351047538313,52,0.005078125
1011011101,2192,"[3, 1, 0, 2]",900,36.87167167663574,False,28.07351047538313,52,0.005078125
1011011101,2193,"[3, 1, 0, 2]",900,36.88502311706543,True,28.07351047538313,52,0.005078125
1011011101,2194,"[3, 1, 0, 2]",900,36.90218925476074,False,28.07351047538313,52,0.005078125
1011011101,2195,"[3, 1, 0, 2]",900,36.91554069519043,True,28.07351047538313,52,0.005078125
1011011101,2196,"[3, 1, 0, 2]",900,36.93246841430664,False,28.07351047538313,52,0.005078125
1011011101,2197,"[3, 1, 0, 2]",900,36.94581985473633,True,28.07351047538313,52,0.005078125
1011011101,2198,"[3, 1, 0, 2]",900,36.96274757385254,False,28.07351047538313,52,0.005078125
1011011101,2199,"[3, 1, 0, 2]",900,36.975860595703125,True,28.07351047538313,52,0.005078125
1011011101,2200,"[3, 1, 0, 2]",900,36.99302673339844,False,28.07351047538313,52,0.005078125
1011011101,2201,"[3, 1, 0, 2]",900,37.00613975524902,True,28.07351047538313,52,0.005078125
1011011101,2202,"[3, 1, 0, 2]",900,37.02354431152344,False,28.07351047538313,52,0.005078125
1011011101,2203,"[3, 1, 0, 2]",900,37.036895751953125,True,28.07351047538313,52,0.005078125
1011011101,2204,"[3, 1, 0, 2]",900,37.05430030822754,False,28.07351047538313,52,0.005078125
1011011101,2205,"[3, 1, 0, 2]",900,37.07075119018555,True,28.07351047538313,52,0.005078125
1011011101,2206,"[3, 1, 0, 2]",900,37.08910942077637,False,28.07351047538313,52,0.005078125
1011011101,2207,"[3, 1, 0, 2]",900,37.102460861206055,True,28.07351047538313,52,0.005078125
1011011101,2208,"[3, 1, 0, 2]",900,37.12010383605957,False,28.07351047538313,52,0.005078125
1011011101,2209,"[3, 1, 0, 2]",900,37.133216857910156,True,28.07351047538313,52,0.005078125
1001010101,2210,"[0, 3, 2, 1]",6300,37.15252876281738,False,15.727548804578362,52,0.005078125
1001010101,2211,"[0, 1, 3, 2]",465,37.16635704040527,True,15.727548804578362,52,0.005078125
1001010101,2212,"[0, 3, 2, 1]",6300,37.18400001525879,False,15.727548804578362,52,0.005078125
1001010101,2213,"[0, 1, 3, 2]",465,37.197113037109375,True,15.727548804578362,52,0.005078125
1001010101,2214,"[0, 3, 2, 1]",6300,37.21427917480469,False,15.727548804578362,52,0.005078125
1001010101,2215,"[0, 1, 3, 2]",465,37.22739219665527,True,15.727548804578362,52,0.005078125
1001010101,2216,"[0, 3, 2, 1]",6300,37.244558334350586,False,15.727548804578362,52,0.005078125
1001010101,2217,"[0, 1, 3, 2]",465,37.25767135620117,True,15.727548804578362,52,0.005078125
1001010101,2218,"[0, 3, 2, 1]",6300,37.275075912475586,False,15.727548804578362,52,0.005078125
1001010101,2219,"[0, 1, 3, 2]",465,37.28818893432617,True,15.727548804578362,52,0.005078125
1001010101,2220,"[0, 3, 2, 1]",6300,37.305593490600586,False,15.727548804578362,52,0.005078125
1001010101,2221,"[0, 1, 3, 2]",465,37.31870651245117,True,15.727548804578362,52,0.005078125
1001010101,2222,"[0, 3, 2, 1]",6300,37.335872650146484,False,15.727548804578362,52,0.005078125
1001010101,2223,"[0, 1, 3, 2]",465,37.34898567199707,True,15.727548804578362,52,0.005078125
1001010101,2224,"[0, 3, 2, 1]",6300,37.36591339111328,False,15.727548804578362,52,0.005078125
1001010101,2225,"[0, 1, 3, 2]",465,37.38093376159668,True,15.727548804578362,52,0.005078125
1001010101,2226,"[0, 3, 2, 1]",6300,37.3988151550293,False,15.727548804578362,52,0.005078125
1001010101,2227,"[0, 1, 3, 2]",465,37.41192817687988,True,15.727548804578362,52,0.005078125
1001010101,2228,"[0, 3, 2, 1]",6300,37.428855895996094,False,15.727548804578362,52,0.005078125
1001010101,2229,"[0, 1, 3, 2]",465,37.44173049926758,True,15.727548804578362,52,0.005078125
1001010101,2230,"[0, 3, 2, 1]",6300,37.45889663696289,False,15.727548804578362,52,0.005078125
1001010101,2231,"[0, 1, 3, 2]",465,37.47200965881348,True,15.727548804578362,52,0.005078125
1001010101,2232,"[0, 3, 2, 1]",6300,37.49251365661621,False,15.727548804578362,52,0.005078125
1001010101,2233,"[0, 1, 3, 2]",465,37.5056266784668,True,15.727548804578362,52,0.005078125
1001010101,2234,"[0, 3, 2, 1]",6300,37.52326965332031,False,15.727548804578362,52,0.005078125
1001010101,2235,"[0, 1, 3, 2]",465,37.5361442565918,True,15.727548804578362,52,0.005078125
1001010101,2236,"[0, 3, 2, 1]",6300,37.55331039428711,False,15.727548804578362,52,0.005078125
1001010101,2237,"[0, 1, 3, 2]",465,37.566184997558594,True,15.727548804578362,52,0.005078125
1001010101,2238,"[0, 3, 2, 1]",6300,37.583112716674805,False,15.727548804578362,52,0.005078125
1001010101,2239,"[0, 1, 3, 2]",465,37.59598731994629,True,15.727548804578362,52,0.005078125
1001010101,2240,"[0, 3, 2, 1]",6300,37.6131534576416,False,15.727548804578362,52,0.005078125
1001010101,2241,"[0, 1, 3, 2]",465,37.62626647949219,True,15.727548804578362,52,0.005078125
1001010101,2242,"[0, 3, 2, 1]",6300,37.6431941986084,False,15.727548804578362,52,0.005078125
1001010101,2243,"[0, 1, 3, 2]",465,37.656307220458984,True,15.727548804578362,52,0.005078125
1001010101,2244,"[0, 3, 2, 1]",6300,37.6734733581543,False,15.727548804578362,52,0.005078125
1001010101,2245,"[0, 1, 3, 2]",465,37.68658638000488,True,15.727548804578362,52,0.005078125
1001010101,2246,"[0, 3, 2, 1]",6300,37.705421447753906,False,15.727548804578362,52,0.005078125
1001010101,2247,"[0, 1, 3, 2]",465,37.719011306762695,True,15.727548804578362,52,0.005078125
1001010101,2248,"[0, 3, 2, 1]",6300,37.73665428161621,False,15.727548804578362,52,0.005078125
1001010101,2249,"[0, 1, 3, 2]",465,37.7497673034668,True,15.727548804578362,52,0.005078125
1001010101,2250,"[0, 3, 2, 1]",6300,37.76693344116211,False,15.727548804578362,52,0.005078125
1001010101,2251,"[0, 1, 3, 2]",465,37.779808044433594,True,15.727548804578362,52,0.005078125
1001010101,2252,"[0, 3, 2, 1]",6300,37.79721260070801,False,15.727548804578362,52,0.005078125
1001010101,2253,"[0, 1, 3, 2]",465,37.80961036682129,True,15.727548804578362,52,0.005078125
1001010101,2254,"[0, 3, 2, 1]",6300,37.8267765045166,False,15.727548804578362,52,0.005078125
1001010101,2255,"[0, 1, 3, 2]",465,37.8420352935791,True,15.727548804578362,52,0.005078125
1001010101,2256,"[0, 3, 2, 1]",6300,37.86015510559082,False,15.727548804578362,52,0.005078125
1001010101,2257,"[0, 1, 3, 2]",465,37.873268127441406,True,15.727548804578362,52,0.005078125
1001010101,2258,"[0, 3, 2, 1]",6300,37.89067268371582,False,15.727548804578362,52,0.005078125
1001010101,2259,"[0, 1, 3, 2]",465,37.903547286987305,True,15.727548804578362,52,0.005078125
1001010101,2260,"[0, 3, 2, 1]",6300,37.92095184326172,False,15.727548804578362,52,0.005078125
1001010101,2261,"[0, 1, 3, 2]",465,37.9338264465332,True,15.727548804578362,52,0.005078125
1001010101,2262,"[0, 3, 2, 1]",6300,37.950992584228516,False,15.727548804578362,52,0.005078125
1001010101,2263,"[0, 1, 3, 2]",465,37.9638671875,True,15.727548804578362,52,0.005078125
1001010101,2264,"[0, 3, 2, 1]",6300,37.98103332519531,False,15.727548804578362,52,0.005078125
1001010101,2265,"[0, 1, 3, 2]",465,37.993431091308594,True,15.727548804578362,52,0.005078125
1001010101,2266,"[0, 3, 2, 1]",6300,38.01083564758301,False,15.727548804578362,52,0.005078125
1001010101,2267,"[0, 1, 3, 2]",465,38.02490234375,True,15.727548804578362,52,0.005078125
1001010101,2268,"[0, 3, 2, 1]",6300,38.04302215576172,False,15.727548804578362,52,0.005078125
1001010101,2269,"[0, 1, 3, 2]",465,38.0558967590332,True,15.727548804578362,52,0.005078125
1001010101,2270,"[0, 3, 2, 1]",6300,38.073062896728516,False,15.727548804578362,52,0.005078125
1001010101,2271,"[0, 1, 3, 2]",465,38.0859375,True,15.727548804578362,52,0.005078125
1001010101,2272,"[0, 3, 2, 1]",6300,38.10286521911621,False,15.727548804578362,52,0.005078125
1001010101,2273,"[0, 1, 3, 2]",465,38.1159782409668,True,15.727548804578362,52,0.005078125
1001010101,2274,"[0, 3, 2, 1]",6300,38.132667541503906,False,15.727548804578362,52,0.005078125
1001010101,2275,"[0, 1, 3, 2]",465,38.14554214477539,True,15.727548804578362,52,0.005078125
1001010101,2276,"[0, 3, 2, 1]",6300,38.1627082824707,False,15.727548804578362,52,0.005078125
1001010101,2277,"[0, 1, 3, 2]",465,38.17558288574219,True,15.727548804578362,52,0.005078125
1001010101,2278,"[0, 3, 2, 1]",6300,38.1927490234375,False,15.727548804578362,52,0.005078125
1001010101,2279,"[0, 1, 3, 2]",465,38.20538520812988,True,15.727548804578362,52,0.005078125
1001010101,2280,"[0, 3, 2, 1]",6300,38.222551345825195,False,15.727548804578362,52,0.005078125
1001010101,2281,"[0, 1, 3, 2]",465,38.23566436767578,True,15.727548804578362,52,0.005078125
1001010101,2282,"[0, 3, 2, 1]",6300,38.25259208679199,False,15.727548804578362,52,0.005078125
1001010101,2283,"[0, 1, 3, 2]",465,38.26546669006348,True,15.727548804578362,52,0.005078125
1001010101,2284,"[0, 3, 2, 1]",6300,38.28263282775879,False,15.727548804578362,52,0.005078125
1001010101,2285,"[0, 1, 3, 2]",465,38.29526901245117,True,15.727548804578362,52,0.005078125
1001010101,2286,"[0, 3, 2, 1]",6300,38.312435150146484,False,15.727548804578362,52,0.005078125
1001010101,2287,"[0, 1, 3, 2]",465,38.32530975341797,True,15.727548804578362,52,0.005078125
1001010101,2288,"[0, 3, 2, 1]",6300,38.34390640258789,False,15.727548804578362,52,0.005078125
1001010101,2289,"[0, 1, 3, 2]",465,38.35725784301758,True,15.727548804578362,52,0.005078125
1001010101,2290,"[0, 3, 2, 1]",6300,38.37466239929199,False,15.727548804578362,52,0.005078125
1001010101,2291,"[0, 1, 3, 2]",465,38.38777542114258,True,15.727548804578362,52,0.005078125
1001010101,2292,"[0, 3, 2, 1]",6300,38.40517997741699,False,15.727548804578362,52,0.005078125
1001010101,2293,"[0, 1, 3, 2]",465,38.41805458068848,True,15.727548804578362,52,0.005078125
1001010101,2294,"[0, 3, 2, 1]",6300,38.43522071838379,False,15.727548804578362,52,0.005078125
1001010101,2295,"[0, 1, 3, 2]",465,38.44809532165527,True,15.727548804578362,52,0.005078125
1001010101,2296,"[0, 3, 2, 1]",6300,38.46549987792969,False,15.727548804578362,52,0.005078125
1001010101,2297,"[0, 1, 3, 2]",465,38.478851318359375,True,15.727548804578362,52,0.005078125
1001010101,2298,"[0, 3, 2, 1]",6300,38.49625587463379,False,15.727548804578362,52,0.005078125
1001010101,2299,"[0, 1, 3, 2]",465,38.509368896484375,True,15.727548804578362,52,0.005078125
1001010101,2300,"[0, 3, 2, 1]",6300,38.52677345275879,False,15.727548804578362,52,0.005078125
1001010101,2301,"[0, 1, 3, 2]",465,38.539886474609375,True,15.727548804578362,52,0.005078125
1001010101,2302,"[0, 3, 2, 1]",6300,38.55705261230469,False,15.727548804578362,52,0.005078125
1001010101,2303,"[0, 1, 3, 2]",465,38.56968879699707,True,15.727548804578362,52,0.005078125
1001010101,2304,"[0, 3, 2, 1]",6300,38.58685493469238,False,15.727548804578362,52,0.005078125
1001010101,2305,"[0, 1, 3, 2]",465,38.59972953796387,True,15.727548804578362,52,0.005078125
1001010101,2306,"[0, 3, 2, 1]",6300,38.61832618713379,False,15.727548804578362,52,0.005078125
1001010101,2307,"[0, 1, 3, 2]",465,38.63167762756348,True,15.727548804578362,52,0.005078125
1001010101,2308,"[0, 3, 2, 1]",6300,38.64932060241699,False,15.727548804578362,52,0.005078125
1001010101,2309,"[0, 1, 3, 2]",465,38.66434097290039,True,15.727548804578362,52,0.005078125
1001010101,2310,"[0, 3, 2, 1]",6300,38.68269920349121,False,15.727548804578362,52,0.005078125
1001010101,2311,"[0, 1, 3, 2]",465,38.695573806762695,True,15.727548804578362,52,0.005078125
1001010101,2312,"[0, 3, 2, 1]",6300,38.71321678161621,False,15.727548804578362,52,0.005078125
1001010101,2313,"[0, 1, 3, 2]",465,38.725852966308594,True,15.727548804578362,52,0.005078125
0011110101,2314,"[2, 1, 3, 0]",9300,38.74349594116211,False,16.863678515162277,52,0.005078125
0011110101,2315,"[2, 1, 0, 3]",600,38.7568473815918,True,16.863678515162277,52,0.005078125
0011110101,2316,"[2, 1, 3, 0]",9300,38.77449035644531,False,16.863678515162277,52,0.005078125
0011110101,2317,"[2, 1, 0, 3]",600,38.787841796875,True,16.863678515162277,52,0.005078125
0011110101,2318,"[2, 1, 3, 0]",9300,38.805246353149414,False,16.863678515162277,52,0.005078125
0011110101,2319,"[2, 1, 0, 3]",600,38.8185977935791,True,16.863678515162277,52,0.005078125
0011110101,2320,"[2, 1, 3, 0]",9300,38.835763931274414,False,16.863678515162277,52,0.005078125
0011110101,2321,"[2, 1, 0, 3]",600,38.8491153717041,True,16.863678515162277,52,0.005078125
0011110101,2322,"[2, 1, 3, 0]",9300,38.866519927978516,False,16.863678515162277,52,0.005078125
0011110101,2323,"[2, 1, 0, 3]",600,38.880109786987305,True,16.863678515162277,52,0.005078125
0011110101,2324,"[2, 1, 3, 0]",9300,38.89751434326172,False,16.863678515162277,52,0.005078125
0011110101,2325,"[2, 1, 0, 3]",600,38.91110420227051,True,16.863678515162277,52,0.005078125
0011110101,2326,"[2, 1, 3, 0]",9300,38.92850875854492,False,16.863678515162277,52,0.005078125
0011110101,2327,"[2, 1, 0, 3]",600,38.96307945251465,True,16.863678515162277,52,0.005078125
0011110101,2328,"[2, 1, 3, 0]",9300,38.98143768310547,False,16.863678515162277,52,0.005078125
0011110101,2329,"[2, 1, 0, 3]",600,39.01863098144531,True,16.863678515162277,52,0.005078125
0011110101,2330,"[2, 1, 3, 0]",9300,39.04867172241211,False,16.863678515162277,52,0.005078125
0011110101,2331,"[2, 1, 0, 3]",600,39.07465934753418,True,16.863678515162277,52,0.005078125
0011110101,2332,"[2, 1, 3, 0]",9300,39.093017578125,False,16.863678515162277,52,0.005078125
0011110101,2333,"[2, 1, 0, 3]",600,39.10660743713379,True,16.863678515162277,52,0.005078125
0011110101,2334,"[2, 1, 3, 0]",9300,39.124250411987305,False,16.863678515162277,52,0.005078125
0011110101,2335,"[2, 1, 0, 3]",600,39.13736343383789,True,16.863678515162277,52,0.005078125
0011110101,2336,"[2, 1, 3, 0]",9300,39.15524482727051,False,16.863678515162277,52,0.005078125
0011110101,2337,"[2, 1, 0, 3]",600,39.168357849121094,True,16.863678515162277,52,0.005078125
0011110101,2338,"[2, 1, 3, 0]",9300,39.18600082397461,False,16.863678515162277,52,0.005078125
0011110101,2339,"[2, 1, 0, 3]",600,39.199113845825195,True,16.863678515162277,52,0.005078125
0011110101,2340,"[2, 1, 3, 0]",9300,39.21675682067871,False,16.863678515162277,52,0.005078125
0011110101,2341,"[2, 1, 0, 3]",600,39.229631423950195,True,16.863678515162277,52,0.005078125
0011110101,2342,"[2, 1, 3, 0]",9300,39.24703598022461,False,16.863678515162277,52,0.005078125
0011110101,2343,"[2, 1, 0, 3]",600,39.2603874206543,True,16.863678515162277,52,0.005078125
0011110101,2344,"[2, 1, 3, 0]",9300,39.27755355834961,False,16.863678515162277,52,0.005078125
0011110101,2345,"[2, 1, 0, 3]",600,39.2909049987793,True,16.863678515162277,52,0.005078125
0011110101,2346,"[2, 1, 3, 0]",9300,39.30830955505371,False,16.863678515162277,52,0.005078125
0011110101,2347,"[2, 1, 0, 3]",600,39.3216609954834,True,16.863678515162277,52,0.005078125
0011110101,2348,"[2, 1, 3, 0]",9300,39.33906555175781,False,16.863678515162277,52,0.005078125
0011110101,2349,"[2, 1, 0, 3]",600,39.3524169921875,True,16.863678515162277,52,0.005078125
0011110101,2350,"[2, 1, 3, 0]",9300,39.369821548461914,False,16.863678515162277,52,0.005078125
0011110101,2351,"[2, 1, 0, 3]",600,39.38460350036621,True,16.863678515162277,52,0.005078125
0011110101,2352,"[2, 1, 3, 0]",9300,39.40296173095703,False,16.863678515162277,52,0.005078125
0011110101,2353,"[2, 1, 0, 3]",600,39.41655158996582,True,16.863678515162277,52,0.005078125
0011110101,2354,"[2, 1, 3, 0]",9300,39.434194564819336,False,16.863678515162277,52,0.005078125
0011110101,2355,"[2, 1, 0, 3]",600,39.44730758666992,True,16.863678515162277,52,0.005078125
0011110101,2356,"[2, 1, 3, 0]",9300,39.46709632873535,False,16.863678515162277,52,0.005078125
0011110101,2357,"[2, 1, 0, 3]",600,39.48092460632324,True,16.863678515162277,52,0.005078125
0011110101,2358,"[2, 1, 3, 0]",9300,39.49856758117676,False,16.863678515162277,52,0.005078125
0011110101,2359,"[2, 1, 0, 3]",600,39.51215744018555,True,16.863678515162277,52,0.005078125
0011110101,2360,"[2, 1, 3, 0]",9300,39.52956199645996,False,16.863678515162277,52,0.005078125
0011110101,2361,"[2, 1, 0, 3]",600,39.54267501831055,True,16.863678515162277,52,0.005078125
0011110101,2362,"[2, 1, 3, 0]",9300,39.56007957458496,False,16.863678515162277,52,0.005078125
0011110101,2363,"[2, 1, 0, 3]",600,39.572954177856445,True,16.863678515162277,52,0.005078125
0011110101,2364,"[2, 1, 3, 0]",9300,39.59035873413086,False,16.863678515162277,52,0.005078125
0011110101,2365,"[2, 1, 0, 3]",600,39.603471755981445,True,16.863678515162277,52,0.005078125
0011110101,2366,"[2, 1, 3, 0]",9300,39.62111473083496,False,16.863678515162277,52,0.005078125
0011110101,2367,"[2, 1, 0, 3]",600,39.633989334106445,True,16.863678515162277,52,0.005078125
0011110101,2368,"[2, 1, 3, 0]",9300,39.65139389038086,False,16.863678515162277,52,0.005078125
0011110101,2369,"[2, 1, 0, 3]",600,39.664506912231445,True,16.863678515162277,52,0.005078125
0011110101,2370,"[2, 1, 3, 0]",9300,39.68167304992676,False,16.863678515162277,52,0.005078125
0011110101,2371,"[2, 1, 0, 3]",600,39.69454765319824,True,16.863678515162277,52,0.005078125
0011110101,2372,"[2, 1, 3, 0]",9300,39.71362113952637,False,16.863678515162277,52,0.005078125
0011110101,2373,"[2, 1, 0, 3]",600,39.72673416137695,True,16.863678515162277,52,0.005078125
0011110101,2374,"[2, 1, 3, 0]",9300,39.74461555480957,False,16.863678515162277,52,0.005078125
0011110101,2375,"[2, 1, 0, 3]",600,39.757728576660156,True,16.863678515162277,52,0.005078125
0011110101,2376,"[2, 1, 3, 0]",9300,39.77513313293457,False,16.863678515162277,52,0.005078125
0011110101,2377,"[2, 1, 0, 3]",600,39.78776931762695,True,16.863678515162277,52,0.005078125
0011110101,2378,"[2, 1, 3, 0]",9300,39.804935455322266,False,16.863678515162277,52,0.005078125
0011110101,2379,"[2, 1, 0, 3]",600,39.81781005859375,True,16.863678515162277,52,0.005078125
0011110101,2380,"[2, 1, 3, 0]",9300,39.835214614868164,False,16.863678515162277,52,0.005078125
0011110101,2381,"[2, 1, 0, 3]",600,39.84808921813965,True,16.863678515162277,52,0.005078125
0011110101,2382,"[2, 1, 3, 0]",9300,39.865732192993164,False,16.863678515162277,52,0.005078125
0011110101,2383,"[2, 1, 0, 3]",600,39.87884521484375,True,16.863678515162277,52,0.005078125
0011110101,2384,"[2, 1, 3, 0]",9300,39.89601135253906,False,16.863678515162277,52,0.005078125
0011110101,2385,"[2, 1, 0, 3]",600,39.90936279296875,True,16.863678515162277,52,0.005078125
0011110101,2386,"[2, 1, 3, 0]",9300,39.92652893066406,False,16.863678515162277,52,0.005078125
0011110101,2387,"[2, 1, 0, 3]",600,39.93964195251465,True,16.863678515162277,52,0.005078125
0011110101,2388,"[2, 1, 3, 0]",9300,39.95680809020996,False,16.863678515162277,52,0.005078125
0011110101,2389,"[2, 1, 0, 3]",600,39.98613357543945,True,16.863678515162277,52,0.005078125
0011110101,2390,"[2, 1, 3, 0]",9300,40.00449180603027,False,16.863678515162277,52,0.005078125
0011110101,2391,"[2, 1, 0, 3]",600,40.01808166503906,True,16.863678515162277,52,0.005078125
0011110101,2392,"[2, 1, 3, 0]",9300,40.03620147705078,False,16.863678515162277,52,0.005078125
0011110101,2393,"[2, 1, 0, 3]",600,40.05122184753418,True,16.863678515162277,52,0.005078125
0011110101,2394,"[2, 1, 3, 0]",9300,40.070295333862305,False,16.863678515162277,52,0.005078125
0011110101,2395,"[2, 1, 0, 3]",600,40.084123611450195,True,16.863678515162277,52,0.005078125
0011110101,2396,"[2, 1, 3, 0]",9300,40.102243423461914,False,16.863678515162277,52,0.005078125
0011110101,2397,"[2, 1, 0, 3]",600,40.1158332824707,True,16.863678515162277,52,0.005078125
0011110101,2398,"[2, 1, 3, 0]",9300,40.13395309448242,False,16.863678515162277,52,0.005078125
0011110101,2399,"[2, 1, 0, 3]",600,40.14754295349121,True,16.863678515162277,52,0.005078125
0011110101,2400,"[2, 1, 3, 0]",9300,40.16542434692383,False,16.863678515162277,52,0.005078125
0011110101,2401,"[2, 1, 0, 3]",600,40.17901420593262,True,16.863678515162277,52,0.005078125
0011110101,2402,"[2, 1, 3, 0]",9300,40.19737243652344,False,16.863678515162277,52,0.005078125
0011110101,2403,"[2, 1, 0, 3]",600,40.210723876953125,True,16.863678515162277,52,0.005078125
0011110101,2404,"[2, 1, 3, 0]",9300,40.228843688964844,False,16.863678515162277,52,0.005078125
0011110101,2405,"[2, 1, 0, 3]",600,40.242671966552734,True,16.863678515162277,52,0.005078125
0011110101,2406,"[2, 1, 3, 0]",9300,40.262460708618164,False,16.863678515162277,52,0.005078125
0011110101,2407,"[2, 1, 0, 3]",600,40.27724266052246,True,16.863678515162277,52,0.005078125
0011110101,2408,"[2, 1, 3, 0]",9300,40.296316146850586,False,16.863678515162277,52,0.005078125
0011110101,2409,"[2, 1, 0, 3]",600,40.31038284301758,True,16.863678515162277,52,0.005078125
0011110101,2410,"[2, 1, 3, 0]",9300,40.3287410736084,False,16.863678515162277,52,0.005078125
0011110101,2411,"[2, 1, 0, 3]",600,40.34256935119629,True,16.863678515162277,52,0.005078125
0011110101,2412,"[2, 1, 3, 0]",9300,40.36068916320801,False,16.863678515162277,52,0.005078125
0011110101,2413,"[2, 1, 0, 3]",600,40.3745174407959,True,16.863678515162277,52,0.005078125
0011110101,2414,"[2, 1, 3, 0]",9300,40.39406776428223,False,16.863678515162277,52,0.005078125
0011110101,2415,"[2, 1, 0, 3]",600,40.40789604187012,True,16.863678515162277,52,0.005078125
0011110101,2416,"[2, 1, 3, 0]",9300,40.42649269104004,False,16.863678515162277,52,0.005078125
0011110101,2417,"[2, 1, 0, 3]",600,40.43984413146973,True,16.863678515162277,52,0.005078125
0110100101,2418,"[2, 1, 3, 0]",9300,40.457963943481445,False,16.318016911728506,51,0.00498046875
0110100101,2419,"[2, 1, 0, 3]",600,40.471792221069336,True,16.318016911728506,51,0.00498046875
0110100101,2420,"[2, 1, 3, 0]",9300,40.49038887023926,False,16.318016911728506,51,0.00498046875
0110100101,2421,"[2, 1, 0, 3]",600,40.503740310668945,True,16.318016911728506,51,0.00498046875
0110100101,2422,"[2, 1, 3, 0]",9300,40.522098541259766,False,16.318016911728506,51,0.00498046875
0110100101,2423,"[2, 1, 0, 3]",600,40.535688400268555,True,16.318016911728506,51,0.00498046875
0110100101,2424,"[2, 1, 3, 0]",9300,40.554046630859375,False,16.318016911728506,51,0.00498046875
0110100101,2425,"[2, 1, 0, 3]",600,40.567636489868164,True,16.318016911728506,51,0.00498046875
0110100101,2426,"[2, 1, 3, 0]",9300,40.58575630187988,False,16.318016911728506,51,0.00498046875
0110100101,2427,"[2, 1, 0, 3]",600,40.59934616088867,True,16.318016911728506,51,0.00498046875
0110100101,2428,"[2, 1, 3, 0]",9300,40.61746597290039,False,16.318016911728506,51,0.00498046875
0110100101,2429,"[2, 1, 0, 3]",600,40.63105583190918,True,16.318016911728506,51,0.00498046875
0110100101,2430,"[2, 1, 3, 0]",9300,40.6489372253418,False,16.318016911728506,51,0.00498046875
0110100101,2431,"[2, 1, 0, 3]",600,40.662527084350586,True,16.318016911728506,51,0.00498046875
0110100101,2432,"[2, 1, 3, 0]",9300,40.6804084777832,False,16.318016911728506,51,0.00498046875
0110100101,2433,"[2, 1, 0, 3]",600,40.694236755371094,True,16.318016911728506,51,0.00498046875
0110100101,2434,"[2, 1, 3, 0]",9300,40.712833404541016,False,16.318016911728506,51,0.00498046875
0110100101,2435,"[2, 1, 0, 3]",600,40.728092193603516,True,16.318016911728506,51,0.00498046875
0110100101,2436,"[2, 1, 3, 0]",9300,40.74668884277344,False,16.318016911728506,51,0.00498046875
0110100101,2437,"[2, 1, 0, 3]",600,40.76099395751953,True,16.318016911728506,51,0.00498046875
0110100101,2438,"[2, 1, 3, 0]",9300,40.77911376953125,False,16.318016911728506,51,0.00498046875
0110100101,2439,"[2, 1, 0, 3]",600,40.79294204711914,True,16.318016911728506,51,0.00498046875
0110100101,2440,"[2, 1, 3, 0]",9300,40.81082344055176,False,16.318016911728506,51,0.00498046875
0110100101,2441,"[2, 1, 0, 3]",600,40.82441329956055,True,16.318016911728506,51,0.00498046875
0110100101,2442,"[2, 1, 3, 0]",9300,40.842294692993164,False,16.318016911728506,51,0.00498046875
0110100101,2443,"[2, 1, 0, 3]",600,40.85588455200195,True,16.318016911728506,51,0.00498046875
0110100101,2444,"[2, 1, 3, 0]",9300,40.87400436401367,False,16.318016911728506,51,0.00498046875
0110100101,2445,"[2, 1, 0, 3]",600,40.88759422302246,True,16.318016911728506,51,0.00498046875
0110100101,2446,"[2, 1, 3, 0]",9300,40.90595245361328,False,16.318016911728506,51,0.00498046875
0110100101,2447,"[2, 1, 0, 3]",600,40.91954231262207,True,16.318016911728506,51,0.00498046875
0110100101,2448,"[2, 1, 3, 0]",9300,40.93813896179199,False,16.318016911728506,51,0.00498046875
0110100101,2449,"[2, 1, 0, 3]",600,40.95149040222168,True,16.318016911728506,51,0.00498046875
0110100101,2450,"[2, 1, 3, 0]",9300,40.9698486328125,False,16.318016911728506,51,0.00498046875
0110100101,2451,"[2, 1, 0, 3]",600,40.98367691040039,True,16.318016911728506,51,0.00498046875
0110100101,2452,"[2, 1, 3, 0]",9300,41.00203514099121,False,16.318016911728506,51,0.00498046875
0110100101,2453,"[2, 1, 0, 3]",600,41.015625,True,16.318016911728506,51,0.00498046875
0110100101,2454,"[2, 1, 3, 0]",9300,41.03374481201172,False,16.318016911728506,51,0.00498046875
0110100101,2455,"[2, 1, 0, 3]",600,41.04733467102051,True,16.318016911728506,51,0.00498046875
0110100101,2456,"[2, 1, 3, 0]",9300,41.068315505981445,False,16.318016911728506,51,0.00498046875
0110100101,2457,"[2, 1, 0, 3]",600,41.08262062072754,True,16.318016911728506,51,0.00498046875
0110100101,2458,"[2, 1, 3, 0]",9300,41.101694107055664,False,16.318016911728506,51,0.00498046875
0110100101,2459,"[2, 1, 0, 3]",600,41.11528396606445,True,16.318016911728506,51,0.00498046875
0110100101,2460,"[2, 1, 3, 0]",9300,41.13340377807617,False,16.318016911728506,51,0.00498046875
0110100101,2461,"[2, 1, 0, 3]",600,41.14723205566406,True,16.318016911728506,51,0.00498046875
0110100101,2462,"[2, 1, 3, 0]",9300,41.16535186767578,False,16.318016911728506,51,0.00498046875
0110100101,2463,"[2, 1, 0, 3]",600,41.17941856384277,True,16.318016911728506,51,0.00498046875
0110100101,2464,"[2, 1, 3, 0]",9300,41.19753837585449,False,16.318016911728506,51,0.00498046875
0110100101,2465,"[2, 1, 0, 3]",600,41.211605072021484,True,16.318016911728506,51,0.00498046875
0110100101,2466,"[2, 1, 3, 0]",9300,41.229963302612305,False,16.318016911728506,51,0.00498046875
0110100101,2467,"[2, 1, 0, 3]",600,41.243791580200195,True,16.318016911728506,51,0.00498046875
0110100101,2468,"[2, 1, 3, 0]",9300,41.26167297363281,False,16.318016911728506,51,0.00498046875
0110100101,2469,"[2, 1, 0, 3]",600,41.2755012512207,True,16.318016911728506,51,0.00498046875
0110100101,2470,"[2, 1, 3, 0]",9300,41.29338264465332,False,16.318016911728506,51,0.00498046875
0110100101,2471,"[2, 1, 0, 3]",600,41.30721092224121,True,16.318016911728506,51,0.00498046875
0110100101,2472,"[2, 1, 3, 0]",9300,41.32509231567383,False,16.318016911728506,51,0.00498046875
0110100101,2473,"[2, 1, 0, 3]",600,41.338443756103516,True,16.318016911728506,51,0.00498046875
0110100101,2474,"[2, 1, 3, 0]",9300,41.356801986694336,False,16.318016911728506,51,0.00498046875
0110100101,2475,"[2, 1, 0, 3]",600,41.370391845703125,True,16.318016911728506,51,0.00498046875
0110100101,2476,"[2, 1, 3, 0]",9300,41.388750076293945,False,16.318016911728506,51,0.00498046875
0110100101,2477,"[2, 1, 0, 3]",600,41.404008865356445,True,16.318016911728506,51,0.00498046875
0110100101,2478,"[2, 1, 3, 0]",9300,41.42284393310547,False,16.318016911728506,51,0.00498046875
0110100101,2479,"[2, 1, 0, 3]",600,41.43667221069336,True,16.318016911728506,51,0.00498046875
0110100101,2480,"[2, 1, 3, 0]",9300,41.45479202270508,False,16.318016911728506,51,0.00498046875
0110100101,2481,"[2, 1, 0, 3]",600,41.46838188171387,True,16.318016911728506,51,0.00498046875
0110100101,2482,"[2, 1, 3, 0]",9300,41.49031639099121,False,16.318016911728506,51,0.00498046875
0110100101,2483,"[2, 1, 0, 3]",600,41.50390625,True,16.318016911728506,51,0.00498046875
0110100101,2484,"[2, 1, 3, 0]",9300,41.52226448059082,False,16.318016911728506,51,0.00498046875
0110100101,2485,"[2, 1, 0, 3]",600,41.53585433959961,True,16.318016911728506,51,0.00498046875
0110100101,2486,"[2, 1, 3, 0]",9300,41.55397415161133,False,16.318016911728506,51,0.00498046875
0110100101,2487,"[2, 1, 0, 3]",600,41.56756401062012,True,16.318016911728506,51,0.00498046875
0110100101,2488,"[2, 1, 3, 0]",9300,41.585683822631836,False,16.318016911728506,51,0.00498046875
0110100101,2489,"[2, 1, 0, 3]",600,41.59951210021973,True,16.318016911728506,51,0.00498046875
0110100101,2490,"[2, 1, 3, 0]",9300,41.617631912231445,False,16.318016911728506,51,0.00498046875
0110100101,2491,"[2, 1, 0, 3]",600,41.631460189819336,True,16.318016911728506,51,0.00498046875
0110100101,2492,"[2, 1, 3, 0]",9300,41.649818420410156,False,16.318016911728506,51,0.00498046875
0110100101,2493,"[2, 1, 0, 3]",600,41.66388511657715,True,16.318016911728506,51,0.00498046875
0110100101,2494,"[2, 1, 3, 0]",9300,41.68200492858887,False,16.318016911728506,51,0.00498046875
0110100101,2495,"[2, 1, 0, 3]",600,41.70799255371094,True,16.318016911728506,51,0.00498046875
0110100101,2496,"[2, 1, 3, 0]",9300,41.72539710998535,False,16.318016911728506,51,0.00498046875
0110100101,2497,"[2, 1, 0, 3]",600,41.73922538757324,True,16.318016911728506,51,0.00498046875
0110100101,2498,"[2, 1, 3, 0]",9300,41.75686836242676,False,16.318016911728506,51,0.00498046875
0110100101,2499,"[2, 1, 0, 3]",600,41.77236557006836,True,16.318016911728506,51,0.00498046875
0110100101,2500,"[2, 1, 3, 0]",9300,41.79024696350098,False,16.318016911728506,51,0.00498046875
0110100101,2501,"[2, 1, 0, 3]",600,41.80335998535156,True,16.318016911728506,51,0.00498046875
0110100101,2502,"[2, 1, 3, 0]",9300,41.82100296020508,False,16.318016911728506,51,0.00498046875
0110100101,2503,"[2, 1, 0, 3]",600,41.834115982055664,True,16.318016911728506,51,0.00498046875
0110100101,2504,"[2, 1, 3, 0]",9300,41.85152053833008,False,16.318016911728506,51,0.00498046875
0110100101,2505,"[2, 1, 0, 3]",600,41.86439514160156,True,16.318016911728506,51,0.00498046875
0110100101,2506,"[2, 1, 3, 0]",9300,41.88203811645508,False,16.318016911728506,51,0.00498046875
0110100101,2507,"[2, 1, 0, 3]",600,41.89801216125488,True,16.318016911728506,51,0.00498046875
0110100101,2508,"[2, 1, 3, 0]",9300,41.9158935546875,False,16.318016911728506,51,0.00498046875
0110100101,2509,"[2, 1, 0, 3]",600,41.92924499511719,True,16.318016911728506,51,0.00498046875
0110100101,2510,"[2, 1, 3, 0]",9300,41.9468879699707,False,16.318016911728506,51,0.00498046875
0110100101,2511,"[2, 1, 0, 3]",600,41.9766902923584,True,16.318016911728506,51,0.00498046875
0110100101,2512,"[2, 1, 3, 0]",9300,41.99504852294922,False,16.318016911728506,51,0.00498046875
0110100101,2513,"[2, 1, 0, 3]",600,42.00863838195801,True,16.318016911728506,51,0.00498046875
0110100101,2514,"[2, 1, 3, 0]",9300,42.02699661254883,False,16.318016911728506,51,0.00498046875
0110100101,2515,"[2, 1, 0, 3]",600,42.06562042236328,True,16.318016911728506,51,0.00498046875
0110100101,2516,"[2, 1, 3, 0]",9300,42.084455490112305,False,16.318016911728506,51,0.00498046875
0110100101,2517,"[2, 1, 0, 3]",600,42.098283767700195,True,16.318016911728506,51,0.00498046875
0110100101,2518,"[2, 1, 3, 0]",9300,42.116403579711914,False,16.318016911728506,51,0.00498046875
0110100101,2519,"[2, 1, 0, 3]",600,42.131900787353516,True,16.318016911728506,51,0.00498046875
0011010111,2520,"[1, 3, 2, 0]",9450,42.15121269226074,False,14.758556936094173,50,0.0048828125
0011010111,2521,"[1, 0, 3, 2]",465,42.16575622558594,True,14.758556936094173,50,0.0048828125
0011010111,2522,"[1, 3, 2, 0]",9450,42.18435287475586,False,14.758556936094173,50,0.0048828125
0011010111,2523,"[1, 0, 3, 2]",465,42.19794273376465,True,14.758556936094173,50,0.0048828125
0011010111,2524,"[1, 3, 2, 0]",9450,42.21630096435547,False,14.758556936094173,50,0.0048828125
0011010111,2525,"[1, 0, 3, 2]",465,42.23012924194336,True,14.758556936094173,50,0.0048828125
0011010111,2526,"[1, 3, 2, 0]",9450,42.24824905395508,False,14.758556936094173,50,0.0048828125
0011010111,2527,"[1, 0, 3, 2]",465,42.26183891296387,True,14.758556936094173,50,0.0048828125
0011010111,2528,"[1, 3, 2, 0]",9450,42.279958724975586,False,14.758556936094173,50,0.0048828125
0011010111,2529,"[1, 0, 3, 2]",465,42.293548583984375,True,14.758556936094173,50,0.0048828125
0011010111,2530,"[1, 3, 2, 0]",9450,42.31142997741699,False,14.758556936094173,50,0.0048828125
0011010111,2531,"[1, 0, 3, 2]",465,42.32525825500488,True,14.758556936094173,50,0.0048828125
0011010111,2532,"[1, 3, 2, 0]",9450,42.3433780670166,False,14.758556936094173,50,0.0048828125
0011010111,2533,"[1, 0, 3, 2]",465,42.35720634460449,True,14.758556936094173,50,0.0048828125
0011010111,2534,"[1, 3, 2, 0]",9450,42.375802993774414,False,14.758556936094173,50,0.0048828125
0011010111,2535,"[1, 0, 3, 2]",465,42.3893928527832,True,14.758556936094173,50,0.0048828125
0011010111,2536,"[1, 3, 2, 0]",9450,42.41776466369629,False,14.758556936094173,50,0.0048828125
0011010111,2537,"[1, 0, 3, 2]",465,42.43040084838867,True,14.758556936094173,50,0.0048828125
0011010111,2538,"[1, 3, 2, 0]",9450,42.447805404663086,False,14.758556936094173,50,0.0048828125
0011010111,2539,"[1, 0, 3, 2]",465,42.46068000793457,True,14.758556936094173,50,0.0048828125
0011010111,2540,"[1, 3, 2, 0]",9450,42.479515075683594,False,14.758556936094173,50,0.0048828125
0011010111,2541,"[1, 0, 3, 2]",465,42.49262809753418,True,14.758556936094173,50,0.0048828125
0011010111,2542,"[1, 3, 2, 0]",9450,42.510271072387695,False,14.758556936094173,50,0.0048828125
0011010111,2543,"[1, 0, 3, 2]",465,42.52314567565918,True,14.758556936094173,50,0.0048828125
0011010111,2544,"[1, 3, 2, 0]",9450,42.540788650512695,False,14.758556936094173,50,0.0048828125
0011010111,2545,"[1, 0, 3, 2]",465,42.55366325378418,True,14.758556936094173,50,0.0048828125
0011010111,2546,"[1, 3, 2, 0]",9450,42.571067810058594,False,14.758556936094173,50,0.0048828125
0011010111,2547,"[1, 0, 3, 2]",465,42.58418083190918,True,14.758556936094173,50,0.0048828125
0011010111,2548,"[1, 3, 2, 0]",9450,42.60134696960449,False,14.758556936094173,50,0.0048828125
0011010111,2549,"[1, 0, 3, 2]",465,42.61422157287598,True,14.758556936094173,50,0.0048828125
0011010111,2550,"[1, 3, 2, 0]",9450,42.63162612915039,False,14.758556936094173,50,0.0048828125
0011010111,2551,"[1, 0, 3, 2]",465,42.64497756958008,True,14.758556936094173,50,0.0048828125
0011010111,2552,"[1, 3, 2, 0]",9450,42.66214370727539,False,14.758556936094173,50,0.0048828125
0011010111,2553,"[1, 0, 3, 2]",465,42.67549514770508,True,14.758556936094173,50,0.0048828125
0011010111,2554,"[1, 3, 2, 0]",9450,42.69266128540039,False,14.758556936094173,50,0.0048828125
0011010111,2555,"[1, 0, 3, 2]",465,42.70577430725098,True,14.758556936094173,50,0.0048828125
0011010111,2556,"[1, 3, 2, 0]",9450,42.72317886352539,False,14.758556936094173,50,0.0048828125
0011010111,2557,"[1, 0, 3, 2]",465,42.73653030395508,True,14.758556936094173,50,0.0048828125
0011010111,2558,"[1, 3, 2, 0]",9450,42.7553653717041,False,14.758556936094173,50,0.0048828125
0011010111,2559,"[1, 0, 3, 2]",465,42.76895523071289,True,14.758556936094173,50,0.0048828125
0011010111,2560,"[1, 3, 2, 0]",9450,42.78683662414551,False,14.758556936094173,50,0.0048828125
0011010111,2561,"[1, 0, 3, 2]",465,42.801618576049805,True,14.758556936094173,50,0.0048828125
0011010111,2562,"[1, 3, 2, 0]",9450,42.819976806640625,False,14.758556936094173,50,0.0048828125
0011010111,2563,"[1, 0, 3, 2]",465,42.83308982849121,True,14.758556936094173,50,0.0048828125
0011010111,2564,"[1, 3, 2, 0]",9450,42.85097122192383,False,14.758556936094173,50,0.0048828125
0011010111,2565,"[1, 0, 3, 2]",465,42.86360740661621,True,14.758556936094173,50,0.0048828125
0011010111,2566,"[1, 3, 2, 0]",9450,42.881011962890625,False,14.758556936094173,50,0.0048828125
0011010111,2567,"[1, 0, 3, 2]",465,42.89412498474121,True,14.758556936094173,50,0.0048828125
0011010111,2568,"[1, 3, 2, 0]",9450,42.911529541015625,False,14.758556936094173,50,0.0048828125
0011010111,2569,"[1, 0, 3, 2]",465,42.92488098144531,True,14.758556936094173,50,0.0048828125
0011010111,2570,"[1, 3, 2, 0]",9450,42.942047119140625,False,14.758556936094173,50,0.0048828125
0011010111,2571,"[1, 0, 3, 2]",465,42.95516014099121,True,14.758556936094173,50,0.0048828125
0011010111,2572,"[1, 3, 2, 0]",9450,42.972564697265625,False,14.758556936094173,50,0.0048828125
0011010111,2573,"[1, 0, 3, 2]",465,42.98567771911621,True,14.758556936094173,50,0.0048828125
0011010111,2574,"[1, 3, 2, 0]",9450,43.00284385681152,False,14.758556936094173,50,0.0048828125
0011010111,2575,"[1, 0, 3, 2]",465,43.01619529724121,True,14.758556936094173,50,0.0048828125
0011010111,2576,"[1, 3, 2, 0]",9450,43.03383827209473,False,14.758556936094173,50,0.0048828125
0011010111,2577,"[1, 0, 3, 2]",465,43.04695129394531,True,14.758556936094173,50,0.0048828125
0011010111,2578,"[1, 3, 2, 0]",9450,43.06435585021973,False,14.758556936094173,50,0.0048828125
0011010111,2579,"[1, 0, 3, 2]",465,43.07746887207031,True,14.758556936094173,50,0.0048828125
0011010111,2580,"[1, 3, 2, 0]",9450,43.094635009765625,False,14.758556936094173,50,0.0048828125
0011010111,2581,"[1, 0, 3, 2]",465,43.10798645019531,True,14.758556936094173,50,0.0048828125
0011010111,2582,"[1, 3, 2, 0]",9450,43.12634468078613,False,14.758556936094173,50,0.0048828125
0011010111,2583,"[1, 0, 3, 2]",465,43.13969612121582,True,14.758556936094173,50,0.0048828125
0011010111,2584,"[1, 3, 2, 0]",9450,43.157339096069336,False,14.758556936094173,50,0.0048828125
0011010111,2585,"[1, 0, 3, 2]",465,43.16997528076172,True,14.758556936094173,50,0.0048828125
0011010111,2586,"[1, 3, 2, 0]",9450,43.187618255615234,False,14.758556936094173,50,0.0048828125
0011010111,2587,"[1, 0, 3, 2]",465,43.20049285888672,True,14.758556936094173,50,0.0048828125
0011010111,2588,"[1, 3, 2, 0]",9450,43.21789741516113,False,14.758556936094173,50,0.0048828125
0011010111,2589,"[1, 0, 3, 2]",465,43.23101043701172,True,14.758556936094173,50,0.0048828125
0011010111,2590,"[1, 3, 2, 0]",9450,43.24841499328613,False,14.758556936094173,50,0.0048828125
0011010111,2591,"[1, 0, 3, 2]",465,43.26152801513672,True,14.758556936094173,50,0.0048828125
0011010111,2592,"[1, 3, 2, 0]",9450,43.27893257141113,False,14.758556936094173,50,0.0048828125
0011010111,2593,"[1, 0, 3, 2]",465,43.29204559326172,True,14.758556936094173,50,0.0048828125
0011010111,2594,"[1, 3, 2, 0]",9450,43.30921173095703,False,14.758556936094173,50,0.0048828125
0011010111,2595,"[1, 0, 3, 2]",465,43.321847915649414,True,14.758556936094173,50,0.0048828125
0011010111,2596,"[1, 3, 2, 0]",9450,43.33901405334473,False,14.758556936094173,50,0.0048828125
0011010111,2597,"[1, 0, 3, 2]",465,43.35212707519531,True,14.758556936094173,50,0.0048828125
0011010111,2598,"[1, 3, 2, 0]",9450,43.369293212890625,False,14.758556936094173,50,0.0048828125
0011010111,2599,"[1, 0, 3, 2]",465,43.38240623474121,True,14.758556936094173,50,0.0048828125
0011010111,2600,"[1, 3, 2, 0]",9450,43.39909553527832,False,14.758556936094173,50,0.0048828125
0011010111,2601,"[1, 0, 3, 2]",465,43.41244697570801,True,14.758556936094173,50,0.0048828125
0011010111,2602,"[1, 3, 2, 0]",9450,43.42961311340332,False,14.758556936094173,50,0.0048828125
0011010111,2603,"[1, 0, 3, 2]",465,43.444156646728516,True,14.758556936094173,50,0.0048828125
0011010111,2604,"[1, 3, 2, 0]",9450,43.462276458740234,False,14.758556936094173,50,0.0048828125
0011010111,2605,"[1, 0, 3, 2]",465,43.47586631774902,True,14.758556936094173,50,0.0048828125
0011010111,2606,"[1, 3, 2, 0]",9450,43.49327087402344,False,14.758556936094173,50,0.0048828125
0011010111,2607,"[1, 0, 3, 2]",465,43.50638389587402,True,14.758556936094173,50,0.0048828125
0011010111,2608,"[1, 3, 2, 0]",9450,43.52521896362305,False,14.758556936094173,50,0.0048828125
0011010111,2609,"[1, 0, 3, 2]",465,43.538808822631836,True,14.758556936094173,50,0.0048828125
0011010111,2610,"[1, 3, 2, 0]",9450,43.55621337890625,False,14.758556936094173,50,0.0048828125
0011010111,2611,"[1, 0, 3, 2]",465,43.56956481933594,True,14.758556936094173,50,0.0048828125
0011010111,2612,"[1, 3, 2, 0]",9450,43.58649253845215,False,14.758556936094173,50,0.0048828125
0011010111,2613,"[1, 0, 3, 2]",465,43.599843978881836,True,14.758556936094173,50,0.0048828125
0011010111,2614,"[1, 3, 2, 0]",9450,43.61701011657715,False,14.758556936094173,50,0.0048828125
0011010111,2615,"[1, 0, 3, 2]",465,43.62988471984863,True,14.758556936094173,50,0.0048828125
0011010111,2616,"[1, 3, 2, 0]",9450,43.647050857543945,False,14.758556936094173,50,0.0048828125
0011010111,2617,"[1, 0, 3, 2]",465,43.66016387939453,True,14.758556936094173,50,0.0048828125
0011010111,2618,"[1, 3, 2, 0]",9450,43.677568435668945,False,14.758556936094173,50,0.0048828125
0011010111,2619,"[1, 0, 3, 2]",465,43.68996620178223,True,14.758556936094173,50,0.0048828125
0010010010,2620,"[1, 2, 3, 0]",9300,43.70737075805664,False,15.723687181133235,49,0.00478515625
0010010010,2621,"[1, 0, 2, 3]",315,43.720245361328125,True,15.723687181133235,49,0.00478515625
0010010010,2622,"[1, 2, 3, 0]",9300,43.73741149902344,False,15.723687181133235,49,0.00478515625
0010010010,2623,"[1, 0, 2, 3]",315,43.75052452087402,True,15.723687181133235,49,0.00478515625
0010010010,2624,"[1, 2, 3, 0]",9300,43.76935958862305,False,15.723687181133235,49,0.00478515625
0010010010,2625,"[1, 0, 2, 3]",315,43.782949447631836,True,15.723687181133235,49,0.00478515625
0010010010,2626,"[1, 2, 3, 0]",9300,43.80059242248535,False,15.723687181133235,49,0.00478515625
0010010010,2627,"[1, 0, 2, 3]",315,43.81370544433594,True,15.723687181133235,49,0.00478515625
0010010010,2628,"[1, 2, 3, 0]",9300,43.83111000061035,False,15.723687181133235,49,0.00478515625
0010010010,2629,"[1, 0, 2, 3]",315,43.84446144104004,True,15.723687181133235,49,0.00478515625
0010010010,2630,"[1, 2, 3, 0]",9300,43.86162757873535,False,15.723687181133235,49,0.00478515625
0010010010,2631,"[1, 0, 2, 3]",315,43.87521743774414,True,15.723687181133235,49,0.00478515625
0010010010,2632,"[1, 2, 3, 0]",9300,43.89238357543945,False,15.723687181133235,49,0.00478515625
0010010010,2633,"[1, 0, 2, 3]",315,43.90549659729004,True,15.723687181133235,49,0.00478515625
0010010010,2634,"[1, 2, 3, 0]",9300,43.92290115356445,False,15.723687181133235,49,0.00478515625
0010010010,2635,"[1, 0, 2, 3]",315,43.93625259399414,True,15.723687181133235,49,0.00478515625
0010010010,2636,"[1, 2, 3, 0]",9300,43.95341873168945,False,15.723687181133235,49,0.00478515625
0010010010,2637,"[1, 0, 2, 3]",315,43.96677017211914,True,15.723687181133235,49,0.00478515625
0010010010,2638,"[1, 2, 3, 0]",9300,43.98393630981445,False,15.723687181133235,49,0.00478515625
0010010010,2639,"[1, 0, 2, 3]",315,43.99728775024414,True,15.723687181133235,49,0.00478515625
0010010010,2640,"[1, 2, 3, 0]",9300,44.01421546936035,False,15.723687181133235,49,0.00478515625
0010010010,2641,"[1, 0, 2, 3]",315,44.02732849121094,True,15.723687181133235,49,0.00478515625
0010010010,2642,"[1, 2, 3, 0]",9300,44.04449462890625,False,15.723687181133235,49,0.00478515625
0010010010,2643,"[1, 0, 2, 3]",315,44.05784606933594,True,15.723687181133235,49,0.00478515625
0010010010,2644,"[1, 2, 3, 0]",9300,44.07525062561035,False,15.723687181133235,49,0.00478515625
0010010010,2645,"[1, 0, 2, 3]",315,44.08979415893555,True,15.723687181133235,49,0.00478515625
0010010010,2646,"[1, 2, 3, 0]",9300,44.107913970947266,False,15.723687181133235,49,0.00478515625
0010010010,2647,"[1, 0, 2, 3]",315,44.12102699279785,True,15.723687181133235,49,0.00478515625
0010010010,2648,"[1, 2, 3, 0]",9300,44.138431549072266,False,15.723687181133235,49,0.00478515625
0010010010,2649,"[1, 0, 2, 3]",315,44.15154457092285,True,15.723687181133235,49,0.00478515625
0010010010,2650,"[1, 2, 3, 0]",9300,44.168710708618164,False,15.723687181133235,49,0.00478515625
0010010010,2651,"[1, 0, 2, 3]",315,44.18182373046875,True,15.723687181133235,49,0.00478515625
0010010010,2652,"[1, 2, 3, 0]",9300,44.19875144958496,False,15.723687181133235,49,0.00478515625
0010010010,2653,"[1, 0, 2, 3]",315,44.21186447143555,True,15.723687181133235,49,0.00478515625
0010010010,2654,"[1, 2, 3, 0]",9300,44.22879219055176,False,15.723687181133235,49,0.00478515625
0010010010,2655,"[1, 0, 2, 3]",315,44.241905212402344,True,15.723687181133235,49,0.00478515625
0010010010,2656,"[1, 2, 3, 0]",9300,44.258832931518555,False,15.723687181133235,49,0.00478515625
0010010010,2657,"[1, 0, 2, 3]",315,44.27194595336914,True,15.723687181133235,49,0.00478515625
0010010010,2658,"[1, 2, 3, 0]",9300,44.29030418395996,False,15.723687181133235,49,0.00478515625
0010010010,2659,"[1, 0, 2, 3]",315,44.30437088012695,True,15.723687181133235,49,0.00478515625
0010010010,2660,"[1, 2, 3, 0]",9300,44.32201385498047,False,15.723687181133235,49,0.00478515625
0010010010,2661,"[1, 0, 2, 3]",315,44.33560371398926,True,15.723687181133235,49,0.00478515625
0010010010,2662,"[1, 2, 3, 0]",9300,44.35253143310547,False,15.723687181133235,49,0.00478515625
0010010010,2663,"[1, 0, 2, 3]",315,44.36802864074707,True,15.723687181133235,49,0.00478515625
0010010010,2664,"[1, 2, 3, 0]",9300,44.385671615600586,False,15.723687181133235,49,0.00478515625
0010010010,2665,"[1, 0, 2, 3]",315,44.39949989318848,True,15.723687181133235,49,0.00478515625
0010010010,2666,"[1, 2, 3, 0]",9300,44.41714286804199,False,15.723687181133235,49,0.00478515625
0010010010,2667,"[1, 0, 2, 3]",315,44.43240165710449,True,15.723687181133235,49,0.00478515625
0010010010,2668,"[1, 2, 3, 0]",9300,44.45004463195801,False,15.723687181133235,49,0.00478515625
0010010010,2669,"[1, 0, 2, 3]",315,44.463157653808594,True,15.723687181133235,49,0.00478515625
0010010010,2670,"[1, 2, 3, 0]",9300,44.48080062866211,False,15.723687181133235,49,0.00478515625
0010010010,2671,"[1, 0, 2, 3]",315,44.493675231933594,True,15.723687181133235,49,0.00478515625
0010010010,2672,"[1, 2, 3, 0]",9300,44.51131820678711,False,15.723687181133235,49,0.00478515625
0010010010,2673,"[1, 0, 2, 3]",315,44.524431228637695,True,15.723687181133235,49,0.00478515625
0010010010,2674,"[1, 2, 3, 0]",9300,44.54183578491211,False,15.723687181133235,49,0.00478515625
0010010010,2675,"[1, 0, 2, 3]",315,44.55447196960449,True,15.723687181133235,49,0.00478515625
0010010010,2676,"[1, 2, 3, 0]",9300,44.571638107299805,False,15.723687181133235,49,0.00478515625
0010010010,2677,"[1, 0, 2, 3]",315,44.58451271057129,True,15.723687181133235,49,0.00478515625
0010010010,2678,"[1, 2, 3, 0]",9300,44.6019172668457,False,15.723687181133235,49,0.00478515625
0010010010,2679,"[1, 0, 2, 3]",315,44.61503028869629,True,15.723687181133235,49,0.00478515625
0010010010,2680,"[1, 2, 3, 0]",9300,44.6321964263916,False,15.723687181133235,49,0.00478515625
0010010010,2681,"[1, 0, 2, 3]",315,44.645071029663086,True,15.723687181133235,49,0.00478515625
0010010010,2682,"[1, 2, 3, 0]",9300,44.6622371673584,False,15.723687181133235,49,0.00478515625
0010010010,2683,"[1, 0, 2, 3]",315,44.675350189208984,True,15.723687181133235,49,0.00478515625
0010010010,2684,"[1, 2, 3, 0]",9300,44.6925163269043,False,15.723687181133235,49,0.00478515625
0010010010,2685,"[1, 0, 2, 3]",315,44.705867767333984,True,15.723687181133235,49,0.00478515625
0010010010,2686,"[1, 2, 3, 0]",9300,44.7232723236084,False,15.723687181133235,49,0.00478515625
0010010010,2687,"[1, 0, 2, 3]",315,44.737815856933594,True,15.723687181133235,49,0.00478515625
0010010010,2688,"[1, 2, 3, 0]",9300,44.75569725036621,False,15.723687181133235,49,0.00478515625
0010010010,2689,"[1, 0, 2, 3]",315,44.769287109375,True,15.723687181133235,49,0.00478515625
0010010010,2690,"[1, 2, 3, 0]",9300,44.78645324707031,False,15.723687181133235,49,0.00478515625
0010010010,2691,"[1, 0, 2, 3]",315,44.8000431060791,True,15.723687181133235,49,0.00478515625
0010010010,2692,"[1, 2, 3, 0]",9300,44.81697082519531,False,15.723687181133235,49,0.00478515625
0010010010,2693,"[1, 0, 2, 3]",315,44.830322265625,True,15.723687181133235,49,0.00478515625
0010010010,2694,"[1, 2, 3, 0]",9300,44.84724998474121,False,15.723687181133235,49,0.00478515625
0010010010,2695,"[1, 0, 2, 3]",315,44.8603630065918,True,15.723687181133235,49,0.00478515625
0010010010,2696,"[1, 2, 3, 0]",9300,44.87752914428711,False,15.723687181133235,49,0.00478515625
0010010010,2697,"[1, 0, 2, 3]",315,44.8908805847168,True,15.723687181133235,49,0.00478515625
0010010010,2698,"[1, 2, 3, 0]",9300,44.90828514099121,False,15.723687181133235,49,0.00478515625
0010010010,2699,"[1, 0, 2, 3]",315,44.9213981628418,True,15.723687181133235,49,0.00478515625
0010010010,2700,"[1, 2, 3, 0]",9300,44.93880271911621,False,15.723687181133235,49,0.00478515625
0010010010,2701,"[1, 0, 2, 3]",315,44.9519157409668,True,15.723687181133235,49,0.00478515625
0010010010,2702,"[1, 2, 3, 0]",9300,44.96908187866211,False,15.723687181133235,49,0.00478515625
0010010010,2703,"[1, 0, 2, 3]",315,44.981956481933594,True,15.723687181133235,49,0.00478515625
0010010010,2704,"[1, 2, 3, 0]",9300,44.999122619628906,False,15.723687181133235,49,0.00478515625
0010010010,2705,"[1, 0, 2, 3]",315,45.01223564147949,True,15.723687181133235,49,0.00478515625
0010010010,2706,"[1, 2, 3, 0]",9300,45.029401779174805,False,15.723687181133235,49,0.00478515625
0010010010,2707,"[1, 0, 2, 3]",315,45.04251480102539,True,15.723687181133235,49,0.00478515625
0010010010,2708,"[1, 2, 3, 0]",9300,45.063018798828125,False,15.723687181133235,49,0.00478515625
0010010010,2709,"[1, 0, 2, 3]",315,45.076608657836914,True,15.723687181133235,49,0.00478515625
0010010010,2710,"[1, 2, 3, 0]",9300,45.09449005126953,False,15.723687181133235,49,0.00478515625
0010010010,2711,"[1, 0, 2, 3]",315,45.10784149169922,True,15.723687181133235,49,0.00478515625
0010010010,2712,"[1, 2, 3, 0]",9300,45.12524604797363,False,15.723687181133235,49,0.00478515625
0010010010,2713,"[1, 0, 2, 3]",315,45.13835906982422,True,15.723687181133235,49,0.00478515625
0010010010,2714,"[1, 2, 3, 0]",9300,45.156002044677734,False,15.723687181133235,49,0.00478515625
0010010010,2715,"[1, 0, 2, 3]",315,45.16911506652832,True,15.723687181133235,49,0.00478515625
0010010010,2716,"[1, 2, 3, 0]",9300,45.18628120422363,False,15.723687181133235,49,0.00478515625
0010010010,2717,"[1, 0, 2, 3]",315,45.19963264465332,True,15.723687181133235,49,0.00478515625
1001111111,2718,"[3, 2, 0, 1]",6600,45.21799087524414,False,24.44567317458656,49,0.00478515625
1001111111,2719,"[3, 2, 0, 1]",6600,45.23205757141113,True,24.44567317458656,49,0.00478515625
1001111111,2720,"[3, 2, 0, 1]",6600,45.249223709106445,False,24.44567317458656,49,0.00478515625
1001111111,2721,"[3, 2, 0, 1]",6600,45.26257514953613,True,24.44567317458656,49,0.00478515625
1001111111,2722,"[3, 2, 0, 1]",6600,45.279741287231445,False,24.44567317458656,49,0.00478515625
1001111111,2723,"[3, 2, 0, 1]",6600,45.29285430908203,True,24.44567317458656,49,0.00478515625
1001111111,2724,"[3, 2, 0, 1]",6600,45.310020446777344,False,24.44567317458656,49,0.00478515625
1001111111,2725,"[3, 2, 0, 1]",6600,45.32289505004883,True,24.44567317458656,49,0.00478515625
1001111111,2726,"[3, 2, 0, 1]",6600,45.34029960632324,False,24.44567317458656,49,0.00478515625
1001111111,2727,"[3, 2, 0, 1]",6600,45.35317420959473,True,24.44567317458656,49,0.00478515625
1001111111,2728,"[3, 2, 0, 1]",6600,45.37034034729004,False,24.44567317458656,49,0.00478515625
1001111111,2729,"[3, 2, 0, 1]",6600,45.38464546203613,True,24.44567317458656,49,0.00478515625
1001111111,2730,"[3, 2, 0, 1]",6600,45.40276527404785,False,24.44567317458656,49,0.00478515625
1001111111,2731,"[3, 2, 0, 1]",6600,45.415639877319336,True,24.44567317458656,49,0.00478515625
1001111111,2732,"[3, 2, 0, 1]",6600,45.43280601501465,False,24.44567317458656,49,0.00478515625
1001111111,2733,"[3, 2, 0, 1]",6600,45.445919036865234,True,24.44567317458656,49,0.00478515625
1001111111,2734,"[3, 2, 0, 1]",6600,45.46308517456055,False,24.44567317458656,49,0.00478515625
1001111111,2735,"[3, 2, 0, 1]",6600,45.47619819641113,True,24.44567317458656,49,0.00478515625
1001111111,2736,"[3, 2, 0, 1]",6600,45.49717903137207,False,24.44567317458656,49,0.00478515625
1001111111,2737,"[3, 2, 0, 1]",6600,45.510292053222656,True,24.44567317458656,49,0.00478515625
1001111111,2738,"[3, 2, 0, 1]",6600,45.52745819091797,False,24.44567317458656,49,0.00478515625
1001111111,2739,"[3, 2, 0, 1]",6600,45.54033279418945,True,24.44567317458656,49,0.00478515625
1001111111,2740,"[3, 2, 0, 1]",6600,45.55773735046387,False,24.44567317458656,49,0.00478515625
1001111111,2741,"[3, 2, 0, 1]",6600,45.57085037231445,True,24.44567317458656,49,0.00478515625
1001111111,2742,"[3, 2, 0, 1]",6600,45.58825492858887,False,24.44567317458656,49,0.00478515625
1001111111,2743,"[3, 2, 0, 1]",6600,45.60112953186035,True,24.44567317458656,49,0.00478515625
1001111111,2744,"[3, 2, 0, 1]",6600,45.618295669555664,False,24.44567317458656,49,0.00478515625
1001111111,2745,"[3, 2, 0, 1]",6600,45.63093185424805,True,24.44567317458656,49,0.00478515625
1001111111,2746,"[3, 2, 0, 1]",6600,45.64785957336426,False,24.44567317458656,49,0.00478515625
1001111111,2747,"[3, 2, 0, 1]",6600,45.66073417663574,True,24.44567317458656,49,0.00478515625
1001111111,2748,"[3, 2, 0, 1]",6600,45.677900314331055,False,24.44567317458656,49,0.00478515625
1001111111,2749,"[3, 2, 0, 1]",6600,45.690298080444336,True,24.44567317458656,49,0.00478515625
1001111111,2750,"[3, 2, 0, 1]",6600,45.70913314819336,False,24.44567317458656,49,0.00478515625
1001111111,2751,"[3, 2, 0, 1]",6600,45.722007751464844,True,24.44567317458656,49,0.00478515625
1001111111,2752,"[3, 2, 0, 1]",6600,45.73965072631836,False,24.44567317458656,49,0.00478515625
1001111111,2753,"[3, 2, 0, 1]",6600,45.75204849243164,True,24.44567317458656,49,0.00478515625
1001111111,2754,"[3, 2, 0, 1]",6600,45.76897621154785,False,24.44567317458656,49,0.00478515625
1001111111,2755,"[3, 2, 0, 1]",6600,45.781850814819336,True,24.44567317458656,49,0.00478515625
1001111111,2756,"[3, 2, 0, 1]",6600,45.79901695251465,False,24.44567317458656,49,0.00478515625
1001111111,2757,"[3, 2, 0, 1]",6600,45.81165313720703,True,24.44567317458656,49,0.00478515625
1001111111,2758,"[3, 2, 0, 1]",6600,45.828819274902344,False,24.44567317458656,49,0.00478515625
1001111111,2759,"[3, 2, 0, 1]",6600,45.84312438964844,True,24.44567317458656,49,0.00478515625
1001111111,2760,"[3, 2, 0, 1]",6600,45.861005783081055,False,24.44567317458656,49,0.00478515625
1001111111,2761,"[3, 2, 0, 1]",6600,45.87388038635254,True,24.44567317458656,49,0.00478515625
1001111111,2762,"[3, 2, 0, 1]",6600,45.891523361206055,False,24.44567317458656,49,0.00478515625
1001111111,2763,"[3, 2, 0, 1]",6600,45.90439796447754,True,24.44567317458656,49,0.00478515625
1001111111,2764,"[3, 2, 0, 1]",6600,45.922040939331055,False,24.44567317458656,49,0.00478515625
1001111111,2765,"[3, 2, 0, 1]",6600,45.93515396118164,True,24.44567317458656,49,0.00478515625
1001111111,2766,"[3, 2, 0, 1]",6600,45.952558517456055,False,24.44567317458656,49,0.00478515625
1001111111,2767,"[3, 2, 0, 1]",6600,45.96543312072754,True,24.44567317458656,49,0.00478515625
1001111111,2768,"[3, 2, 0, 1]",6600,45.98283767700195,False,24.44567317458656,49,0.00478515625
1001111111,2769,"[3, 2, 0, 1]",6600,45.995235443115234,True,24.44567317458656,49,0.00478515625
1001111111,2770,"[3, 2, 0, 1]",6600,46.01240158081055,False,24.44567317458656,49,0.00478515625
1001111111,2771,"[3, 2, 0, 1]",6600,46.02670669555664,True,24.44567317458656,49,0.00478515625
1001111111,2772,"[3, 2, 0, 1]",6600,46.044111251831055,False,24.44567317458656,49,0.00478515625
1001111111,2773,"[3, 2, 0, 1]",6600,46.05674743652344,True,24.44567317458656,49,0.00478515625
1001111111,2774,"[3, 2, 0, 1]",6600,46.07415199279785,False,24.44567317458656,49,0.00478515625
1001111111,2775,"[3, 2, 0, 1]",6600,46.086788177490234,True,24.44567317458656,49,0.00478515625
1001111111,2776,"[3, 2, 0, 1]",6600,46.10419273376465,False,24.44567317458656,49,0.00478515625
1001111111,2777,"[3, 2, 0, 1]",6600,46.11659049987793,True,24.44567317458656,49,0.00478515625
1001111111,2778,"[3, 2, 0, 1]",6600,46.13375663757324,False,24.44567317458656,49,0.00478515625
1001111111,2779,"[3, 2, 0, 1]",6600,46.146392822265625,True,24.44567317458656,49,0.00478515625
1001111111,2780,"[3, 2, 0, 1]",6600,46.16355895996094,False,24.44567317458656,49,0.00478515625
1001111111,2781,"[3, 2, 0, 1]",6600,46.17595672607422,True,24.44567317458656,49,0.00478515625
1001111111,2782,"[3, 2, 0, 1]",6600,46.19336128234863,False,24.44567317458656,49,0.00478515625
1001111111,2783,"[3, 2, 0, 1]",6600,46.205759048461914,True,24.44567317458656,49,0.00478515625
1001111111,2784,"[3, 2, 0, 1]",6600,46.22316360473633,False,24.44567317458656,49,0.00478515625
1001111111,2785,"[3, 2, 0, 1]",6600,46.23532295227051,True,24.44567317458656,49,0.00478515625
1001111111,2786,"[3, 2, 0, 1]",6600,46.253204345703125,False,24.44567317458656,49,0.00478515625
1001111111,2787,"[3, 2, 0, 1]",6600,46.26584053039551,True,24.44567317458656,49,0.00478515625
1001111111,2788,"[3, 2, 0, 1]",6600,46.28324508666992,False,24.44567317458656,49,0.00478515625
1001111111,2789,"[3, 2, 0, 1]",6600,46.295881271362305,True,24.44567317458656,49,0.00478515625
1001111111,2790,"[3, 2, 0, 1]",6600,46.31304740905762,False,24.44567317458656,49,0.00478515625
1001111111,2791,"[3, 2, 0, 1]",6600,46.3254451751709,True,24.44567317458656,49,0.00478515625
1001111111,2792,"[3, 2, 0, 1]",6600,46.34404182434082,False,24.44567317458656,49,0.00478515625
1001111111,2793,"[3, 2, 0, 1]",6600,46.356916427612305,True,24.44567317458656,49,0.00478515625
1001111111,2794,"[3, 2, 0, 1]",6600,46.37455940246582,False,24.44567317458656,49,0.00478515625
1001111111,2795,"[3, 2, 0, 1]",6600,46.3869571685791,True,24.44567317458656,49,0.00478515625
1001111111,2796,"[3, 2, 0, 1]",6600,46.40388488769531,False,24.44567317458656,49,0.00478515625
1001111111,2797,"[3, 2, 0, 1]",6600,46.4167594909668,True,24.44567317458656,49,0.00478515625
1001111111,2798,"[3, 2, 0, 1]",6600,46.43416404724121,False,24.44567317458656,49,0.00478515625
1001111111,2799,"[3, 2, 0, 1]",6600,46.446800231933594,True,24.44567317458656,49,0.00478515625
1001111111,2800,"[3, 2, 0, 1]",6600,46.463966369628906,False,24.44567317458656,49,0.00478515625
1001111111,2801,"[3, 2, 0, 1]",6600,46.47684097290039,True,24.44567317458656,49,0.00478515625
1001111111,2802,"[3, 2, 0, 1]",6600,46.494245529174805,False,24.44567317458656,49,0.00478515625
1001111111,2803,"[3, 2, 0, 1]",6600,46.50688171386719,True,24.44567317458656,49,0.00478515625
1001111111,2804,"[3, 2, 0, 1]",6600,46.5242862701416,False,24.44567317458656,49,0.00478515625
1001111111,2805,"[3, 2, 0, 1]",6600,46.536922454833984,True,24.44567317458656,49,0.00478515625
1001111111,2806,"[3, 2, 0, 1]",6600,46.5540885925293,False,24.44567317458656,49,0.00478515625
1001111111,2807,"[3, 2, 0, 1]",6600,46.56672477722168,True,24.44567317458656,49,0.00478515625
1001111111,2808,"[3, 2, 0, 1]",6600,46.584129333496094,False,24.44567317458656,49,0.00478515625
1001111111,2809,"[3, 2, 0, 1]",6600,46.59891128540039,True,24.44567317458656,49,0.00478515625
1001111111,2810,"[3, 2, 0, 1]",6600,46.61679267883301,False,24.44567317458656,49,0.00478515625
1001111111,2811,"[3, 2, 0, 1]",6600,46.629905700683594,True,24.44567317458656,49,0.00478515625
1001111111,2812,"[3, 2, 0, 1]",6600,46.64778709411621,False,24.44567317458656,49,0.00478515625
1001111111,2813,"[3, 2, 0, 1]",6600,46.662330627441406,True,24.44567317458656,49,0.00478515625
1001111111,2814,"[3, 2, 0, 1]",6600,46.680450439453125,False,24.44567317458656,49,0.00478515625
1001111111,2815,"[3, 2, 0, 1]",6600,46.69308662414551,True,24.44567317458656,49,0.00478515625
0110100011,2816,"[2, 1, 0, 3]",600,46.71072959899902,False,18.18188720114459,48,0.0046875
0110100011,2817,"[2, 1, 0, 3]",600,46.724557876586914,True,18.18188720114459,48,0.0046875
0110100011,2818,"[2, 1, 0, 3]",600,46.74172401428223,False,18.18188720114459,48,0.0046875
0110100011,2819,"[2, 1, 0, 3]",600,46.755075454711914,True,18.18188720114459,48,0.0046875
0110100011,2820,"[2, 1, 0, 3]",600,46.77248001098633,False,18.18188720114459,48,0.0046875
0110100011,2821,"[2, 1, 0, 3]",600,46.785831451416016,True,18.18188720114459,48,0.0046875
0110100011,2822,"[2, 1, 0, 3]",600,46.80323600769043,False,18.18188720114459,48,0.0046875
0110100011,2823,"[2, 1, 0, 3]",600,46.816349029541016,True,18.18188720114459,48,0.0046875
0110100011,2824,"[2, 1, 0, 3]",600,46.83375358581543,False,18.18188720114459,48,0.0046875
0110100011,2825,"[2, 1, 0, 3]",600,46.846866607666016,True,18.18188720114459,48,0.0046875
0110100011,2826,"[2, 1, 0, 3]",600,46.86403274536133,False,18.18188720114459,48,0.0046875
0110100011,2827,"[2, 1, 0, 3]",600,46.87690734863281,True,18.18188720114459,48,0.0046875
0110100011,2828,"[2, 1, 0, 3]",600,46.894073486328125,False,18.18188720114459,48,0.0046875
0110100011,2829,"[2, 1, 0, 3]",600,46.907663345336914,True,18.18188720114459,48,0.0046875
0110100011,2830,"[2, 1, 0, 3]",600,46.924591064453125,False,18.18188720114459,48,0.0046875
0110100011,2831,"[2, 1, 0, 3]",600,46.93961143493652,True,18.18188720114459,48,0.0046875
0110100011,2832,"[2, 1, 0, 3]",600,46.95725440979004,False,18.18188720114459,48,0.0046875
0110100011,2833,"[2, 1, 0, 3]",600,46.97084426879883,True,18.18188720114459,48,0.0046875
0110100011,2834,"[2, 1, 0, 3]",600,46.988725662231445,False,18.18188720114459,48,0.0046875
0110100011,2835,"[2, 1, 0, 3]",600,47.003984451293945,True,18.18188720114459,48,0.0046875
0110100011,2836,"[2, 1, 0, 3]",600,47.02162742614746,False,18.18188720114459,48,0.0046875
0110100011,2837,"[2, 1, 0, 3]",600,47.03521728515625,True,18.18188720114459,48,0.0046875
0110100011,2838,"[2, 1, 0, 3]",600,47.052621841430664,False,18.18188720114459,48,0.0046875
0110100011,2839,"[2, 1, 0, 3]",600,47.06597328186035,True,18.18188720114459,48,0.0046875
0110100011,2840,"[2, 1, 0, 3]",600,47.083377838134766,False,18.18188720114459,48,0.0046875
0110100011,2841,"[2, 1, 0, 3]",600,47.09625244140625,True,18.18188720114459,48,0.0046875
0110100011,2842,"[2, 1, 0, 3]",600,47.11341857910156,False,18.18188720114459,48,0.0046875
0110100011,2843,"[2, 1, 0, 3]",600,47.12653160095215,True,18.18188720114459,48,0.0046875
0110100011,2844,"[2, 1, 0, 3]",600,47.14393615722656,False,18.18188720114459,48,0.0046875
0110100011,2845,"[2, 1, 0, 3]",600,47.15704917907715,True,18.18188720114459,48,0.0046875
0110100011,2846,"[2, 1, 0, 3]",600,47.17445373535156,False,18.18188720114459,48,0.0046875
0110100011,2847,"[2, 1, 0, 3]",600,47.18756675720215,True,18.18188720114459,48,0.0046875
0110100011,2848,"[2, 1, 0, 3]",600,47.20473289489746,False,18.18188720114459,48,0.0046875
0110100011,2849,"[2, 1, 0, 3]",600,47.217369079589844,True,18.18188720114459,48,0.0046875
0110100011,2850,"[2, 1, 0, 3]",600,47.23477363586426,False,18.18188720114459,48,0.0046875
0110100011,2851,"[2, 1, 0, 3]",600,47.247886657714844,True,18.18188720114459,48,0.0046875
0110100011,2852,"[2, 1, 0, 3]",600,47.26529121398926,False,18.18188720114459,48,0.0046875
0110100011,2853,"[2, 1, 0, 3]",600,47.278404235839844,True,18.18188720114459,48,0.0046875
0110100011,2854,"[2, 1, 0, 3]",600,47.295570373535156,False,18.18188720114459,48,0.0046875
0110100011,2855,"[2, 1, 0, 3]",600,47.31035232543945,True,18.18188720114459,48,0.0046875
0110100011,2856,"[2, 1, 0, 3]",600,47.32823371887207,False,18.18188720114459,48,0.0046875
0110100011,2857,"[2, 1, 0, 3]",600,47.341108322143555,True,18.18188720114459,48,0.0046875
0110100011,2858,"[2, 1, 0, 3]",600,47.35851287841797,False,18.18188720114459,48,0.0046875
0110100011,2859,"[2, 1, 0, 3]",600,47.373294830322266,True,18.18188720114459,48,0.0046875
0110100011,2860,"[2, 1, 0, 3]",600,47.391414642333984,False,18.18188720114459,48,0.0046875
0110100011,2861,"[2, 1, 0, 3]",600,47.40452766418457,True,18.18188720114459,48,0.0046875
0110100011,2862,"[2, 1, 0, 3]",600,47.422170639038086,False,18.18188720114459,48,0.0046875
0110100011,2863,"[2, 1, 0, 3]",600,47.457218170166016,True,18.18188720114459,48,0.0046875
0110100011,2864,"[2, 1, 0, 3]",600,47.475337982177734,False,18.18188720114459,48,0.0046875
0110100011,2865,"[2, 1, 0, 3]",600,47.48821258544922,True,18.18188720114459,48,0.0046875
0110100011,2866,"[2, 1, 0, 3]",600,47.505855560302734,False,18.18188720114459,48,0.0046875
0110100011,2867,"[2, 1, 0, 3]",600,47.51896858215332,True,18.18188720114459,48,0.0046875
0110100011,2868,"[2, 1, 0, 3]",600,47.536373138427734,False,18.18188720114459,48,0.0046875
0110100011,2869,"[2, 1, 0, 3]",600,47.54972457885742,True,18.18188720114459,48,0.0046875
0110100011,2870,"[2, 1, 0, 3]",600,47.567129135131836,False,18.18188720114459,48,0.0046875
0110100011,2871,"[2, 1, 0, 3]",600,47.58024215698242,True,18.18188720114459,48,0.0046875
0110100011,2872,"[2, 1, 0, 3]",600,47.597646713256836,False,18.18188720114459,48,0.0046875
0110100011,2873,"[2, 1, 0, 3]",600,47.61075973510742,True,18.18188720114459,48,0.0046875
0110100011,2874,"[2, 1, 0, 3]",600,47.627925872802734,False,18.18188720114459,48,0.0046875
0110100011,2875,"[2, 1, 0, 3]",600,47.64080047607422,True,18.18188720114459,48,0.0046875
0110100011,2876,"[2, 1, 0, 3]",600,47.65963554382324,False,18.18188720114459,48,0.0046875
0110100011,2877,"[2, 1, 0, 3]",600,47.67298698425293,True,18.18188720114459,48,0.0046875
0110100011,2878,"[2, 1, 0, 3]",600,47.690391540527344,False,18.18188720114459,48,0.0046875
0110100011,2879,"[2, 1, 0, 3]",600,47.70326614379883,True,18.18188720114459,48,0.0046875
0110100011,2880,"[2, 1, 0, 3]",600,47.72067070007324,False,18.18188720114459,48,0.0046875
0110100011,2881,"[2, 1, 0, 3]",600,47.73378372192383,True,18.18188720114459,48,0.0046875
0110100011,2882,"[2, 1, 0, 3]",600,47.75118827819824,False,18.18188720114459,48,0.0046875
0110100011,2883,"[2, 1, 0, 3]",600,47.76430130004883,True,18.18188720114459,48,0.0046875
0110100011,2884,"[2, 1, 0, 3]",600,47.78170585632324,False,18.18188720114459,48,0.0046875
0110100011,2885,"[2, 1, 0, 3]",600,47.79481887817383,True,18.18188720114459,48,0.0046875
0110100011,2886,"[2, 1, 0, 3]",600,47.81222343444824,False,18.18188720114459,48,0.0046875
0110100011,2887,"[2, 1, 0, 3]",600,47.824859619140625,True,18.18188720114459,48,0.0046875
0110100011,2888,"[2, 1, 0, 3]",600,47.84226417541504,False,18.18188720114459,48,0.0046875
0110100011,2889,"[2, 1, 0, 3]",600,47.855377197265625,True,18.18188720114459,48,0.0046875
0110100011,2890,"[2, 1, 0, 3]",600,47.87254333496094,False,18.18188720114459,48,0.0046875
0110100011,2891,"[2, 1, 0, 3]",600,47.88565635681152,True,18.18188720114459,48,0.0046875
0110100011,2892,"[2, 1, 0, 3]",600,47.90306091308594,False,18.18188720114459,48,0.0046875
0110100011,2893,"[2, 1, 0, 3]",600,47.91617393493652,True,18.18188720114459,48,0.0046875
0110100011,2894,"[2, 1, 0, 3]",600,47.93357849121094,False,18.18188720114459,48,0.0046875
0110100011,2895,"[2, 1, 0, 3]",600,47.94645309448242,True,18.18188720114459,48,0.0046875
0110100011,2896,"[2, 1, 0, 3]",600,47.96409606933594,False,18.18188720114459,48,0.0046875
0110100011,2897,"[2, 1, 0, 3]",600,47.978878021240234,True,18.18188720114459,48,0.0046875
0110100011,2898,"[2, 1, 0, 3]",600,47.99675941467285,False,18.18188720114459,48,0.0046875
0110100011,2899,"[2, 1, 0, 3]",600,48.01011085510254,True,18.18188720114459,48,0.0046875
0110100011,2900,"[2, 1, 0, 3]",600,48.027753829956055,False,18.18188720114459,48,0.0046875
0110100011,2901,"[2, 1, 0, 3]",600,48.04062843322754,True,18.18188720114459,48,0.0046875
0110100011,2902,"[2, 1, 0, 3]",600,48.058271408081055,False,18.18188720114459,48,0.0046875
0110100011,2903,"[2, 1, 0, 3]",600,48.07114601135254,True,18.18188720114459,48,0.0046875
0110100011,2904,"[2, 1, 0, 3]",600,48.08855056762695,False,18.18188720114459,48,0.0046875
0110100011,2905,"[2, 1, 0, 3]",600,48.10166358947754,True,18.18188720114459,48,0.0046875
0110100011,2906,"[2, 1, 0, 3]",600,48.11882972717285,False,18.18188720114459,48,0.0046875
0110100011,2907,"[2, 1, 0, 3]",600,48.13194274902344,True,18.18188720114459,48,0.0046875
0110100011,2908,"[2, 1, 0, 3]",600,48.14934730529785,False,18.18188720114459,48,0.0046875
0110100011,2909,"[2, 1, 0, 3]",600,48.16246032714844,True,18.18188720114459,48,0.0046875
0110100011,2910,"[2, 1, 0, 3]",600,48.18129539489746,False,18.18188720114459,48,0.0046875
0110100011,2911,"[2, 1, 0, 3]",600,48.19464683532715,True,18.18188720114459,48,0.0046875
1011010111,2912,"[1, 0, 3, 2]",465,48.21276664733887,False,14.110739454205536,48,0.0046875
1011010111,2913,"[1, 0, 3, 2]",465,48.226356506347656,True,14.110739454205536,48,0.0046875
1011010111,2914,"[1, 0, 3, 2]",465,48.24376106262207,False,14.110739454205536,48,0.0046875
1011010111,2915,"[1, 0, 3, 2]",465,48.25711250305176,True,14.110739454205536,48,0.0046875
1011010111,2916,"[1, 0, 3, 2]",465,48.27451705932617,False,14.110739454205536,48,0.0046875
1011010111,2917,"[1, 0, 3, 2]",465,48.28786849975586,True,14.110739454205536,48,0.0046875
1011010111,2918,"[1, 0, 3, 2]",465,48.307180404663086,False,14.110739454205536,48,0.0046875
1011010111,2919,"[1, 0, 3, 2]",465,48.320770263671875,True,14.110739454205536,48,0.0046875
1011010111,2920,"[1, 0, 3, 2]",465,48.33841323852539,False,14.110739454205536,48,0.0046875
1011010111,2921,"[1, 0, 3, 2]",465,48.35176467895508,True,14.110739454205536,48,0.0046875
1011010111,2922,"[1, 0, 3, 2]",465,48.36916923522949,False,14.110739454205536,48,0.0046875
1011010111,2923,"[1, 0, 3, 2]",465,48.38228225708008,True,14.110739454205536,48,0.0046875
1011010111,2924,"[1, 0, 3, 2]",465,48.39968681335449,False,14.110739454205536,48,0.0046875
1011010111,2925,"[1, 0, 3, 2]",465,48.41279983520508,True,14.110739454205536,48,0.0046875
1011010111,2926,"[1, 0, 3, 2]",465,48.43020439147949,False,14.110739454205536,48,0.0046875
1011010111,2927,"[1, 0, 3, 2]",465,48.44307899475098,True,14.110739454205536,48,0.0046875
1011010111,2928,"[1, 0, 3, 2]",465,48.46000671386719,False,14.110739454205536,48,0.0046875
1011010111,2929,"[1, 0, 3, 2]",465,48.473358154296875,True,14.110739454205536,48,0.0046875
1011010111,2930,"[1, 0, 3, 2]",465,48.490285873413086,False,14.110739454205536,48,0.0046875
1011010111,2931,"[1, 0, 3, 2]",465,48.50339889526367,True,14.110739454205536,48,0.0046875
1011010111,2932,"[1, 0, 3, 2]",465,48.52032661437988,False,14.110739454205536,48,0.0046875
1011010111,2933,"[1, 0, 3, 2]",465,48.532962799072266,True,14.110739454205536,48,0.0046875
1011010111,2934,"[1, 0, 3, 2]",465,48.55012893676758,False,14.110739454205536,48,0.0046875
1011010111,2935,"[1, 0, 3, 2]",465,48.56300354003906,True,14.110739454205536,48,0.0046875
1011010111,2936,"[1, 0, 3, 2]",465,48.58040809631348,False,14.110739454205536,48,0.0046875
1011010111,2937,"[1, 0, 3, 2]",465,48.59352111816406,True,14.110739454205536,48,0.0046875
1011010111,2938,"[1, 0, 3, 2]",465,48.61092567443848,False,14.110739454205536,48,0.0046875
1011010111,2939,"[1, 0, 3, 2]",465,48.62570762634277,True,14.110739454205536,48,0.0046875
1011010111,2940,"[1, 0, 3, 2]",465,48.64335060119629,False,14.110739454205536,48,0.0046875
1011010111,2941,"[1, 0, 3, 2]",465,48.65622520446777,True,14.110739454205536,48,0.0046875
1011010111,2942,"[1, 0, 3, 2]",465,48.67362976074219,False,14.110739454205536,48,0.0046875
1011010111,2943,"[1, 0, 3, 2]",465,48.68674278259277,True,14.110739454205536,48,0.0046875
1011010111,2944,"[1, 0, 3, 2]",465,48.70414733886719,False,14.110739454205536,48,0.0046875
1011010111,2945,"[1, 0, 3, 2]",465,48.71678352355957,True,14.110739454205536,48,0.0046875
1011010111,2946,"[1, 0, 3, 2]",465,48.73394966125488,False,14.110739454205536,48,0.0046875
1011010111,2947,"[1, 0, 3, 2]",465,48.74682426452637,True,14.110739454205536,48,0.0046875
1011010111,2948,"[1, 0, 3, 2]",465,48.76399040222168,False,14.110739454205536,48,0.0046875
1011010111,2949,"[1, 0, 3, 2]",465,48.777103424072266,True,14.110739454205536,48,0.0046875
1011010111,2950,"[1, 0, 3, 2]",465,48.79474639892578,False,14.110739454205536,48,0.0046875
1011010111,2951,"[1, 0, 3, 2]",465,48.807621002197266,True,14.110739454205536,48,0.0046875
1011010111,2952,"[1, 0, 3, 2]",465,48.82478713989258,False,14.110739454205536,48,0.0046875
1011010111,2953,"[1, 0, 3, 2]",465,48.84910583496094,True,14.110739454205536,48,0.0046875
1011010111,2954,"[1, 0, 3, 2]",465,48.86889457702637,False,14.110739454205536,48,0.0046875
1011010111,2955,"[1, 0, 3, 2]",465,48.883914947509766,True,14.110739454205536,48,0.0046875
1011010111,2956,"[1, 0, 3, 2]",465,48.9039421081543,False,14.110739454205536,48,0.0046875
1011010111,2957,"[1, 0, 3, 2]",465,48.9194393157959,True,14.110739454205536,48,0.0046875
1011010111,2958,"[1, 0, 3, 2]",465,48.93898963928223,False,14.110739454205536,48,0.0046875
1011010111,2959,"[1, 0, 3, 2]",465,48.95472526550293,True,14.110739454205536,48,0.0046875
1011010111,2960,"[1, 0, 3, 2]",465,48.97737503051758,False,14.110739454205536,48,0.0046875
1011010111,2961,"[1, 0, 3, 2]",465,48.99334907531738,True,14.110739454205536,48,0.0046875
1011010111,2962,"[1, 0, 3, 2]",465,49.013614654541016,False,14.110739454205536,48,0.0046875
1011010111,2963,"[1, 0, 3, 2]",465,49.04508590698242,True,14.110739454205536,48,0.0046875
1011010111,2964,"[1, 0, 3, 2]",465,49.06606674194336,False,14.110739454205536,48,0.0046875
1011010111,2965,"[1, 0, 3, 2]",465,49.08156394958496,True,14.110739454205536,48,0.0046875
1011010111,2966,"[1, 0, 3, 2]",465,49.1025447845459,False,14.110739454205536,48,0.0046875
1011010111,2967,"[1, 0, 3, 2]",465,49.1182804107666,True,14.110739454205536,48,0.0046875
1011010111,2968,"[1, 0, 3, 2]",465,49.13926124572754,False,14.110739454205536,48,0.0046875
1011010111,2969,"[1, 0, 3, 2]",465,49.15452003479004,True,14.110739454205536,48,0.0046875
1011010111,2970,"[1, 0, 3, 2]",465,49.175262451171875,False,14.110739454205536,48,0.0046875
1011010111,2971,"[1, 0, 3, 2]",465,49.19099807739258,True,14.110739454205536,48,0.0046875
1011010111,2972,"[1, 0, 3, 2]",465,49.21221733093262,False,14.110739454205536,48,0.0046875
1011010111,2973,"[1, 0, 3, 2]",465,49.22747611999512,True,14.110739454205536,48,0.0046875
1011010111,2974,"[1, 0, 3, 2]",465,49.248695373535156,False,14.110739454205536,48,0.0046875
1011010111,2975,"[1, 0, 3, 2]",465,49.26419258117676,True,14.110739454205536,48,0.0046875
1011010111,2976,"[1, 0, 3, 2]",465,49.285173416137695,False,14.110739454205536,48,0.0046875
1011010111,2977,"[1, 0, 3, 2]",465,49.3006706237793,True,14.110739454205536,48,0.0046875
1011010111,2978,"[1, 0, 3, 2]",465,49.32141304016113,False,14.110739454205536,48,0.0046875
1011010111,2979,"[1, 0, 3, 2]",465,49.337148666381836,True,14.110739454205536,48,0.0046875
1011010111,2980,"[1, 0, 3, 2]",465,49.35812950134277,False,14.110739454205536,48,0.0046875
1011010111,2981,"[1, 0, 3, 2]",465,49.37577247619629,True,14.110739454205536,48,0.0046875
1011010111,2982,"[1, 0, 3, 2]",465,49.39723014831543,False,14.110739454205536,48,0.0046875
1011010111,2983,"[1, 0, 3, 2]",465,49.413204193115234,True,14.110739454205536,48,0.0046875
1011010111,2984,"[1, 0, 3, 2]",465,49.43418502807617,False,14.110739454205536,48,0.0046875
1011010111,2985,"[1, 0, 3, 2]",465,49.45039749145508,True,14.110739454205536,48,0.0046875
1011010111,2986,"[1, 0, 3, 2]",465,49.47161674499512,False,14.110739454205536,48,0.0046875
1011010111,2987,"[1, 0, 3, 2]",465,49.490928649902344,True,14.110739454205536,48,0.0046875
1011010111,2988,"[1, 0, 3, 2]",465,49.521684646606445,False,14.110739454205536,48,0.0046875
1011010111,2989,"[1, 0, 3, 2]",465,49.53598976135254,True,14.110739454205536,48,0.0046875
1011010111,2990,"[1, 0, 3, 2]",465,49.55410957336426,False,14.110739454205536,48,0.0046875
1011010111,2991,"[1, 0, 3, 2]",465,49.56769943237305,True,14.110739454205536,48,0.0046875
1011010111,2992,"[1, 0, 3, 2]",465,49.585819244384766,False,14.110739454205536,48,0.0046875
1011010111,2993,"[1, 0, 3, 2]",465,49.59917068481445,True,14.110739454205536,48,0.0046875
1011010111,2994,"[1, 0, 3, 2]",465,49.61752891540527,False,14.110739454205536,48,0.0046875
1011010111,2995,"[1, 0, 3, 2]",465,49.63111877441406,True,14.110739454205536,48,0.0046875
1011010111,2996,"[1, 0, 3, 2]",465,49.66473579406738,False,14.110739454205536,48,0.0046875
1011010111,2997,"[1, 0, 3, 2]",465,49.678802490234375,True,14.110739454205536,48,0.0046875
1011010111,2998,"[1, 0, 3, 2]",465,49.6973991394043,False,14.110739454205536,48,0.0046875
1011010111,2999,"[1, 0, 3, 2]",465,49.713134765625,True,14.110739454205536,48,0.0046875
1011010111,3000,"[1, 0, 3, 2]",465,49.732208251953125,False,14.110739454205536,48,0.0046875
1011010111,3001,"[1, 0, 3, 2]",465,49.74651336669922,True,14.110739454205536,48,0.0046875
1011010111,3002,"[1, 0, 3, 2]",465,49.76534843444824,False,14.110739454205536,48,0.0046875
1011010111,3003,"[1, 0, 3, 2]",465,49.781084060668945,True,14.110739454205536,48,0.0046875
1011010111,3004,"[1, 0, 3, 2]",465,49.79968070983887,False,14.110739454205536,48,0.0046875
1011010111,3005,"[1, 0, 3, 2]",465,49.81350898742676,True,14.110739454205536,48,0.0046875
1011010111,3006,"[1, 0, 3, 2]",465,49.83258247375488,False,14.110739454205536,48,0.0046875
1011010111,3007,"[1, 0, 3, 2]",465,49.84617233276367,True,14.110739454205536,48,0.0046875
0100010000,3008,"[2, 0, 3, 1]",6200,49.8661994934082,False,15.294739040945382,47,0.00458984375
0100010000,3009,"[2, 0, 1, 3]",500,49.881696701049805,True,15.294739040945382,47,0.00458984375
0100010000,3010,"[2, 0, 3, 1]",6200,49.90243911743164,False,15.294739040945382,47,0.00458984375
0100010000,3011,"[2, 0, 1, 3]",500,49.92794990539551,True,15.294739040945382,47,0.00458984375
0100010000,3012,"[2, 0, 3, 1]",6200,49.94702339172363,False,15.294739040945382,47,0.00458984375
0100010000,3013,"[2, 0, 1, 3]",500,49.961090087890625,True,15.294739040945382,47,0.00458984375
0100010000,3014,"[2, 0, 3, 1]",6200,49.97968673706055,False,15.294739040945382,47,0.00458984375
0100010000,3015,"[2, 0, 1, 3]",500,49.99351501464844,True,15.294739040945382,47,0.00458984375
0100010000,3016,"[2, 0, 3, 1]",6200,50.01187324523926,False,15.294739040945382,47,0.00458984375
0100010000,3017,"[2, 0, 1, 3]",500,50.02570152282715,True,15.294739040945382,47,0.00458984375
0100010000,3018,"[2, 0, 3, 1]",6200,50.04405975341797,False,15.294739040945382,47,0.00458984375
0100010000,3019,"[2, 0, 1, 3]",500,50.05788803100586,True,15.294739040945382,47,0.00458984375
0100010000,3020,"[2, 0, 3, 1]",6200,50.07600784301758,False,15.294739040945382,47,0.00458984375
0100010000,3021,"[2, 0, 1, 3]",500,50.08983612060547,True,15.294739040945382,47,0.00458984375
0100010000,3022,"[2, 0, 3, 1]",6200,50.10819435119629,False,15.294739040945382,47,0.00458984375
0100010000,3023,"[2, 0, 1, 3]",500,50.12392997741699,True,15.294739040945382,47,0.00458984375
0100010000,3024,"[2, 0, 3, 1]",6200,50.142765045166016,False,15.294739040945382,47,0.00458984375
0100010000,3025,"[2, 0, 1, 3]",500,50.156593322753906,True,15.294739040945382,47,0.00458984375
0100010000,3026,"[2, 0, 3, 1]",6200,50.17518997192383,False,15.294739040945382,47,0.00458984375
0100010000,3027,"[2, 0, 1, 3]",500,50.188541412353516,True,15.294739040945382,47,0.00458984375
0100010000,3028,"[2, 0, 3, 1]",6200,50.20737648010254,False,15.294739040945382,47,0.00458984375
0100010000,3029,"[2, 0, 1, 3]",500,50.22072792053223,True,15.294739040945382,47,0.00458984375
0100010000,3030,"[2, 0, 3, 1]",6200,50.23908615112305,False,15.294739040945382,47,0.00458984375
0100010000,3031,"[2, 0, 1, 3]",500,50.252676010131836,True,15.294739040945382,47,0.00458984375
0100010000,3032,"[2, 0, 3, 1]",6200,50.270795822143555,False,15.294739040945382,47,0.00458984375
0100010000,3033,"[2, 0, 1, 3]",500,50.284624099731445,True,15.294739040945382,47,0.00458984375
0100010000,3034,"[2, 0, 3, 1]",6200,50.302982330322266,False,15.294739040945382,47,0.00458984375
0100010000,3035,"[2, 0, 1, 3]",500,50.316572189331055,True,15.294739040945382,47,0.00458984375
0100010000,3036,"[2, 0, 3, 1]",6200,50.334930419921875,False,15.294739040945382,47,0.00458984375
0100010000,3037,"[2, 0, 1, 3]",500,50.348758697509766,True,15.294739040945382,47,0.00458984375
0100010000,3038,"[2, 0, 3, 1]",6200,50.36735534667969,False,15.294739040945382,47,0.00458984375
0100010000,3039,"[2, 0, 1, 3]",500,50.38118362426758,True,15.294739040945382,47,0.00458984375
0100010000,3040,"[2, 0, 3, 1]",6200,50.3995418548584,False,15.294739040945382,47,0.00458984375
0100010000,3041,"[2, 0, 1, 3]",500,50.41337013244629,True,15.294739040945382,47,0.00458984375
0100010000,3042,"[2, 0, 3, 1]",6200,50.431251525878906,False,15.294739040945382,47,0.00458984375
0100010000,3043,"[2, 0, 1, 3]",500,50.44674873352051,True,15.294739040945382,47,0.00458984375
0100010000,3044,"[2, 0, 3, 1]",6200,50.46558380126953,False,15.294739040945382,47,0.00458984375
0100010000,3045,"[2, 0, 1, 3]",500,50.47941207885742,True,15.294739040945382,47,0.00458984375
0100010000,3046,"[2, 0, 3, 1]",6200,50.49753189086914,False,15.294739040945382,47,0.00458984375
0100010000,3047,"[2, 0, 1, 3]",500,50.51112174987793,True,15.294739040945382,47,0.00458984375
0100010000,3048,"[2, 0, 3, 1]",6200,50.52947998046875,False,15.294739040945382,47,0.00458984375
0100010000,3049,"[2, 0, 1, 3]",500,50.54306983947754,True,15.294739040945382,47,0.00458984375
0100010000,3050,"[2, 0, 3, 1]",6200,50.56142807006836,False,15.294739040945382,47,0.00458984375
0100010000,3051,"[2, 0, 1, 3]",500,50.574541091918945,True,15.294739040945382,47,0.00458984375
0100010000,3052,"[2, 0, 3, 1]",6200,50.592899322509766,False,15.294739040945382,47,0.00458984375
0100010000,3053,"[2, 0, 1, 3]",500,50.606489181518555,True,15.294739040945382,47,0.00458984375
0100010000,3054,"[2, 0, 3, 1]",6200,50.62460899353027,False,15.294739040945382,47,0.00458984375
0100010000,3055,"[2, 0, 1, 3]",500,50.63819885253906,True,15.294739040945382,47,0.00458984375
0100010000,3056,"[2, 0, 3, 1]",6200,50.65631866455078,False,15.294739040945382,47,0.00458984375
0100010000,3057,"[2, 0, 1, 3]",500,50.66990852355957,True,15.294739040945382,47,0.00458984375
0100010000,3058,"[2, 0, 3, 1]",6200,50.68802833557129,False,15.294739040945382,47,0.00458984375
0100010000,3059,"[2, 0, 1, 3]",500,50.70161819458008,True,15.294739040945382,47,0.00458984375
0100010000,3060,"[2, 0, 3, 1]",6200,50.721168518066406,False,15.294739040945382,47,0.00458984375
0100010000,3061,"[2, 0, 1, 3]",500,50.7354736328125,True,15.294739040945382,47,0.00458984375
0100010000,3062,"[2, 0, 3, 1]",6200,50.75407028198242,False,15.294739040945382,47,0.00458984375
0100010000,3063,"[2, 0, 1, 3]",500,50.76766014099121,True,15.294739040945382,47,0.00458984375
0100010000,3064,"[2, 0, 3, 1]",6200,50.78577995300293,False,15.294739040945382,47,0.00458984375
0100010000,3065,"[2, 0, 1, 3]",500,50.80151557922363,True,15.294739040945382,47,0.00458984375
0100010000,3066,"[2, 0, 3, 1]",6200,50.81987380981445,False,15.294739040945382,47,0.00458984375
0100010000,3067,"[2, 0, 1, 3]",500,50.83346366882324,True,15.294739040945382,47,0.00458984375
0100010000,3068,"[2, 0, 3, 1]",6200,50.85134506225586,False,15.294739040945382,47,0.00458984375
0100010000,3069,"[2, 0, 1, 3]",500,50.86517333984375,True,15.294739040945382,47,0.00458984375
0100010000,3070,"[2, 0, 3, 1]",6200,50.893545150756836,False,15.294739040945382,47,0.00458984375
0100010000,3071,"[2, 0, 1, 3]",500,50.90665817260742,True,15.294739040945382,47,0.00458984375
0100010000,3072,"[2, 0, 3, 1]",6200,50.923824310302734,False,15.294739040945382,47,0.00458984375
0100010000,3073,"[2, 0, 1, 3]",500,50.93669891357422,True,15.294739040945382,47,0.00458984375
0100010000,3074,"[2, 0, 3, 1]",6200,50.95386505126953,False,15.294739040945382,47,0.00458984375
0100010000,3075,"[2, 0, 1, 3]",500,50.966501235961914,True,15.294739040945382,47,0.00458984375
0100010000,3076,"[2, 0, 3, 1]",6200,50.98390579223633,False,15.294739040945382,47,0.00458984375
0100010000,3077,"[2, 0, 1, 3]",500,50.997018814086914,True,15.294739040945382,47,0.00458984375
0100010000,3078,"[2, 0, 3, 1]",6200,51.01442337036133,False,15.294739040945382,47,0.00458984375
0100010000,3079,"[2, 0, 1, 3]",500,51.027536392211914,True,15.294739040945382,47,0.00458984375
0100010000,3080,"[2, 0, 3, 1]",6200,51.04494094848633,False,15.294739040945382,47,0.00458984375
0100010000,3081,"[2, 0, 1, 3]",500,51.058053970336914,True,15.294739040945382,47,0.00458984375
0100010000,3082,"[2, 0, 3, 1]",6200,51.07522010803223,False,15.294739040945382,47,0.00458984375
0100010000,3083,"[2, 0, 1, 3]",500,51.08809471130371,True,15.294739040945382,47,0.00458984375
0100010000,3084,"[2, 0, 3, 1]",6200,51.105499267578125,False,15.294739040945382,47,0.00458984375
0100010000,3085,"[2, 0, 1, 3]",500,51.11980438232422,True,15.294739040945382,47,0.00458984375
0100010000,3086,"[2, 0, 3, 1]",6200,51.13816261291504,False,15.294739040945382,47,0.00458984375
0100010000,3087,"[2, 0, 1, 3]",500,51.15103721618652,True,15.294739040945382,47,0.00458984375
0100010000,3088,"[2, 0, 3, 1]",6200,51.16891860961914,False,15.294739040945382,47,0.00458984375
0100010000,3089,"[2, 0, 1, 3]",500,51.18155479431152,True,15.294739040945382,47,0.00458984375
0100010000,3090,"[2, 0, 3, 1]",6200,51.19919776916504,False,15.294739040945382,47,0.00458984375
0100010000,3091,"[2, 0, 1, 3]",500,51.21254920959473,True,15.294739040945382,47,0.00458984375
0100010000,3092,"[2, 0, 3, 1]",6200,51.24688148498535,False,15.294739040945382,47,0.00458984375
0100010000,3093,"[2, 0, 1, 3]",500,51.26070976257324,True,15.294739040945382,47,0.00458984375
0100010000,3094,"[2, 0, 3, 1]",6200,51.27882957458496,False,15.294739040945382,47,0.00458984375
0100010000,3095,"[2, 0, 1, 3]",500,51.29265785217285,True,15.294739040945382,47,0.00458984375
0100010000,3096,"[2, 0, 3, 1]",6200,51.31077766418457,False,15.294739040945382,47,0.00458984375
0100010000,3097,"[2, 0, 1, 3]",500,51.32436752319336,True,15.294739040945382,47,0.00458984375
0100010000,3098,"[2, 0, 3, 1]",6200,51.34272575378418,False,15.294739040945382,47,0.00458984375
0100010000,3099,"[2, 0, 1, 3]",500,51.35655403137207,True,15.294739040945382,47,0.00458984375
0100010000,3100,"[2, 0, 3, 1]",6200,51.37443542480469,False,15.294739040945382,47,0.00458984375
0100010000,3101,"[2, 0, 1, 3]",500,51.38826370239258,True,15.294739040945382,47,0.00458984375
0111110110,3102,"[2, 1, 3, 0]",9300,51.4068603515625,False,30.726406043480253,46,0.0044921875
0111110110,3103,"[2, 1, 0, 3]",600,51.421165466308594,True,30.726406043480253,46,0.0044921875
0111110110,3104,"[2, 1, 3, 0]",9300,51.439762115478516,False,30.726406043480253,46,0.0044921875
0111110110,3105,"[2, 1, 0, 3]",600,51.45382881164551,True,30.726406043480253,46,0.0044921875
0111110110,3106,"[2, 1, 3, 0]",9300,51.47218704223633,False,30.726406043480253,46,0.0044921875
0111110110,3107,"[2, 1, 0, 3]",600,51.48720741271973,True,30.726406043480253,46,0.0044921875
0111110110,3108,"[2, 1, 3, 0]",9300,51.50604248046875,False,30.726406043480253,46,0.0044921875
0111110110,3109,"[2, 1, 0, 3]",600,51.51963233947754,True,30.726406043480253,46,0.0044921875
0111110110,3110,"[2, 1, 3, 0]",9300,51.53799057006836,False,30.726406043480253,46,0.0044921875
0111110110,3111,"[2, 1, 0, 3]",600,51.55348777770996,True,30.726406043480253,46,0.0044921875
0111110110,3112,"[2, 1, 3, 0]",9300,51.57279968261719,False,30.726406043480253,46,0.0044921875
0111110110,3113,"[2, 1, 0, 3]",600,51.58662796020508,True,30.726406043480253,46,0.0044921875
0111110110,3114,"[2, 1, 3, 0]",9300,51.6049861907959,False,30.726406043480253,46,0.0044921875
0111110110,3115,"[2, 1, 0, 3]",600,51.61881446838379,True,30.726406043480253,46,0.0044921875
0111110110,3116,"[2, 1, 3, 0]",9300,51.63717269897461,False,30.726406043480253,46,0.0044921875
0111110110,3117,"[2, 1, 0, 3]",600,51.6507625579834,True,30.726406043480253,46,0.0044921875
0111110110,3118,"[2, 1, 3, 0]",9300,51.66912078857422,False,30.726406043480253,46,0.0044921875
0111110110,3119,"[2, 1, 0, 3]",600,51.68294906616211,True,30.726406043480253,46,0.0044921875
0111110110,3120,"[2, 1, 3, 0]",9300,51.70130729675293,False,30.726406043480253,46,0.0044921875
0111110110,3121,"[2, 1, 0, 3]",600,51.71537399291992,True,30.726406043480253,46,0.0044921875
0111110110,3122,"[2, 1, 3, 0]",9300,51.73373222351074,False,30.726406043480253,46,0.0044921875
0111110110,3123,"[2, 1, 0, 3]",600,51.747798919677734,True,30.726406043480253,46,0.0044921875
0111110110,3124,"[2, 1, 3, 0]",9300,51.77593231201172,False,30.726406043480253,46,0.0044921875
0111110110,3125,"[2, 1, 0, 3]",600,51.789045333862305,True,30.726406043480253,46,0.0044921875
0111110110,3126,"[2, 1, 3, 0]",9300,51.80644989013672,False,30.726406043480253,46,0.0044921875
0111110110,3127,"[2, 1, 0, 3]",600,51.82218551635742,True,30.726406043480253,46,0.0044921875
0111110110,3128,"[2, 1, 3, 0]",9300,51.84030532836914,False,30.726406043480253,46,0.0044921875
0111110110,3129,"[2, 1, 0, 3]",600,51.85341835021973,True,30.726406043480253,46,0.0044921875
0111110110,3130,"[2, 1, 3, 0]",9300,51.87106132507324,False,30.726406043480253,46,0.0044921875
0111110110,3131,"[2, 1, 0, 3]",600,51.88417434692383,True,30.726406043480253,46,0.0044921875
0111110110,3132,"[2, 1, 3, 0]",9300,51.90157890319824,False,30.726406043480253,46,0.0044921875
0111110110,3133,"[2, 1, 0, 3]",600,51.91469192504883,True,30.726406043480253,46,0.0044921875
0111110110,3134,"[2, 1, 3, 0]",9300,51.93209648132324,False,30.726406043480253,46,0.0044921875
0111110110,3135,"[2, 1, 0, 3]",600,51.94544792175293,True,30.726406043480253,46,0.0044921875
0111110110,3136,"[2, 1, 3, 0]",9300,51.96261405944824,False,30.726406043480253,46,0.0044921875
0111110110,3137,"[2, 1, 0, 3]",600,51.97596549987793,True,30.726406043480253,46,0.0044921875
0111110110,3138,"[2, 1, 3, 0]",9300,51.99313163757324,False,30.726406043480253,46,0.0044921875
0111110110,3139,"[2, 1, 0, 3]",600,52.00624465942383,True,30.726406043480253,46,0.0044921875
0111110110,3140,"[2, 1, 3, 0]",9300,52.02364921569824,False,30.726406043480253,46,0.0044921875
0111110110,3141,"[2, 1, 0, 3]",600,52.03676223754883,True,30.726406043480253,46,0.0044921875
0111110110,3142,"[2, 1, 3, 0]",9300,52.05416679382324,False,30.726406043480253,46,0.0044921875
0111110110,3143,"[2, 1, 0, 3]",600,52.06727981567383,True,30.726406043480253,46,0.0044921875
0111110110,3144,"[2, 1, 3, 0]",9300,52.084922790527344,False,30.726406043480253,46,0.0044921875
0111110110,3145,"[2, 1, 0, 3]",600,52.09803581237793,True,30.726406043480253,46,0.0044921875
0111110110,3146,"[2, 1, 3, 0]",9300,52.115440368652344,False,30.726406043480253,46,0.0044921875
0111110110,3147,"[2, 1, 0, 3]",600,52.12903022766113,True,30.726406043480253,46,0.0044921875
0111110110,3148,"[2, 1, 3, 0]",9300,52.14643478393555,False,30.726406043480253,46,0.0044921875
0111110110,3149,"[2, 1, 0, 3]",600,52.16193199157715,True,30.726406043480253,46,0.0044921875
0111110110,3150,"[2, 1, 3, 0]",9300,52.179574966430664,False,30.726406043480253,46,0.0044921875
0111110110,3151,"[2, 1, 0, 3]",600,52.19316482543945,True,30.726406043480253,46,0.0044921875
0111110110,3152,"[2, 1, 3, 0]",9300,52.210330963134766,False,30.726406043480253,46,0.0044921875
0111110110,3153,"[2, 1, 0, 3]",600,52.22320556640625,True,30.726406043480253,46,0.0044921875
0111110110,3154,"[2, 1, 3, 0]",9300,52.24037170410156,False,30.726406043480253,46,0.0044921875
0111110110,3155,"[2, 1, 0, 3]",600,52.25372314453125,True,30.726406043480253,46,0.0044921875
0111110110,3156,"[2, 1, 3, 0]",9300,52.271127700805664,False,30.726406043480253,46,0.0044921875
0111110110,3157,"[2, 1, 0, 3]",600,52.28424072265625,True,30.726406043480253,46,0.0044921875
0111110110,3158,"[2, 1, 3, 0]",9300,52.301883697509766,False,30.726406043480253,46,0.0044921875
0111110110,3159,"[2, 1, 0, 3]",600,52.31475830078125,True,30.726406043480253,46,0.0044921875
0111110110,3160,"[2, 1, 3, 0]",9300,52.332162857055664,False,30.726406043480253,46,0.0044921875
0111110110,3161,"[2, 1, 0, 3]",600,52.34527587890625,True,30.726406043480253,46,0.0044921875
0111110110,3162,"[2, 1, 3, 0]",9300,52.36458778381348,False,30.726406043480253,46,0.0044921875
0111110110,3163,"[2, 1, 0, 3]",600,52.378177642822266,True,30.726406043480253,46,0.0044921875
0111110110,3164,"[2, 1, 3, 0]",9300,52.39558219909668,False,30.726406043480253,46,0.0044921875
0111110110,3165,"[2, 1, 0, 3]",600,52.408695220947266,True,30.726406043480253,46,0.0044921875
0111110110,3166,"[2, 1, 3, 0]",9300,52.42609977722168,False,30.726406043480253,46,0.0044921875
0111110110,3167,"[2, 1, 0, 3]",600,52.44088172912598,True,30.726406043480253,46,0.0044921875
0111110110,3168,"[2, 1, 3, 0]",9300,52.45852470397949,False,30.726406043480253,46,0.0044921875
0111110110,3169,"[2, 1, 0, 3]",600,52.47235298156738,True,30.726406043480253,46,0.0044921875
0111110110,3170,"[2, 1, 3, 0]",9300,52.491188049316406,False,30.726406043480253,46,0.0044921875
0111110110,3171,"[2, 1, 0, 3]",600,52.5050163269043,True,30.726406043480253,46,0.0044921875
0111110110,3172,"[2, 1, 3, 0]",9300,52.522897720336914,False,30.726406043480253,46,0.0044921875
0111110110,3173,"[2, 1, 0, 3]",600,52.5362491607666,True,30.726406043480253,46,0.0044921875
0111110110,3174,"[2, 1, 3, 0]",9300,52.55413055419922,False,30.726406043480253,46,0.0044921875
0111110110,3175,"[2, 1, 0, 3]",600,52.567243576049805,True,30.726406043480253,46,0.0044921875
0111110110,3176,"[2, 1, 3, 0]",9300,52.58464813232422,False,30.726406043480253,46,0.0044921875
0111110110,3177,"[2, 1, 0, 3]",600,52.597999572753906,True,30.726406043480253,46,0.0044921875
0111110110,3178,"[2, 1, 3, 0]",9300,52.61540412902832,False,30.726406043480253,46,0.0044921875
0111110110,3179,"[2, 1, 0, 3]",600,52.62875556945801,True,30.726406043480253,46,0.0044921875
0111110110,3180,"[2, 1, 3, 0]",9300,52.64616012573242,False,30.726406043480253,46,0.0044921875
0111110110,3181,"[2, 1, 0, 3]",600,52.65927314758301,True,30.726406043480253,46,0.0044921875
0111110110,3182,"[2, 1, 3, 0]",9300,52.67667770385742,False,30.726406043480253,46,0.0044921875
0111110110,3183,"[2, 1, 0, 3]",600,52.69002914428711,True,30.726406043480253,46,0.0044921875
0111110110,3184,"[2, 1, 3, 0]",9300,52.70791053771973,False,30.726406043480253,46,0.0044921875
0111110110,3185,"[2, 1, 0, 3]",600,52.72102355957031,True,30.726406043480253,46,0.0044921875
0111110110,3186,"[2, 1, 3, 0]",9300,52.73866653442383,False,30.726406043480253,46,0.0044921875
0111110110,3187,"[2, 1, 0, 3]",600,52.75130271911621,True,30.726406043480253,46,0.0044921875
0111110110,3188,"[2, 1, 3, 0]",9300,52.76918411254883,False,30.726406043480253,46,0.0044921875
0111110110,3189,"[2, 1, 0, 3]",600,52.78205871582031,True,30.726406043480253,46,0.0044921875
0111110110,3190,"[2, 1, 3, 0]",9300,52.79970169067383,False,30.726406043480253,46,0.0044921875
0111110110,3191,"[2, 1, 0, 3]",600,52.825212478637695,True,30.726406043480253,46,0.0044921875
0111110110,3192,"[2, 1, 3, 0]",9300,52.843570709228516,False,30.726406043480253,46,0.0044921875
0111110110,3193,"[2, 1, 0, 3]",600,52.8566837310791,True,30.726406043480253,46,0.0044921875
1000111010,3194,"[2, 3, 0, 1]",6600,52.87432670593262,False,25.410803419625623,45,0.00439453125
1000111010,3195,"[2, 3, 0, 1]",6600,52.887678146362305,True,25.410803419625623,45,0.00439453125
1000111010,3196,"[2, 3, 0, 1]",6600,52.90508270263672,False,25.410803419625623,45,0.00439453125
1000111010,3197,"[2, 3, 0, 1]",6600,52.9177188873291,True,25.410803419625623,45,0.00439453125
1000111010,3198,"[2, 3, 0, 1]",6600,52.935123443603516,False,25.410803419625623,45,0.00439453125
1000111010,3199,"[2, 3, 0, 1]",6600,52.947998046875,True,25.410803419625623,45,0.00439453125
1000111010,3200,"[2, 3, 0, 1]",6600,52.96516418457031,False,25.410803419625623,45,0.00439453125
1000111010,3201,"[2, 3, 0, 1]",6600,52.9782772064209,True,25.410803419625623,45,0.00439453125
1000111010,3202,"[2, 3, 0, 1]",6600,52.99544334411621,False,25.410803419625623,45,0.00439453125
1000111010,3203,"[2, 3, 0, 1]",6600,53.008317947387695,True,25.410803419625623,45,0.00439453125
1000111010,3204,"[2, 3, 0, 1]",6600,53.025245666503906,False,25.410803419625623,45,0.00439453125
1000111010,3205,"[2, 3, 0, 1]",6600,53.03812026977539,True,25.410803419625623,45,0.00439453125
1000111010,3206,"[2, 3, 0, 1]",6600,53.0550479888916,False,25.410803419625623,45,0.00439453125
1000111010,3207,"[2, 3, 0, 1]",6600,53.067922592163086,True,25.410803419625623,45,0.00439453125
1000111010,3208,"[2, 3, 0, 1]",6600,53.0850887298584,False,25.410803419625623,45,0.00439453125
1000111010,3209,"[2, 3, 0, 1]",6600,53.09748649597168,True,25.410803419625623,45,0.00439453125
1000111010,3210,"[2, 3, 0, 1]",6600,53.114891052246094,False,25.410803419625623,45,0.00439453125
1000111010,3211,"[2, 3, 0, 1]",6600,53.557395935058594,True,25.410803419625623,45,0.00439453125
1000111010,3212,"[2, 3, 0, 1]",6600,53.60293388366699,False,25.410803419625623,45,0.00439453125
1000111010,3213,"[2, 3, 0, 1]",6600,53.61771583557129,True,25.410803419625623,45,0.00439453125
1000111010,3214,"[2, 3, 0, 1]",6600,53.63750457763672,False,25.410803419625623,45,0.00439453125
1000111010,3215,"[2, 3, 0, 1]",6600,53.650617599487305,True,25.410803419625623,45,0.00439453125
1000111010,3216,"[2, 3, 0, 1]",6600,53.66945266723633,False,25.410803419625623,45,0.00439453125
1000111010,3217,"[2, 3, 0, 1]",6600,53.682565689086914,True,25.410803419625623,45,0.00439453125
1000111010,3218,"[2, 3, 0, 1]",6600,53.70068550109863,False,25.410803419625623,45,0.00439453125
1000111010,3219,"[2, 3, 0, 1]",6600,53.71427536010742,True,25.410803419625623,45,0.00439453125
1000111010,3220,"[2, 3, 0, 1]",6600,53.73215675354004,False,25.410803419625623,45,0.00439453125
1000111010,3221,"[2, 3, 0, 1]",6600,53.74574661254883,True,25.410803419625623,45,0.00439453125
1000111010,3222,"[2, 3, 0, 1]",6600,53.763389587402344,False,25.410803419625623,45,0.00439453125
1000111010,3223,"[2, 3, 0, 1]",6600,53.77674102783203,True,25.410803419625623,45,0.00439453125
1000111010,3224,"[2, 3, 0, 1]",6600,53.79462242126465,False,25.410803419625623,45,0.00439453125
1000111010,3225,"[2, 3, 0, 1]",6600,53.807735443115234,True,25.410803419625623,45,0.00439453125
1000111010,3226,"[2, 3, 0, 1]",6600,53.82561683654785,False,25.410803419625623,45,0.00439453125
1000111010,3227,"[2, 3, 0, 1]",6600,53.83872985839844,True,25.410803419625623,45,0.00439453125
1000111010,3228,"[2, 3, 0, 1]",6600,53.856611251831055,False,25.410803419625623,45,0.00439453125
1000111010,3229,"[2, 3, 0, 1]",6600,53.86972427368164,True,25.410803419625623,45,0.00439453125
1000111010,3230,"[2, 3, 0, 1]",6600,53.88784408569336,False,25.410803419625623,45,0.00439453125
1000111010,3231,"[2, 3, 0, 1]",6600,53.900957107543945,True,25.410803419625623,45,0.00439453125
1000111010,3232,"[2, 3, 0, 1]",6600,53.91883850097656,False,25.410803419625623,45,0.00439453125
1000111010,3233,"[2, 3, 0, 1]",6600,53.93362045288086,True,25.410803419625623,45,0.00439453125
1000111010,3234,"[2, 3, 0, 1]",6600,53.95174026489258,False,25.410803419625623,45,0.00439453125
1000111010,3235,"[2, 3, 0, 1]",6600,53.964853286743164,True,25.410803419625623,45,0.00439453125
1000111010,3236,"[2, 3, 0, 1]",6600,53.98273468017578,False,25.410803419625623,45,0.00439453125
1000111010,3237,"[2, 3, 0, 1]",6600,53.99584770202637,True,25.410803419625623,45,0.00439453125
1000111010,3238,"[2, 3, 0, 1]",6600,54.013729095458984,False,25.410803419625623,45,0.00439453125
1000111010,3239,"[2, 3, 0, 1]",6600,54.02708053588867,True,25.410803419625623,45,0.00439453125
1000111010,3240,"[2, 3, 0, 1]",6600,54.04496192932129,False,25.410803419625623,45,0.00439453125
1000111010,3241,"[2, 3, 0, 1]",6600,54.05831336975098,True,25.410803419625623,45,0.00439453125
1000111010,3242,"[2, 3, 0, 1]",6600,54.076433181762695,False,25.410803419625623,45,0.00439453125
1000111010,3243,"[2, 3, 0, 1]",6600,54.08978462219238,True,25.410803419625623,45,0.00439453125
1000111010,3244,"[2, 3, 0, 1]",6600,54.107666015625,False,25.410803419625623,45,0.00439453125
1000111010,3245,"[2, 3, 0, 1]",6600,54.12101745605469,True,25.410803419625623,45,0.00439453125
1000111010,3246,"[2, 3, 0, 1]",6600,54.138898849487305,False,25.410803419625623,45,0.00439453125
1000111010,3247,"[2, 3, 0, 1]",6600,54.15225028991699,True,25.410803419625623,45,0.00439453125
1000111010,3248,"[2, 3, 0, 1]",6600,54.17013168334961,False,25.410803419625623,45,0.00439453125
1000111010,3249,"[2, 3, 0, 1]",6600,54.183244705200195,True,25.410803419625623,45,0.00439453125
1000111010,3250,"[2, 3, 0, 1]",6600,54.20112609863281,False,25.410803419625623,45,0.00439453125
1000111010,3251,"[2, 3, 0, 1]",6600,54.2142391204834,True,25.410803419625623,45,0.00439453125
1000111010,3252,"[2, 3, 0, 1]",6600,54.232120513916016,False,25.410803419625623,45,0.00439453125
1000111010,3253,"[2, 3, 0, 1]",6600,54.24666404724121,True,25.410803419625623,45,0.00439453125
1000111010,3254,"[2, 3, 0, 1]",6600,54.265499114990234,False,25.410803419625623,45,0.00439453125
1000111010,3255,"[2, 3, 0, 1]",6600,54.27837371826172,True,25.410803419625623,45,0.00439453125
1000111010,3256,"[2, 3, 0, 1]",6600,54.296255111694336,False,25.410803419625623,45,0.00439453125
1000111010,3257,"[2, 3, 0, 1]",6600,54.30936813354492,True,25.410803419625623,45,0.00439453125
1000111010,3258,"[2, 3, 0, 1]",6600,54.32724952697754,False,25.410803419625623,45,0.00439453125
1000111010,3259,"[2, 3, 0, 1]",6600,54.34060096740723,True,25.410803419625623,45,0.00439453125
1000111010,3260,"[2, 3, 0, 1]",6600,54.358482360839844,False,25.410803419625623,45,0.00439453125
1000111010,3261,"[2, 3, 0, 1]",6600,54.37159538269043,True,25.410803419625623,45,0.00439453125
1000111010,3262,"[2, 3, 0, 1]",6600,54.39114570617676,False,25.410803419625623,45,0.00439453125
1000111010,3263,"[2, 3, 0, 1]",6600,54.40545082092285,True,25.410803419625623,45,0.00439453125
1000111010,3264,"[2, 3, 0, 1]",6600,54.42380905151367,False,25.410803419625623,45,0.00439453125
1000111010,3265,"[2, 3, 0, 1]",6600,54.43763732910156,True,25.410803419625623,45,0.00439453125
1000111010,3266,"[2, 3, 0, 1]",6600,54.45551872253418,False,25.410803419625623,45,0.00439453125
1000111010,3267,"[2, 3, 0, 1]",6600,54.46887016296387,True,25.410803419625623,45,0.00439453125
1000111010,3268,"[2, 3, 0, 1]",6600,54.486989974975586,False,25.410803419625623,45,0.00439453125
1000111010,3269,"[2, 3, 0, 1]",6600,54.50010299682617,True,25.410803419625623,45,0.00439453125
1000111010,3270,"[2, 3, 0, 1]",6600,54.51798439025879,False,25.410803419625623,45,0.00439453125
1000111010,3271,"[2, 3, 0, 1]",6600,54.531097412109375,True,25.410803419625623,45,0.00439453125
1000111010,3272,"[2, 3, 0, 1]",6600,54.54897880554199,False,25.410803419625623,45,0.00439453125
1000111010,3273,"[2, 3, 0, 1]",6600,54.56233024597168,True,25.410803419625623,45,0.00439453125
1000111010,3274,"[2, 3, 0, 1]",6600,54.5802116394043,False,25.410803419625623,45,0.00439453125
1000111010,3275,"[2, 3, 0, 1]",6600,54.595232009887695,True,25.410803419625623,45,0.00439453125
1000111010,3276,"[2, 3, 0, 1]",6600,54.61382865905762,False,25.410803419625623,45,0.00439453125
1000111010,3277,"[2, 3, 0, 1]",6600,54.6269416809082,True,25.410803419625623,45,0.00439453125
1000111010,3278,"[2, 3, 0, 1]",6600,54.64506149291992,False,25.410803419625623,45,0.00439453125
1000111010,3279,"[2, 3, 0, 1]",6600,54.65841293334961,True,25.410803419625623,45,0.00439453125
1000111010,3280,"[2, 3, 0, 1]",6600,54.686546325683594,False,25.410803419625623,45,0.00439453125
1000111010,3281,"[2, 3, 0, 1]",6600,54.69942092895508,True,25.410803419625623,45,0.00439453125
1000111010,3282,"[2, 3, 0, 1]",6600,54.71611022949219,False,25.410803419625623,45,0.00439453125
1000111010,3283,"[2, 3, 0, 1]",6600,54.72898483276367,True,25.410803419625623,45,0.00439453125
0011100110,3284,"[1, 2, 3, 0]",9300,54.746389389038086,False,15.221423844398668,45,0.00439453125
0011100110,3285,"[1, 0, 2, 3]",315,54.76069450378418,True,15.221423844398668,45,0.00439453125
0011100110,3286,"[1, 2, 3, 0]",9300,54.7785758972168,False,15.221423844398668,45,0.00439453125
0011100110,3287,"[1, 0, 2, 3]",315,54.79240417480469,True,15.221423844398668,45,0.00439453125
0011100110,3288,"[1, 2, 3, 0]",9300,54.8098087310791,False,15.221423844398668,45,0.00439453125
0011100110,3289,"[1, 0, 2, 3]",315,54.83388900756836,True,15.221423844398668,45,0.00439453125
0011100110,3290,"[1, 2, 3, 0]",9300,54.85415458679199,False,15.221423844398668,45,0.00439453125
0011100110,3291,"[1, 0, 2, 3]",315,54.869890213012695,True,15.221423844398668,45,0.00439453125
0011100110,3292,"[1, 2, 3, 0]",9300,54.88944053649902,False,15.221423844398668,45,0.00439453125
0011100110,3293,"[1, 0, 2, 3]",315,54.90469932556152,True,15.221423844398668,45,0.00439453125
0011100110,3294,"[1, 2, 3, 0]",9300,54.92448806762695,False,15.221423844398668,45,0.00439453125
0011100110,3295,"[1, 0, 2, 3]",315,54.941415786743164,True,15.221423844398668,45,0.00439453125
0011100110,3296,"[1, 2, 3, 0]",9300,54.9619197845459,False,15.221423844398668,45,0.00439453125
0011100110,3297,"[1, 0, 2, 3]",315,54.9774169921875,True,15.221423844398668,45,0.00439453125
0011100110,3298,"[1, 2, 3, 0]",9300,54.99744415283203,False,15.221423844398668,45,0.00439453125
0011100110,3299,"[1, 0, 2, 3]",315,55.01270294189453,True,15.221423844398668,45,0.00439453125
0011100110,3300,"[1, 2, 3, 0]",9300,55.03273010253906,False,15.221423844398668,45,0.00439453125
0011100110,3301,"[1, 0, 2, 3]",315,55.04775047302246,True,15.221423844398668,45,0.00439453125
0011100110,3302,"[1, 2, 3, 0]",9300,55.06753921508789,False,15.221423844398668,45,0.00439453125
0011100110,3303,"[1, 0, 2, 3]",315,55.08255958557129,True,15.221423844398668,45,0.00439453125
0011100110,3304,"[1, 2, 3, 0]",9300,55.10234832763672,False,15.221423844398668,45,0.00439453125
0011100110,3305,"[1, 0, 2, 3]",315,55.11760711669922,True,15.221423844398668,45,0.00439453125
0011100110,3306,"[1, 2, 3, 0]",9300,55.13763427734375,False,15.221423844398668,45,0.00439453125
0011100110,3307,"[1, 0, 2, 3]",315,55.15265464782715,True,15.221423844398668,45,0.00439453125
0011100110,3308,"[1, 2, 3, 0]",9300,55.17292022705078,False,15.221423844398668,45,0.00439453125
0011100110,3309,"[1, 0, 2, 3]",315,55.18794059753418,True,15.221423844398668,45,0.00439453125
0011100110,3310,"[1, 2, 3, 0]",9300,55.20820617675781,False,15.221423844398668,45,0.00439453125
0011100110,3311,"[1, 0, 2, 3]",315,55.223941802978516,True,15.221423844398668,45,0.00439453125
0011100110,3312,"[1, 2, 3, 0]",9300,55.245399475097656,False,15.221423844398668,45,0.00439453125
0011100110,3313,"[1, 0, 2, 3]",315,55.26137351989746,True,15.221423844398668,45,0.00439453125
0011100110,3314,"[1, 2, 3, 0]",9300,55.281877517700195,False,15.221423844398668,45,0.00439453125
0011100110,3315,"[1, 0, 2, 3]",315,55.2976131439209,True,15.221423844398668,45,0.00439453125
0011100110,3316,"[1, 2, 3, 0]",9300,55.31764030456543,False,15.221423844398668,45,0.00439453125
0011100110,3317,"[1, 0, 2, 3]",315,55.33480644226074,True,15.221423844398668,45,0.00439453125
0011100110,3318,"[1, 2, 3, 0]",9300,55.35483360290527,False,15.221423844398668,45,0.00439453125
0011100110,3319,"[1, 0, 2, 3]",315,55.370330810546875,True,15.221423844398668,45,0.00439453125
0011100110,3320,"[1, 2, 3, 0]",9300,55.390357971191406,False,15.221423844398668,45,0.00439453125
0011100110,3321,"[1, 0, 2, 3]",315,55.405616760253906,True,15.221423844398668,45,0.00439453125
0011100110,3322,"[1, 2, 3, 0]",9300,55.42564392089844,False,15.221423844398668,45,0.00439453125
0011100110,3323,"[1, 0, 2, 3]",315,55.440664291381836,True,15.221423844398668,45,0.00439453125
0011100110,3324,"[1, 2, 3, 0]",9300,55.46069145202637,False,15.221423844398668,45,0.00439453125
0011100110,3325,"[1, 0, 2, 3]",315,55.47595024108887,True,15.221423844398668,45,0.00439453125
0011100110,3326,"[1, 2, 3, 0]",9300,55.4959774017334,False,15.221423844398668,45,0.00439453125
0011100110,3327,"[1, 0, 2, 3]",315,55.5109977722168,True,15.221423844398668,45,0.00439453125
0011100110,3328,"[1, 2, 3, 0]",9300,55.53102493286133,False,15.221423844398668,45,0.00439453125
0011100110,3329,"[1, 0, 2, 3]",315,55.54604530334473,True,15.221423844398668,45,0.00439453125
0011100110,3330,"[1, 2, 3, 0]",9300,55.56607246398926,False,15.221423844398668,45,0.00439453125
0011100110,3331,"[1, 0, 2, 3]",315,55.58133125305176,True,15.221423844398668,45,0.00439453125
0011100110,3332,"[1, 2, 3, 0]",9300,55.600881576538086,False,15.221423844398668,45,0.00439453125
0011100110,3333,"[1, 0, 2, 3]",315,55.615901947021484,True,15.221423844398668,45,0.00439453125
0011100110,3334,"[1, 2, 3, 0]",9300,55.635929107666016,False,15.221423844398668,45,0.00439453125
0011100110,3335,"[1, 0, 2, 3]",315,55.65357208251953,True,15.221423844398668,45,0.00439453125
0011100110,3336,"[1, 2, 3, 0]",9300,55.673837661743164,False,15.221423844398668,45,0.00439453125
0011100110,3337,"[1, 0, 2, 3]",315,55.69005012512207,True,15.221423844398668,45,0.00439453125
0011100110,3338,"[1, 2, 3, 0]",9300,55.711984634399414,False,15.221423844398668,45,0.00439453125
0011100110,3339,"[1, 0, 2, 3]",315,55.72795867919922,True,15.221423844398668,45,0.00439453125
0011100110,3340,"[1, 2, 3, 0]",9300,55.74846267700195,False,15.221423844398668,45,0.00439453125
0011100110,3341,"[1, 0, 2, 3]",315,55.763959884643555,True,15.221423844398668,45,0.00439453125
0011100110,3342,"[1, 2, 3, 0]",9300,55.783987045288086,False,15.221423844398668,45,0.00439453125
0011100110,3343,"[1, 0, 2, 3]",315,55.799245834350586,True,15.221423844398668,45,0.00439453125
0011100110,3344,"[1, 2, 3, 0]",9300,55.81927299499512,False,15.221423844398668,45,0.00439453125
0011100110,3345,"[1, 0, 2, 3]",315,55.834293365478516,True,15.221423844398668,45,0.00439453125
0011100110,3346,"[1, 2, 3, 0]",9300,55.85432052612305,False,15.221423844398668,45,0.00439453125
0011100110,3347,"[1, 0, 2, 3]",315,55.86957931518555,True,15.221423844398668,45,0.00439453125
0011100110,3348,"[1, 2, 3, 0]",9300,55.88936805725098,False,15.221423844398668,45,0.00439453125
0011100110,3349,"[1, 0, 2, 3]",315,55.90462684631348,True,15.221423844398668,45,0.00439453125
0011100110,3350,"[1, 2, 3, 0]",9300,55.924415588378906,False,15.221423844398668,45,0.00439453125
0011100110,3351,"[1, 0, 2, 3]",315,55.939435958862305,True,15.221423844398668,45,0.00439453125
0011100110,3352,"[1, 2, 3, 0]",9300,55.95970153808594,False,15.221423844398668,45,0.00439453125
0011100110,3353,"[1, 0, 2, 3]",315,55.974483489990234,True,15.221423844398668,45,0.00439453125
0011100110,3354,"[1, 2, 3, 0]",9300,55.99474906921387,False,15.221423844398668,45,0.00439453125
0011100110,3355,"[1, 0, 2, 3]",315,56.01000785827637,True,15.221423844398668,45,0.00439453125
0011100110,3356,"[1, 2, 3, 0]",9300,56.0297966003418,False,15.221423844398668,45,0.00439453125
0011100110,3357,"[1, 0, 2, 3]",315,56.044816970825195,True,15.221423844398668,45,0.00439453125
0011100110,3358,"[1, 2, 3, 0]",9300,56.06508255004883,False,15.221423844398668,45,0.00439453125
0011100110,3359,"[1, 0, 2, 3]",315,56.08201026916504,True,15.221423844398668,45,0.00439453125
0011100110,3360,"[1, 2, 3, 0]",9300,56.10251426696777,False,15.221423844398668,45,0.00439453125
0011100110,3361,"[1, 0, 2, 3]",315,56.11729621887207,True,15.221423844398668,45,0.00439453125
0011100110,3362,"[1, 2, 3, 0]",9300,56.145668029785156,False,15.221423844398668,45,0.00439453125
0011100110,3363,"[1, 0, 2, 3]",315,56.16044998168945,True,15.221423844398668,45,0.00439453125
0011100110,3364,"[1, 2, 3, 0]",9300,56.179046630859375,False,15.221423844398668,45,0.00439453125
0011100110,3365,"[1, 0, 2, 3]",315,56.19239807128906,True,15.221423844398668,45,0.00439453125
0011100110,3366,"[1, 2, 3, 0]",9300,56.21004104614258,False,15.221423844398668,45,0.00439453125
0011100110,3367,"[1, 0, 2, 3]",315,56.223392486572266,True,15.221423844398668,45,0.00439453125
0011100110,3368,"[1, 2, 3, 0]",9300,56.24079704284668,False,15.221423844398668,45,0.00439453125
0011100110,3369,"[1, 0, 2, 3]",315,56.253910064697266,True,15.221423844398668,45,0.00439453125
0011100110,3370,"[1, 2, 3, 0]",9300,56.27131462097168,False,15.221423844398668,45,0.00439453125
0011100110,3371,"[1, 0, 2, 3]",315,56.284427642822266,True,15.221423844398668,45,0.00439453125
0011100110,3372,"[1, 2, 3, 0]",9300,56.30183219909668,False,15.221423844398668,45,0.00439453125
0011100110,3373,"[1, 0, 2, 3]",315,56.314706802368164,True,15.221423844398668,45,0.00439453125
1001011111,3374,"[3, 0, 2, 1]",6300,56.33234977722168,False,16.909436005722952,45,0.00439453125
1001011111,3375,"[3, 0, 1, 2]",750,56.34760856628418,True,16.909436005722952,45,0.00439453125
1001011111,3376,"[3, 0, 2, 1]",6300,56.365966796875,False,16.909436005722952,45,0.00439453125
1001011111,3377,"[3, 0, 1, 2]",750,56.379079818725586,True,16.909436005722952,45,0.00439453125
1001011111,3378,"[3, 0, 2, 1]",6300,56.396484375,False,16.909436005722952,45,0.00439453125
1001011111,3379,"[3, 0, 1, 2]",750,56.4122200012207,True,16.909436005722952,45,0.00439453125
1001011111,3380,"[3, 0, 2, 1]",6300,56.43057823181152,False,16.909436005722952,45,0.00439453125
1001011111,3381,"[3, 0, 1, 2]",750,56.44369125366211,True,16.909436005722952,45,0.00439453125
1001011111,3382,"[3, 0, 2, 1]",6300,56.46157264709473,False,16.909436005722952,45,0.00439453125
1001011111,3383,"[3, 0, 1, 2]",750,56.47444725036621,True,16.909436005722952,45,0.00439453125
1001011111,3384,"[3, 0, 2, 1]",6300,56.49209022521973,False,16.909436005722952,45,0.00439453125
1001011111,3385,"[3, 0, 1, 2]",750,56.50520324707031,True,16.909436005722952,45,0.00439453125
1001011111,3386,"[3, 0, 2, 1]",6300,56.52260780334473,False,16.909436005722952,45,0.00439453125
1001011111,3387,"[3, 0, 1, 2]",750,56.53548240661621,True,16.909436005722952,45,0.00439453125
1001011111,3388,"[3, 0, 2, 1]",6300,56.552886962890625,False,16.909436005722952,45,0.00439453125
1001011111,3389,"[3, 0, 1, 2]",750,56.56599998474121,True,16.909436005722952,45,0.00439453125
1001011111,3390,"[3, 0, 2, 1]",6300,56.583404541015625,False,16.909436005722952,45,0.00439453125
1001011111,3391,"[3, 0, 1, 2]",750,56.59651756286621,True,16.909436005722952,45,0.00439453125
1001011111,3392,"[3, 0, 2, 1]",6300,56.613922119140625,False,16.909436005722952,45,0.00439453125
1001011111,3393,"[3, 0, 1, 2]",750,56.62703514099121,True,16.909436005722952,45,0.00439453125
1001011111,3394,"[3, 0, 2, 1]",6300,56.64420127868652,False,16.909436005722952,45,0.00439453125
1001011111,3395,"[3, 0, 1, 2]",750,56.65755271911621,True,16.909436005722952,45,0.00439453125
1001011111,3396,"[3, 0, 2, 1]",6300,56.674957275390625,False,16.909436005722952,45,0.00439453125
1001011111,3397,"[3, 0, 1, 2]",750,56.68807029724121,True,16.909436005722952,45,0.00439453125
1001011111,3398,"[3, 0, 2, 1]",6300,56.705474853515625,False,16.909436005722952,45,0.00439453125
1001011111,3399,"[3, 0, 1, 2]",750,56.71882629394531,True,16.909436005722952,45,0.00439453125
1001011111,3400,"[3, 0, 2, 1]",6300,56.73789978027344,False,16.909436005722952,45,0.00439453125
1001011111,3401,"[3, 0, 1, 2]",750,56.751251220703125,True,16.909436005722952,45,0.00439453125
1001011111,3402,"[3, 0, 2, 1]",6300,56.76889419555664,False,16.909436005722952,45,0.00439453125
1001011111,3403,"[3, 0, 1, 2]",750,56.781768798828125,True,16.909436005722952,45,0.00439453125
1001011111,3404,"[3, 0, 2, 1]",6300,56.79917335510254,False,16.909436005722952,45,0.00439453125
1001011111,3405,"[3, 0, 1, 2]",750,56.812286376953125,True,16.909436005722952,45,0.00439453125
1001011111,3406,"[3, 0, 2, 1]",6300,56.82969093322754,False,16.909436005722952,45,0.00439453125
1001011111,3407,"[3, 0, 1, 2]",750,56.84304237365723,True,16.909436005722952,45,0.00439453125
1001011111,3408,"[3, 0, 2, 1]",6300,56.86020851135254,False,16.909436005722952,45,0.00439453125
1001011111,3409,"[3, 0, 1, 2]",750,56.87308311462402,True,16.909436005722952,45,0.00439453125
1001011111,3410,"[3, 0, 2, 1]",6300,56.89048767089844,False,16.909436005722952,45,0.00439453125
1001011111,3411,"[3, 0, 1, 2]",750,56.90336227416992,True,16.909436005722952,45,0.00439453125
1001011111,3412,"[3, 0, 2, 1]",6300,56.920766830444336,False,16.909436005722952,45,0.00439453125
1001011111,3413,"[3, 0, 1, 2]",750,56.952714920043945,True,16.909436005722952,45,0.00439453125
1001011111,3414,"[3, 0, 2, 1]",6300,56.97131156921387,False,16.909436005722952,45,0.00439453125
1001011111,3415,"[3, 0, 1, 2]",750,56.98513984680176,True,16.909436005722952,45,0.00439453125
1001011111,3416,"[3, 0, 2, 1]",6300,57.00349807739258,False,16.909436005722952,45,0.00439453125
1001011111,3417,"[3, 0, 1, 2]",750,57.01708793640137,True,16.909436005722952,45,0.00439453125
1001011111,3418,"[3, 0, 2, 1]",6300,57.035207748413086,False,16.909436005722952,45,0.00439453125
1001011111,3419,"[3, 0, 1, 2]",750,57.04903602600098,True,16.909436005722952,45,0.00439453125
1001011111,3420,"[3, 0, 2, 1]",6300,57.0673942565918,False,16.909436005722952,45,0.00439453125
1001011111,3421,"[3, 0, 1, 2]",750,57.0826530456543,True,16.909436005722952,45,0.00439453125
1001011111,3422,"[3, 0, 2, 1]",6300,57.10124969482422,False,16.909436005722952,45,0.00439453125
1001011111,3423,"[3, 0, 1, 2]",750,57.11507797241211,True,16.909436005722952,45,0.00439453125
1001011111,3424,"[3, 0, 2, 1]",6300,57.13343620300293,False,16.909436005722952,45,0.00439453125
1001011111,3425,"[3, 0, 1, 2]",750,57.14750289916992,True,16.909436005722952,45,0.00439453125
1001011111,3426,"[3, 0, 2, 1]",6300,57.181596755981445,False,16.909436005722952,45,0.00439453125
1001011111,3427,"[3, 0, 1, 2]",750,57.19590187072754,True,16.909436005722952,45,0.00439453125
1001011111,3428,"[3, 0, 2, 1]",6300,57.21426010131836,False,16.909436005722952,45,0.00439453125
1001011111,3429,"[3, 0, 1, 2]",750,57.22856521606445,True,16.909436005722952,45,0.00439453125
1001011111,3430,"[3, 0, 2, 1]",6300,57.24692344665527,False,16.909436005722952,45,0.00439453125
1001011111,3431,"[3, 0, 1, 2]",750,57.26170539855957,True,16.909436005722952,45,0.00439453125
1001011111,3432,"[3, 0, 2, 1]",6300,57.28006362915039,False,16.909436005722952,45,0.00439453125
1001011111,3433,"[3, 0, 1, 2]",750,57.29413032531738,True,16.909436005722952,45,0.00439453125
1001011111,3434,"[3, 0, 2, 1]",6300,57.3122501373291,False,16.909436005722952,45,0.00439453125
1001011111,3435,"[3, 0, 1, 2]",750,57.326316833496094,True,16.909436005722952,45,0.00439453125
1001011111,3436,"[3, 0, 2, 1]",6300,57.344913482666016,False,16.909436005722952,45,0.00439453125
1001011111,3437,"[3, 0, 1, 2]",750,57.35921859741211,True,16.909436005722952,45,0.00439453125
1001011111,3438,"[3, 0, 2, 1]",6300,57.37781524658203,False,16.909436005722952,45,0.00439453125
1001011111,3439,"[3, 0, 1, 2]",750,57.39188194274902,True,16.909436005722952,45,0.00439453125
1001011111,3440,"[3, 0, 2, 1]",6300,57.41071701049805,False,16.909436005722952,45,0.00439453125
1001011111,3441,"[3, 0, 1, 2]",750,57.42478370666504,True,16.909436005722952,45,0.00439453125
1001011111,3442,"[3, 0, 2, 1]",6300,57.44481086730957,False,16.909436005722952,45,0.00439453125
1001011111,3443,"[3, 0, 1, 2]",750,57.45959281921387,True,16.909436005722952,45,0.00439453125
1001011111,3444,"[3, 0, 2, 1]",6300,57.47842788696289,False,16.909436005722952,45,0.00439453125
1001011111,3445,"[3, 0, 1, 2]",750,57.49773979187012,True,16.909436005722952,45,0.00439453125
1001011111,3446,"[3, 0, 2, 1]",6300,57.51681327819824,False,16.909436005722952,45,0.00439453125
1001011111,3447,"[3, 0, 1, 2]",750,57.530879974365234,True,16.909436005722952,45,0.00439453125
1001011111,3448,"[3, 0, 2, 1]",6300,57.54995346069336,False,16.909436005722952,45,0.00439453125
1001011111,3449,"[3, 0, 1, 2]",750,57.56402015686035,True,16.909436005722952,45,0.00439453125
1001011111,3450,"[3, 0, 2, 1]",6300,57.58261680603027,False,16.909436005722952,45,0.00439453125
1001011111,3451,"[3, 0, 1, 2]",750,57.596683502197266,True,16.909436005722952,45,0.00439453125
1001011111,3452,"[3, 0, 2, 1]",6300,57.61551856994629,False,16.909436005722952,45,0.00439453125
1001011111,3453,"[3, 0, 1, 2]",750,57.62982368469238,True,16.909436005722952,45,0.00439453125
1001011111,3454,"[3, 0, 2, 1]",6300,57.648420333862305,False,16.909436005722952,45,0.00439453125
1001011111,3455,"[3, 0, 1, 2]",750,57.6627254486084,True,16.909436005722952,45,0.00439453125
1001011111,3456,"[3, 0, 2, 1]",6300,57.68156051635742,False,16.909436005722952,45,0.00439453125
1001011111,3457,"[3, 0, 1, 2]",750,57.695865631103516,True,16.909436005722952,45,0.00439453125
1001011111,3458,"[3, 0, 2, 1]",6300,57.713985443115234,False,16.909436005722952,45,0.00439453125
1001011111,3459,"[3, 0, 1, 2]",750,57.72829055786133,True,16.909436005722952,45,0.00439453125
1001011111,3460,"[3, 0, 2, 1]",6300,57.74664878845215,False,16.909436005722952,45,0.00439453125
1001011111,3461,"[3, 0, 1, 2]",750,57.76071548461914,True,16.909436005722952,45,0.00439453125
1001011111,3462,"[3, 0, 2, 1]",6300,57.77931213378906,False,16.909436005722952,45,0.00439453125
1001011111,3463,"[3, 0, 1, 2]",750,57.794809341430664,True,16.909436005722952,45,0.00439453125
0000000101,3464,"[3, 2, 1, 0]",9600,57.8157901763916,False,20.227644691705265,44,0.004296875
0000000101,3465,"[3, 2, 1, 0]",9600,57.8303337097168,True,20.227644691705265,44,0.004296875
0000000101,3466,"[3, 2, 1, 0]",9600,57.84964561462402,False,20.227644691705265,44,0.004296875
0000000101,3467,"[3, 2, 1, 0]",9600,57.86395072937012,True,20.227644691705265,44,0.004296875
0000000101,3468,"[3, 2, 1, 0]",9600,57.88302421569824,False,20.227644691705265,44,0.004296875
0000000101,3469,"[3, 2, 1, 0]",9600,57.89637565612793,True,20.227644691705265,44,0.004296875
0000000101,3470,"[3, 2, 1, 0]",9600,57.91521072387695,False,20.227644691705265,44,0.004296875
0000000101,3471,"[3, 2, 1, 0]",9600,57.93952941894531,True,20.227644691705265,44,0.004296875
0000000101,3472,"[3, 2, 1, 0]",9600,57.95764923095703,False,20.227644691705265,44,0.004296875
0000000101,3473,"[3, 2, 1, 0]",9600,57.97100067138672,True,20.227644691705265,44,0.004296875
0000000101,3474,"[3, 2, 1, 0]",9600,57.98912048339844,False,20.227644691705265,44,0.004296875
0000000101,3475,"[3, 2, 1, 0]",9600,58.002471923828125,True,20.227644691705265,44,0.004296875
0000000101,3476,"[3, 2, 1, 0]",9600,58.020591735839844,False,20.227644691705265,44,0.004296875
0000000101,3477,"[3, 2, 1, 0]",9600,58.03370475769043,True,20.227644691705265,44,0.004296875
0000000101,3478,"[3, 2, 1, 0]",9600,58.05182456970215,False,20.227644691705265,44,0.004296875
0000000101,3479,"[3, 2, 1, 0]",9600,58.065176010131836,True,20.227644691705265,44,0.004296875
0000000101,3480,"[3, 2, 1, 0]",9600,58.083295822143555,False,20.227644691705265,44,0.004296875
0000000101,3481,"[3, 2, 1, 0]",9600,58.097124099731445,True,20.227644691705265,44,0.004296875
0000000101,3482,"[3, 2, 1, 0]",9600,58.11476707458496,False,20.227644691705265,44,0.004296875
0000000101,3483,"[3, 2, 1, 0]",9600,58.12811851501465,True,20.227644691705265,44,0.004296875
0000000101,3484,"[3, 2, 1, 0]",9600,58.147430419921875,False,20.227644691705265,44,0.004296875
0000000101,3485,"[3, 2, 1, 0]",9600,58.161258697509766,True,20.227644691705265,44,0.004296875
0000000101,3486,"[3, 2, 1, 0]",9600,58.179378509521484,False,20.227644691705265,44,0.004296875
0000000101,3487,"[3, 2, 1, 0]",9600,58.19249153137207,True,20.227644691705265,44,0.004296875
0000000101,3488,"[3, 2, 1, 0]",9600,58.21037292480469,False,20.227644691705265,44,0.004296875
0000000101,3489,"[3, 2, 1, 0]",9600,58.223724365234375,True,20.227644691705265,44,0.004296875
0000000101,3490,"[3, 2, 1, 0]",9600,58.24160575866699,False,20.227644691705265,44,0.004296875
0000000101,3491,"[3, 2, 1, 0]",9600,58.25448036193848,True,20.227644691705265,44,0.004296875
0000000101,3492,"[3, 2, 1, 0]",9600,58.272361755371094,False,20.227644691705265,44,0.004296875
0000000101,3493,"[3, 2, 1, 0]",9600,58.28571319580078,True,20.227644691705265,44,0.004296875
0000000101,3494,"[3, 2, 1, 0]",9600,58.3033561706543,False,20.227644691705265,44,0.004296875
0000000101,3495,"[3, 2, 1, 0]",9600,58.31623077392578,True,20.227644691705265,44,0.004296875
0000000101,3496,"[3, 2, 1, 0]",9600,58.34388732910156,False,20.227644691705265,44,0.004296875
0000000101,3497,"[3, 2, 1, 0]",9600,58.35676193237305,True,20.227644691705265,44,0.004296875
0000000101,3498,"[3, 2, 1, 0]",9600,58.37416648864746,False,20.227644691705265,44,0.004296875
0000000101,3499,"[3, 2, 1, 0]",9600,58.38656425476074,True,20.227644691705265,44,0.004296875
0000000101,3500,"[3, 2, 1, 0]",9600,58.403968811035156,False,20.227644691705265,44,0.004296875
0000000101,3501,"[3, 2, 1, 0]",9600,58.41660499572754,True,20.227644691705265,44,0.004296875
0000000101,3502,"[3, 2, 1, 0]",9600,58.43377113342285,False,20.227644691705265,44,0.004296875
0000000101,3503,"[3, 2, 1, 0]",9600,58.44879150390625,True,20.227644691705265,44,0.004296875
0000000101,3504,"[3, 2, 1, 0]",9600,58.46667289733887,False,20.227644691705265,44,0.004296875
0000000101,3505,"[3, 2, 1, 0]",9600,58.480262756347656,True,20.227644691705265,44,0.004296875
0000000101,3506,"[3, 2, 1, 0]",9600,58.49909782409668,False,20.227644691705265,44,0.004296875
0000000101,3507,"[3, 2, 1, 0]",9600,58.51244926452637,True,20.227644691705265,44,0.004296875
0000000101,3508,"[3, 2, 1, 0]",9600,58.52961540222168,False,20.227644691705265,44,0.004296875
0000000101,3509,"[3, 2, 1, 0]",9600,58.542728424072266,True,20.227644691705265,44,0.004296875
0000000101,3510,"[3, 2, 1, 0]",9600,58.55989456176758,False,20.227644691705265,44,0.004296875
0000000101,3511,"[3, 2, 1, 0]",9600,58.57253074645996,True,20.227644691705265,44,0.004296875
0000000101,3512,"[3, 2, 1, 0]",9600,58.58969688415527,False,20.227644691705265,44,0.004296875
0000000101,3513,"[3, 2, 1, 0]",9600,58.602094650268555,True,20.227644691705265,44,0.004296875
0000000101,3514,"[3, 2, 1, 0]",9600,58.62092971801758,False,20.227644691705265,44,0.004296875
0000000101,3515,"[3, 2, 1, 0]",9600,58.634281158447266,True,20.227644691705265,44,0.004296875
0000000101,3516,"[3, 2, 1, 0]",9600,58.65216255187988,False,20.227644691705265,44,0.004296875
0000000101,3517,"[3, 2, 1, 0]",9600,58.664798736572266,True,20.227644691705265,44,0.004296875
0000000101,3518,"[3, 2, 1, 0]",9600,58.68220329284668,False,20.227644691705265,44,0.004296875
0000000101,3519,"[3, 2, 1, 0]",9600,58.69460105895996,True,20.227644691705265,44,0.004296875
0000000101,3520,"[3, 2, 1, 0]",9600,58.712005615234375,False,20.227644691705265,44,0.004296875
0000000101,3521,"[3, 2, 1, 0]",9600,58.72464179992676,True,20.227644691705265,44,0.004296875
0000000101,3522,"[3, 2, 1, 0]",9600,58.74180793762207,False,20.227644691705265,44,0.004296875
0000000101,3523,"[3, 2, 1, 0]",9600,58.75444412231445,True,20.227644691705265,44,0.004296875
0000000101,3524,"[3, 2, 1, 0]",9600,58.771610260009766,False,20.227644691705265,44,0.004296875
0000000101,3525,"[3, 2, 1, 0]",9600,58.78424644470215,True,20.227644691705265,44,0.004296875
0000000101,3526,"[3, 2, 1, 0]",9600,58.80284309387207,False,20.227644691705265,44,0.004296875
0000000101,3527,"[3, 2, 1, 0]",9600,58.815956115722656,True,20.227644691705265,44,0.004296875
0000000101,3528,"[3, 2, 1, 0]",9600,58.83359909057617,False,20.227644691705265,44,0.004296875
0000000101,3529,"[3, 2, 1, 0]",9600,58.846473693847656,True,20.227644691705265,44,0.004296875
0000000101,3530,"[3, 2, 1, 0]",9600,58.86363983154297,False,20.227644691705265,44,0.004296875
0000000101,3531,"[3, 2, 1, 0]",9600,58.876752853393555,True,20.227644691705265,44,0.004296875
0000000101,3532,"[3, 2, 1, 0]",9600,58.89391899108887,False,20.227644691705265,44,0.004296875
0000000101,3533,"[3, 2, 1, 0]",9600,58.90631675720215,True,20.227644691705265,44,0.004296875
0000000101,3534,"[3, 2, 1, 0]",9600,58.92348289489746,False,20.227644691705265,44,0.004296875
0000000101,3535,"[3, 2, 1, 0]",9600,58.936119079589844,True,20.227644691705265,44,0.004296875
0000000101,3536,"[3, 2, 1, 0]",9600,58.953285217285156,False,20.227644691705265,44,0.004296875
0000000101,3537,"[3, 2, 1, 0]",9600,58.96592140197754,True,20.227644691705265,44,0.004296875
0000000101,3538,"[3, 2, 1, 0]",9600,58.98284912109375,False,20.227644691705265,44,0.004296875
0000000101,3539,"[3, 2, 1, 0]",9600,58.99524688720703,True,20.227644691705265,44,0.004296875
0000000101,3540,"[3, 2, 1, 0]",9600,59.012413024902344,False,20.227644691705265,44,0.004296875
0000000101,3541,"[3, 2, 1, 0]",9600,59.02504920959473,True,20.227644691705265,44,0.004296875
0000000101,3542,"[3, 2, 1, 0]",9600,59.041738510131836,False,20.227644691705265,44,0.004296875
0000000101,3543,"[3, 2, 1, 0]",9600,59.05437469482422,True,20.227644691705265,44,0.004296875
0000000101,3544,"[3, 2, 1, 0]",9600,59.07130241394043,False,20.227644691705265,44,0.004296875
0000000101,3545,"[3, 2, 1, 0]",9600,59.08370018005371,True,20.227644691705265,44,0.004296875
0000000101,3546,"[3, 2, 1, 0]",9600,59.10062789916992,False,20.227644691705265,44,0.004296875
0000000101,3547,"[3, 2, 1, 0]",9600,59.11445617675781,True,20.227644691705265,44,0.004296875
0000000101,3548,"[3, 2, 1, 0]",9600,59.13209915161133,False,20.227644691705265,44,0.004296875
0000000101,3549,"[3, 2, 1, 0]",9600,59.14473533630371,True,20.227644691705265,44,0.004296875
0000000101,3550,"[3, 2, 1, 0]",9600,59.16190147399902,False,20.227644691705265,44,0.004296875
0000000101,3551,"[3, 2, 1, 0]",9600,59.174537658691406,True,20.227644691705265,44,0.004296875
1100101000,3552,"[0, 3, 2, 1]",6300,59.19194221496582,False,29.274426870775493,44,0.004296875
1100101000,3553,"[0, 1, 3, 2]",465,59.20600891113281,True,29.274426870775493,44,0.004296875
1100101000,3554,"[0, 3, 2, 1]",6300,59.223175048828125,False,29.274426870775493,44,0.004296875
1100101000,3555,"[0, 1, 3, 2]",465,59.237003326416016,True,29.274426870775493,44,0.004296875
1100101000,3556,"[0, 3, 2, 1]",6300,59.25416946411133,False,29.274426870775493,44,0.004296875
1100101000,3557,"[0, 1, 3, 2]",465,59.278011322021484,True,29.274426870775493,44,0.004296875
1100101000,3558,"[0, 3, 2, 1]",6300,59.298038482666016,False,29.274426870775493,44,0.004296875
1100101000,3559,"[0, 1, 3, 2]",465,59.33809280395508,True,29.274426870775493,44,0.004296875
1100101000,3560,"[0, 3, 2, 1]",6300,59.358835220336914,False,29.274426870775493,44,0.004296875
1100101000,3561,"[0, 1, 3, 2]",465,59.37361717224121,True,29.274426870775493,44,0.004296875
1100101000,3562,"[0, 3, 2, 1]",6300,59.39364433288574,False,29.274426870775493,44,0.004296875
1100101000,3563,"[0, 1, 3, 2]",465,59.40866470336914,True,29.274426870775493,44,0.004296875
1100101000,3564,"[0, 3, 2, 1]",6300,59.43012237548828,False,29.274426870775493,44,0.004296875
1100101000,3565,"[0, 1, 3, 2]",465,59.44633483886719,True,29.274426870775493,44,0.004296875
1100101000,3566,"[0, 3, 2, 1]",6300,59.46707725524902,False,29.274426870775493,44,0.004296875
1100101000,3567,"[0, 1, 3, 2]",465,59.482574462890625,True,29.274426870775493,44,0.004296875
1100101000,3568,"[0, 3, 2, 1]",6300,59.50450897216797,False,29.274426870775493,44,0.004296875
1100101000,3569,"[0, 1, 3, 2]",465,59.51976776123047,True,29.274426870775493,44,0.004296875
1100101000,3570,"[0, 3, 2, 1]",6300,59.5400333404541,False,29.274426870775493,44,0.004296875
1100101000,3571,"[0, 1, 3, 2]",465,59.5550537109375,True,29.274426870775493,44,0.004296875
1100101000,3572,"[0, 3, 2, 1]",6300,59.57484245300293,False,29.274426870775493,44,0.004296875
1100101000,3573,"[0, 1, 3, 2]",465,59.58986282348633,True,29.274426870775493,44,0.004296875
1100101000,3574,"[0, 3, 2, 1]",6300,59.60988998413086,False,29.274426870775493,44,0.004296875
1100101000,3575,"[0, 1, 3, 2]",465,59.624671936035156,True,29.274426870775493,44,0.004296875
1100101000,3576,"[0, 3, 2, 1]",6300,59.64493751525879,False,29.274426870775493,44,0.004296875
1100101000,3577,"[0, 1, 3, 2]",465,59.659719467163086,True,29.274426870775493,44,0.004296875
1100101000,3578,"[0, 3, 2, 1]",6300,59.679508209228516,False,29.274426870775493,44,0.004296875
1100101000,3579,"[0, 1, 3, 2]",465,59.694528579711914,True,29.274426870775493,44,0.004296875
1100101000,3580,"[0, 3, 2, 1]",6300,59.714555740356445,False,29.274426870775493,44,0.004296875
1100101000,3581,"[0, 1, 3, 2]",465,59.729814529418945,True,29.274426870775493,44,0.004296875
1100101000,3582,"[0, 3, 2, 1]",6300,59.749603271484375,False,29.274426870775493,44,0.004296875
1100101000,3583,"[0, 1, 3, 2]",465,59.764862060546875,True,29.274426870775493,44,0.004296875
1100101000,3584,"[0, 3, 2, 1]",6300,59.784650802612305,False,29.274426870775493,44,0.004296875
1100101000,3585,"[0, 1, 3, 2]",465,59.799909591674805,True,29.274426870775493,44,0.004296875
1100101000,3586,"[0, 3, 2, 1]",6300,59.819936752319336,False,29.274426870775493,44,0.004296875
1100101000,3587,"[0, 1, 3, 2]",465,59.83471870422363,True,29.274426870775493,44,0.004296875
1100101000,3588,"[0, 3, 2, 1]",6300,59.854745864868164,False,29.274426870775493,44,0.004296875
1100101000,3589,"[0, 1, 3, 2]",465,59.87238883972168,True,29.274426870775493,44,0.004296875
1100101000,3590,"[0, 3, 2, 1]",6300,59.89241600036621,False,29.274426870775493,44,0.004296875
1100101000,3591,"[0, 1, 3, 2]",465,59.90767478942871,True,29.274426870775493,44,0.004296875
1100101000,3592,"[0, 3, 2, 1]",6300,59.92770195007324,False,29.274426870775493,44,0.004296875
1100101000,3593,"[0, 1, 3, 2]",465,59.94248390197754,True,29.274426870775493,44,0.004296875
1100101000,3594,"[0, 3, 2, 1]",6300,59.96251106262207,False,29.274426870775493,44,0.004296875
1100101000,3595,"[0, 1, 3, 2]",465,59.97729301452637,True,29.274426870775493,44,0.004296875
1100101000,3596,"[0, 3, 2, 1]",6300,59.9973201751709,False,29.274426870775493,44,0.004296875
1100101000,3597,"[0, 1, 3, 2]",465,60.011863708496094,True,29.274426870775493,44,0.004296875
1100101000,3598,"[0, 3, 2, 1]",6300,60.03141403198242,False,29.274426870775493,44,0.004296875
1100101000,3599,"[0, 1, 3, 2]",465,60.04643440246582,True,29.274426870775493,44,0.004296875
1100101000,3600,"[0, 3, 2, 1]",6300,60.06598472595215,False,29.274426870775493,44,0.004296875
1100101000,3601,"[0, 1, 3, 2]",465,60.08100509643555,True,29.274426870775493,44,0.004296875
1100101000,3602,"[0, 3, 2, 1]",6300,60.100555419921875,False,29.274426870775493,44,0.004296875
1100101000,3603,"[0, 1, 3, 2]",465,60.11557579040527,True,29.274426870775493,44,0.004296875
1100101000,3604,"[0, 3, 2, 1]",6300,60.1351261138916,False,29.274426870775493,44,0.004296875
1100101000,3605,"[0, 1, 3, 2]",465,60.1503849029541,True,29.274426870775493,44,0.004296875
1100101000,3606,"[0, 3, 2, 1]",6300,60.17017364501953,False,29.274426870775493,44,0.004296875
1100101000,3607,"[0, 1, 3, 2]",465,60.18519401550293,True,29.274426870775493,44,0.004296875
1100101000,3608,"[0, 3, 2, 1]",6300,60.20498275756836,False,29.274426870775493,44,0.004296875
1100101000,3609,"[0, 1, 3, 2]",465,60.22000312805176,True,29.274426870775493,44,0.004296875
1100101000,3610,"[0, 3, 2, 1]",6300,60.2412223815918,False,29.274426870775493,44,0.004296875
1100101000,3611,"[0, 1, 3, 2]",465,60.2567195892334,True,29.274426870775493,44,0.004296875
1100101000,3612,"[0, 3, 2, 1]",6300,60.27650833129883,False,29.274426870775493,44,0.004296875
1100101000,3613,"[0, 1, 3, 2]",465,60.29152870178223,True,29.274426870775493,44,0.004296875
1100101000,3614,"[0, 3, 2, 1]",6300,60.31298637390137,False,29.274426870775493,44,0.004296875
1100101000,3615,"[0, 1, 3, 2]",465,60.32872200012207,True,29.274426870775493,44,0.004296875
1100101000,3616,"[0, 3, 2, 1]",6300,60.349225997924805,False,29.274426870775493,44,0.004296875
1100101000,3617,"[0, 1, 3, 2]",465,60.3642463684082,True,29.274426870775493,44,0.004296875
1100101000,3618,"[0, 3, 2, 1]",6300,60.384511947631836,False,29.274426870775493,44,0.004296875
1100101000,3619,"[0, 1, 3, 2]",465,60.39929389953613,True,29.274426870775493,44,0.004296875
1100101000,3620,"[0, 3, 2, 1]",6300,60.419559478759766,False,29.274426870775493,44,0.004296875
1100101000,3621,"[0, 1, 3, 2]",465,60.43410301208496,True,29.274426870775493,44,0.004296875
1100101000,3622,"[0, 3, 2, 1]",6300,60.45413017272949,False,29.274426870775493,44,0.004296875
1100101000,3623,"[0, 1, 3, 2]",465,60.46867370605469,True,29.274426870775493,44,0.004296875
1100101000,3624,"[0, 3, 2, 1]",6300,60.48870086669922,False,29.274426870775493,44,0.004296875
1100101000,3625,"[0, 1, 3, 2]",465,60.503244400024414,True,29.274426870775493,44,0.004296875
1100101000,3626,"[0, 3, 2, 1]",6300,60.523033142089844,False,29.274426870775493,44,0.004296875
1100101000,3627,"[0, 1, 3, 2]",465,60.53781509399414,True,29.274426870775493,44,0.004296875
1100101000,3628,"[0, 3, 2, 1]",6300,60.55760383605957,False,29.274426870775493,44,0.004296875
1100101000,3629,"[0, 1, 3, 2]",465,60.57238578796387,True,29.274426870775493,44,0.004296875
1100101000,3630,"[0, 3, 2, 1]",6300,60.5921745300293,False,29.274426870775493,44,0.004296875
1100101000,3631,"[0, 1, 3, 2]",465,60.608863830566406,True,29.274426870775493,44,0.004296875
1100101000,3632,"[0, 3, 2, 1]",6300,60.62960624694824,False,29.274426870775493,44,0.004296875
1100101000,3633,"[0, 1, 3, 2]",465,60.64462661743164,True,29.274426870775493,44,0.004296875
1100101000,3634,"[0, 3, 2, 1]",6300,60.66465377807617,False,29.274426870775493,44,0.004296875
1100101000,3635,"[0, 1, 3, 2]",465,60.67967414855957,True,29.274426870775493,44,0.004296875
1100101000,3636,"[0, 3, 2, 1]",6300,60.699462890625,False,29.274426870775493,44,0.004296875
1100101000,3637,"[0, 1, 3, 2]",465,60.7144832611084,True,29.274426870775493,44,0.004296875
1100101000,3638,"[0, 3, 2, 1]",6300,60.73427200317383,False,29.274426870775493,44,0.004296875
1100101000,3639,"[0, 1, 3, 2]",465,60.74881553649902,True,29.274426870775493,44,0.004296875
1011110111,3640,"[2, 1, 0, 3]",600,60.769081115722656,False,20.863678515162277,43,0.00419921875
1011110111,3641,"[2, 1, 0, 3]",600,60.78505516052246,True,20.863678515162277,43,0.00419921875
1011110111,3642,"[2, 1, 0, 3]",600,60.80484390258789,False,20.863678515162277,43,0.00419921875
1011110111,3643,"[2, 1, 0, 3]",600,60.82034111022949,True,20.863678515162277,43,0.00419921875
1011110111,3644,"[2, 1, 0, 3]",600,60.84084510803223,False,20.863678515162277,43,0.00419921875
1011110111,3645,"[2, 1, 0, 3]",600,60.85562705993652,True,20.863678515162277,43,0.00419921875
1011110111,3646,"[2, 1, 0, 3]",600,60.875654220581055,False,20.863678515162277,43,0.00419921875
1011110111,3647,"[2, 1, 0, 3]",600,60.89043617248535,True,20.863678515162277,43,0.00419921875
1011110111,3648,"[2, 1, 0, 3]",600,60.91046333312988,False,20.863678515162277,43,0.00419921875
1011110111,3649,"[2, 1, 0, 3]",600,60.92500686645508,True,20.863678515162277,43,0.00419921875
1011110111,3650,"[2, 1, 0, 3]",600,60.94503402709961,False,20.863678515162277,43,0.00419921875
1011110111,3651,"[2, 1, 0, 3]",600,60.959577560424805,True,20.863678515162277,43,0.00419921875
1011110111,3652,"[2, 1, 0, 3]",600,60.98151206970215,False,20.863678515162277,43,0.00419921875
1011110111,3653,"[2, 1, 0, 3]",600,60.996294021606445,True,20.863678515162277,43,0.00419921875
1011110111,3654,"[2, 1, 0, 3]",600,61.01679801940918,False,20.863678515162277,43,0.00419921875
1011110111,3655,"[2, 1, 0, 3]",600,61.03181838989258,True,20.863678515162277,43,0.00419921875
1011110111,3656,"[2, 1, 0, 3]",600,61.05160713195801,False,20.863678515162277,43,0.00419921875
1011110111,3657,"[2, 1, 0, 3]",600,61.066627502441406,True,20.863678515162277,43,0.00419921875
1011110111,3658,"[2, 1, 0, 3]",600,61.086416244506836,False,20.863678515162277,43,0.00419921875
1011110111,3659,"[2, 1, 0, 3]",600,61.101675033569336,True,20.863678515162277,43,0.00419921875
1011110111,3660,"[2, 1, 0, 3]",600,61.121463775634766,False,20.863678515162277,43,0.00419921875
1011110111,3661,"[2, 1, 0, 3]",600,61.136484146118164,True,20.863678515162277,43,0.00419921875
1011110111,3662,"[2, 1, 0, 3]",600,61.156511306762695,False,20.863678515162277,43,0.00419921875
1011110111,3663,"[2, 1, 0, 3]",600,61.171531677246094,True,20.863678515162277,43,0.00419921875
1011110111,3664,"[2, 1, 0, 3]",600,61.19179725646973,False,20.863678515162277,43,0.00419921875
1011110111,3665,"[2, 1, 0, 3]",600,61.20896339416504,True,20.863678515162277,43,0.00419921875
1011110111,3666,"[2, 1, 0, 3]",600,61.22946739196777,False,20.863678515162277,43,0.00419921875
1011110111,3667,"[2, 1, 0, 3]",600,61.24448776245117,True,20.863678515162277,43,0.00419921875
1011110111,3668,"[2, 1, 0, 3]",600,61.264753341674805,False,20.863678515162277,43,0.00419921875
1011110111,3669,"[2, 1, 0, 3]",600,61.2797737121582,True,20.863678515162277,43,0.00419921875
1011110111,3670,"[2, 1, 0, 3]",600,61.299800872802734,False,20.863678515162277,43,0.00419921875
1011110111,3671,"[2, 1, 0, 3]",600,61.316728591918945,True,20.863678515162277,43,0.00419921875
1011110111,3672,"[2, 1, 0, 3]",600,61.33723258972168,False,20.863678515162277,43,0.00419921875
1011110111,3673,"[2, 1, 0, 3]",600,61.353206634521484,True,20.863678515162277,43,0.00419921875
1011110111,3674,"[2, 1, 0, 3]",600,61.37585639953613,False,20.863678515162277,43,0.00419921875
1011110111,3675,"[2, 1, 0, 3]",600,61.39111518859863,True,20.863678515162277,43,0.00419921875
1011110111,3676,"[2, 1, 0, 3]",600,61.41972541809082,False,20.863678515162277,43,0.00419921875
1011110111,3677,"[2, 1, 0, 3]",600,61.43331527709961,True,20.863678515162277,43,0.00419921875
1011110111,3678,"[2, 1, 0, 3]",600,61.45071983337402,False,20.863678515162277,43,0.00419921875
1011110111,3679,"[2, 1, 0, 3]",600,61.46383285522461,True,20.863678515162277,43,0.00419921875
1011110111,3680,"[2, 1, 0, 3]",600,61.484336853027344,False,20.863678515162277,43,0.00419921875
1011110111,3681,"[2, 1, 0, 3]",600,61.49768829345703,True,20.863678515162277,43,0.00419921875
1011110111,3682,"[2, 1, 0, 3]",600,61.51580810546875,False,20.863678515162277,43,0.00419921875
1011110111,3683,"[2, 1, 0, 3]",600,61.528921127319336,True,20.863678515162277,43,0.00419921875
1011110111,3684,"[2, 1, 0, 3]",600,61.54656410217285,False,20.863678515162277,43,0.00419921875
1011110111,3685,"[2, 1, 0, 3]",600,61.55967712402344,True,20.863678515162277,43,0.00419921875
1011110111,3686,"[2, 1, 0, 3]",600,61.57732009887695,False,20.863678515162277,43,0.00419921875
1011110111,3687,"[2, 1, 0, 3]",600,61.59043312072754,True,20.863678515162277,43,0.00419921875
1011110111,3688,"[2, 1, 0, 3]",600,61.60783767700195,False,20.863678515162277,43,0.00419921875
1011110111,3689,"[2, 1, 0, 3]",600,61.62118911743164,True,20.863678515162277,43,0.00419921875
1011110111,3690,"[2, 1, 0, 3]",600,61.638593673706055,False,20.863678515162277,43,0.00419921875
1011110111,3691,"[2, 1, 0, 3]",600,61.65194511413574,True,20.863678515162277,43,0.00419921875
1011110111,3692,"[2, 1, 0, 3]",600,61.669111251831055,False,20.863678515162277,43,0.00419921875
1011110111,3693,"[2, 1, 0, 3]",600,61.68246269226074,True,20.863678515162277,43,0.00419921875
1011110111,3694,"[2, 1, 0, 3]",600,61.70082092285156,False,20.863678515162277,43,0.00419921875
1011110111,3695,"[2, 1, 0, 3]",600,61.71441078186035,True,20.863678515162277,43,0.00419921875
1011110111,3696,"[2, 1, 0, 3]",600,61.731815338134766,False,20.863678515162277,43,0.00419921875
1011110111,3697,"[2, 1, 0, 3]",600,61.74516677856445,True,20.863678515162277,43,0.00419921875
1011110111,3698,"[2, 1, 0, 3]",600,61.76257133483887,False,20.863678515162277,43,0.00419921875
1011110111,3699,"[2, 1, 0, 3]",600,61.77568435668945,True,20.863678515162277,43,0.00419921875
1011110111,3700,"[2, 1, 0, 3]",600,61.79308891296387,False,20.863678515162277,43,0.00419921875
1011110111,3701,"[2, 1, 0, 3]",600,61.80596351623535,True,20.863678515162277,43,0.00419921875
1011110111,3702,"[2, 1, 0, 3]",600,61.823368072509766,False,20.863678515162277,43,0.00419921875
1011110111,3703,"[2, 1, 0, 3]",600,61.83624267578125,True,20.863678515162277,43,0.00419921875
1011110111,3704,"[2, 1, 0, 3]",600,61.85340881347656,False,20.863678515162277,43,0.00419921875
1011110111,3705,"[2, 1, 0, 3]",600,61.86652183532715,True,20.863678515162277,43,0.00419921875
1011110111,3706,"[2, 1, 0, 3]",600,61.88368797302246,False,20.863678515162277,43,0.00419921875
1011110111,3707,"[2, 1, 0, 3]",600,61.89680099487305,True,20.863678515162277,43,0.00419921875
1011110111,3708,"[2, 1, 0, 3]",600,61.91396713256836,False,20.863678515162277,43,0.00419921875
1011110111,3709,"[2, 1, 0, 3]",600,61.92660331726074,True,20.863678515162277,43,0.00419921875
1011110111,3710,"[2, 1, 0, 3]",600,61.944007873535156,False,20.863678515162277,43,0.00419921875
1011110111,3711,"[2, 1, 0, 3]",600,61.95688247680664,True,20.863678515162277,43,0.00419921875
1011110111,3712,"[2, 1, 0, 3]",600,61.97404861450195,False,20.863678515162277,43,0.00419921875
1011110111,3713,"[2, 1, 0, 3]",600,61.98716163635254,True,20.863678515162277,43,0.00419921875
1011110111,3714,"[2, 1, 0, 3]",600,62.00432777404785,False,20.863678515162277,43,0.00419921875
1011110111,3715,"[2, 1, 0, 3]",600,62.02054023742676,True,20.863678515162277,43,0.00419921875
1011110111,3716,"[2, 1, 0, 3]",600,62.03913688659668,False,20.863678515162277,43,0.00419921875
1011110111,3717,"[2, 1, 0, 3]",600,62.05272674560547,True,20.863678515162277,43,0.00419921875
1011110111,3718,"[2, 1, 0, 3]",600,62.070369720458984,False,20.863678515162277,43,0.00419921875
1011110111,3719,"[2, 1, 0, 3]",600,62.08348274230957,True,20.863678515162277,43,0.00419921875
1011110111,3720,"[2, 1, 0, 3]",600,62.10041046142578,False,20.863678515162277,43,0.00419921875
1011110111,3721,"[2, 1, 0, 3]",600,62.11352348327637,True,20.863678515162277,43,0.00419921875
1011110111,3722,"[2, 1, 0, 3]",600,62.13092803955078,False,20.863678515162277,43,0.00419921875
1011110111,3723,"[2, 1, 0, 3]",600,62.143802642822266,True,20.863678515162277,43,0.00419921875
1011110111,3724,"[2, 1, 0, 3]",600,62.16120719909668,False,20.863678515162277,43,0.00419921875
1011110111,3725,"[2, 1, 0, 3]",600,62.174081802368164,True,20.863678515162277,43,0.00419921875
1101011011,3726,"[0, 3, 2, 1]",6300,62.19148635864258,False,12.318016911728506,43,0.00419921875
1101011011,3727,"[0, 1, 3, 2]",465,62.20507621765137,True,12.318016911728506,43,0.00419921875
1101011011,3728,"[0, 3, 2, 1]",6300,62.22271919250488,False,12.318016911728506,43,0.00419921875
1101011011,3729,"[0, 1, 3, 2]",465,62.24703788757324,True,12.318016911728506,43,0.00419921875
1101011011,3730,"[0, 3, 2, 1]",6300,62.26706504821777,False,12.318016911728506,43,0.00419921875
1101011011,3731,"[0, 1, 3, 2]",465,62.28232383728027,True,12.318016911728506,43,0.00419921875
1101011011,3732,"[0, 3, 2, 1]",6300,62.302350997924805,False,12.318016911728506,43,0.00419921875
1101011011,3733,"[0, 1, 3, 2]",465,62.3173713684082,True,12.318016911728506,43,0.00419921875
1101011011,3734,"[0, 3, 2, 1]",6300,62.33716011047363,False,12.318016911728506,43,0.00419921875
1101011011,3735,"[0, 1, 3, 2]",465,62.35194206237793,True,12.318016911728506,43,0.00419921875
1101011011,3736,"[0, 3, 2, 1]",6300,62.37316131591797,False,12.318016911728506,43,0.00419921875
1101011011,3737,"[0, 1, 3, 2]",465,62.38842010498047,True,12.318016911728506,43,0.00419921875
1101011011,3738,"[0, 3, 2, 1]",6300,62.4086856842041,False,12.318016911728506,43,0.00419921875
1101011011,3739,"[0, 1, 3, 2]",465,62.4237060546875,True,12.318016911728506,43,0.00419921875
1101011011,3740,"[0, 3, 2, 1]",6300,62.44349479675293,False,12.318016911728506,43,0.00419921875
1101011011,3741,"[0, 1, 3, 2]",465,62.45875358581543,True,12.318016911728506,43,0.00419921875
1101011011,3742,"[0, 3, 2, 1]",6300,62.47854232788086,False,12.318016911728506,43,0.00419921875
1101011011,3743,"[0, 1, 3, 2]",465,62.49380111694336,True,12.318016911728506,43,0.00419921875
1101011011,3744,"[0, 3, 2, 1]",6300,62.51358985900879,False,12.318016911728506,43,0.00419921875
1101011011,3745,"[0, 1, 3, 2]",465,62.52884864807129,True,12.318016911728506,43,0.00419921875
1101011011,3746,"[0, 3, 2, 1]",6300,62.54887580871582,False,12.318016911728506,43,0.00419921875
1101011011,3747,"[0, 1, 3, 2]",465,62.56389617919922,True,12.318016911728506,43,0.00419921875
1101011011,3748,"[0, 3, 2, 1]",6300,62.58344650268555,False,12.318016911728506,43,0.00419921875
1101011011,3749,"[0, 1, 3, 2]",465,62.598228454589844,True,12.318016911728506,43,0.00419921875
1101011011,3750,"[0, 3, 2, 1]",6300,62.61801719665527,False,12.318016911728506,43,0.00419921875
1101011011,3751,"[0, 1, 3, 2]",465,62.63256072998047,True,12.318016911728506,43,0.00419921875
1101011011,3752,"[0, 3, 2, 1]",6300,62.6523494720459,False,12.318016911728506,43,0.00419921875
1101011011,3753,"[0, 1, 3, 2]",465,62.667131423950195,True,12.318016911728506,43,0.00419921875
1101011011,3754,"[0, 3, 2, 1]",6300,62.68668174743652,False,12.318016911728506,43,0.00419921875
1101011011,3755,"[0, 1, 3, 2]",465,62.70146369934082,True,12.318016911728506,43,0.00419921875
1101011011,3756,"[0, 3, 2, 1]",6300,62.72101402282715,False,12.318016911728506,43,0.00419921875
1101011011,3757,"[0, 1, 3, 2]",465,62.737464904785156,True,12.318016911728506,43,0.00419921875
1101011011,3758,"[0, 3, 2, 1]",6300,62.758445739746094,False,12.318016911728506,43,0.00419921875
1101011011,3759,"[0, 1, 3, 2]",465,62.77322769165039,True,12.318016911728506,43,0.00419921875
1101011011,3760,"[0, 3, 2, 1]",6300,62.79325485229492,False,12.318016911728506,43,0.00419921875
1101011011,3761,"[0, 1, 3, 2]",465,62.80779838562012,True,12.318016911728506,43,0.00419921875
1101011011,3762,"[0, 3, 2, 1]",6300,62.82782554626465,False,12.318016911728506,43,0.00419921875
1101011011,3763,"[0, 1, 3, 2]",465,62.842607498168945,True,12.318016911728506,43,0.00419921875
1101011011,3764,"[0, 3, 2, 1]",6300,62.862396240234375,False,12.318016911728506,43,0.00419921875
1101011011,3765,"[0, 1, 3, 2]",465,62.87717819213867,True,12.318016911728506,43,0.00419921875
1101011011,3766,"[0, 3, 2, 1]",6300,62.908172607421875,False,12.318016911728506,43,0.00419921875
1101011011,3767,"[0, 1, 3, 2]",465,62.92223930358887,True,12.318016911728506,43,0.00419921875
1101011011,3768,"[0, 3, 2, 1]",6300,62.93988227844238,False,12.318016911728506,43,0.00419921875
1101011011,3769,"[0, 1, 3, 2]",465,62.95323371887207,True,12.318016911728506,43,0.00419921875
1101011011,3770,"[0, 3, 2, 1]",6300,62.97039985656738,False,12.318016911728506,43,0.00419921875
1101011011,3771,"[0, 1, 3, 2]",465,62.98351287841797,True,12.318016911728506,43,0.00419921875
1101011011,3772,"[0, 3, 2, 1]",6300,63.00044059753418,False,12.318016911728506,43,0.00419921875
1101011011,3773,"[0, 1, 3, 2]",465,63.013315200805664,True,12.318016911728506,43,0.00419921875
1101011011,3774,"[0, 3, 2, 1]",6300,63.030242919921875,False,12.318016911728506,43,0.00419921875
1101011011,3775,"[0, 1, 3, 2]",465,63.04311752319336,True,12.318016911728506,43,0.00419921875
1101011011,3776,"[0, 3, 2, 1]",6300,63.06028366088867,False,12.318016911728506,43,0.00419921875
1101011011,3777,"[0, 1, 3, 2]",465,63.072919845581055,True,12.318016911728506,43,0.00419921875
1101011011,3778,"[0, 3, 2, 1]",6300,63.09151649475098,False,12.318016911728506,43,0.00419921875
1101011011,3779,"[0, 1, 3, 2]",465,63.10462951660156,True,12.318016911728506,43,0.00419921875
1101011011,3780,"[0, 3, 2, 1]",6300,63.12203407287598,False,12.318016911728506,43,0.00419921875
1101011011,3781,"[0, 1, 3, 2]",465,63.13467025756836,True,12.318016911728506,43,0.00419921875
1101011011,3782,"[0, 3, 2, 1]",6300,63.15183639526367,False,12.318016911728506,43,0.00419921875
1101011011,3783,"[0, 1, 3, 2]",465,63.164710998535156,True,12.318016911728506,43,0.00419921875
1101011011,3784,"[0, 3, 2, 1]",6300,63.18163871765137,False,12.318016911728506,43,0.00419921875
1101011011,3785,"[0, 1, 3, 2]",465,63.19451332092285,True,12.318016911728506,43,0.00419921875
1101011011,3786,"[0, 3, 2, 1]",6300,63.21120262145996,False,12.318016911728506,43,0.00419921875
1101011011,3787,"[0, 1, 3, 2]",465,63.224077224731445,True,12.318016911728506,43,0.00419921875
1101011011,3788,"[0, 3, 2, 1]",6300,63.24124336242676,False,12.318016911728506,43,0.00419921875
1101011011,3789,"[0, 1, 3, 2]",465,63.25411796569824,True,12.318016911728506,43,0.00419921875
1101011011,3790,"[0, 3, 2, 1]",6300,63.271522521972656,False,12.318016911728506,43,0.00419921875
1101011011,3791,"[0, 1, 3, 2]",465,63.28463554382324,True,12.318016911728506,43,0.00419921875
1101011011,3792,"[0, 3, 2, 1]",6300,63.30156326293945,False,12.318016911728506,43,0.00419921875
1101011011,3793,"[0, 1, 3, 2]",465,63.31467628479004,True,12.318016911728506,43,0.00419921875
1101011011,3794,"[0, 3, 2, 1]",6300,63.33208084106445,False,12.318016911728506,43,0.00419921875
1101011011,3795,"[0, 1, 3, 2]",465,63.34495544433594,True,12.318016911728506,43,0.00419921875
1101011011,3796,"[0, 3, 2, 1]",6300,63.378334045410156,False,12.318016911728506,43,0.00419921875
1101011011,3797,"[0, 1, 3, 2]",465,63.393592834472656,True,12.318016911728506,43,0.00419921875
1101011011,3798,"[0, 3, 2, 1]",6300,63.41433525085449,False,12.318016911728506,43,0.00419921875
1101011011,3799,"[0, 1, 3, 2]",465,63.432931900024414,True,12.318016911728506,43,0.00419921875
1101011011,3800,"[0, 3, 2, 1]",6300,63.45486640930176,False,12.318016911728506,43,0.00419921875
1101011011,3801,"[0, 1, 3, 2]",465,63.47036361694336,True,12.318016911728506,43,0.00419921875
1101011011,3802,"[0, 3, 2, 1]",6300,63.4913444519043,False,12.318016911728506,43,0.00419921875
1101011011,3803,"[0, 1, 3, 2]",465,63.5068416595459,True,12.318016911728506,43,0.00419921875
1101011011,3804,"[0, 3, 2, 1]",6300,63.527822494506836,False,12.318016911728506,43,0.00419921875
1101011011,3805,"[0, 1, 3, 2]",465,63.54331970214844,True,12.318016911728506,43,0.00419921875
1101011011,3806,"[0, 3, 2, 1]",6300,63.564300537109375,False,12.318016911728506,43,0.00419921875
1101011011,3807,"[0, 1, 3, 2]",465,63.58003616333008,True,12.318016911728506,43,0.00419921875
1101011011,3808,"[0, 3, 2, 1]",6300,63.61699104309082,False,12.318016911728506,43,0.00419921875
1101011011,3809,"[0, 1, 3, 2]",465,63.632965087890625,True,12.318016911728506,43,0.00419921875
1101011011,3810,"[0, 3, 2, 1]",6300,63.654184341430664,False,12.318016911728506,43,0.00419921875
1101011011,3811,"[0, 1, 3, 2]",465,63.67015838623047,True,12.318016911728506,43,0.00419921875
1001101101,3812,"[3, 2, 0, 1]",6600,63.69185447692871,False,27.00753848647888,42,0.0041015625
1001101101,3813,"[3, 2, 0, 1]",6600,63.70854377746582,True,27.00753848647888,42,0.0041015625
1001101101,3814,"[3, 2, 0, 1]",6600,63.73000144958496,False,27.00753848647888,42,0.0041015625
1001101101,3815,"[3, 2, 0, 1]",6600,63.745975494384766,True,27.00753848647888,42,0.0041015625
1001101101,3816,"[3, 2, 0, 1]",6600,63.76910209655762,False,27.00753848647888,42,0.0041015625
1001101101,3817,"[3, 2, 0, 1]",6600,63.78626823425293,True,27.00753848647888,42,0.0041015625
1001101101,3818,"[3, 2, 0, 1]",6600,63.80796432495117,False,27.00753848647888,42,0.0041015625
1001101101,3819,"[3, 2, 0, 1]",6600,63.82441520690918,True,27.00753848647888,42,0.0041015625
1001101101,3820,"[3, 2, 0, 1]",6600,63.84778022766113,False,27.00753848647888,42,0.0041015625
1001101101,3821,"[3, 2, 0, 1]",6600,63.86446952819824,True,27.00753848647888,42,0.0041015625
1001101101,3822,"[3, 2, 0, 1]",6600,63.88592720031738,False,27.00753848647888,42,0.0041015625
1001101101,3823,"[3, 2, 0, 1]",6600,63.90190124511719,True,27.00753848647888,42,0.0041015625
1001101101,3824,"[3, 2, 0, 1]",6600,63.922882080078125,False,27.00753848647888,42,0.0041015625
1001101101,3825,"[3, 2, 0, 1]",6600,63.93885612487793,True,27.00753848647888,42,0.0041015625
1001101101,3826,"[3, 2, 0, 1]",6600,63.96007537841797,False,27.00753848647888,42,0.0041015625
1001101101,3827,"[3, 2, 0, 1]",6600,63.97581100463867,True,27.00753848647888,42,0.0041015625
1001101101,3828,"[3, 2, 0, 1]",6600,63.99726867675781,False,27.00753848647888,42,0.0041015625
1001101101,3829,"[3, 2, 0, 1]",6600,64.01252746582031,True,27.00753848647888,42,0.0041015625
1001101101,3830,"[3, 2, 0, 1]",6600,64.03446197509766,False,27.00753848647888,42,0.0041015625
1001101101,3831,"[3, 2, 0, 1]",6600,64.05019760131836,True,27.00753848647888,42,0.0041015625
1001101101,3832,"[3, 2, 0, 1]",6600,64.0716552734375,False,27.00753848647888,42,0.0041015625
1001101101,3833,"[3, 2, 0, 1]",6600,64.0873908996582,True,27.00753848647888,42,0.0041015625
1001101101,3834,"[3, 2, 0, 1]",6600,64.10884857177734,False,27.00753848647888,42,0.0041015625
1001101101,3835,"[3, 2, 0, 1]",6600,64.12434577941895,True,27.00753848647888,42,0.0041015625
1001101101,3836,"[3, 2, 0, 1]",6600,64.14580345153809,False,27.00753848647888,42,0.0041015625
1001101101,3837,"[3, 2, 0, 1]",6600,64.16153907775879,True,27.00753848647888,42,0.0041015625
1001101101,3838,"[3, 2, 0, 1]",6600,64.18275833129883,False,27.00753848647888,42,0.0041015625
1001101101,3839,"[3, 2, 0, 1]",6600,64.20111656188965,True,27.00753848647888,42,0.0041015625
1001101101,3840,"[3, 2, 0, 1]",6600,64.22233581542969,False,27.00753848647888,42,0.0041015625
1001101101,3841,"[3, 2, 0, 1]",6600,64.239501953125,True,27.00753848647888,42,0.0041015625
1001101101,3842,"[3, 2, 0, 1]",6600,64.26310539245605,False,27.00753848647888,42,0.0041015625
1001101101,3843,"[3, 2, 0, 1]",6600,64.27955627441406,True,27.00753848647888,42,0.0041015625
1001101101,3844,"[3, 2, 0, 1]",6600,64.3012523651123,False,27.00753848647888,42,0.0041015625
1001101101,3845,"[3, 2, 0, 1]",6600,64.31722640991211,True,27.00753848647888,42,0.0041015625
1001101101,3846,"[3, 2, 0, 1]",6600,64.33844566345215,False,27.00753848647888,42,0.0041015625
1001101101,3847,"[3, 2, 0, 1]",6600,64.36324119567871,True,27.00753848647888,42,0.0041015625
1001101101,3848,"[3, 2, 0, 1]",6600,64.38279151916504,False,27.00753848647888,42,0.0041015625
1001101101,3849,"[3, 2, 0, 1]",6600,64.39614295959473,True,27.00753848647888,42,0.0041015625
1001101101,3850,"[3, 2, 0, 1]",6600,64.41450119018555,False,27.00753848647888,42,0.0041015625
1001101101,3851,"[3, 2, 0, 1]",6600,64.42785263061523,True,27.00753848647888,42,0.0041015625
1001101101,3852,"[3, 2, 0, 1]",6600,64.44621086120605,False,27.00753848647888,42,0.0041015625
1001101101,3853,"[3, 2, 0, 1]",6600,64.45980072021484,True,27.00753848647888,42,0.0041015625
1001101101,3854,"[3, 2, 0, 1]",6600,64.47815895080566,False,27.00753848647888,42,0.0041015625
1001101101,3855,"[3, 2, 0, 1]",6600,64.49151039123535,True,27.00753848647888,42,0.0041015625
1001101101,3856,"[3, 2, 0, 1]",6600,64.51034545898438,False,27.00753848647888,42,0.0041015625
1001101101,3857,"[3, 2, 0, 1]",6600,64.52417373657227,True,27.00753848647888,42,0.0041015625
1001101101,3858,"[3, 2, 0, 1]",6600,64.54229354858398,False,27.00753848647888,42,0.0041015625
1001101101,3859,"[3, 2, 0, 1]",6600,64.55588340759277,True,27.00753848647888,42,0.0041015625
1001101101,3860,"[3, 2, 0, 1]",6600,64.5742416381836,False,27.00753848647888,42,0.0041015625
1001101101,3861,"[3, 2, 0, 1]",6600,64.58759307861328,True,27.00753848647888,42,0.0041015625
1001101101,3862,"[3, 2, 0, 1]",6600,64.60738182067871,False,27.00753848647888,42,0.0041015625
1001101101,3863,"[3, 2, 0, 1]",6600,64.6214485168457,True,27.00753848647888,42,0.0041015625
1001101101,3864,"[3, 2, 0, 1]",6600,64.64052200317383,False,27.00753848647888,42,0.0041015625
1001101101,3865,"[3, 2, 0, 1]",6600,64.65435028076172,True,27.00753848647888,42,0.0041015625
1001101101,3866,"[3, 2, 0, 1]",6600,64.67318534851074,False,27.00753848647888,42,0.0041015625
1001101101,3867,"[3, 2, 0, 1]",6600,64.68939781188965,True,27.00753848647888,42,0.0041015625
1001101101,3868,"[3, 2, 0, 1]",6600,64.70870971679688,False,27.00753848647888,42,0.0041015625
1001101101,3869,"[3, 2, 0, 1]",6600,64.72277641296387,True,27.00753848647888,42,0.0041015625
1001101101,3870,"[3, 2, 0, 1]",6600,64.74137306213379,False,27.00753848647888,42,0.0041015625
1001101101,3871,"[3, 2, 0, 1]",6600,64.75520133972168,True,27.00753848647888,42,0.0041015625
1001101101,3872,"[3, 2, 0, 1]",6600,64.7740364074707,False,27.00753848647888,42,0.0041015625
1001101101,3873,"[3, 2, 0, 1]",6600,64.78738784790039,True,27.00753848647888,42,0.0041015625
1001101101,3874,"[3, 2, 0, 1]",6600,64.80598449707031,False,27.00753848647888,42,0.0041015625
1001101101,3875,"[3, 2, 0, 1]",6600,64.8198127746582,True,27.00753848647888,42,0.0041015625
1001101101,3876,"[3, 2, 0, 1]",6600,64.84842300415039,False,27.00753848647888,42,0.0041015625
1001101101,3877,"[3, 2, 0, 1]",6600,64.86201286315918,True,27.00753848647888,42,0.0041015625
1001101101,3878,"[3, 2, 0, 1]",6600,64.8798942565918,False,27.00753848647888,42,0.0041015625
1001101101,3879,"[3, 2, 0, 1]",6600,64.89324569702148,True,27.00753848647888,42,0.0041015625
1001101101,3880,"[3, 2, 0, 1]",6600,64.9113655090332,False,27.00753848647888,42,0.0041015625
1001101101,3881,"[3, 2, 0, 1]",6600,64.92471694946289,True,27.00753848647888,42,0.0041015625
1001101101,3882,"[3, 2, 0, 1]",6600,64.94259834289551,False,27.00753848647888,42,0.0041015625
1001101101,3883,"[3, 2, 0, 1]",6600,64.9573802947998,True,27.00753848647888,42,0.0041015625
1001101101,3884,"[3, 2, 0, 1]",6600,64.97621536254883,False,27.00753848647888,42,0.0041015625
1001101101,3885,"[3, 2, 0, 1]",6600,64.98932838439941,True,27.00753848647888,42,0.0041015625
1001101101,3886,"[3, 2, 0, 1]",6600,65.00744819641113,False,27.00753848647888,42,0.0041015625
1001101101,3887,"[3, 2, 0, 1]",6600,65.02079963684082,True,27.00753848647888,42,0.0041015625
1001101101,3888,"[3, 2, 0, 1]",6600,65.03868103027344,False,27.00753848647888,42,0.0041015625
1001101101,3889,"[3, 2, 0, 1]",6600,65.05227088928223,True,27.00753848647888,42,0.0041015625
1001101101,3890,"[3, 2, 0, 1]",6600,65.07039070129395,False,27.00753848647888,42,0.0041015625
1001101101,3891,"[3, 2, 0, 1]",6600,65.08374214172363,True,27.00753848647888,42,0.0041015625
1001101101,3892,"[3, 2, 0, 1]",6600,65.10186195373535,False,27.00753848647888,42,0.0041015625
1001101101,3893,"[3, 2, 0, 1]",6600,65.11521339416504,True,27.00753848647888,42,0.0041015625
1001101101,3894,"[3, 2, 0, 1]",6600,65.13309478759766,False,27.00753848647888,42,0.0041015625
1001101101,3895,"[3, 2, 0, 1]",6600,65.14644622802734,True,27.00753848647888,42,0.0041015625
0110100000,3896,"[2, 1, 0, 3]",600,65.16456604003906,False,19.136129710583916,42,0.0041015625
0110100000,3897,"[2, 1, 0, 3]",600,65.17863273620605,True,19.136129710583916,42,0.0041015625
0110100000,3898,"[2, 1, 0, 3]",600,65.19699096679688,False,19.136129710583916,42,0.0041015625
0110100000,3899,"[2, 1, 0, 3]",600,65.21081924438477,True,19.136129710583916,42,0.0041015625
0110100000,3900,"[2, 1, 0, 3]",600,65.22917747497559,False,19.136129710583916,42,0.0041015625
0110100000,3901,"[2, 1, 0, 3]",600,65.24300575256348,True,19.136129710583916,42,0.0041015625
0110100000,3902,"[2, 1, 0, 3]",600,65.2611255645752,False,19.136129710583916,42,0.0041015625
0110100000,3903,"[2, 1, 0, 3]",600,65.27471542358398,True,19.136129710583916,42,0.0041015625
0110100000,3904,"[2, 1, 0, 3]",600,65.29498100280762,False,19.136129710583916,42,0.0041015625
0110100000,3905,"[2, 1, 0, 3]",600,65.3085708618164,True,19.136129710583916,42,0.0041015625
0110100000,3906,"[2, 1, 0, 3]",600,65.32692909240723,False,19.136129710583916,42,0.0041015625
0110100000,3907,"[2, 1, 0, 3]",600,65.36364555358887,True,19.136129710583916,42,0.0041015625
0110100000,3908,"[2, 1, 0, 3]",600,65.3829574584961,False,19.136129710583916,42,0.0041015625
0110100000,3909,"[2, 1, 0, 3]",600,65.39678573608398,True,19.136129710583916,42,0.0041015625
0110100000,3910,"[2, 1, 0, 3]",600,65.4151439666748,False,19.136129710583916,42,0.0041015625
0110100000,3911,"[2, 1, 0, 3]",600,65.4287338256836,True,19.136129710583916,42,0.0041015625
0110100000,3912,"[2, 1, 0, 3]",600,65.44685363769531,False,19.136129710583916,42,0.0041015625
0110100000,3913,"[2, 1, 0, 3]",600,65.460205078125,True,19.136129710583916,42,0.0041015625
0110100000,3914,"[2, 1, 0, 3]",600,65.47832489013672,False,19.136129710583916,42,0.0041015625
0110100000,3915,"[2, 1, 0, 3]",600,65.49525260925293,True,19.136129710583916,42,0.0041015625
0110100000,3916,"[2, 1, 0, 3]",600,65.51408767700195,False,19.136129710583916,42,0.0041015625
0110100000,3917,"[2, 1, 0, 3]",600,65.52934646606445,True,19.136129710583916,42,0.0041015625
0110100000,3918,"[2, 1, 0, 3]",600,65.54841995239258,False,19.136129710583916,42,0.0041015625
0110100000,3919,"[2, 1, 0, 3]",600,65.56224822998047,True,19.136129710583916,42,0.0041015625
0110100000,3920,"[2, 1, 0, 3]",600,65.58060646057129,False,19.136129710583916,42,0.0041015625
0110100000,3921,"[2, 1, 0, 3]",600,65.59419631958008,True,19.136129710583916,42,0.0041015625
0110100000,3922,"[2, 1, 0, 3]",600,65.6125545501709,False,19.136129710583916,42,0.0041015625
0110100000,3923,"[2, 1, 0, 3]",600,65.62614440917969,True,19.136129710583916,42,0.0041015625
0110100000,3924,"[2, 1, 0, 3]",600,65.6442642211914,False,19.136129710583916,42,0.0041015625
0110100000,3925,"[2, 1, 0, 3]",600,65.65976142883301,True,19.136129710583916,42,0.0041015625
0110100000,3926,"[2, 1, 0, 3]",600,65.67811965942383,False,19.136129710583916,42,0.0041015625
0110100000,3927,"[2, 1, 0, 3]",600,65.69218635559082,True,19.136129710583916,42,0.0041015625
0110100000,3928,"[2, 1, 0, 3]",600,65.71006774902344,False,19.136129710583916,42,0.0041015625
0110100000,3929,"[2, 1, 0, 3]",600,65.72365760803223,True,19.136129710583916,42,0.0041015625
0110100000,3930,"[2, 1, 0, 3]",600,65.74177742004395,False,19.136129710583916,42,0.0041015625
0110100000,3931,"[2, 1, 0, 3]",600,65.75536727905273,True,19.136129710583916,42,0.0041015625
0110100000,3932,"[2, 1, 0, 3]",600,65.77396392822266,False,19.136129710583916,42,0.0041015625
0110100000,3933,"[2, 1, 0, 3]",600,65.78755378723145,True,19.136129710583916,42,0.0041015625
0110100000,3934,"[2, 1, 0, 3]",600,65.80567359924316,False,19.136129710583916,42,0.0041015625
0110100000,3935,"[2, 1, 0, 3]",600,65.81902503967285,True,19.136129710583916,42,0.0041015625
0110100000,3936,"[2, 1, 0, 3]",600,65.83738327026367,False,19.136129710583916,42,0.0041015625
0110100000,3937,"[2, 1, 0, 3]",600,65.85097312927246,True,19.136129710583916,42,0.0041015625
0110100000,3938,"[2, 1, 0, 3]",600,65.86909294128418,False,19.136129710583916,42,0.0041015625
0110100000,3939,"[2, 1, 0, 3]",600,65.88244438171387,True,19.136129710583916,42,0.0041015625
0110100000,3940,"[2, 1, 0, 3]",600,65.90056419372559,False,19.136129710583916,42,0.0041015625
0110100000,3941,"[2, 1, 0, 3]",600,65.91391563415527,True,19.136129710583916,42,0.0041015625
0110100000,3942,"[2, 1, 0, 3]",600,65.93203544616699,False,19.136129710583916,42,0.0041015625
0110100000,3943,"[2, 1, 0, 3]",600,65.95540046691895,True,19.136129710583916,42,0.0041015625
0110100000,3944,"[2, 1, 0, 3]",600,65.97280502319336,False,19.136129710583916,42,0.0041015625
0110100000,3945,"[2, 1, 0, 3]",600,65.98567962646484,True,19.136129710583916,42,0.0041015625
0110100000,3946,"[2, 1, 0, 3]",600,66.00427627563477,False,19.136129710583916,42,0.0041015625
0110100000,3947,"[2, 1, 0, 3]",600,66.01786613464355,True,19.136129710583916,42,0.0041015625
0110100000,3948,"[2, 1, 0, 3]",600,66.03550910949707,False,19.136129710583916,42,0.0041015625
0110100000,3949,"[2, 1, 0, 3]",600,66.04886054992676,True,19.136129710583916,42,0.0041015625
0110100000,3950,"[2, 1, 0, 3]",600,66.06602668762207,False,19.136129710583916,42,0.0041015625
0110100000,3951,"[2, 1, 0, 3]",600,66.07890129089355,True,19.136129710583916,42,0.0041015625
0110100000,3952,"[2, 1, 0, 3]",600,66.09606742858887,False,19.136129710583916,42,0.0041015625
0110100000,3953,"[2, 1, 0, 3]",600,66.10918045043945,True,19.136129710583916,42,0.0041015625
0110100000,3954,"[2, 1, 0, 3]",600,66.12634658813477,False,19.136129710583916,42,0.0041015625
0110100000,3955,"[2, 1, 0, 3]",600,66.13945960998535,True,19.136129710583916,42,0.0041015625
0110100000,3956,"[2, 1, 0, 3]",600,66.15662574768066,False,19.136129710583916,42,0.0041015625
0110100000,3957,"[2, 1, 0, 3]",600,66.16950035095215,True,19.136129710583916,42,0.0041015625
0110100000,3958,"[2, 1, 0, 3]",600,66.18690490722656,False,19.136129710583916,42,0.0041015625
0110100000,3959,"[2, 1, 0, 3]",600,66.19954109191895,True,19.136129710583916,42,0.0041015625
0110100000,3960,"[2, 1, 0, 3]",600,66.21670722961426,False,19.136129710583916,42,0.0041015625
0110100000,3961,"[2, 1, 0, 3]",600,66.22982025146484,True,19.136129710583916,42,0.0041015625
0110100000,3962,"[2, 1, 0, 3]",600,66.24698638916016,False,19.136129710583916,42,0.0041015625
0110100000,3963,"[2, 1, 0, 3]",600,66.25986099243164,True,19.136129710583916,42,0.0041015625
0110100000,3964,"[2, 1, 0, 3]",600,66.27678871154785,False,19.136129710583916,42,0.0041015625
0110100000,3965,"[2, 1, 0, 3]",600,66.28942489624023,True,19.136129710583916,42,0.0041015625
0110100000,3966,"[2, 1, 0, 3]",600,66.30659103393555,False,19.136129710583916,42,0.0041015625
0110100000,3967,"[2, 1, 0, 3]",600,66.32280349731445,True,19.136129710583916,42,0.0041015625
0110100000,3968,"[2, 1, 0, 3]",600,66.34092330932617,False,19.136129710583916,42,0.0041015625
0110100000,3969,"[2, 1, 0, 3]",600,66.35427474975586,True,19.136129710583916,42,0.0041015625
0110100000,3970,"[2, 1, 0, 3]",600,66.37167930603027,False,19.136129710583916,42,0.0041015625
0110100000,3971,"[2, 1, 0, 3]",600,66.38479232788086,True,19.136129710583916,42,0.0041015625
0110100000,3972,"[2, 1, 0, 3]",600,66.40219688415527,False,19.136129710583916,42,0.0041015625
0110100000,3973,"[2, 1, 0, 3]",600,66.41507148742676,True,19.136129710583916,42,0.0041015625
0110100000,3974,"[2, 1, 0, 3]",600,66.43223762512207,False,19.136129710583916,42,0.0041015625
0110100000,3975,"[2, 1, 0, 3]",600,66.44535064697266,True,19.136129710583916,42,0.0041015625
0110100000,3976,"[2, 1, 0, 3]",600,66.46275520324707,False,19.136129710583916,42,0.0041015625
0110100000,3977,"[2, 1, 0, 3]",600,66.47610664367676,True,19.136129710583916,42,0.0041015625
0110100000,3978,"[2, 1, 0, 3]",600,66.49327278137207,False,19.136129710583916,42,0.0041015625
0110100000,3979,"[2, 1, 0, 3]",600,66.50662422180176,True,19.136129710583916,42,0.0041015625
1001000100,3980,"[0, 3, 1, 2]",750,66.52379035949707,False,14.039536643254078,41,0.00400390625
1001000100,3981,"[0, 1, 3, 2]",465,66.53714179992676,True,14.039536643254078,41,0.00400390625
1001000100,3982,"[0, 3, 1, 2]",750,66.55478477478027,False,14.039536643254078,41,0.00400390625
1001000100,3983,"[0, 1, 3, 2]",465,66.57910346984863,True,14.039536643254078,41,0.00400390625
1001000100,3984,"[0, 3, 1, 2]",750,66.59865379333496,False,14.039536643254078,41,0.00400390625
1001000100,3985,"[0, 1, 3, 2]",465,66.61319732666016,True,14.039536643254078,41,0.00400390625
1001000100,3986,"[0, 3, 1, 2]",750,66.63322448730469,False,14.039536643254078,41,0.00400390625
1001000100,3987,"[0, 1, 3, 2]",465,66.64800643920898,True,14.039536643254078,41,0.00400390625
1001000100,3988,"[0, 3, 1, 2]",750,66.66970252990723,False,14.039536643254078,41,0.00400390625
1001000100,3989,"[0, 1, 3, 2]",465,66.68472290039062,True,14.039536643254078,41,0.00400390625
1001000100,3990,"[0, 3, 1, 2]",750,66.70498847961426,False,14.039536643254078,41,0.00400390625
1001000100,3991,"[0, 1, 3, 2]",465,66.71953201293945,True,14.039536643254078,41,0.00400390625
1001000100,3992,"[0, 3, 1, 2]",750,66.73979759216309,False,14.039536643254078,41,0.00400390625
1001000100,3993,"[0, 1, 3, 2]",465,66.75434112548828,True,14.039536643254078,41,0.00400390625
1001000100,3994,"[0, 3, 1, 2]",750,66.77412986755371,False,14.039536643254078,41,0.00400390625
1001000100,3995,"[0, 1, 3, 2]",465,66.7884349822998,True,14.039536643254078,41,0.00400390625
1001000100,3996,"[0, 3, 1, 2]",750,66.80822372436523,False,14.039536643254078,41,0.00400390625
1001000100,3997,"[0, 1, 3, 2]",465,66.82276725769043,True,14.039536643254078,41,0.00400390625
1001000100,3998,"[0, 3, 1, 2]",750,66.84231758117676,False,14.039536643254078,41,0.00400390625
1001000100,3999,"[0, 1, 3, 2]",465,66.85733795166016,True,14.039536643254078,41,0.00400390625
1001000100,4000,"[0, 3, 1, 2]",750,66.87688827514648,False,14.039536643254078,41,0.00400390625
1001000100,4001,"[0, 1, 3, 2]",465,66.89190864562988,True,14.039536643254078,41,0.00400390625
1001000100,4002,"[0, 3, 1, 2]",750,66.91122055053711,False,14.039536643254078,41,0.00400390625
1001000100,4003,"[0, 1, 3, 2]",465,66.92624092102051,True,14.039536643254078,41,0.00400390625
1001000100,4004,"[0, 3, 1, 2]",750,66.94555282592773,False,14.039536643254078,41,0.00400390625
1001000100,4005,"[0, 1, 3, 2]",465,66.96057319641113,True,14.039536643254078,41,0.00400390625
1001000100,4006,"[0, 3, 1, 2]",750,66.98012351989746,False,14.039536643254078,41,0.00400390625
1001000100,4007,"[0, 1, 3, 2]",465,66.99800491333008,True,14.039536643254078,41,0.00400390625
1001000100,4008,"[0, 3, 1, 2]",750,67.01803207397461,False,14.039536643254078,41,0.00400390625
1001000100,4009,"[0, 1, 3, 2]",465,67.03400611877441,True,14.039536643254078,41,0.00400390625
1001000100,4010,"[0, 3, 1, 2]",750,67.05546379089355,False,14.039536643254078,41,0.00400390625
1001000100,4011,"[0, 1, 3, 2]",465,67.07048416137695,True,14.039536643254078,41,0.00400390625
1001000100,4012,"[0, 3, 1, 2]",750,67.09051132202148,False,14.039536643254078,41,0.00400390625
1001000100,4013,"[0, 1, 3, 2]",465,67.10553169250488,True,14.039536643254078,41,0.00400390625
1001000100,4014,"[0, 3, 1, 2]",750,67.12508201599121,False,14.039536643254078,41,0.00400390625
1001000100,4015,"[0, 1, 3, 2]",465,67.14010238647461,True,14.039536643254078,41,0.00400390625
1001000100,4016,"[0, 3, 1, 2]",750,67.15965270996094,False,14.039536643254078,41,0.00400390625
1001000100,4017,"[0, 1, 3, 2]",465,67.17467308044434,True,14.039536643254078,41,0.00400390625
1001000100,4018,"[0, 3, 1, 2]",750,67.19708442687988,False,14.039536643254078,41,0.00400390625
1001000100,4019,"[0, 1, 3, 2]",465,67.21210479736328,True,14.039536643254078,41,0.00400390625
1001000100,4020,"[0, 3, 1, 2]",750,67.23237037658691,False,14.039536643254078,41,0.00400390625
1001000100,4021,"[0, 1, 3, 2]",465,67.24715232849121,True,14.039536643254078,41,0.00400390625
1001000100,4022,"[0, 3, 1, 2]",750,67.26717948913574,False,14.039536643254078,41,0.00400390625
1001000100,4023,"[0, 1, 3, 2]",465,67.28172302246094,True,14.039536643254078,41,0.00400390625
1001000100,4024,"[0, 3, 1, 2]",750,67.30151176452637,False,14.039536643254078,41,0.00400390625
1001000100,4025,"[0, 1, 3, 2]",465,67.31629371643066,True,14.039536643254078,41,0.00400390625
1001000100,4026,"[0, 3, 1, 2]",750,67.33560562133789,False,14.039536643254078,41,0.00400390625
1001000100,4027,"[0, 1, 3, 2]",465,67.35062599182129,True,14.039536643254078,41,0.00400390625
1001000100,4028,"[0, 3, 1, 2]",750,67.37017631530762,False,14.039536643254078,41,0.00400390625
1001000100,4029,"[0, 1, 3, 2]",465,67.38543510437012,True,14.039536643254078,41,0.00400390625
1001000100,4030,"[0, 3, 1, 2]",750,67.40641593933105,False,14.039536643254078,41,0.00400390625
1001000100,4031,"[0, 1, 3, 2]",465,67.42143630981445,True,14.039536643254078,41,0.00400390625
1001000100,4032,"[0, 3, 1, 2]",750,67.44146347045898,False,14.039536643254078,41,0.00400390625
1001000100,4033,"[0, 1, 3, 2]",465,67.45624542236328,True,14.039536643254078,41,0.00400390625
1001000100,4034,"[0, 3, 1, 2]",750,67.47579574584961,False,14.039536643254078,41,0.00400390625
1001000100,4035,"[0, 1, 3, 2]",465,67.4903392791748,True,14.039536643254078,41,0.00400390625
1001000100,4036,"[0, 3, 1, 2]",750,67.51012802124023,False,14.039536643254078,41,0.00400390625
1001000100,4037,"[0, 1, 3, 2]",465,67.52467155456543,True,14.039536643254078,41,0.00400390625
1001000100,4038,"[0, 3, 1, 2]",750,67.54446029663086,False,14.039536643254078,41,0.00400390625
1001000100,4039,"[0, 1, 3, 2]",465,67.55900382995605,True,14.039536643254078,41,0.00400390625
1001000100,4040,"[0, 3, 1, 2]",750,67.57855415344238,False,14.039536643254078,41,0.00400390625
1001000100,4041,"[0, 1, 3, 2]",465,67.59357452392578,True,14.039536643254078,41,0.00400390625
1001000100,4042,"[0, 3, 1, 2]",750,67.61288642883301,False,14.039536643254078,41,0.00400390625
1001000100,4043,"[0, 1, 3, 2]",465,67.6276683807373,True,14.039536643254078,41,0.00400390625
1001000100,4044,"[0, 3, 1, 2]",750,67.64721870422363,False,14.039536643254078,41,0.00400390625
1001000100,4045,"[0, 1, 3, 2]",465,67.66176223754883,True,14.039536643254078,41,0.00400390625
1001000100,4046,"[0, 3, 1, 2]",750,67.68155097961426,False,14.039536643254078,41,0.00400390625
1001000100,4047,"[0, 1, 3, 2]",465,67.69609451293945,True,14.039536643254078,41,0.00400390625
1001000100,4048,"[0, 3, 1, 2]",750,67.71588325500488,False,14.039536643254078,41,0.00400390625
1001000100,4049,"[0, 1, 3, 2]",465,67.73018836975098,True,14.039536643254078,41,0.00400390625
1001000100,4050,"[0, 3, 1, 2]",750,67.7499771118164,False,14.039536643254078,41,0.00400390625
1001000100,4051,"[0, 1, 3, 2]",465,67.76833534240723,True,14.039536643254078,41,0.00400390625
1001000100,4052,"[0, 3, 1, 2]",750,67.78883934020996,False,14.039536643254078,41,0.00400390625
1001000100,4053,"[0, 1, 3, 2]",465,67.80385971069336,True,14.039536643254078,41,0.00400390625
1001000100,4054,"[0, 3, 1, 2]",750,67.82364845275879,False,14.039536643254078,41,0.00400390625
1001000100,4055,"[0, 1, 3, 2]",465,67.83890724182129,True,14.039536643254078,41,0.00400390625
1001000100,4056,"[0, 3, 1, 2]",750,67.85869598388672,False,14.039536643254078,41,0.00400390625
1001000100,4057,"[0, 1, 3, 2]",465,67.87347793579102,True,14.039536643254078,41,0.00400390625
1001000100,4058,"[0, 3, 1, 2]",750,67.89302825927734,False,14.039536643254078,41,0.00400390625
1001000100,4059,"[0, 1, 3, 2]",465,67.90781021118164,True,14.039536643254078,41,0.00400390625
1001000100,4060,"[0, 3, 1, 2]",750,67.92736053466797,False,14.039536643254078,41,0.00400390625
1001000100,4061,"[0, 1, 3, 2]",465,67.94166564941406,True,14.039536643254078,41,0.00400390625
0001000101,4062,"[3, 1, 2, 0]",9450,67.9616928100586,False,14.73311161570339,41,0.00400390625
0001000101,4063,"[3, 1, 0, 2]",900,67.9774284362793,True,14.73311161570339,41,0.00400390625
0001000101,4064,"[3, 1, 2, 0]",9450,67.99769401550293,False,14.73311161570339,41,0.00400390625
0001000101,4065,"[3, 1, 0, 2]",900,68.01319122314453,True,14.73311161570339,41,0.00400390625
0001000101,4066,"[3, 1, 2, 0]",9450,68.03369522094727,False,14.73311161570339,41,0.00400390625
0001000101,4067,"[3, 1, 0, 2]",900,68.04847717285156,True,14.73311161570339,41,0.00400390625
0001000101,4068,"[3, 1, 2, 0]",9450,68.07851791381836,False,14.73311161570339,41,0.00400390625
0001000101,4069,"[3, 1, 0, 2]",900,68.11261177062988,True,14.73311161570339,41,0.00400390625
0001000101,4070,"[3, 1, 2, 0]",9450,68.13645362854004,False,14.73311161570339,41,0.00400390625
0001000101,4071,"[3, 1, 0, 2]",900,68.15242767333984,True,14.73311161570339,41,0.00400390625
0001000101,4072,"[3, 1, 2, 0]",9450,68.17412376403809,False,14.73311161570339,41,0.00400390625
0001000101,4073,"[3, 1, 0, 2]",900,68.18938255310059,True,14.73311161570339,41,0.00400390625
0001000101,4074,"[3, 1, 2, 0]",9450,68.20988655090332,False,14.73311161570339,41,0.00400390625
0001000101,4075,"[3, 1, 0, 2]",900,68.22514533996582,True,14.73311161570339,41,0.00400390625
0001000101,4076,"[3, 1, 2, 0]",9450,68.24517250061035,False,14.73311161570339,41,0.00400390625
0001000101,4077,"[3, 1, 0, 2]",900,68.26043128967285,True,14.73311161570339,41,0.00400390625
0001000101,4078,"[3, 1, 2, 0]",9450,68.28069686889648,False,14.73311161570339,41,0.00400390625
0001000101,4079,"[3, 1, 0, 2]",900,68.29595565795898,True,14.73311161570339,41,0.00400390625
0001000101,4080,"[3, 1, 2, 0]",9450,68.31622123718262,False,14.73311161570339,41,0.00400390625
0001000101,4081,"[3, 1, 0, 2]",900,68.33148002624512,True,14.73311161570339,41,0.00400390625
0001000101,4082,"[3, 1, 2, 0]",9450,68.35150718688965,False,14.73311161570339,41,0.00400390625
0001000101,4083,"[3, 1, 0, 2]",900,68.36700439453125,True,14.73311161570339,41,0.00400390625
0001000101,4084,"[3, 1, 2, 0]",9450,68.38703155517578,False,14.73311161570339,41,0.00400390625
0001000101,4085,"[3, 1, 0, 2]",900,68.40252876281738,True,14.73311161570339,41,0.00400390625
0001000101,4086,"[3, 1, 2, 0]",9450,68.42255592346191,False,14.73311161570339,41,0.00400390625
0001000101,4087,"[3, 1, 0, 2]",900,68.43757629394531,True,14.73311161570339,41,0.00400390625
0001000101,4088,"[3, 1, 2, 0]",9450,68.45736503601074,False,14.73311161570339,41,0.00400390625
0001000101,4089,"[3, 1, 0, 2]",900,68.47262382507324,True,14.73311161570339,41,0.00400390625
0001000101,4090,"[3, 1, 2, 0]",9450,68.49241256713867,False,14.73311161570339,41,0.00400390625
0001000101,4091,"[3, 1, 0, 2]",900,68.50719451904297,True,14.73311161570339,41,0.00400390625
0001000101,4092,"[3, 1, 2, 0]",9450,68.5272216796875,False,14.73311161570339,41,0.00400390625
0001000101,4093,"[3, 1, 0, 2]",900,68.54438781738281,True,14.73311161570339,41,0.00400390625
0001000101,4094,"[3, 1, 2, 0]",9450,68.56536865234375,False,14.73311161570339,41,0.00400390625
0001000101,4095,"[3, 1, 0, 2]",900,68.58062744140625,True,14.73311161570339,41,0.00400390625
0001000101,4096,"[3, 1, 2, 0]",9450,68.60089302062988,False,14.73311161570339,41,0.00400390625
0001000101,4097,"[3, 1, 0, 2]",900,68.61615180969238,True,14.73311161570339,41,0.00400390625
0001000101,4098,"[3, 1, 2, 0]",9450,68.64476203918457,False,14.73311161570339,41,0.00400390625
0001000101,4099,"[3, 1, 0, 2]",900,68.65859031677246,True,14.73311161570339,41,0.00400390625
0001000101,4100,"[3, 1, 2, 0]",9450,68.67551803588867,False,14.73311161570339,41,0.00400390625
0001000101,4101,"[3, 1, 0, 2]",900,68.68886947631836,True,14.73311161570339,41,0.00400390625
0001000101,4102,"[3, 1, 2, 0]",9450,68.70627403259277,False,14.73311161570339,41,0.00400390625
0001000101,4103,"[3, 1, 0, 2]",900,68.71938705444336,True,14.73311161570339,41,0.00400390625
0001000101,4104,"[3, 1, 2, 0]",9450,68.73679161071777,False,14.73311161570339,41,0.00400390625
0001000101,4105,"[3, 1, 0, 2]",900,68.75014305114746,True,14.73311161570339,41,0.00400390625
0001000101,4106,"[3, 1, 2, 0]",9450,68.76754760742188,False,14.73311161570339,41,0.00400390625
0001000101,4107,"[3, 1, 0, 2]",900,68.78113746643066,True,14.73311161570339,41,0.00400390625
0001000101,4108,"[3, 1, 2, 0]",9450,68.79854202270508,False,14.73311161570339,41,0.00400390625
0001000101,4109,"[3, 1, 0, 2]",900,68.81189346313477,True,14.73311161570339,41,0.00400390625
0001000101,4110,"[3, 1, 2, 0]",9450,68.82929801940918,False,14.73311161570339,41,0.00400390625
0001000101,4111,"[3, 1, 0, 2]",900,68.84264945983887,True,14.73311161570339,41,0.00400390625
0001000101,4112,"[3, 1, 2, 0]",9450,68.86005401611328,False,14.73311161570339,41,0.00400390625
0001000101,4113,"[3, 1, 0, 2]",900,68.87340545654297,True,14.73311161570339,41,0.00400390625
0001000101,4114,"[3, 1, 2, 0]",9450,68.89224052429199,False,14.73311161570339,41,0.00400390625
0001000101,4115,"[3, 1, 0, 2]",900,68.90583038330078,True,14.73311161570339,41,0.00400390625
0001000101,4116,"[3, 1, 2, 0]",9450,68.9234733581543,False,14.73311161570339,41,0.00400390625
0001000101,4117,"[3, 1, 0, 2]",900,68.93682479858398,True,14.73311161570339,41,0.00400390625
0001000101,4118,"[3, 1, 2, 0]",9450,68.9554214477539,False,14.73311161570339,41,0.00400390625
0001000101,4119,"[3, 1, 0, 2]",900,68.9692497253418,True,14.73311161570339,41,0.00400390625
0001000101,4120,"[3, 1, 2, 0]",9450,68.98736953735352,False,14.73311161570339,41,0.00400390625
0001000101,4121,"[3, 1, 0, 2]",900,69.0007209777832,True,14.73311161570339,41,0.00400390625
0001000101,4122,"[3, 1, 2, 0]",9450,69.01836395263672,False,14.73311161570339,41,0.00400390625
0001000101,4123,"[3, 1, 0, 2]",900,69.0314769744873,True,14.73311161570339,41,0.00400390625
0001000101,4124,"[3, 1, 2, 0]",9450,69.04888153076172,False,14.73311161570339,41,0.00400390625
0001000101,4125,"[3, 1, 0, 2]",900,69.0619945526123,True,14.73311161570339,41,0.00400390625
0001000101,4126,"[3, 1, 2, 0]",9450,69.07939910888672,False,14.73311161570339,41,0.00400390625
0001000101,4127,"[3, 1, 0, 2]",900,69.0925121307373,True,14.73311161570339,41,0.00400390625
0001000101,4128,"[3, 1, 2, 0]",9450,69.10991668701172,False,14.73311161570339,41,0.00400390625
0001000101,4129,"[3, 1, 0, 2]",900,69.1227912902832,True,14.73311161570339,41,0.00400390625
0001000101,4130,"[3, 1, 2, 0]",9450,69.13995742797852,False,14.73311161570339,41,0.00400390625
0001000101,4131,"[3, 1, 0, 2]",900,69.1530704498291,True,14.73311161570339,41,0.00400390625
0001000101,4132,"[3, 1, 2, 0]",9450,69.17047500610352,False,14.73311161570339,41,0.00400390625
0001000101,4133,"[3, 1, 0, 2]",900,69.1835880279541,True,14.73311161570339,41,0.00400390625
0001000101,4134,"[3, 1, 2, 0]",9450,69.20123100280762,False,14.73311161570339,41,0.00400390625
0001000101,4135,"[3, 1, 0, 2]",900,69.21601295471191,True,14.73311161570339,41,0.00400390625
0001000101,4136,"[3, 1, 2, 0]",9450,69.23437118530273,False,14.73311161570339,41,0.00400390625
0001000101,4137,"[3, 1, 0, 2]",900,69.24819946289062,True,14.73311161570339,41,0.00400390625
0001000101,4138,"[3, 1, 2, 0]",9450,69.26560401916504,False,14.73311161570339,41,0.00400390625
0001000101,4139,"[3, 1, 0, 2]",900,69.27943229675293,True,14.73311161570339,41,0.00400390625
0001000101,4140,"[3, 1, 2, 0]",9450,69.29659843444824,False,14.73311161570339,41,0.00400390625
0001000101,4141,"[3, 1, 0, 2]",900,69.31018829345703,True,14.73311161570339,41,0.00400390625
0001000101,4142,"[3, 1, 2, 0]",9450,69.32759284973145,False,14.73311161570339,41,0.00400390625
0001000101,4143,"[3, 1, 0, 2]",900,69.34118270874023,True,14.73311161570339,41,0.00400390625
0000010100,4144,"[3, 2, 1, 0]",9600,69.35858726501465,False,17.718124370008205,41,0.00400390625
0000010100,4145,"[3, 2, 1, 0]",9600,69.37217712402344,True,17.718124370008205,41,0.00400390625
0000010100,4146,"[3, 2, 1, 0]",9600,69.38934326171875,False,17.718124370008205,41,0.00400390625
0000010100,4147,"[3, 2, 1, 0]",9600,69.40245628356934,True,17.718124370008205,41,0.00400390625
0000010100,4148,"[3, 2, 1, 0]",9600,69.41986083984375,False,17.718124370008205,41,0.00400390625
0000010100,4149,"[3, 2, 1, 0]",9600,69.43273544311523,True,17.718124370008205,41,0.00400390625
0000010100,4150,"[3, 2, 1, 0]",9600,69.44966316223145,False,17.718124370008205,41,0.00400390625
0000010100,4151,"[3, 2, 1, 0]",9600,69.46253776550293,True,17.718124370008205,41,0.00400390625
0000010100,4152,"[3, 2, 1, 0]",9600,69.47970390319824,False,17.718124370008205,41,0.00400390625
0000010100,4153,"[3, 2, 1, 0]",9600,69.49615478515625,True,17.718124370008205,41,0.00400390625
0000010100,4154,"[3, 2, 1, 0]",9600,69.51379776000977,False,17.718124370008205,41,0.00400390625
0000010100,4155,"[3, 2, 1, 0]",9600,69.52643394470215,True,17.718124370008205,41,0.00400390625
0000010100,4156,"[3, 2, 1, 0]",9600,69.54503059387207,False,17.718124370008205,41,0.00400390625
0000010100,4157,"[3, 2, 1, 0]",9600,69.55814361572266,True,17.718124370008205,41,0.00400390625
0000010100,4158,"[3, 2, 1, 0]",9600,69.57554817199707,False,17.718124370008205,41,0.00400390625
0000010100,4159,"[3, 2, 1, 0]",9600,69.58818435668945,True,17.718124370008205,41,0.00400390625
0000010100,4160,"[3, 2, 1, 0]",9600,69.60535049438477,False,17.718124370008205,41,0.00400390625
0000010100,4161,"[3, 2, 1, 0]",9600,69.61822509765625,True,17.718124370008205,41,0.00400390625
0000010100,4162,"[3, 2, 1, 0]",9600,69.63562965393066,False,17.718124370008205,41,0.00400390625
0000010100,4163,"[3, 2, 1, 0]",9600,69.64850425720215,True,17.718124370008205,41,0.00400390625
0000010100,4164,"[3, 2, 1, 0]",9600,69.66543197631836,False,17.718124370008205,41,0.00400390625
0000010100,4165,"[3, 2, 1, 0]",9600,69.67806816101074,True,17.718124370008205,41,0.00400390625
0000010100,4166,"[3, 2, 1, 0]",9600,69.69523429870605,False,17.718124370008205,41,0.00400390625
0000010100,4167,"[3, 2, 1, 0]",9600,69.70810890197754,True,17.718124370008205,41,0.00400390625
0000010100,4168,"[3, 2, 1, 0]",9600,69.72503662109375,False,17.718124370008205,41,0.00400390625
0000010100,4169,"[3, 2, 1, 0]",9600,69.73910331726074,True,17.718124370008205,41,0.00400390625
0000010100,4170,"[3, 2, 1, 0]",9600,69.75698471069336,False,17.718124370008205,41,0.00400390625
0000010100,4171,"[3, 2, 1, 0]",9600,69.76985931396484,True,17.718124370008205,41,0.00400390625
0000010100,4172,"[3, 2, 1, 0]",9600,69.78726387023926,False,17.718124370008205,41,0.00400390625
0000010100,4173,"[3, 2, 1, 0]",9600,69.79990005493164,True,17.718124370008205,41,0.00400390625
0000010100,4174,"[3, 2, 1, 0]",9600,69.81730461120605,False,17.718124370008205,41,0.00400390625
0000010100,4175,"[3, 2, 1, 0]",9600,69.83208656311035,True,17.718124370008205,41,0.00400390625
0000010100,4176,"[3, 2, 1, 0]",9600,69.84972953796387,False,17.718124370008205,41,0.00400390625
0000010100,4177,"[3, 2, 1, 0]",9600,69.86284255981445,True,17.718124370008205,41,0.00400390625
0000010100,4178,"[3, 2, 1, 0]",9600,69.88215446472168,False,17.718124370008205,41,0.00400390625
0000010100,4179,"[3, 2, 1, 0]",9600,69.89526748657227,True,17.718124370008205,41,0.00400390625
0000010100,4180,"[3, 2, 1, 0]",9600,69.91291046142578,False,17.718124370008205,41,0.00400390625
0000010100,4181,"[3, 2, 1, 0]",9600,69.92530822753906,True,17.718124370008205,41,0.00400390625
0000010100,4182,"[3, 2, 1, 0]",9600,69.94271278381348,False,17.718124370008205,41,0.00400390625
0000010100,4183,"[3, 2, 1, 0]",9600,69.95558738708496,True,17.718124370008205,41,0.00400390625
0000010100,4184,"[3, 2, 1, 0]",9600,69.97323036193848,False,17.718124370008205,41,0.00400390625
0000010100,4185,"[3, 2, 1, 0]",9600,69.98610496520996,True,17.718124370008205,41,0.00400390625
0000010100,4186,"[3, 2, 1, 0]",9600,70.00350952148438,False,17.718124370008205,41,0.00400390625
0000010100,4187,"[3, 2, 1, 0]",9600,70.01662254333496,True,17.718124370008205,41,0.00400390625
0000010100,4188,"[3, 2, 1, 0]",9600,70.03402709960938,False,17.718124370008205,41,0.00400390625
0000010100,4189,"[3, 2, 1, 0]",9600,70.04666328430176,True,17.718124370008205,41,0.00400390625
0000010100,4190,"[3, 2, 1, 0]",9600,70.06382942199707,False,17.718124370008205,41,0.00400390625
0000010100,4191,"[3, 2, 1, 0]",9600,70.07670402526855,True,17.718124370008205,41,0.00400390625
0000010100,4192,"[3, 2, 1, 0]",9600,70.09387016296387,False,17.718124370008205,41,0.00400390625
0000010100,4193,"[3, 2, 1, 0]",9600,70.10650634765625,True,17.718124370008205,41,0.00400390625
0000010100,4194,"[3, 2, 1, 0]",9600,70.12367248535156,False,17.718124370008205,41,0.00400390625
0000010100,4195,"[3, 2, 1, 0]",9600,70.13630867004395,True,17.718124370008205,41,0.00400390625
0000010100,4196,"[3, 2, 1, 0]",9600,70.15371322631836,False,17.718124370008205,41,0.00400390625
0000010100,4197,"[3, 2, 1, 0]",9600,70.16634941101074,True,17.718124370008205,41,0.00400390625
0000010100,4198,"[3, 2, 1, 0]",9600,70.18470764160156,False,17.718124370008205,41,0.00400390625
0000010100,4199,"[3, 2, 1, 0]",9600,70.19782066345215,True,17.718124370008205,41,0.00400390625
0000010100,4200,"[3, 2, 1, 0]",9600,70.21546363830566,False,17.718124370008205,41,0.00400390625
0000010100,4201,"[3, 2, 1, 0]",9600,70.22833824157715,True,17.718124370008205,41,0.00400390625
0000010100,4202,"[3, 2, 1, 0]",9600,70.24526596069336,False,17.718124370008205,41,0.00400390625
0000010100,4203,"[3, 2, 1, 0]",9600,70.25790214538574,True,17.718124370008205,41,0.00400390625
0000010100,4204,"[3, 2, 1, 0]",9600,70.27506828308105,False,17.718124370008205,41,0.00400390625
0000010100,4205,"[3, 2, 1, 0]",9600,70.28770446777344,True,17.718124370008205,41,0.00400390625
0000010100,4206,"[3, 2, 1, 0]",9600,70.30487060546875,False,17.718124370008205,41,0.00400390625
0000010100,4207,"[3, 2, 1, 0]",9600,70.31750679016113,True,17.718124370008205,41,0.00400390625
0000010100,4208,"[3, 2, 1, 0]",9600,70.33443450927734,False,17.718124370008205,41,0.00400390625
0000010100,4209,"[3, 2, 1, 0]",9600,70.34730911254883,True,17.718124370008205,41,0.00400390625
0000010100,4210,"[3, 2, 1, 0]",9600,70.36447525024414,False,17.718124370008205,41,0.00400390625
0000010100,4211,"[3, 2, 1, 0]",9600,70.37758827209473,True,17.718124370008205,41,0.00400390625
0000010100,4212,"[3, 2, 1, 0]",9600,70.39475440979004,False,17.718124370008205,41,0.00400390625
0000010100,4213,"[3, 2, 1, 0]",9600,70.40762901306152,True,17.718124370008205,41,0.00400390625
0000010100,4214,"[3, 2, 1, 0]",9600,70.42503356933594,False,17.718124370008205,41,0.00400390625
0000010100,4215,"[3, 2, 1, 0]",9600,70.43766975402832,True,17.718124370008205,41,0.00400390625
0000010100,4216,"[3, 2, 1, 0]",9600,70.45483589172363,False,17.718124370008205,41,0.00400390625
0000010100,4217,"[3, 2, 1, 0]",9600,70.46771049499512,True,17.718124370008205,41,0.00400390625
0000010100,4218,"[3, 2, 1, 0]",9600,70.48463821411133,False,17.718124370008205,41,0.00400390625
0000010100,4219,"[3, 2, 1, 0]",9600,70.49918174743652,True,17.718124370008205,41,0.00400390625
0000010100,4220,"[3, 2, 1, 0]",9600,70.51873207092285,False,17.718124370008205,41,0.00400390625
0000010100,4221,"[3, 2, 1, 0]",9600,70.53184509277344,True,17.718124370008205,41,0.00400390625
0000010100,4222,"[3, 2, 1, 0]",9600,70.54924964904785,False,17.718124370008205,41,0.00400390625
0000010100,4223,"[3, 2, 1, 0]",9600,70.56236267089844,True,17.718124370008205,41,0.00400390625
0000010100,4224,"[3, 2, 1, 0]",9600,70.57929039001465,False,17.718124370008205,41,0.00400390625
0000010100,4225,"[3, 2, 1, 0]",9600,70.59240341186523,True,17.718124370008205,41,0.00400390625
0010000111,4226,"[1, 3, 2, 0]",9450,70.60956954956055,False,18.25865282322108,41,0.00400390625
0010000111,4227,"[1, 0, 3, 2]",465,70.62363624572754,True,18.25865282322108,41,0.00400390625
0010000111,4228,"[1, 3, 2, 0]",9450,70.64104080200195,False,18.25865282322108,41,0.00400390625
0010000111,4229,"[1, 0, 3, 2]",465,70.66559791564941,True,18.25865282322108,41,0.00400390625
0010000111,4230,"[1, 3, 2, 0]",9450,70.68538665771484,False,18.25865282322108,41,0.00400390625
0010000111,4231,"[1, 0, 3, 2]",465,70.70088386535645,True,18.25865282322108,41,0.00400390625
0010000111,4232,"[1, 3, 2, 0]",9450,70.72091102600098,False,18.25865282322108,41,0.00400390625
0010000111,4233,"[1, 0, 3, 2]",465,70.73593139648438,True,18.25865282322108,41,0.00400390625
0010000111,4234,"[1, 3, 2, 0]",9450,70.75619697570801,False,18.25865282322108,41,0.00400390625
0010000111,4235,"[1, 0, 3, 2]",465,70.77145576477051,True,18.25865282322108,41,0.00400390625
0010000111,4236,"[1, 3, 2, 0]",9450,70.79124450683594,False,18.25865282322108,41,0.00400390625
0010000111,4237,"[1, 0, 3, 2]",465,70.80650329589844,True,18.25865282322108,41,0.00400390625
0010000111,4238,"[1, 3, 2, 0]",9450,70.82629203796387,False,18.25865282322108,41,0.00400390625
0010000111,4239,"[1, 0, 3, 2]",465,70.84178924560547,True,18.25865282322108,41,0.00400390625
0010000111,4240,"[1, 3, 2, 0]",9450,70.86300849914551,False,18.25865282322108,41,0.00400390625
0010000111,4241,"[1, 0, 3, 2]",465,70.87874412536621,True,18.25865282322108,41,0.00400390625
0010000111,4242,"[1, 3, 2, 0]",9450,70.89877128601074,False,18.25865282322108,41,0.00400390625
0010000111,4243,"[1, 0, 3, 2]",465,70.91379165649414,True,18.25865282322108,41,0.00400390625
0010000111,4244,"[1, 3, 2, 0]",9450,70.93358039855957,False,18.25865282322108,41,0.00400390625
0010000111,4245,"[1, 0, 3, 2]",465,70.94860076904297,True,18.25865282322108,41,0.00400390625
0010000111,4246,"[1, 3, 2, 0]",9450,70.9681510925293,False,18.25865282322108,41,0.00400390625
0010000111,4247,"[1, 0, 3, 2]",465,70.9831714630127,True,18.25865282322108,41,0.00400390625
0010000111,4248,"[1, 3, 2, 0]",9450,71.00296020507812,False,18.25865282322108,41,0.00400390625
0010000111,4249,"[1, 0, 3, 2]",465,71.01821899414062,True,18.25865282322108,41,0.00400390625
0010000111,4250,"[1, 3, 2, 0]",9450,71.03800773620605,False,18.25865282322108,41,0.00400390625
0010000111,4251,"[1, 0, 3, 2]",465,71.05302810668945,True,18.25865282322108,41,0.00400390625
0010000111,4252,"[1, 3, 2, 0]",9450,71.07281684875488,False,18.25865282322108,41,0.00400390625
0010000111,4253,"[1, 0, 3, 2]",465,71.08783721923828,True,18.25865282322108,41,0.00400390625
0010000111,4254,"[1, 3, 2, 0]",9450,71.10738754272461,False,18.25865282322108,41,0.00400390625
0010000111,4255,"[1, 0, 3, 2]",465,71.14863395690918,True,18.25865282322108,41,0.00400390625
0010000111,4256,"[1, 3, 2, 0]",9450,71.16913795471191,False,18.25865282322108,41,0.00400390625
0010000111,4257,"[1, 0, 3, 2]",465,71.18511199951172,True,18.25865282322108,41,0.00400390625
0010000111,4258,"[1, 3, 2, 0]",9450,71.20513916015625,False,18.25865282322108,41,0.00400390625
0010000111,4259,"[1, 0, 3, 2]",465,71.22111320495605,True,18.25865282322108,41,0.00400390625
0010000111,4260,"[1, 3, 2, 0]",9450,71.24066352844238,False,18.25865282322108,41,0.00400390625
0010000111,4261,"[1, 0, 3, 2]",465,71.2587833404541,True,18.25865282322108,41,0.00400390625
0010000111,4262,"[1, 3, 2, 0]",9450,71.27976417541504,False,18.25865282322108,41,0.00400390625
0010000111,4263,"[1, 0, 3, 2]",465,71.29478454589844,True,18.25865282322108,41,0.00400390625
0010000111,4264,"[1, 3, 2, 0]",9450,71.31505012512207,False,18.25865282322108,41,0.00400390625
0010000111,4265,"[1, 0, 3, 2]",465,71.33030891418457,True,18.25865282322108,41,0.00400390625
0010000111,4266,"[1, 3, 2, 0]",9450,71.3503360748291,False,18.25865282322108,41,0.00400390625
0010000111,4267,"[1, 0, 3, 2]",465,71.3655948638916,True,18.25865282322108,41,0.00400390625
0010000111,4268,"[1, 3, 2, 0]",9450,71.38538360595703,False,18.25865282322108,41,0.00400390625
0010000111,4269,"[1, 0, 3, 2]",465,71.40111923217773,True,18.25865282322108,41,0.00400390625
0010000111,4270,"[1, 3, 2, 0]",9450,71.42329216003418,False,18.25865282322108,41,0.00400390625
0010000111,4271,"[1, 0, 3, 2]",465,71.43950462341309,True,18.25865282322108,41,0.00400390625
0010000111,4272,"[1, 3, 2, 0]",9450,71.45953178405762,False,18.25865282322108,41,0.00400390625
0010000111,4273,"[1, 0, 3, 2]",465,71.47550582885742,True,18.25865282322108,41,0.00400390625
0010000111,4274,"[1, 3, 2, 0]",9450,71.49553298950195,False,18.25865282322108,41,0.00400390625
0010000111,4275,"[1, 0, 3, 2]",465,71.51079177856445,True,18.25865282322108,41,0.00400390625
0010000111,4276,"[1, 3, 2, 0]",9450,71.53058052062988,False,18.25865282322108,41,0.00400390625
0010000111,4277,"[1, 0, 3, 2]",465,71.54583930969238,True,18.25865282322108,41,0.00400390625
0010000111,4278,"[1, 3, 2, 0]",9450,71.56562805175781,False,18.25865282322108,41,0.00400390625
0010000111,4279,"[1, 0, 3, 2]",465,71.58088684082031,True,18.25865282322108,41,0.00400390625
0010000111,4280,"[1, 3, 2, 0]",9450,71.60091400146484,False,18.25865282322108,41,0.00400390625
0010000111,4281,"[1, 0, 3, 2]",465,71.61593437194824,True,18.25865282322108,41,0.00400390625
0010000111,4282,"[1, 3, 2, 0]",9450,71.63763046264648,False,18.25865282322108,41,0.00400390625
0010000111,4283,"[1, 0, 3, 2]",465,71.65312767028809,True,18.25865282322108,41,0.00400390625
0010000111,4284,"[1, 3, 2, 0]",9450,71.67363166809082,False,18.25865282322108,41,0.00400390625
0010000111,4285,"[1, 0, 3, 2]",465,71.68841361999512,True,18.25865282322108,41,0.00400390625
0010000111,4286,"[1, 3, 2, 0]",9450,71.70820236206055,False,18.25865282322108,41,0.00400390625
0010000111,4287,"[1, 0, 3, 2]",465,71.72322273254395,True,18.25865282322108,41,0.00400390625
0010000111,4288,"[1, 3, 2, 0]",9450,71.75278663635254,False,18.25865282322108,41,0.00400390625
0010000111,4289,"[1, 0, 3, 2]",465,71.76637649536133,True,18.25865282322108,41,0.00400390625
0010000111,4290,"[1, 3, 2, 0]",9450,71.78378105163574,False,18.25865282322108,41,0.00400390625
0010000111,4291,"[1, 0, 3, 2]",465,71.79689407348633,True,18.25865282322108,41,0.00400390625
0010000111,4292,"[1, 3, 2, 0]",9450,71.81429862976074,False,18.25865282322108,41,0.00400390625
0010000111,4293,"[1, 0, 3, 2]",465,71.82741165161133,True,18.25865282322108,41,0.00400390625
0010000111,4294,"[1, 3, 2, 0]",9450,71.84457778930664,False,18.25865282322108,41,0.00400390625
0010000111,4295,"[1, 0, 3, 2]",465,71.85816764831543,True,18.25865282322108,41,0.00400390625
0010000111,4296,"[1, 3, 2, 0]",9450,71.87533378601074,False,18.25865282322108,41,0.00400390625
0010000111,4297,"[1, 0, 3, 2]",465,71.88892364501953,True,18.25865282322108,41,0.00400390625
0010000111,4298,"[1, 3, 2, 0]",9450,71.90632820129395,False,18.25865282322108,41,0.00400390625
0010000111,4299,"[1, 0, 3, 2]",465,71.91967964172363,True,18.25865282322108,41,0.00400390625
0010000111,4300,"[1, 3, 2, 0]",9450,71.93684577941895,False,18.25865282322108,41,0.00400390625
0010000111,4301,"[1, 0, 3, 2]",465,71.94995880126953,True,18.25865282322108,41,0.00400390625
0010000111,4302,"[1, 3, 2, 0]",9450,71.96712493896484,False,18.25865282322108,41,0.00400390625
0010000111,4303,"[1, 0, 3, 2]",465,71.98119163513184,True,18.25865282322108,41,0.00400390625
0010000111,4304,"[1, 3, 2, 0]",9450,71.99931144714355,False,18.25865282322108,41,0.00400390625
0010000111,4305,"[1, 0, 3, 2]",465,72.01266288757324,True,18.25865282322108,41,0.00400390625
0010000111,4306,"[1, 3, 2, 0]",9450,72.03006744384766,False,18.25865282322108,41,0.00400390625
0010000111,4307,"[1, 0, 3, 2]",465,72.04294204711914,True,18.25865282322108,41,0.00400390625
1011001100,4308,"[3, 1, 0, 2]",900,72.06082344055176,False,26.385498314058843,40,0.00390625
1011001100,4309,"[3, 1, 0, 2]",900,72.07417488098145,True,26.385498314058843,40,0.00390625
1011001100,4310,"[3, 1, 0, 2]",900,72.09157943725586,False,26.385498314058843,40,0.00390625
1011001100,4311,"[3, 1, 0, 2]",900,72.10469245910645,True,26.385498314058843,40,0.00390625
1011001100,4312,"[3, 1, 0, 2]",900,72.12209701538086,False,26.385498314058843,40,0.00390625
1011001100,4313,"[3, 1, 0, 2]",900,72.13497161865234,True,26.385498314058843,40,0.00390625
1011001100,4314,"[3, 1, 0, 2]",900,72.15213775634766,False,26.385498314058843,40,0.00390625
1011001100,4315,"[3, 1, 0, 2]",900,72.16525077819824,True,26.385498314058843,40,0.00390625
1011001100,4316,"[3, 1, 0, 2]",900,72.18265533447266,False,26.385498314058843,40,0.00390625
1011001100,4317,"[3, 1, 0, 2]",900,72.19529151916504,True,26.385498314058843,40,0.00390625
1011001100,4318,"[3, 1, 0, 2]",900,72.21269607543945,False,26.385498314058843,40,0.00390625
1011001100,4319,"[3, 1, 0, 2]",900,72.22557067871094,True,26.385498314058843,40,0.00390625
1011001100,4320,"[3, 1, 0, 2]",900,72.24440574645996,False,26.385498314058843,40,0.00390625
1011001100,4321,"[3, 1, 0, 2]",900,72.25823402404785,True,26.385498314058843,40,0.00390625
1011001100,4322,"[3, 1, 0, 2]",900,72.27635383605957,False,26.385498314058843,40,0.00390625
1011001100,4323,"[3, 1, 0, 2]",900,72.28946685791016,True,26.385498314058843,40,0.00390625
1011001100,4324,"[3, 1, 0, 2]",900,72.30854034423828,False,26.385498314058843,40,0.00390625
1011001100,4325,"[3, 1, 0, 2]",900,72.32213020324707,True,26.385498314058843,40,0.00390625
1011001100,4326,"[3, 1, 0, 2]",900,72.33977317810059,False,26.385498314058843,40,0.00390625
1011001100,4327,"[3, 1, 0, 2]",900,72.35312461853027,True,26.385498314058843,40,0.00390625
1011001100,4328,"[3, 1, 0, 2]",900,72.37029075622559,False,26.385498314058843,40,0.00390625
1011001100,4329,"[3, 1, 0, 2]",900,72.38316535949707,True,26.385498314058843,40,0.00390625
1011001100,4330,"[3, 1, 0, 2]",900,72.40056991577148,False,26.385498314058843,40,0.00390625
1011001100,4331,"[3, 1, 0, 2]",900,72.41368293762207,True,26.385498314058843,40,0.00390625
1011001100,4332,"[3, 1, 0, 2]",900,72.43108749389648,False,26.385498314058843,40,0.00390625
1011001100,4333,"[3, 1, 0, 2]",900,72.44420051574707,True,26.385498314058843,40,0.00390625
1011001100,4334,"[3, 1, 0, 2]",900,72.46160507202148,False,26.385498314058843,40,0.00390625
1011001100,4335,"[3, 1, 0, 2]",900,72.47471809387207,True,26.385498314058843,40,0.00390625
1011001100,4336,"[3, 1, 0, 2]",900,72.49236106872559,False,26.385498314058843,40,0.00390625
1011001100,4337,"[3, 1, 0, 2]",900,72.50547409057617,True,26.385498314058843,40,0.00390625
1011001100,4338,"[3, 1, 0, 2]",900,72.52264022827148,False,26.385498314058843,40,0.00390625
1011001100,4339,"[3, 1, 0, 2]",900,72.53527641296387,True,26.385498314058843,40,0.00390625
1011001100,4340,"[3, 1, 0, 2]",900,72.55244255065918,False,26.385498314058843,40,0.00390625
1011001100,4341,"[3, 1, 0, 2]",900,72.56579399108887,True,26.385498314058843,40,0.00390625
1011001100,4342,"[3, 1, 0, 2]",900,72.58296012878418,False,26.385498314058843,40,0.00390625
1011001100,4343,"[3, 1, 0, 2]",900,72.59798049926758,True,26.385498314058843,40,0.00390625
1011001100,4344,"[3, 1, 0, 2]",900,72.61538505554199,False,26.385498314058843,40,0.00390625
1011001100,4345,"[3, 1, 0, 2]",900,72.62921333312988,True,26.385498314058843,40,0.00390625
1011001100,4346,"[3, 1, 0, 2]",900,72.64852523803711,False,26.385498314058843,40,0.00390625
1011001100,4347,"[3, 1, 0, 2]",900,72.6618766784668,True,26.385498314058843,40,0.00390625
1011001100,4348,"[3, 1, 0, 2]",900,72.67928123474121,False,26.385498314058843,40,0.00390625
1011001100,4349,"[3, 1, 0, 2]",900,72.6921558380127,True,26.385498314058843,40,0.00390625
1011001100,4350,"[3, 1, 0, 2]",900,72.70956039428711,False,26.385498314058843,40,0.00390625
1011001100,4351,"[3, 1, 0, 2]",900,72.7226734161377,True,26.385498314058843,40,0.00390625
1011001100,4352,"[3, 1, 0, 2]",900,72.74007797241211,False,26.385498314058843,40,0.00390625
1011001100,4353,"[3, 1, 0, 2]",900,72.7531909942627,True,26.385498314058843,40,0.00390625
1011001100,4354,"[3, 1, 0, 2]",900,72.77035713195801,False,26.385498314058843,40,0.00390625
1011001100,4355,"[3, 1, 0, 2]",900,72.7837085723877,True,26.385498314058843,40,0.00390625
1011001100,4356,"[3, 1, 0, 2]",900,72.8006362915039,False,26.385498314058843,40,0.00390625
1011001100,4357,"[3, 1, 0, 2]",900,72.81351089477539,True,26.385498314058843,40,0.00390625
1011001100,4358,"[3, 1, 0, 2]",900,72.8306770324707,False,26.385498314058843,40,0.00390625
1011001100,4359,"[3, 1, 0, 2]",900,72.84379005432129,True,26.385498314058843,40,0.00390625
1011001100,4360,"[3, 1, 0, 2]",900,72.8609561920166,False,26.385498314058843,40,0.00390625
1011001100,4361,"[3, 1, 0, 2]",900,72.87383079528809,True,26.385498314058843,40,0.00390625
1011001100,4362,"[3, 1, 0, 2]",900,72.8909969329834,False,26.385498314058843,40,0.00390625
1011001100,4363,"[3, 1, 0, 2]",900,72.90363311767578,True,26.385498314058843,40,0.00390625
1011001100,4364,"[3, 1, 0, 2]",900,72.9210376739502,False,26.385498314058843,40,0.00390625
1011001100,4365,"[3, 1, 0, 2]",900,72.93391227722168,True,26.385498314058843,40,0.00390625
1011001100,4366,"[3, 1, 0, 2]",900,72.9529857635498,False,26.385498314058843,40,0.00390625
1011001100,4367,"[3, 1, 0, 2]",900,72.96586036682129,True,26.385498314058843,40,0.00390625
1011001100,4368,"[3, 1, 0, 2]",900,72.9835033416748,False,26.385498314058843,40,0.00390625
1011001100,4369,"[3, 1, 0, 2]",900,72.99637794494629,True,26.385498314058843,40,0.00390625
1011001100,4370,"[3, 1, 0, 2]",900,73.01545143127441,False,26.385498314058843,40,0.00390625
1011001100,4371,"[3, 1, 0, 2]",900,73.0288028717041,True,26.385498314058843,40,0.00390625
1011001100,4372,"[3, 1, 0, 2]",900,73.04692268371582,False,26.385498314058843,40,0.00390625
1011001100,4373,"[3, 1, 0, 2]",900,73.0597972869873,True,26.385498314058843,40,0.00390625
1011001100,4374,"[3, 1, 0, 2]",900,73.07696342468262,False,26.385498314058843,40,0.00390625
1011001100,4375,"[3, 1, 0, 2]",900,73.0898380279541,True,26.385498314058843,40,0.00390625
1011001100,4376,"[3, 1, 0, 2]",900,73.10724258422852,False,26.385498314058843,40,0.00390625
1011001100,4377,"[3, 1, 0, 2]",900,73.1201171875,True,26.385498314058843,40,0.00390625
1011001100,4378,"[3, 1, 0, 2]",900,73.13728332519531,False,26.385498314058843,40,0.00390625
1011001100,4379,"[3, 1, 0, 2]",900,73.1501579284668,True,26.385498314058843,40,0.00390625
1011001100,4380,"[3, 1, 0, 2]",900,73.16732406616211,False,26.385498314058843,40,0.00390625
1011001100,4381,"[3, 1, 0, 2]",900,73.1806755065918,True,26.385498314058843,40,0.00390625
1011001100,4382,"[3, 1, 0, 2]",900,73.19808006286621,False,26.385498314058843,40,0.00390625
1011001100,4383,"[3, 1, 0, 2]",900,73.2111930847168,True,26.385498314058843,40,0.00390625
1011001100,4384,"[3, 1, 0, 2]",900,73.22835922241211,False,26.385498314058843,40,0.00390625
1011001100,4385,"[3, 1, 0, 2]",900,73.2414722442627,True,26.385498314058843,40,0.00390625
1011001100,4386,"[3, 1, 0, 2]",900,73.25863838195801,False,26.385498314058843,40,0.00390625
1011001100,4387,"[3, 1, 0, 2]",900,73.2731819152832,True,26.385498314058843,40,0.00390625
0010110000,4388,"[2, 1, 3, 0]",9300,73.29106330871582,False,17.828808760201333,40,0.00390625
0010110000,4389,"[2, 1, 0, 3]",600,73.30465316772461,True,17.828808760201333,40,0.00390625
0010110000,4390,"[2, 1, 3, 0]",9300,73.32181930541992,False,17.828808760201333,40,0.00390625
0010110000,4391,"[2, 1, 0, 3]",600,73.33493232727051,True,17.828808760201333,40,0.00390625
0010110000,4392,"[2, 1, 3, 0]",9300,73.35233688354492,False,17.828808760201333,40,0.00390625
0010110000,4393,"[2, 1, 0, 3]",600,73.36544990539551,True,17.828808760201333,40,0.00390625
0010110000,4394,"[2, 1, 3, 0]",9300,73.38285446166992,False,17.828808760201333,40,0.00390625
0010110000,4395,"[2, 1, 0, 3]",600,73.39596748352051,True,17.828808760201333,40,0.00390625
0010110000,4396,"[2, 1, 3, 0]",9300,73.41337203979492,False,17.828808760201333,40,0.00390625
0010110000,4397,"[2, 1, 0, 3]",600,73.42648506164551,True,17.828808760201333,40,0.00390625
0010110000,4398,"[2, 1, 3, 0]",9300,73.44388961791992,False,17.828808760201333,40,0.00390625
0010110000,4399,"[2, 1, 0, 3]",600,73.4567642211914,True,17.828808760201333,40,0.00390625
0010110000,4400,"[2, 1, 3, 0]",9300,73.47416877746582,False,17.828808760201333,40,0.00390625
0010110000,4401,"[2, 1, 0, 3]",600,73.49014282226562,True,17.828808760201333,40,0.00390625
0010110000,4402,"[2, 1, 3, 0]",9300,73.50850105285645,False,17.828808760201333,40,0.00390625
0010110000,4403,"[2, 1, 0, 3]",600,73.52113723754883,True,17.828808760201333,40,0.00390625
0010110000,4404,"[2, 1, 3, 0]",9300,73.53878021240234,False,17.828808760201333,40,0.00390625
0010110000,4405,"[2, 1, 0, 3]",600,73.55213165283203,True,17.828808760201333,40,0.00390625
0010110000,4406,"[2, 1, 3, 0]",9300,73.56953620910645,False,17.828808760201333,40,0.00390625
0010110000,4407,"[2, 1, 0, 3]",600,73.58264923095703,True,17.828808760201333,40,0.00390625
0010110000,4408,"[2, 1, 3, 0]",9300,73.60148429870605,False,17.828808760201333,40,0.00390625
0010110000,4409,"[2, 1, 0, 3]",600,73.61531257629395,True,17.828808760201333,40,0.00390625
0010110000,4410,"[2, 1, 3, 0]",9300,73.63295555114746,False,17.828808760201333,40,0.00390625
0010110000,4411,"[2, 1, 0, 3]",600,73.64654541015625,True,17.828808760201333,40,0.00390625
0010110000,4412,"[2, 1, 3, 0]",9300,73.66394996643066,False,17.828808760201333,40,0.00390625
0010110000,4413,"[2, 1, 0, 3]",600,73.67706298828125,True,17.828808760201333,40,0.00390625
0010110000,4414,"[2, 1, 3, 0]",9300,73.69446754455566,False,17.828808760201333,40,0.00390625
0010110000,4415,"[2, 1, 0, 3]",600,73.70781898498535,True,17.828808760201333,40,0.00390625
0010110000,4416,"[2, 1, 3, 0]",9300,73.72498512268066,False,17.828808760201333,40,0.00390625
0010110000,4417,"[2, 1, 0, 3]",600,73.73809814453125,True,17.828808760201333,40,0.00390625
0010110000,4418,"[2, 1, 3, 0]",9300,73.77123832702637,False,17.828808760201333,40,0.00390625
0010110000,4419,"[2, 1, 0, 3]",600,73.78506660461426,True,17.828808760201333,40,0.00390625
0010110000,4420,"[2, 1, 3, 0]",9300,73.80342483520508,False,17.828808760201333,40,0.00390625
0010110000,4421,"[2, 1, 0, 3]",600,73.81868362426758,True,17.828808760201333,40,0.00390625
0010110000,4422,"[2, 1, 3, 0]",9300,73.8372802734375,False,17.828808760201333,40,0.00390625
0010110000,4423,"[2, 1, 0, 3]",600,73.85087013244629,True,17.828808760201333,40,0.00390625
0010110000,4424,"[2, 1, 3, 0]",9300,73.86946678161621,False,17.828808760201333,40,0.00390625
0010110000,4425,"[2, 1, 0, 3]",600,73.8828182220459,True,17.828808760201333,40,0.00390625
0010110000,4426,"[2, 1, 3, 0]",9300,73.90093803405762,False,17.828808760201333,40,0.00390625
0010110000,4427,"[2, 1, 0, 3]",600,73.91476631164551,True,17.828808760201333,40,0.00390625
0010110000,4428,"[2, 1, 3, 0]",9300,73.93288612365723,False,17.828808760201333,40,0.00390625
0010110000,4429,"[2, 1, 0, 3]",600,73.94790649414062,True,17.828808760201333,40,0.00390625
0010110000,4430,"[2, 1, 3, 0]",9300,73.96697998046875,False,17.828808760201333,40,0.00390625
0010110000,4431,"[2, 1, 0, 3]",600,73.98080825805664,True,17.828808760201333,40,0.00390625
0010110000,4432,"[2, 1, 3, 0]",9300,73.99868965148926,False,17.828808760201333,40,0.00390625
0010110000,4433,"[2, 1, 0, 3]",600,74.01251792907715,True,17.828808760201333,40,0.00390625
0010110000,4434,"[2, 1, 3, 0]",9300,74.03016090393066,False,17.828808760201333,40,0.00390625
0010110000,4435,"[2, 1, 0, 3]",600,74.04398918151855,True,17.828808760201333,40,0.00390625
0010110000,4436,"[2, 1, 3, 0]",9300,74.06210899353027,False,17.828808760201333,40,0.00390625
0010110000,4437,"[2, 1, 0, 3]",600,74.07617568969727,True,17.828808760201333,40,0.00390625
0010110000,4438,"[2, 1, 3, 0]",9300,74.09405708312988,False,17.828808760201333,40,0.00390625
0010110000,4439,"[2, 1, 0, 3]",600,74.10788536071777,True,17.828808760201333,40,0.00390625
0010110000,4440,"[2, 1, 3, 0]",9300,74.12600517272949,False,17.828808760201333,40,0.00390625
0010110000,4441,"[2, 1, 0, 3]",600,74.13983345031738,True,17.828808760201333,40,0.00390625
0010110000,4442,"[2, 1, 3, 0]",9300,74.1581916809082,False,17.828808760201333,40,0.00390625
0010110000,4443,"[2, 1, 0, 3]",600,74.1720199584961,True,17.828808760201333,40,0.00390625
0010110000,4444,"[2, 1, 3, 0]",9300,74.18990135192871,False,17.828808760201333,40,0.00390625
0010110000,4445,"[2, 1, 0, 3]",600,74.2034912109375,True,17.828808760201333,40,0.00390625
0010110000,4446,"[2, 1, 3, 0]",9300,74.22161102294922,False,17.828808760201333,40,0.00390625
0010110000,4447,"[2, 1, 0, 3]",600,74.2349624633789,True,17.828808760201333,40,0.00390625
0010110000,4448,"[2, 1, 3, 0]",9300,74.25284385681152,False,17.828808760201333,40,0.00390625
0010110000,4449,"[2, 1, 0, 3]",600,74.26643371582031,True,17.828808760201333,40,0.00390625
0010110000,4450,"[2, 1, 3, 0]",9300,74.28598403930664,False,17.828808760201333,40,0.00390625
0010110000,4451,"[2, 1, 0, 3]",600,74.29957389831543,True,17.828808760201333,40,0.00390625
0010110000,4452,"[2, 1, 3, 0]",9300,74.31840896606445,False,17.828808760201333,40,0.00390625
0010110000,4453,"[2, 1, 0, 3]",600,74.33176040649414,True,17.828808760201333,40,0.00390625
0010110000,4454,"[2, 1, 3, 0]",9300,74.35011863708496,False,17.828808760201333,40,0.00390625
0010110000,4455,"[2, 1, 0, 3]",600,74.36323165893555,True,17.828808760201333,40,0.00390625
0010110000,4456,"[2, 1, 3, 0]",9300,74.38158988952637,False,17.828808760201333,40,0.00390625
0010110000,4457,"[2, 1, 0, 3]",600,74.39494132995605,True,17.828808760201333,40,0.00390625
0010110000,4458,"[2, 1, 3, 0]",9300,74.41329956054688,False,17.828808760201333,40,0.00390625
0010110000,4459,"[2, 1, 0, 3]",600,74.42641258239746,True,17.828808760201333,40,0.00390625
0010110000,4460,"[2, 1, 3, 0]",9300,74.44477081298828,False,17.828808760201333,40,0.00390625
0010110000,4461,"[2, 1, 0, 3]",600,74.45836067199707,True,17.828808760201333,40,0.00390625
0010110000,4462,"[2, 1, 3, 0]",9300,74.47695732116699,False,17.828808760201333,40,0.00390625
0010110000,4463,"[2, 1, 0, 3]",600,74.49078559875488,True,17.828808760201333,40,0.00390625
0010110000,4464,"[2, 1, 3, 0]",9300,74.5091438293457,False,17.828808760201333,40,0.00390625
0010110000,4465,"[2, 1, 0, 3]",600,74.52273368835449,True,17.828808760201333,40,0.00390625
0010110000,4466,"[2, 1, 3, 0]",9300,74.54085350036621,False,17.828808760201333,40,0.00390625
0010110000,4467,"[2, 1, 0, 3]",600,74.5546817779541,True,17.828808760201333,40,0.00390625
0110000110,4468,"[1, 3, 0, 2]",900,74.57280158996582,False,14.16713784209973,40,0.00390625
0110000110,4469,"[1, 0, 3, 2]",465,74.58686828613281,True,14.16713784209973,40,0.00390625
0110000110,4470,"[1, 3, 0, 2]",900,74.60498809814453,False,14.16713784209973,40,0.00390625
0110000110,4471,"[1, 0, 3, 2]",465,74.63431358337402,True,14.16713784209973,40,0.00390625
0110000110,4472,"[1, 3, 0, 2]",900,74.65624809265137,False,14.16713784209973,40,0.00390625
0110000110,4473,"[1, 0, 3, 2]",465,74.67222213745117,True,14.16713784209973,40,0.00390625
0110000110,4474,"[1, 3, 0, 2]",900,74.69391822814941,False,14.16713784209973,40,0.00390625
0110000110,4475,"[1, 0, 3, 2]",465,74.71013069152832,True,14.16713784209973,40,0.00390625
0110000110,4476,"[1, 3, 0, 2]",900,74.73111152648926,False,14.16713784209973,40,0.00390625
0110000110,4477,"[1, 0, 3, 2]",465,74.74684715270996,True,14.16713784209973,40,0.00390625
0110000110,4478,"[1, 3, 0, 2]",900,74.7678279876709,False,14.16713784209973,40,0.00390625
0110000110,4479,"[1, 0, 3, 2]",465,74.7833251953125,True,14.16713784209973,40,0.00390625
0110000110,4480,"[1, 3, 0, 2]",900,74.80406761169434,False,14.16713784209973,40,0.00390625
0110000110,4481,"[1, 0, 3, 2]",465,74.81956481933594,True,14.16713784209973,40,0.00390625
0110000110,4482,"[1, 3, 0, 2]",900,74.84030723571777,False,14.16713784209973,40,0.00390625
0110000110,4483,"[1, 0, 3, 2]",465,74.85604286193848,True,14.16713784209973,40,0.00390625
0110000110,4484,"[1, 3, 0, 2]",900,74.87678527832031,False,14.16713784209973,40,0.00390625
0110000110,4485,"[1, 0, 3, 2]",465,74.89204406738281,True,14.16713784209973,40,0.00390625
0110000110,4486,"[1, 3, 0, 2]",900,74.91278648376465,False,14.16713784209973,40,0.00390625
0110000110,4487,"[1, 0, 3, 2]",465,74.92876052856445,True,14.16713784209973,40,0.00390625
0110000110,4488,"[1, 3, 0, 2]",900,74.94974136352539,False,14.16713784209973,40,0.00390625
0110000110,4489,"[1, 0, 3, 2]",465,74.9657154083252,True,14.16713784209973,40,0.00390625
0110000110,4490,"[1, 3, 0, 2]",900,74.9967098236084,False,14.16713784209973,40,0.00390625
0110000110,4491,"[1, 0, 3, 2]",465,75.01220703125,True,14.16713784209973,40,0.00390625
0110000110,4492,"[1, 3, 0, 2]",900,75.03342628479004,False,14.16713784209973,40,0.00390625
0110000110,4493,"[1, 0, 3, 2]",465,75.04916191101074,True,14.16713784209973,40,0.00390625
0110000110,4494,"[1, 3, 0, 2]",900,75.06918907165527,False,14.16713784209973,40,0.00390625
0110000110,4495,"[1, 0, 3, 2]",465,75.08468627929688,True,14.16713784209973,40,0.00390625
0110000110,4496,"[1, 3, 0, 2]",900,75.1042366027832,False,14.16713784209973,40,0.00390625
0110000110,4497,"[1, 0, 3, 2]",465,75.1197338104248,True,14.16713784209973,40,0.00390625
0110000110,4498,"[1, 3, 0, 2]",900,75.13928413391113,False,14.16713784209973,40,0.00390625
0110000110,4499,"[1, 0, 3, 2]",465,75.15430450439453,True,14.16713784209973,40,0.00390625
0110000110,4500,"[1, 3, 0, 2]",900,75.17385482788086,False,14.16713784209973,40,0.00390625
0110000110,4501,"[1, 0, 3, 2]",465,75.18887519836426,True,14.16713784209973,40,0.00390625
0110000110,4502,"[1, 3, 0, 2]",900,75.20842552185059,False,14.16713784209973,40,0.00390625
0110000110,4503,"[1, 0, 3, 2]",465,75.22368431091309,True,14.16713784209973,40,0.00390625
0110000110,4504,"[1, 3, 0, 2]",900,75.24323463439941,False,14.16713784209973,40,0.00390625
0110000110,4505,"[1, 0, 3, 2]",465,75.25849342346191,True,14.16713784209973,40,0.00390625
0110000110,4506,"[1, 3, 0, 2]",900,75.27804374694824,False,14.16713784209973,40,0.00390625
0110000110,4507,"[1, 0, 3, 2]",465,75.29306411743164,True,14.16713784209973,40,0.00390625
0110000110,4508,"[1, 3, 0, 2]",900,75.31285285949707,False,14.16713784209973,40,0.00390625
0110000110,4509,"[1, 0, 3, 2]",465,75.32787322998047,True,14.16713784209973,40,0.00390625
0110000110,4510,"[1, 3, 0, 2]",900,75.3476619720459,False,14.16713784209973,40,0.00390625
0110000110,4511,"[1, 0, 3, 2]",465,75.36482810974121,True,14.16713784209973,40,0.00390625
0110000110,4512,"[1, 3, 0, 2]",900,75.38485527038574,False,14.16713784209973,40,0.00390625
0110000110,4513,"[1, 0, 3, 2]",465,75.40082931518555,True,14.16713784209973,40,0.00390625
0110000110,4514,"[1, 3, 0, 2]",900,75.42276382446289,False,14.16713784209973,40,0.00390625
0110000110,4515,"[1, 0, 3, 2]",465,75.43802261352539,True,14.16713784209973,40,0.00390625
0110000110,4516,"[1, 3, 0, 2]",900,75.45804977416992,False,14.16713784209973,40,0.00390625
0110000110,4517,"[1, 0, 3, 2]",465,75.47330856323242,True,14.16713784209973,40,0.00390625
0110000110,4518,"[1, 3, 0, 2]",900,75.49309730529785,False,14.16713784209973,40,0.00390625
0110000110,4519,"[1, 0, 3, 2]",465,75.50811767578125,True,14.16713784209973,40,0.00390625
0110000110,4520,"[1, 3, 0, 2]",900,75.52766799926758,False,14.16713784209973,40,0.00390625
0110000110,4521,"[1, 0, 3, 2]",465,75.54268836975098,True,14.16713784209973,40,0.00390625
0110000110,4522,"[1, 3, 0, 2]",900,75.56486129760742,False,14.16713784209973,40,0.00390625
0110000110,4523,"[1, 0, 3, 2]",465,75.58035850524902,True,14.16713784209973,40,0.00390625
0110000110,4524,"[1, 3, 0, 2]",900,75.60038566589355,False,14.16713784209973,40,0.00390625
0110000110,4525,"[1, 0, 3, 2]",465,75.61516761779785,True,14.16713784209973,40,0.00390625
0110000110,4526,"[1, 3, 0, 2]",900,75.63519477844238,False,14.16713784209973,40,0.00390625
0110000110,4527,"[1, 0, 3, 2]",465,75.64973831176758,True,14.16713784209973,40,0.00390625
0110000110,4528,"[1, 3, 0, 2]",900,75.66952705383301,False,14.16713784209973,40,0.00390625
0110000110,4529,"[1, 0, 3, 2]",465,75.6843090057373,True,14.16713784209973,40,0.00390625
0110000110,4530,"[1, 3, 0, 2]",900,75.70433616638184,False,14.16713784209973,40,0.00390625
0110000110,4531,"[1, 0, 3, 2]",465,75.71911811828613,True,14.16713784209973,40,0.00390625
0110000110,4532,"[1, 3, 0, 2]",900,75.73914527893066,False,14.16713784209973,40,0.00390625
0110000110,4533,"[1, 0, 3, 2]",465,75.75392723083496,True,14.16713784209973,40,0.00390625
0110000110,4534,"[1, 3, 0, 2]",900,75.7753849029541,False,14.16713784209973,40,0.00390625
0110000110,4535,"[1, 0, 3, 2]",465,75.7904052734375,True,14.16713784209973,40,0.00390625
0110000110,4536,"[1, 3, 0, 2]",900,75.81043243408203,False,14.16713784209973,40,0.00390625
0110000110,4537,"[1, 0, 3, 2]",465,75.82521438598633,True,14.16713784209973,40,0.00390625
0110000110,4538,"[1, 3, 0, 2]",900,75.84500312805176,False,14.16713784209973,40,0.00390625
0110000110,4539,"[1, 0, 3, 2]",465,75.85978507995605,True,14.16713784209973,40,0.00390625
0110000110,4540,"[1, 3, 0, 2]",900,75.87981224060059,False,14.16713784209973,40,0.00390625
0110000110,4541,"[1, 0, 3, 2]",465,75.89435577392578,True,14.16713784209973,40,0.00390625
0110000110,4542,"[1, 3, 0, 2]",900,75.91414451599121,False,14.16713784209973,40,0.00390625
0110000110,4543,"[1, 0, 3, 2]",465,75.92916488647461,True,14.16713784209973,40,0.00390625
0110000110,4544,"[1, 3, 0, 2]",900,75.94966888427734,False,14.16713784209973,40,0.00390625
0110000110,4545,"[1, 0, 3, 2]",465,75.96468925476074,True,14.16713784209973,40,0.00390625
0110000110,4546,"[1, 3, 0, 2]",900,75.98471641540527,False,14.16713784209973,40,0.00390625
0110000110,4547,"[1, 0, 3, 2]",465,75.99997520446777,True,14.16713784209973,40,0.00390625
1001011101,4548,"[3, 0, 2, 1]",6300,76.0200023651123,False,18.863678515162277,40,0.00390625
1001011101,4549,"[3, 0, 1, 2]",750,76.03573799133301,True,18.863678515162277,40,0.00390625
1001011101,4550,"[3, 0, 2, 1]",6300,76.05576515197754,False,18.863678515162277,40,0.00390625
1001011101,4551,"[3, 0, 1, 2]",750,76.07126235961914,True,18.863678515162277,40,0.00390625
1001011101,4552,"[3, 0, 2, 1]",6300,76.09128952026367,False,18.863678515162277,40,0.00390625
1001011101,4553,"[3, 0, 1, 2]",750,76.10630989074707,True,18.863678515162277,40,0.00390625
1001011101,4554,"[3, 0, 2, 1]",6300,76.1263370513916,False,18.863678515162277,40,0.00390625
1001011101,4555,"[3, 0, 1, 2]",750,76.14278793334961,True,18.863678515162277,40,0.00390625
1001011101,4556,"[3, 0, 2, 1]",6300,76.16329193115234,False,18.863678515162277,40,0.00390625
1001011101,4557,"[3, 0, 1, 2]",750,76.17831230163574,True,18.863678515162277,40,0.00390625
1001011101,4558,"[3, 0, 2, 1]",6300,76.19810104370117,False,18.863678515162277,40,0.00390625
1001011101,4559,"[3, 0, 1, 2]",750,76.21335983276367,True,18.863678515162277,40,0.00390625
1001011101,4560,"[3, 0, 2, 1]",6300,76.2331485748291,False,18.863678515162277,40,0.00390625
1001011101,4561,"[3, 0, 1, 2]",750,76.2481689453125,True,18.863678515162277,40,0.00390625
1001011101,4562,"[3, 0, 2, 1]",6300,76.26795768737793,False,18.863678515162277,40,0.00390625
1001011101,4563,"[3, 0, 1, 2]",750,76.28297805786133,True,18.863678515162277,40,0.00390625
1001011101,4564,"[3, 0, 2, 1]",6300,76.30300521850586,False,18.863678515162277,40,0.00390625
1001011101,4565,"[3, 0, 1, 2]",750,76.31754875183105,True,18.863678515162277,40,0.00390625
1001011101,4566,"[3, 0, 2, 1]",6300,76.33733749389648,False,18.863678515162277,40,0.00390625
1001011101,4567,"[3, 0, 1, 2]",750,76.35211944580078,True,18.863678515162277,40,0.00390625
1001011101,4568,"[3, 0, 2, 1]",6300,76.37166976928711,False,18.863678515162277,40,0.00390625
1001011101,4569,"[3, 0, 1, 2]",750,76.38669013977051,True,18.863678515162277,40,0.00390625
1001011101,4570,"[3, 0, 2, 1]",6300,76.40624046325684,False,18.863678515162277,40,0.00390625
1001011101,4571,"[3, 0, 1, 2]",750,76.42149925231934,True,18.863678515162277,40,0.00390625
1001011101,4572,"[3, 0, 2, 1]",6300,76.44343376159668,False,18.863678515162277,40,0.00390625
1001011101,4573,"[3, 0, 1, 2]",750,76.45964622497559,True,18.863678515162277,40,0.00390625
1001011101,4574,"[3, 0, 2, 1]",6300,76.48038864135742,False,18.863678515162277,40,0.00390625
1001011101,4575,"[3, 0, 1, 2]",750,76.49564743041992,True,18.863678515162277,40,0.00390625
1001011101,4576,"[3, 0, 2, 1]",6300,76.51734352111816,False,18.863678515162277,40,0.00390625
1001011101,4577,"[3, 0, 1, 2]",750,76.53307914733887,True,18.863678515162277,40,0.00390625
1001011101,4578,"[3, 0, 2, 1]",6300,76.5533447265625,False,18.863678515162277,40,0.00390625
1001011101,4579,"[3, 0, 1, 2]",750,76.5683650970459,True,18.863678515162277,40,0.00390625
1001011101,4580,"[3, 0, 2, 1]",6300,76.58815383911133,False,18.863678515162277,40,0.00390625
1001011101,4581,"[3, 0, 1, 2]",750,76.60317420959473,True,18.863678515162277,40,0.00390625
1001011101,4582,"[3, 0, 2, 1]",6300,76.62296295166016,False,18.863678515162277,40,0.00390625
1001011101,4583,"[3, 0, 1, 2]",750,76.63798332214355,True,18.863678515162277,40,0.00390625
1001011101,4584,"[3, 0, 2, 1]",6300,76.65824890136719,False,18.863678515162277,40,0.00390625
1001011101,4585,"[3, 0, 1, 2]",750,76.67303085327148,True,18.863678515162277,40,0.00390625
1001011101,4586,"[3, 0, 2, 1]",6300,76.70187950134277,False,18.863678515162277,40,0.00390625
1001011101,4587,"[3, 0, 1, 2]",750,76.71570777893066,True,18.863678515162277,40,0.00390625
1001011101,4588,"[3, 0, 2, 1]",6300,76.73287391662598,False,18.863678515162277,40,0.00390625
1001011101,4589,"[3, 0, 1, 2]",750,76.74598693847656,True,18.863678515162277,40,0.00390625
1001011101,4590,"[3, 0, 2, 1]",6300,76.76291465759277,False,18.863678515162277,40,0.00390625
1001011101,4591,"[3, 0, 1, 2]",750,76.77602767944336,True,18.863678515162277,40,0.00390625
1001011101,4592,"[3, 0, 2, 1]",6300,76.79319381713867,False,18.863678515162277,40,0.00390625
1001011101,4593,"[3, 0, 1, 2]",750,76.80606842041016,True,18.863678515162277,40,0.00390625
1001011101,4594,"[3, 0, 2, 1]",6300,76.82371139526367,False,18.863678515162277,40,0.00390625
1001011101,4595,"[3, 0, 1, 2]",750,76.83658599853516,True,18.863678515162277,40,0.00390625
1001011101,4596,"[3, 0, 2, 1]",6300,76.85399055480957,False,18.863678515162277,40,0.00390625
1001011101,4597,"[3, 0, 1, 2]",750,76.86901092529297,True,18.863678515162277,40,0.00390625
1001011101,4598,"[3, 0, 2, 1]",6300,76.88689231872559,False,18.863678515162277,40,0.00390625
1001011101,4599,"[3, 0, 1, 2]",750,76.90048217773438,True,18.863678515162277,40,0.00390625
1001011101,4600,"[3, 0, 2, 1]",6300,76.91788673400879,False,18.863678515162277,40,0.00390625
1001011101,4601,"[3, 0, 1, 2]",750,76.93099975585938,True,18.863678515162277,40,0.00390625
1001011101,4602,"[3, 0, 2, 1]",6300,76.94840431213379,False,18.863678515162277,40,0.00390625
1001011101,4603,"[3, 0, 1, 2]",750,76.98392868041992,True,18.863678515162277,40,0.00390625
1001011101,4604,"[3, 0, 2, 1]",6300,77.00181007385254,False,18.863678515162277,40,0.00390625
1001011101,4605,"[3, 0, 1, 2]",750,77.01539993286133,True,18.863678515162277,40,0.00390625
1001011101,4606,"[3, 0, 2, 1]",6300,77.03304290771484,False,18.863678515162277,40,0.00390625
1001011101,4607,"[3, 0, 1, 2]",750,77.04663276672363,True,18.863678515162277,40,0.00390625
1001011101,4608,"[3, 0, 2, 1]",6300,77.06403732299805,False,18.863678515162277,40,0.00390625
1001011101,4609,"[3, 0, 1, 2]",750,77.07738876342773,True,18.863678515162277,40,0.00390625
1001011101,4610,"[3, 0, 2, 1]",6300,77.09455490112305,False,18.863678515162277,40,0.00390625
1001011101,4611,"[3, 0, 1, 2]",750,77.10766792297363,True,18.863678515162277,40,0.00390625
1001011101,4612,"[3, 0, 2, 1]",6300,77.12483406066895,False,18.863678515162277,40,0.00390625
1001011101,4613,"[3, 0, 1, 2]",750,77.13794708251953,True,18.863678515162277,40,0.00390625
1001011101,4614,"[3, 0, 2, 1]",6300,77.15535163879395,False,18.863678515162277,40,0.00390625
1001011101,4615,"[3, 0, 1, 2]",750,77.16870307922363,True,18.863678515162277,40,0.00390625
1001011101,4616,"[3, 0, 2, 1]",6300,77.18634605407715,False,18.863678515162277,40,0.00390625
1001011101,4617,"[3, 0, 1, 2]",750,77.19969749450684,True,18.863678515162277,40,0.00390625
1001011101,4618,"[3, 0, 2, 1]",6300,77.21829414367676,False,18.863678515162277,40,0.00390625
1001011101,4619,"[3, 0, 1, 2]",750,77.23188400268555,True,18.863678515162277,40,0.00390625
1001011101,4620,"[3, 0, 2, 1]",6300,77.24976539611816,False,18.863678515162277,40,0.00390625
1001011101,4621,"[3, 0, 1, 2]",750,77.26287841796875,True,18.863678515162277,40,0.00390625
1001011101,4622,"[3, 0, 2, 1]",6300,77.28123664855957,False,18.863678515162277,40,0.00390625
1001011101,4623,"[3, 0, 1, 2]",750,77.29482650756836,True,18.863678515162277,40,0.00390625
1001011101,4624,"[3, 0, 2, 1]",6300,77.31270790100098,False,18.863678515162277,40,0.00390625
1001011101,4625,"[3, 0, 1, 2]",750,77.32605934143066,True,18.863678515162277,40,0.00390625
1001011101,4626,"[3, 0, 2, 1]",6300,77.34346389770508,False,18.863678515162277,40,0.00390625
1001011101,4627,"[3, 0, 1, 2]",750,77.35657691955566,True,18.863678515162277,40,0.00390625
0001010001,4628,"[2, 1, 3, 0]",9300,77.37421989440918,False,14.18188720114459,40,0.00390625
0001010001,4629,"[2, 1, 0, 3]",600,77.38757133483887,True,14.18188720114459,40,0.00390625
0001010001,4630,"[2, 1, 3, 0]",9300,77.40497589111328,False,14.18188720114459,40,0.00390625
0001010001,4631,"[2, 1, 0, 3]",600,77.41856575012207,True,14.18188720114459,40,0.00390625
0001010001,4632,"[2, 1, 3, 0]",9300,77.43597030639648,False,14.18188720114459,40,0.00390625
0001010001,4633,"[2, 1, 0, 3]",600,77.44956016540527,True,14.18188720114459,40,0.00390625
0001010001,4634,"[2, 1, 3, 0]",9300,77.46696472167969,False,14.18188720114459,40,0.00390625
0001010001,4635,"[2, 1, 0, 3]",600,77.48055458068848,True,14.18188720114459,40,0.00390625
0001010001,4636,"[2, 1, 3, 0]",9300,77.50129699707031,False,14.18188720114459,40,0.00390625
0001010001,4637,"[2, 1, 0, 3]",600,77.5148868560791,True,14.18188720114459,40,0.00390625
0001010001,4638,"[2, 1, 3, 0]",9300,77.53205299377441,False,14.18188720114459,40,0.00390625
0001010001,4639,"[2, 1, 0, 3]",600,77.54683494567871,True,14.18188720114459,40,0.00390625
0001010001,4640,"[2, 1, 3, 0]",9300,77.56495475769043,False,14.18188720114459,40,0.00390625
0001010001,4641,"[2, 1, 0, 3]",600,77.57806777954102,True,14.18188720114459,40,0.00390625
0001010001,4642,"[2, 1, 3, 0]",9300,77.59571075439453,False,14.18188720114459,40,0.00390625
0001010001,4643,"[2, 1, 0, 3]",600,77.60858535766602,True,14.18188720114459,40,0.00390625
0001010001,4644,"[2, 1, 3, 0]",9300,77.62622833251953,False,14.18188720114459,40,0.00390625
0001010001,4645,"[2, 1, 0, 3]",600,77.63886451721191,True,14.18188720114459,40,0.00390625
0001010001,4646,"[2, 1, 3, 0]",9300,77.65650749206543,False,14.18188720114459,40,0.00390625
0001010001,4647,"[2, 1, 0, 3]",600,77.66962051391602,True,14.18188720114459,40,0.00390625
0001010001,4648,"[2, 1, 3, 0]",9300,77.68726348876953,False,14.18188720114459,40,0.00390625
0001010001,4649,"[2, 1, 0, 3]",600,77.70037651062012,True,14.18188720114459,40,0.00390625
0001010001,4650,"[2, 1, 3, 0]",9300,77.71778106689453,False,14.18188720114459,40,0.00390625
0001010001,4651,"[2, 1, 0, 3]",600,77.73089408874512,True,14.18188720114459,40,0.00390625
0001010001,4652,"[2, 1, 3, 0]",9300,77.74829864501953,False,14.18188720114459,40,0.00390625
0001010001,4653,"[2, 1, 0, 3]",600,77.76141166687012,True,14.18188720114459,40,0.00390625
0001010001,4654,"[2, 1, 3, 0]",9300,77.77857780456543,False,14.18188720114459,40,0.00390625
0001010001,4655,"[2, 1, 0, 3]",600,77.79145240783691,True,14.18188720114459,40,0.00390625
0001010001,4656,"[2, 1, 3, 0]",9300,77.80885696411133,False,14.18188720114459,40,0.00390625
0001010001,4657,"[2, 1, 0, 3]",600,77.82196998596191,True,14.18188720114459,40,0.00390625
0001010001,4658,"[2, 1, 3, 0]",9300,77.83937454223633,False,14.18188720114459,40,0.00390625
0001010001,4659,"[2, 1, 0, 3]",600,77.85296440124512,True,14.18188720114459,40,0.00390625
0001010001,4660,"[2, 1, 3, 0]",9300,77.87156105041504,False,14.18188720114459,40,0.00390625
0001010001,4661,"[2, 1, 0, 3]",600,77.88491249084473,True,14.18188720114459,40,0.00390625
0001010001,4662,"[2, 1, 3, 0]",9300,77.90255546569824,False,14.18188720114459,40,0.00390625
0001010001,4663,"[2, 1, 0, 3]",600,77.91566848754883,True,14.18188720114459,40,0.00390625
0001010001,4664,"[2, 1, 3, 0]",9300,77.93307304382324,False,14.18188720114459,40,0.00390625
0001010001,4665,"[2, 1, 0, 3]",600,77.94618606567383,True,14.18188720114459,40,0.00390625
0001010001,4666,"[2, 1, 3, 0]",9300,77.96335220336914,False,14.18188720114459,40,0.00390625
0001010001,4667,"[2, 1, 0, 3]",600,77.97670364379883,True,14.18188720114459,40,0.00390625
0001010001,4668,"[2, 1, 3, 0]",9300,77.99386978149414,False,14.18188720114459,40,0.00390625
0001010001,4669,"[2, 1, 0, 3]",600,78.00698280334473,True,14.18188720114459,40,0.00390625
0001010001,4670,"[2, 1, 3, 0]",9300,78.02414894104004,False,14.18188720114459,40,0.00390625
0001010001,4671,"[2, 1, 0, 3]",600,78.03750038146973,True,14.18188720114459,40,0.00390625
0001010001,4672,"[2, 1, 3, 0]",9300,78.05514335632324,False,14.18188720114459,40,0.00390625
0001010001,4673,"[2, 1, 0, 3]",600,78.07135581970215,True,14.18188720114459,40,0.00390625
0001010001,4674,"[2, 1, 3, 0]",9300,78.08947563171387,False,14.18188720114459,40,0.00390625
0001010001,4675,"[2, 1, 0, 3]",600,78.10306549072266,True,14.18188720114459,40,0.00390625
0001010001,4676,"[2, 1, 3, 0]",9300,78.12070846557617,False,14.18188720114459,40,0.00390625
0001010001,4677,"[2, 1, 0, 3]",600,78.13405990600586,True,14.18188720114459,40,0.00390625
0001010001,4678,"[2, 1, 3, 0]",9300,78.15146446228027,False,14.18188720114459,40,0.00390625
0001010001,4679,"[2, 1, 0, 3]",600,78.16648483276367,True,14.18188720114459,40,0.00390625
0001010001,4680,"[2, 1, 3, 0]",9300,78.18412780761719,False,14.18188720114459,40,0.00390625
0001010001,4681,"[2, 1, 0, 3]",600,78.19795608520508,True,14.18188720114459,40,0.00390625
0001010001,4682,"[2, 1, 3, 0]",9300,78.21774482727051,False,14.18188720114459,40,0.00390625
0001010001,4683,"[2, 1, 0, 3]",600,78.2313346862793,True,14.18188720114459,40,0.00390625
0001010001,4684,"[2, 1, 3, 0]",9300,78.24897766113281,False,14.18188720114459,40,0.00390625
0001010001,4685,"[2, 1, 0, 3]",600,78.2623291015625,True,14.18188720114459,40,0.00390625
0001010001,4686,"[2, 1, 3, 0]",9300,78.27973365783691,False,14.18188720114459,40,0.00390625
0001010001,4687,"[2, 1, 0, 3]",600,78.2930850982666,True,14.18188720114459,40,0.00390625
0001010001,4688,"[2, 1, 3, 0]",9300,78.31048965454102,False,14.18188720114459,40,0.00390625
0001010001,4689,"[2, 1, 0, 3]",600,78.3238410949707,True,14.18188720114459,40,0.00390625
0001010001,4690,"[2, 1, 3, 0]",9300,78.34124565124512,False,14.18188720114459,40,0.00390625
0001010001,4691,"[2, 1, 0, 3]",600,78.3548355102539,True,14.18188720114459,40,0.00390625
0001010001,4692,"[2, 1, 3, 0]",9300,78.37200164794922,False,14.18188720114459,40,0.00390625
0001010001,4693,"[2, 1, 0, 3]",600,78.3851146697998,True,14.18188720114459,40,0.00390625
0001010001,4694,"[2, 1, 3, 0]",9300,78.40228080749512,False,14.18188720114459,40,0.00390625
0001010001,4695,"[2, 1, 0, 3]",600,78.4153938293457,True,14.18188720114459,40,0.00390625
0001010001,4696,"[2, 1, 3, 0]",9300,78.43255996704102,False,14.18188720114459,40,0.00390625
0001010001,4697,"[2, 1, 0, 3]",600,78.4456729888916,True,14.18188720114459,40,0.00390625
0001010001,4698,"[2, 1, 3, 0]",9300,78.46307754516602,False,14.18188720114459,40,0.00390625
0001010001,4699,"[2, 1, 0, 3]",600,78.4757137298584,True,14.18188720114459,40,0.00390625
0001010001,4700,"[2, 1, 3, 0]",9300,78.49311828613281,False,14.18188720114459,40,0.00390625
0001010001,4701,"[2, 1, 0, 3]",600,78.5059928894043,True,14.18188720114459,40,0.00390625
0001010001,4702,"[2, 1, 3, 0]",9300,78.52506637573242,False,14.18188720114459,40,0.00390625
0001010001,4703,"[2, 1, 0, 3]",600,78.53817939758301,True,14.18188720114459,40,0.00390625
0001010001,4704,"[2, 1, 3, 0]",9300,78.55606079101562,False,14.18188720114459,40,0.00390625
0001010001,4705,"[2, 1, 0, 3]",600,78.56893539428711,True,14.18188720114459,40,0.00390625
0001010001,4706,"[2, 1, 3, 0]",9300,78.58633995056152,False,14.18188720114459,40,0.00390625
0001010001,4707,"[2, 1, 0, 3]",600,78.59969139099121,True,14.18188720114459,40,0.00390625
1100011010,4708,"[0, 3, 2, 1]",6300,78.61709594726562,False,13.47662624208997,40,0.00390625
1100011010,4709,"[0, 1, 3, 2]",465,78.63092422485352,True,13.47662624208997,40,0.00390625
1100011010,4710,"[0, 3, 2, 1]",6300,78.64832878112793,False,13.47662624208997,40,0.00390625
1100011010,4711,"[0, 1, 3, 2]",465,78.66144180297852,True,13.47662624208997,40,0.00390625
1100011010,4712,"[0, 3, 2, 1]",6300,78.67884635925293,False,13.47662624208997,40,0.00390625
1100011010,4713,"[0, 1, 3, 2]",465,78.69195938110352,True,13.47662624208997,40,0.00390625
1100011010,4714,"[0, 3, 2, 1]",6300,78.70912551879883,False,13.47662624208997,40,0.00390625
1100011010,4715,"[0, 1, 3, 2]",465,78.72223854064941,True,13.47662624208997,40,0.00390625
1100011010,4716,"[0, 3, 2, 1]",6300,78.73964309692383,False,13.47662624208997,40,0.00390625
1100011010,4717,"[0, 1, 3, 2]",465,78.75275611877441,True,13.47662624208997,40,0.00390625
1100011010,4718,"[0, 3, 2, 1]",6300,78.76992225646973,False,13.47662624208997,40,0.00390625
1100011010,4719,"[0, 1, 3, 2]",465,78.78303527832031,True,13.47662624208997,40,0.00390625
1100011010,4720,"[0, 3, 2, 1]",6300,78.80020141601562,False,13.47662624208997,40,0.00390625
1100011010,4721,"[0, 1, 3, 2]",465,78.82428169250488,True,13.47662624208997,40,0.00390625
1100011010,4722,"[0, 3, 2, 1]",6300,78.84359359741211,False,13.47662624208997,40,0.00390625
1100011010,4723,"[0, 1, 3, 2]",465,78.86028289794922,True,13.47662624208997,40,0.00390625
1100011010,4724,"[0, 3, 2, 1]",6300,78.88269424438477,False,13.47662624208997,40,0.00390625
1100011010,4725,"[0, 1, 3, 2]",465,78.89819145202637,True,13.47662624208997,40,0.00390625
1100011010,4726,"[0, 3, 2, 1]",6300,78.91845703125,False,13.47662624208997,40,0.00390625
1100011010,4727,"[0, 1, 3, 2]",465,78.9332389831543,True,13.47662624208997,40,0.00390625
1100011010,4728,"[0, 3, 2, 1]",6300,78.95326614379883,False,13.47662624208997,40,0.00390625
1100011010,4729,"[0, 1, 3, 2]",465,78.96804809570312,True,13.47662624208997,40,0.00390625
1100011010,4730,"[0, 3, 2, 1]",6300,78.98783683776855,False,13.47662624208997,40,0.00390625
1100011010,4731,"[0, 1, 3, 2]",465,79.00261878967285,True,13.47662624208997,40,0.00390625
1100011010,4732,"[0, 3, 2, 1]",6300,79.02240753173828,False,13.47662624208997,40,0.00390625
1100011010,4733,"[0, 1, 3, 2]",465,79.03718948364258,True,13.47662624208997,40,0.00390625
1100011010,4734,"[0, 3, 2, 1]",6300,79.05697822570801,False,13.47662624208997,40,0.00390625
1100011010,4735,"[0, 1, 3, 2]",465,79.0719985961914,True,13.47662624208997,40,0.00390625
1100011010,4736,"[0, 3, 2, 1]",6300,79.09178733825684,False,13.47662624208997,40,0.00390625
1100011010,4737,"[0, 1, 3, 2]",465,79.10633087158203,True,13.47662624208997,40,0.00390625
1100011010,4738,"[0, 3, 2, 1]",6300,79.12611961364746,False,13.47662624208997,40,0.00390625
1100011010,4739,"[0, 1, 3, 2]",465,79.14066314697266,True,13.47662624208997,40,0.00390625
1100011010,4740,"[0, 3, 2, 1]",6300,79.16045188903809,False,13.47662624208997,40,0.00390625
1100011010,4741,"[0, 1, 3, 2]",465,79.17547225952148,True,13.47662624208997,40,0.00390625
1100011010,4742,"[0, 3, 2, 1]",6300,79.19549942016602,False,13.47662624208997,40,0.00390625
1100011010,4743,"[0, 1, 3, 2]",465,79.21028137207031,True,13.47662624208997,40,0.00390625
1100011010,4744,"[0, 3, 2, 1]",6300,79.23150062561035,False,13.47662624208997,40,0.00390625
1100011010,4745,"[0, 1, 3, 2]",465,79.24652099609375,True,13.47662624208997,40,0.00390625
1100011010,4746,"[0, 3, 2, 1]",6300,79.26654815673828,False,13.47662624208997,40,0.00390625
1100011010,4747,"[0, 1, 3, 2]",465,79.28180694580078,True,13.47662624208997,40,0.00390625
1100011010,4748,"[0, 3, 2, 1]",6300,79.30111885070801,False,13.47662624208997,40,0.00390625
1100011010,4749,"[0, 1, 3, 2]",465,79.3159008026123,True,13.47662624208997,40,0.00390625
1100011010,4750,"[0, 3, 2, 1]",6300,79.33568954467773,False,13.47662624208997,40,0.00390625
1100011010,4751,"[0, 1, 3, 2]",465,79.35047149658203,True,13.47662624208997,40,0.00390625
1100011010,4752,"[0, 3, 2, 1]",6300,79.37002182006836,False,13.47662624208997,40,0.00390625
1100011010,4753,"[0, 1, 3, 2]",465,79.38480377197266,True,13.47662624208997,40,0.00390625
1100011010,4754,"[0, 3, 2, 1]",6300,79.40459251403809,False,13.47662624208997,40,0.00390625
1100011010,4755,"[0, 1, 3, 2]",465,79.41913604736328,True,13.47662624208997,40,0.00390625
1100011010,4756,"[0, 3, 2, 1]",6300,79.43892478942871,False,13.47662624208997,40,0.00390625
1100011010,4757,"[0, 1, 3, 2]",465,79.45370674133301,True,13.47662624208997,40,0.00390625
1100011010,4758,"[0, 3, 2, 1]",6300,79.47349548339844,False,13.47662624208997,40,0.00390625
1100011010,4759,"[0, 1, 3, 2]",465,79.48803901672363,True,13.47662624208997,40,0.00390625
1100011010,4760,"[0, 3, 2, 1]",6300,79.50806617736816,False,13.47662624208997,40,0.00390625
1100011010,4761,"[0, 1, 3, 2]",465,79.52260971069336,True,13.47662624208997,40,0.00390625
1100011010,4762,"[0, 3, 2, 1]",6300,79.55193519592285,False,13.47662624208997,40,0.00390625
1100011010,4763,"[0, 1, 3, 2]",465,79.56528663635254,True,13.47662624208997,40,0.00390625
1100011010,4764,"[0, 3, 2, 1]",6300,79.58269119262695,False,13.47662624208997,40,0.00390625
1100011010,4765,"[0, 1, 3, 2]",465,79.59699630737305,True,13.47662624208997,40,0.00390625
1100011010,4766,"[0, 3, 2, 1]",6300,79.61511611938477,False,13.47662624208997,40,0.00390625
1100011010,4767,"[0, 1, 3, 2]",465,79.62799072265625,True,13.47662624208997,40,0.00390625
1100011010,4768,"[0, 3, 2, 1]",6300,79.64539527893066,False,13.47662624208997,40,0.00390625
1100011010,4769,"[0, 1, 3, 2]",465,79.65874671936035,True,13.47662624208997,40,0.00390625
1100011010,4770,"[0, 3, 2, 1]",6300,79.67877388000488,False,13.47662624208997,40,0.00390625
1100011010,4771,"[0, 1, 3, 2]",465,79.69212532043457,True,13.47662624208997,40,0.00390625
1100011010,4772,"[0, 3, 2, 1]",6300,79.70929145812988,False,13.47662624208997,40,0.00390625
1100011010,4773,"[0, 1, 3, 2]",465,79.72264289855957,True,13.47662624208997,40,0.00390625
1100011010,4774,"[0, 3, 2, 1]",6300,79.7417163848877,False,13.47662624208997,40,0.00390625
1100011010,4775,"[0, 1, 3, 2]",465,79.75506782531738,True,13.47662624208997,40,0.00390625
1100011010,4776,"[0, 3, 2, 1]",6300,79.7727108001709,False,13.47662624208997,40,0.00390625
1100011010,4777,"[0, 1, 3, 2]",465,79.78606224060059,True,13.47662624208997,40,0.00390625
1100011010,4778,"[0, 3, 2, 1]",6300,79.803466796875,False,13.47662624208997,40,0.00390625
1100011010,4779,"[0, 1, 3, 2]",465,79.81657981872559,True,13.47662624208997,40,0.00390625
1100011010,4780,"[0, 3, 2, 1]",6300,79.8337459564209,False,13.47662624208997,40,0.00390625
1100011010,4781,"[0, 1, 3, 2]",465,79.84662055969238,True,13.47662624208997,40,0.00390625
1100011010,4782,"[0, 3, 2, 1]",6300,79.8642635345459,False,13.47662624208997,40,0.00390625
1100011010,4783,"[0, 1, 3, 2]",465,79.87737655639648,True,13.47662624208997,40,0.00390625
1100011010,4784,"[0, 3, 2, 1]",6300,79.8947811126709,False,13.47662624208997,40,0.00390625
1100011010,4785,"[0, 1, 3, 2]",465,79.90765571594238,True,13.47662624208997,40,0.00390625
1100011010,4786,"[0, 3, 2, 1]",6300,79.9262523651123,False,13.47662624208997,40,0.00390625
1100011010,4787,"[0, 1, 3, 2]",465,79.93960380554199,True,13.47662624208997,40,0.00390625
1110011000,4788,"[0, 3, 1, 2]",750,79.95724678039551,False,26.64070071175015,39,0.00380859375
1110011000,4789,"[0, 1, 3, 2]",465,79.9703598022461,True,26.64070071175015,39,0.00380859375
1110011000,4790,"[0, 3, 1, 2]",750,79.9875259399414,False,26.64070071175015,39,0.00380859375
1110011000,4791,"[0, 1, 3, 2]",465,80.00040054321289,True,26.64070071175015,39,0.00380859375
1110011000,4792,"[0, 3, 1, 2]",750,80.0178050994873,False,26.64070071175015,39,0.00380859375
1110011000,4793,"[0, 1, 3, 2]",465,80.03044128417969,True,26.64070071175015,39,0.00380859375
1110011000,4794,"[0, 3, 1, 2]",750,80.047607421875,False,26.64070071175015,39,0.00380859375
1110011000,4795,"[0, 1, 3, 2]",465,80.06072044372559,True,26.64070071175015,39,0.00380859375
1110011000,4796,"[0, 3, 1, 2]",750,80.078125,False,26.64070071175015,39,0.00380859375
1110011000,4797,"[0, 1, 3, 2]",465,80.09147644042969,True,26.64070071175015,39,0.00380859375
1110011000,4798,"[0, 3, 1, 2]",750,80.1084041595459,False,26.64070071175015,39,0.00380859375
1110011000,4799,"[0, 1, 3, 2]",465,80.12127876281738,True,26.64070071175015,39,0.00380859375
1110011000,4800,"[0, 3, 1, 2]",750,80.1384449005127,False,26.64070071175015,39,0.00380859375
1110011000,4801,"[0, 1, 3, 2]",465,80.15179634094238,True,26.64070071175015,39,0.00380859375
1110011000,4802,"[0, 3, 1, 2]",750,80.1687240600586,False,26.64070071175015,39,0.00380859375
1110011000,4803,"[0, 1, 3, 2]",465,80.18159866333008,True,26.64070071175015,39,0.00380859375
1110011000,4804,"[0, 3, 1, 2]",750,80.19852638244629,False,26.64070071175015,39,0.00380859375
1110011000,4805,"[0, 1, 3, 2]",465,80.21116256713867,True,26.64070071175015,39,0.00380859375
1110011000,4806,"[0, 3, 1, 2]",750,80.22809028625488,False,26.64070071175015,39,0.00380859375
1110011000,4807,"[0, 1, 3, 2]",465,80.24215698242188,True,26.64070071175015,39,0.00380859375
1110011000,4808,"[0, 3, 1, 2]",750,80.26003837585449,False,26.64070071175015,39,0.00380859375
1110011000,4809,"[0, 1, 3, 2]",465,80.27315139770508,True,26.64070071175015,39,0.00380859375
1110011000,4810,"[0, 3, 1, 2]",750,80.29031753540039,False,26.64070071175015,39,0.00380859375
1110011000,4811,"[0, 1, 3, 2]",465,80.30343055725098,True,26.64070071175015,39,0.00380859375
1110011000,4812,"[0, 3, 1, 2]",750,80.32083511352539,False,26.64070071175015,39,0.00380859375
1110011000,4813,"[0, 1, 3, 2]",465,80.33370971679688,True,26.64070071175015,39,0.00380859375
1110011000,4814,"[0, 3, 1, 2]",750,80.35087585449219,False,26.64070071175015,39,0.00380859375
1110011000,4815,"[0, 1, 3, 2]",465,80.36351203918457,True,26.64070071175015,39,0.00380859375
1110011000,4816,"[0, 3, 1, 2]",750,80.38067817687988,False,26.64070071175015,39,0.00380859375
1110011000,4817,"[0, 1, 3, 2]",465,80.39379119873047,True,26.64070071175015,39,0.00380859375
1110011000,4818,"[0, 3, 1, 2]",750,80.41095733642578,False,26.64070071175015,39,0.00380859375
1110011000,4819,"[0, 1, 3, 2]",465,80.42383193969727,True,26.64070071175015,39,0.00380859375
1110011000,4820,"[0, 3, 1, 2]",750,80.44123649597168,False,26.64070071175015,39,0.00380859375
1110011000,4821,"[0, 1, 3, 2]",465,80.45411109924316,True,26.64070071175015,39,0.00380859375
1110011000,4822,"[0, 3, 1, 2]",750,80.47151565551758,False,26.64070071175015,39,0.00380859375
1110011000,4823,"[0, 1, 3, 2]",465,80.48486709594727,True,26.64070071175015,39,0.00380859375
1110011000,4824,"[0, 3, 1, 2]",750,80.50394058227539,False,26.64070071175015,39,0.00380859375
1110011000,4825,"[0, 1, 3, 2]",465,80.51776885986328,True,26.64070071175015,39,0.00380859375
1110011000,4826,"[0, 3, 1, 2]",750,80.5356502532959,False,26.64070071175015,39,0.00380859375
1110011000,4827,"[0, 1, 3, 2]",465,80.54876327514648,True,26.64070071175015,39,0.00380859375
1110011000,4828,"[0, 3, 1, 2]",750,80.5673599243164,False,26.64070071175015,39,0.00380859375
1110011000,4829,"[0, 1, 3, 2]",465,80.5807113647461,True,26.64070071175015,39,0.00380859375
1110011000,4830,"[0, 3, 1, 2]",750,80.5978775024414,False,26.64070071175015,39,0.00380859375
1110011000,4831,"[0, 1, 3, 2]",465,80.61051368713379,True,26.64070071175015,39,0.00380859375
1110011000,4832,"[0, 3, 1, 2]",750,80.6276798248291,False,26.64070071175015,39,0.00380859375
1110011000,4833,"[0, 1, 3, 2]",465,80.64079284667969,True,26.64070071175015,39,0.00380859375
1110011000,4834,"[0, 3, 1, 2]",750,80.657958984375,False,26.64070071175015,39,0.00380859375
1110011000,4835,"[0, 1, 3, 2]",465,80.67083358764648,True,26.64070071175015,39,0.00380859375
1110011000,4836,"[0, 3, 1, 2]",750,80.6879997253418,False,26.64070071175015,39,0.00380859375
1110011000,4837,"[0, 1, 3, 2]",465,80.70063591003418,True,26.64070071175015,39,0.00380859375
1110011000,4838,"[0, 3, 1, 2]",750,80.71756362915039,False,26.64070071175015,39,0.00380859375
1110011000,4839,"[0, 1, 3, 2]",465,80.73043823242188,True,26.64070071175015,39,0.00380859375
1110011000,4840,"[0, 3, 1, 2]",750,80.74736595153809,False,26.64070071175015,39,0.00380859375
1110011000,4841,"[0, 1, 3, 2]",465,80.75976371765137,True,26.64070071175015,39,0.00380859375
1110011000,4842,"[0, 3, 1, 2]",750,80.77669143676758,False,26.64070071175015,39,0.00380859375
1110011000,4843,"[0, 1, 3, 2]",465,80.78932762145996,True,26.64070071175015,39,0.00380859375
1110011000,4844,"[0, 3, 1, 2]",750,80.80625534057617,False,26.64070071175015,39,0.00380859375
1110011000,4845,"[0, 1, 3, 2]",465,80.81889152526855,True,26.64070071175015,39,0.00380859375
1110011000,4846,"[0, 3, 1, 2]",750,80.83605766296387,False,26.64070071175015,39,0.00380859375
1110011000,4847,"[0, 1, 3, 2]",465,80.85155487060547,True,26.64070071175015,39,0.00380859375
1110011000,4848,"[0, 3, 1, 2]",750,80.86895942687988,False,26.64070071175015,39,0.00380859375
1110011000,4849,"[0, 1, 3, 2]",465,80.88302612304688,True,26.64070071175015,39,0.00380859375
1110011000,4850,"[0, 3, 1, 2]",750,80.902099609375,False,26.64070071175015,39,0.00380859375
1110011000,4851,"[0, 1, 3, 2]",465,80.91545104980469,True,26.64070071175015,39,0.00380859375
1110011000,4852,"[0, 3, 1, 2]",750,80.9328556060791,False,26.64070071175015,39,0.00380859375
1110011000,4853,"[0, 1, 3, 2]",465,80.94596862792969,True,26.64070071175015,39,0.00380859375
1110011000,4854,"[0, 3, 1, 2]",750,80.963134765625,False,26.64070071175015,39,0.00380859375
1110011000,4855,"[0, 1, 3, 2]",465,80.97600936889648,True,26.64070071175015,39,0.00380859375
1110011000,4856,"[0, 3, 1, 2]",750,80.9926986694336,False,26.64070071175015,39,0.00380859375
1110011000,4857,"[0, 1, 3, 2]",465,81.00557327270508,True,26.64070071175015,39,0.00380859375
1110011000,4858,"[0, 3, 1, 2]",750,81.02273941040039,False,26.64070071175015,39,0.00380859375
1110011000,4859,"[0, 1, 3, 2]",465,81.03561401367188,True,26.64070071175015,39,0.00380859375
1110011000,4860,"[0, 3, 1, 2]",750,81.05301856994629,False,26.64070071175015,39,0.00380859375
1110011000,4861,"[0, 1, 3, 2]",465,81.06565475463867,True,26.64070071175015,39,0.00380859375
1110011000,4862,"[0, 3, 1, 2]",750,81.08329772949219,False,26.64070071175015,39,0.00380859375
1110011000,4863,"[0, 1, 3, 2]",465,81.09593391418457,True,26.64070071175015,39,0.00380859375
1110011000,4864,"[0, 3, 1, 2]",750,81.11310005187988,False,26.64070071175015,39,0.00380859375
1110011000,4865,"[0, 1, 3, 2]",465,81.12597465515137,True,26.64070071175015,39,0.00380859375
0110000111,4866,"[1, 3, 0, 2]",900,81.14337921142578,False,12.212895332660406,39,0.00380859375
0110000111,4867,"[1, 0, 3, 2]",465,81.15673065185547,True,12.212895332660406,39,0.00380859375
0110000111,4868,"[1, 3, 0, 2]",900,81.17389678955078,False,12.212895332660406,39,0.00380859375
0110000111,4869,"[1, 0, 3, 2]",465,81.18677139282227,True,12.212895332660406,39,0.00380859375
0110000111,4870,"[1, 3, 0, 2]",900,81.2063217163086,False,12.212895332660406,39,0.00380859375
0110000111,4871,"[1, 0, 3, 2]",465,81.22014999389648,True,12.212895332660406,39,0.00380859375
0110000111,4872,"[1, 3, 0, 2]",900,81.23779296875,False,12.212895332660406,39,0.00380859375
0110000111,4873,"[1, 0, 3, 2]",465,81.25138282775879,True,12.212895332660406,39,0.00380859375
0110000111,4874,"[1, 3, 0, 2]",900,81.26997947692871,False,12.212895332660406,39,0.00380859375
0110000111,4875,"[1, 0, 3, 2]",465,81.2840461730957,True,12.212895332660406,39,0.00380859375
0110000111,4876,"[1, 3, 0, 2]",900,81.30240440368652,False,12.212895332660406,39,0.00380859375
0110000111,4877,"[1, 0, 3, 2]",465,81.31551742553711,True,12.212895332660406,39,0.00380859375
0110000111,4878,"[1, 3, 0, 2]",900,81.33292198181152,False,12.212895332660406,39,0.00380859375
0110000111,4879,"[1, 0, 3, 2]",465,81.34627342224121,True,12.212895332660406,39,0.00380859375
0110000111,4880,"[1, 3, 0, 2]",900,81.36367797851562,False,12.212895332660406,39,0.00380859375
0110000111,4881,"[1, 0, 3, 2]",465,81.37679100036621,True,12.212895332660406,39,0.00380859375
0110000111,4882,"[1, 3, 0, 2]",900,81.39419555664062,False,12.212895332660406,39,0.00380859375
0110000111,4883,"[1, 0, 3, 2]",465,81.40730857849121,True,12.212895332660406,39,0.00380859375
0110000111,4884,"[1, 3, 0, 2]",900,81.42423629760742,False,12.212895332660406,39,0.00380859375
0110000111,4885,"[1, 0, 3, 2]",465,81.4371109008789,True,12.212895332660406,39,0.00380859375
0110000111,4886,"[1, 3, 0, 2]",900,81.45427703857422,False,12.212895332660406,39,0.00380859375
0110000111,4887,"[1, 0, 3, 2]",465,81.4673900604248,True,12.212895332660406,39,0.00380859375
0110000111,4888,"[1, 3, 0, 2]",900,81.48813247680664,False,12.212895332660406,39,0.00380859375
0110000111,4889,"[1, 0, 3, 2]",465,81.50148391723633,True,12.212895332660406,39,0.00380859375
0110000111,4890,"[1, 3, 0, 2]",900,81.51912689208984,False,12.212895332660406,39,0.00380859375
0110000111,4891,"[1, 0, 3, 2]",465,81.53343200683594,True,12.212895332660406,39,0.00380859375
0110000111,4892,"[1, 3, 0, 2]",900,81.55155181884766,False,12.212895332660406,39,0.00380859375
0110000111,4893,"[1, 0, 3, 2]",465,81.56466484069824,True,12.212895332660406,39,0.00380859375
0110000111,4894,"[1, 3, 0, 2]",900,81.58206939697266,False,12.212895332660406,39,0.00380859375
0110000111,4895,"[1, 0, 3, 2]",465,81.59518241882324,True,12.212895332660406,39,0.00380859375
0110000111,4896,"[1, 3, 0, 2]",900,81.61258697509766,False,12.212895332660406,39,0.00380859375
0110000111,4897,"[1, 0, 3, 2]",465,81.62569999694824,True,12.212895332660406,39,0.00380859375
0110000111,4898,"[1, 3, 0, 2]",900,81.64310455322266,False,12.212895332660406,39,0.00380859375
0110000111,4899,"[1, 0, 3, 2]",465,81.65621757507324,True,12.212895332660406,39,0.00380859375
0110000111,4900,"[1, 3, 0, 2]",900,81.67362213134766,False,12.212895332660406,39,0.00380859375
0110000111,4901,"[1, 0, 3, 2]",465,81.68625831604004,True,12.212895332660406,39,0.00380859375
0110000111,4902,"[1, 3, 0, 2]",900,81.70366287231445,False,12.212895332660406,39,0.00380859375
0110000111,4903,"[1, 0, 3, 2]",465,81.71701431274414,True,12.212895332660406,39,0.00380859375
0110000111,4904,"[1, 3, 0, 2]",900,81.73394203186035,False,12.212895332660406,39,0.00380859375
0110000111,4905,"[1, 0, 3, 2]",465,81.74729347229004,True,12.212895332660406,39,0.00380859375
0110000111,4906,"[1, 3, 0, 2]",900,81.76422119140625,False,12.212895332660406,39,0.00380859375
0110000111,4907,"[1, 0, 3, 2]",465,81.77709579467773,True,12.212895332660406,39,0.00380859375
0110000111,4908,"[1, 3, 0, 2]",900,81.79426193237305,False,12.212895332660406,39,0.00380859375
0110000111,4909,"[1, 0, 3, 2]",465,81.80737495422363,True,12.212895332660406,39,0.00380859375
0110000111,4910,"[1, 3, 0, 2]",900,81.82430267333984,False,12.212895332660406,39,0.00380859375
0110000111,4911,"[1, 0, 3, 2]",465,81.83741569519043,True,12.212895332660406,39,0.00380859375
0110000111,4912,"[1, 3, 0, 2]",900,81.85696601867676,False,12.212895332660406,39,0.00380859375
0110000111,4913,"[1, 0, 3, 2]",465,81.87055587768555,True,12.212895332660406,39,0.00380859375
0110000111,4914,"[1, 3, 0, 2]",900,81.88819885253906,False,12.212895332660406,39,0.00380859375
0110000111,4915,"[1, 0, 3, 2]",465,81.90155029296875,True,12.212895332660406,39,0.00380859375
0110000111,4916,"[1, 3, 0, 2]",900,81.91871643066406,False,12.212895332660406,39,0.00380859375
0110000111,4917,"[1, 0, 3, 2]",465,81.93206787109375,True,12.212895332660406,39,0.00380859375
0110000111,4918,"[1, 3, 0, 2]",900,81.94923400878906,False,12.212895332660406,39,0.00380859375
0110000111,4919,"[1, 0, 3, 2]",465,81.96258544921875,True,12.212895332660406,39,0.00380859375
0110000111,4920,"[1, 3, 0, 2]",900,81.97975158691406,False,12.212895332660406,39,0.00380859375
0110000111,4921,"[1, 0, 3, 2]",465,81.99238777160645,True,12.212895332660406,39,0.00380859375
0110000111,4922,"[1, 3, 0, 2]",900,82.00955390930176,False,12.212895332660406,39,0.00380859375
0110000111,4923,"[1, 0, 3, 2]",465,82.02242851257324,True,12.212895332660406,39,0.00380859375
0110000111,4924,"[1, 3, 0, 2]",900,82.03983306884766,False,12.212895332660406,39,0.00380859375
0110000111,4925,"[1, 0, 3, 2]",465,82.05485343933105,True,12.212895332660406,39,0.00380859375
0110000111,4926,"[1, 3, 0, 2]",900,82.07321166992188,False,12.212895332660406,39,0.00380859375
0110000111,4927,"[1, 0, 3, 2]",465,82.08632469177246,True,12.212895332660406,39,0.00380859375
0110000111,4928,"[1, 3, 0, 2]",900,82.10396766662598,False,12.212895332660406,39,0.00380859375
0110000111,4929,"[1, 0, 3, 2]",465,82.11731910705566,True,12.212895332660406,39,0.00380859375
0110000111,4930,"[1, 3, 0, 2]",900,82.13448524475098,False,12.212895332660406,39,0.00380859375
0110000111,4931,"[1, 0, 3, 2]",465,82.14807510375977,True,12.212895332660406,39,0.00380859375
0110000111,4932,"[1, 3, 0, 2]",900,82.16547966003418,False,12.212895332660406,39,0.00380859375
0110000111,4933,"[1, 0, 3, 2]",465,82.19218254089355,True,12.212895332660406,39,0.00380859375
0110000111,4934,"[1, 3, 0, 2]",900,82.22031593322754,False,12.212895332660406,39,0.00380859375
0110000111,4935,"[1, 0, 3, 2]",465,82.23366737365723,True,12.212895332660406,39,0.00380859375
0110000111,4936,"[1, 3, 0, 2]",900,82.25131034851074,False,12.212895332660406,39,0.00380859375
0110000111,4937,"[1, 0, 3, 2]",465,82.26442337036133,True,12.212895332660406,39,0.00380859375
0110000111,4938,"[1, 3, 0, 2]",900,82.28158950805664,False,12.212895332660406,39,0.00380859375
0110000111,4939,"[1, 0, 3, 2]",465,82.29446411132812,True,12.212895332660406,39,0.00380859375
0110000111,4940,"[1, 3, 0, 2]",900,82.31163024902344,False,12.212895332660406,39,0.00380859375
0110000111,4941,"[1, 0, 3, 2]",465,82.32474327087402,True,12.212895332660406,39,0.00380859375
0110000111,4942,"[1, 3, 0, 2]",900,82.34214782714844,False,12.212895332660406,39,0.00380859375
0110000111,4943,"[1, 0, 3, 2]",465,82.35526084899902,True,12.212895332660406,39,0.00380859375
0010110111,4944,"[2, 1, 3, 0]",9300,82.37290382385254,False,15.343709070385508,39,0.00380859375
0010110111,4945,"[2, 1, 0, 3]",600,82.38673210144043,True,15.343709070385508,39,0.00380859375
0010110111,4946,"[2, 1, 3, 0]",9300,82.40437507629395,False,15.343709070385508,39,0.00380859375
0010110111,4947,"[2, 1, 0, 3]",600,82.41772651672363,True,15.343709070385508,39,0.00380859375
0010110111,4948,"[2, 1, 3, 0]",9300,82.43513107299805,False,15.343709070385508,39,0.00380859375
0010110111,4949,"[2, 1, 0, 3]",600,82.44872093200684,True,15.343709070385508,39,0.00380859375
0010110111,4950,"[2, 1, 3, 0]",9300,82.46612548828125,False,15.343709070385508,39,0.00380859375
0010110111,4951,"[2, 1, 0, 3]",600,82.50188827514648,True,15.343709070385508,39,0.00380859375
0010110111,4952,"[2, 1, 3, 0]",9300,82.5200080871582,False,15.343709070385508,39,0.00380859375
0010110111,4953,"[2, 1, 0, 3]",600,82.53335952758789,True,15.343709070385508,39,0.00380859375
0010110111,4954,"[2, 1, 3, 0]",9300,82.55243301391602,False,15.343709070385508,39,0.00380859375
0010110111,4955,"[2, 1, 0, 3]",600,82.5657844543457,True,15.343709070385508,39,0.00380859375
0010110111,4956,"[2, 1, 3, 0]",9300,82.58366584777832,False,15.343709070385508,39,0.00380859375
0010110111,4957,"[2, 1, 0, 3]",600,82.5963020324707,True,15.343709070385508,39,0.00380859375
0010110111,4958,"[2, 1, 3, 0]",9300,82.61370658874512,False,15.343709070385508,39,0.00380859375
0010110111,4959,"[2, 1, 0, 3]",600,82.6268196105957,True,15.343709070385508,39,0.00380859375
0010110111,4960,"[2, 1, 3, 0]",9300,82.64446258544922,False,15.343709070385508,39,0.00380859375
0010110111,4961,"[2, 1, 0, 3]",600,82.6573371887207,True,15.343709070385508,39,0.00380859375
0010110111,4962,"[2, 1, 3, 0]",9300,82.67521858215332,False,15.343709070385508,39,0.00380859375
0010110111,4963,"[2, 1, 0, 3]",600,82.6883316040039,True,15.343709070385508,39,0.00380859375
0010110111,4964,"[2, 1, 3, 0]",9300,82.70621299743652,False,15.343709070385508,39,0.00380859375
0010110111,4965,"[2, 1, 0, 3]",600,82.71956443786621,True,15.343709070385508,39,0.00380859375
0010110111,4966,"[2, 1, 3, 0]",9300,82.73696899414062,False,15.343709070385508,39,0.00380859375
0010110111,4967,"[2, 1, 0, 3]",600,82.75008201599121,True,15.343709070385508,39,0.00380859375
0010110111,4968,"[2, 1, 3, 0]",9300,82.76748657226562,False,15.343709070385508,39,0.00380859375
0010110111,4969,"[2, 1, 0, 3]",600,82.78036117553711,True,15.343709070385508,39,0.00380859375
0010110111,4970,"[2, 1, 3, 0]",9300,82.79776573181152,False,15.343709070385508,39,0.00380859375
0010110111,4971,"[2, 1, 0, 3]",600,82.81087875366211,True,15.343709070385508,39,0.00380859375
0010110111,4972,"[2, 1, 3, 0]",9300,82.82828330993652,False,15.343709070385508,39,0.00380859375
0010110111,4973,"[2, 1, 0, 3]",600,82.84139633178711,True,15.343709070385508,39,0.00380859375
0010110111,4974,"[2, 1, 3, 0]",9300,82.85903930664062,False,15.343709070385508,39,0.00380859375
0010110111,4975,"[2, 1, 0, 3]",600,82.87358283996582,True,15.343709070385508,39,0.00380859375
0010110111,4976,"[2, 1, 3, 0]",9300,82.89337158203125,False,15.343709070385508,39,0.00380859375
0010110111,4977,"[2, 1, 0, 3]",600,82.90696144104004,True,15.343709070385508,39,0.00380859375
0010110111,4978,"[2, 1, 3, 0]",9300,82.92508125305176,False,15.343709070385508,39,0.00380859375
0010110111,4979,"[2, 1, 0, 3]",600,82.93843269348145,True,15.343709070385508,39,0.00380859375
0010110111,4980,"[2, 1, 3, 0]",9300,82.95607566833496,False,15.343709070385508,39,0.00380859375
0010110111,4981,"[2, 1, 0, 3]",600,82.96918869018555,True,15.343709070385508,39,0.00380859375
0010110111,4982,"[2, 1, 3, 0]",9300,82.98635482788086,False,15.343709070385508,39,0.00380859375
0010110111,4983,"[2, 1, 0, 3]",600,82.99922943115234,True,15.343709070385508,39,0.00380859375
0010110111,4984,"[2, 1, 3, 0]",9300,83.01663398742676,False,15.343709070385508,39,0.00380859375
0010110111,4985,"[2, 1, 0, 3]",600,83.02998542785645,True,15.343709070385508,39,0.00380859375
0010110111,4986,"[2, 1, 3, 0]",9300,83.04738998413086,False,15.343709070385508,39,0.00380859375
0010110111,4987,"[2, 1, 0, 3]",600,83.06050300598145,True,15.343709070385508,39,0.00380859375
0010110111,4988,"[2, 1, 3, 0]",9300,83.07790756225586,False,15.343709070385508,39,0.00380859375
0010110111,4989,"[2, 1, 0, 3]",600,83.09125900268555,True,15.343709070385508,39,0.00380859375
0010110111,4990,"[2, 1, 3, 0]",9300,83.10866355895996,False,15.343709070385508,39,0.00380859375
0010110111,4991,"[2, 1, 0, 3]",600,83.12201499938965,True,15.343709070385508,39,0.00380859375
0010110111,4992,"[2, 1, 3, 0]",9300,83.13965797424316,False,15.343709070385508,39,0.00380859375
0010110111,4993,"[2, 1, 0, 3]",600,83.15277099609375,True,15.343709070385508,39,0.00380859375
0010110111,4994,"[2, 1, 3, 0]",9300,83.17017555236816,False,15.343709070385508,39,0.00380859375
0010110111,4995,"[2, 1, 0, 3]",600,83.18328857421875,True,15.343709070385508,39,0.00380859375
0010110111,4996,"[2, 1, 3, 0]",9300,83.20188522338867,False,15.343709070385508,39,0.00380859375
0010110111,4997,"[2, 1, 0, 3]",600,83.21571350097656,True,15.343709070385508,39,0.00380859375
0010110111,4998,"[2, 1, 3, 0]",9300,83.23335647583008,False,15.343709070385508,39,0.00380859375
0010110111,4999,"[2, 1, 0, 3]",600,83.24670791625977,True,15.343709070385508,39,0.00380859375
0010110111,5000,"[2, 1, 3, 0]",9300,83.26435089111328,False,15.343709070385508,39,0.00380859375
0010110111,5001,"[2, 1, 0, 3]",600,83.27746391296387,True,15.343709070385508,39,0.00380859375
0010110111,5002,"[2, 1, 3, 0]",9300,83.29510688781738,False,15.343709070385508,39,0.00380859375
0010110111,5003,"[2, 1, 0, 3]",600,83.30798149108887,True,15.343709070385508,39,0.00380859375
0010110111,5004,"[2, 1, 3, 0]",9300,83.32562446594238,False,15.343709070385508,39,0.00380859375
0010110111,5005,"[2, 1, 0, 3]",600,83.33873748779297,True,15.343709070385508,39,0.00380859375
0010110111,5006,"[2, 1, 3, 0]",9300,83.35614204406738,False,15.343709070385508,39,0.00380859375
0010110111,5007,"[2, 1, 0, 3]",600,83.36949348449707,True,15.343709070385508,39,0.00380859375
0010110111,5008,"[2, 1, 3, 0]",9300,83.38689804077148,False,15.343709070385508,39,0.00380859375
0010110111,5009,"[2, 1, 0, 3]",600,83.40001106262207,True,15.343709070385508,39,0.00380859375
0010110111,5010,"[2, 1, 3, 0]",9300,83.41741561889648,False,15.343709070385508,39,0.00380859375
0010110111,5011,"[2, 1, 0, 3]",600,83.43052864074707,True,15.343709070385508,39,0.00380859375
0010110111,5012,"[2, 1, 3, 0]",9300,83.44793319702148,False,15.343709070385508,39,0.00380859375
0010110111,5013,"[2, 1, 0, 3]",600,83.46104621887207,True,15.343709070385508,39,0.00380859375
0010110111,5014,"[2, 1, 3, 0]",9300,83.47868919372559,False,15.343709070385508,39,0.00380859375
0010110111,5015,"[2, 1, 0, 3]",600,83.49418640136719,True,15.343709070385508,39,0.00380859375
0010110111,5016,"[2, 1, 3, 0]",9300,83.5118293762207,False,15.343709070385508,39,0.00380859375
0010110111,5017,"[2, 1, 0, 3]",600,83.5261344909668,True,15.343709070385508,39,0.00380859375
0010110111,5018,"[2, 1, 3, 0]",9300,83.54544639587402,False,15.343709070385508,39,0.00380859375
0010110111,5019,"[2, 1, 0, 3]",600,83.55951309204102,True,15.343709070385508,39,0.00380859375
0010110111,5020,"[2, 1, 3, 0]",9300,83.57715606689453,False,15.343709070385508,39,0.00380859375
0010110111,5021,"[2, 1, 0, 3]",600,83.59050750732422,True,15.343709070385508,39,0.00380859375
0010100101,5022,"[2, 1, 3, 0]",9300,83.60791206359863,False,22.36377440228918,39,0.00380859375
0010100101,5023,"[2, 1, 0, 3]",600,83.62126350402832,True,22.36377440228918,39,0.00380859375
0010100101,5024,"[2, 1, 3, 0]",9300,83.63866806030273,False,22.36377440228918,39,0.00380859375
0010100101,5025,"[2, 1, 0, 3]",600,83.65178108215332,True,22.36377440228918,39,0.00380859375
0010100101,5026,"[2, 1, 3, 0]",9300,83.67133140563965,False,22.36377440228918,39,0.00380859375
0010100101,5027,"[2, 1, 0, 3]",600,83.68515968322754,True,22.36377440228918,39,0.00380859375
0010100101,5028,"[2, 1, 3, 0]",9300,83.70280265808105,False,22.36377440228918,39,0.00380859375
0010100101,5029,"[2, 1, 0, 3]",600,83.71615409851074,True,22.36377440228918,39,0.00380859375
0010100101,5030,"[2, 1, 3, 0]",9300,83.73379707336426,False,22.36377440228918,39,0.00380859375
0010100101,5031,"[2, 1, 0, 3]",600,83.74738693237305,True,22.36377440228918,39,0.00380859375
0010100101,5032,"[2, 1, 3, 0]",9300,83.76479148864746,False,22.36377440228918,39,0.00380859375
0010100101,5033,"[2, 1, 0, 3]",600,83.77814292907715,True,22.36377440228918,39,0.00380859375
0010100101,5034,"[2, 1, 3, 0]",9300,83.79578590393066,False,22.36377440228918,39,0.00380859375
0010100101,5035,"[2, 1, 0, 3]",600,83.80866050720215,True,22.36377440228918,39,0.00380859375
0010100101,5036,"[2, 1, 3, 0]",9300,83.82630348205566,False,22.36377440228918,39,0.00380859375
0010100101,5037,"[2, 1, 0, 3]",600,83.83893966674805,True,22.36377440228918,39,0.00380859375
0010100101,5038,"[2, 1, 3, 0]",9300,83.85777473449707,False,22.36377440228918,39,0.00380859375
0010100101,5039,"[2, 1, 0, 3]",600,83.87112617492676,True,22.36377440228918,39,0.00380859375
0010100101,5040,"[2, 1, 3, 0]",9300,83.88900756835938,False,22.36377440228918,39,0.00380859375
0010100101,5041,"[2, 1, 0, 3]",600,83.90188217163086,True,22.36377440228918,39,0.00380859375
0010100101,5042,"[2, 1, 3, 0]",9300,83.91976356506348,False,22.36377440228918,39,0.00380859375
0010100101,5043,"[2, 1, 0, 3]",600,83.93263816833496,True,22.36377440228918,39,0.00380859375
0010100101,5044,"[2, 1, 3, 0]",9300,83.94980430603027,False,22.36377440228918,39,0.00380859375
0010100101,5045,"[2, 1, 0, 3]",600,83.96339416503906,True,22.36377440228918,39,0.00380859375
0010100101,5046,"[2, 1, 3, 0]",9300,83.98079872131348,False,22.36377440228918,39,0.00380859375
0010100101,5047,"[2, 1, 0, 3]",600,83.99415016174316,True,22.36377440228918,39,0.00380859375
0010100101,5048,"[2, 1, 3, 0]",9300,84.01155471801758,False,22.36377440228918,39,0.00380859375
0010100101,5049,"[2, 1, 0, 3]",600,84.02466773986816,True,22.36377440228918,39,0.00380859375
0010100101,5050,"[2, 1, 3, 0]",9300,84.04207229614258,False,22.36377440228918,39,0.00380859375
0010100101,5051,"[2, 1, 0, 3]",600,84.05542373657227,True,22.36377440228918,39,0.00380859375
0010100101,5052,"[2, 1, 3, 0]",9300,84.07282829284668,False,22.36377440228918,39,0.00380859375
0010100101,5053,"[2, 1, 0, 3]",600,84.08594131469727,True,22.36377440228918,39,0.00380859375
0010100101,5054,"[2, 1, 3, 0]",9300,84.10358428955078,False,22.36377440228918,39,0.00380859375
0010100101,5055,"[2, 1, 0, 3]",600,84.11645889282227,True,22.36377440228918,39,0.00380859375
0010100101,5056,"[2, 1, 3, 0]",9300,84.13386344909668,False,22.36377440228918,39,0.00380859375
0010100101,5057,"[2, 1, 0, 3]",600,84.14673805236816,True,22.36377440228918,39,0.00380859375
0010100101,5058,"[2, 1, 3, 0]",9300,84.16438102722168,False,22.36377440228918,39,0.00380859375
0010100101,5059,"[2, 1, 0, 3]",600,84.17892456054688,True,22.36377440228918,39,0.00380859375
0010100101,5060,"[2, 1, 3, 0]",9300,84.1970443725586,False,22.36377440228918,39,0.00380859375
0010100101,5061,"[2, 1, 0, 3]",600,84.21039581298828,True,22.36377440228918,39,0.00380859375
0010100101,5062,"[2, 1, 3, 0]",9300,84.2278003692627,False,22.36377440228918,39,0.00380859375
0010100101,5063,"[2, 1, 0, 3]",600,84.24091339111328,True,22.36377440228918,39,0.00380859375
0010100101,5064,"[2, 1, 3, 0]",9300,84.2583179473877,False,22.36377440228918,39,0.00380859375
0010100101,5065,"[2, 1, 0, 3]",600,84.27143096923828,True,22.36377440228918,39,0.00380859375
0010100101,5066,"[2, 1, 3, 0]",9300,84.2885971069336,False,22.36377440228918,39,0.00380859375
0010100101,5067,"[2, 1, 0, 3]",600,84.30171012878418,True,22.36377440228918,39,0.00380859375
0010100101,5068,"[2, 1, 3, 0]",9300,84.3193531036377,False,22.36377440228918,39,0.00380859375
0010100101,5069,"[2, 1, 0, 3]",600,84.33222770690918,True,22.36377440228918,39,0.00380859375
0010100101,5070,"[2, 1, 3, 0]",9300,84.3496322631836,False,22.36377440228918,39,0.00380859375
0010100101,5071,"[2, 1, 0, 3]",600,84.36274528503418,True,22.36377440228918,39,0.00380859375
0010100101,5072,"[2, 1, 3, 0]",9300,84.3806266784668,False,22.36377440228918,39,0.00380859375
0010100101,5073,"[2, 1, 0, 3]",600,84.39397811889648,True,22.36377440228918,39,0.00380859375
0010100101,5074,"[2, 1, 3, 0]",9300,84.4113826751709,False,22.36377440228918,39,0.00380859375
0010100101,5075,"[2, 1, 0, 3]",600,84.42473411560059,True,22.36377440228918,39,0.00380859375
0010100101,5076,"[2, 1, 3, 0]",9300,84.44404602050781,False,22.36377440228918,39,0.00380859375
0010100101,5077,"[2, 1, 0, 3]",600,84.4581127166748,True,22.36377440228918,39,0.00380859375
0010100101,5078,"[2, 1, 3, 0]",9300,84.47599411010742,False,22.36377440228918,39,0.00380859375
0010100101,5079,"[2, 1, 0, 3]",600,84.48934555053711,True,22.36377440228918,39,0.00380859375
0010100101,5080,"[2, 1, 3, 0]",9300,84.50818061828613,False,22.36377440228918,39,0.00380859375
0010100101,5081,"[2, 1, 0, 3]",600,84.52153205871582,True,22.36377440228918,39,0.00380859375
0010100101,5082,"[2, 1, 3, 0]",9300,84.53917503356934,False,22.36377440228918,39,0.00380859375
0010100101,5083,"[2, 1, 0, 3]",600,84.55228805541992,True,22.36377440228918,39,0.00380859375
0010100101,5084,"[2, 1, 3, 0]",9300,84.56945419311523,False,22.36377440228918,39,0.00380859375
0010100101,5085,"[2, 1, 0, 3]",600,84.58280563354492,True,22.36377440228918,39,0.00380859375
0010100101,5086,"[2, 1, 3, 0]",9300,84.60044860839844,False,22.36377440228918,39,0.00380859375
0010100101,5087,"[2, 1, 0, 3]",600,84.61332321166992,True,22.36377440228918,39,0.00380859375
0010100101,5088,"[2, 1, 3, 0]",9300,84.63072776794434,False,22.36377440228918,39,0.00380859375
0010100101,5089,"[2, 1, 0, 3]",600,84.64384078979492,True,22.36377440228918,39,0.00380859375
0010100101,5090,"[2, 1, 3, 0]",9300,84.66124534606934,False,22.36377440228918,39,0.00380859375
0010100101,5091,"[2, 1, 0, 3]",600,84.67435836791992,True,22.36377440228918,39,0.00380859375
0010100101,5092,"[2, 1, 3, 0]",9300,84.69152450561523,False,22.36377440228918,39,0.00380859375
0010100101,5093,"[2, 1, 0, 3]",600,84.70439910888672,True,22.36377440228918,39,0.00380859375
0010100101,5094,"[2, 1, 3, 0]",9300,84.72156524658203,False,22.36377440228918,39,0.00380859375
0010100101,5095,"[2, 1, 0, 3]",600,84.73443984985352,True,22.36377440228918,39,0.00380859375
0010100101,5096,"[2, 1, 3, 0]",9300,84.75184440612793,False,22.36377440228918,39,0.00380859375
0010100101,5097,"[2, 1, 0, 3]",600,84.76495742797852,True,22.36377440228918,39,0.00380859375
0010100101,5098,"[2, 1, 3, 0]",9300,84.78236198425293,False,22.36377440228918,39,0.00380859375
0010100101,5099,"[2, 1, 0, 3]",600,84.79547500610352,True,22.36377440228918,39,0.00380859375
0011101101,5100,"[3, 1, 2, 0]",9450,84.81287956237793,False,26.3691454391604,39,0.00380859375
0011101101,5101,"[3, 1, 0, 2]",900,84.82766151428223,True,26.3691454391604,39,0.00380859375
0011101101,5102,"[3, 1, 2, 0]",9450,84.84578132629395,False,26.3691454391604,39,0.00380859375
0011101101,5103,"[3, 1, 0, 2]",900,84.85937118530273,True,26.3691454391604,39,0.00380859375
0011101101,5104,"[3, 1, 2, 0]",9450,84.87677574157715,False,26.3691454391604,39,0.00380859375
0011101101,5105,"[3, 1, 0, 2]",900,84.89060401916504,True,26.3691454391604,39,0.00380859375
0011101101,5106,"[3, 1, 2, 0]",9450,84.90777015686035,False,26.3691454391604,39,0.00380859375
0011101101,5107,"[3, 1, 0, 2]",900,84.92136001586914,True,26.3691454391604,39,0.00380859375
0011101101,5108,"[3, 1, 2, 0]",9450,84.93876457214355,False,26.3691454391604,39,0.00380859375
0011101101,5109,"[3, 1, 0, 2]",900,84.95211601257324,True,26.3691454391604,39,0.00380859375
0011101101,5110,"[3, 1, 2, 0]",9450,84.96928215026855,False,26.3691454391604,39,0.00380859375
0011101101,5111,"[3, 1, 0, 2]",900,84.98239517211914,True,26.3691454391604,39,0.00380859375
0011101101,5112,"[3, 1, 2, 0]",9450,84.99979972839355,False,26.3691454391604,39,0.00380859375
0011101101,5113,"[3, 1, 0, 2]",900,85.01315116882324,True,26.3691454391604,39,0.00380859375
0011101101,5114,"[3, 1, 2, 0]",9450,85.03079414367676,False,26.3691454391604,39,0.00380859375
0011101101,5115,"[3, 1, 0, 2]",900,85.04390716552734,True,26.3691454391604,39,0.00380859375
0011101101,5116,"[3, 1, 2, 0]",9450,85.06178855895996,False,26.3691454391604,39,0.00380859375
0011101101,5117,"[3, 1, 0, 2]",900,85.07490158081055,True,26.3691454391604,39,0.00380859375
0011101101,5118,"[3, 1, 2, 0]",9450,85.09230613708496,False,26.3691454391604,39,0.00380859375
0011101101,5119,"[3, 1, 0, 2]",900,85.10541915893555,True,26.3691454391604,39,0.00380859375
0011101101,5120,"[3, 1, 2, 0]",9450,85.12282371520996,False,26.3691454391604,39,0.00380859375
0011101101,5121,"[3, 1, 0, 2]",900,85.13593673706055,True,26.3691454391604,39,0.00380859375
0011101101,5122,"[3, 1, 2, 0]",9450,85.15453338623047,False,26.3691454391604,39,0.00380859375
0011101101,5123,"[3, 1, 0, 2]",900,85.16788482666016,True,26.3691454391604,39,0.00380859375
0011101101,5124,"[3, 1, 2, 0]",9450,85.18552780151367,False,26.3691454391604,39,0.00380859375
0011101101,5125,"[3, 1, 0, 2]",900,85.19864082336426,True,26.3691454391604,39,0.00380859375
0011101101,5126,"[3, 1, 2, 0]",9450,85.21819114685059,False,26.3691454391604,39,0.00380859375
0011101101,5127,"[3, 1, 0, 2]",900,85.23154258728027,True,26.3691454391604,39,0.00380859375
0011101101,5128,"[3, 1, 2, 0]",9450,85.24966239929199,False,26.3691454391604,39,0.00380859375
0011101101,5129,"[3, 1, 0, 2]",900,85.26325225830078,True,26.3691454391604,39,0.00380859375
0011101101,5130,"[3, 1, 2, 0]",9450,85.28017997741699,False,26.3691454391604,39,0.00380859375
0011101101,5131,"[3, 1, 0, 2]",900,85.29353141784668,True,26.3691454391604,39,0.00380859375
0011101101,5132,"[3, 1, 2, 0]",9450,85.3109359741211,False,26.3691454391604,39,0.00380859375
0011101101,5133,"[3, 1, 0, 2]",900,85.32428741455078,True,26.3691454391604,39,0.00380859375
0011101101,5134,"[3, 1, 2, 0]",9450,85.3416919708252,False,26.3691454391604,39,0.00380859375
0011101101,5135,"[3, 1, 0, 2]",900,85.35504341125488,True,26.3691454391604,39,0.00380859375
0011101101,5136,"[3, 1, 2, 0]",9450,85.3722095489502,False,26.3691454391604,39,0.00380859375
0011101101,5137,"[3, 1, 0, 2]",900,85.38532257080078,True,26.3691454391604,39,0.00380859375
0011101101,5138,"[3, 1, 2, 0]",9450,85.4024887084961,False,26.3691454391604,39,0.00380859375
0011101101,5139,"[3, 1, 0, 2]",900,85.41584014892578,True,26.3691454391604,39,0.00380859375
0011101101,5140,"[3, 1, 2, 0]",9450,85.43276786804199,False,26.3691454391604,39,0.00380859375
0011101101,5141,"[3, 1, 0, 2]",900,85.44588088989258,True,26.3691454391604,39,0.00380859375
0011101101,5142,"[3, 1, 2, 0]",9450,85.46328544616699,False,26.3691454391604,39,0.00380859375
0011101101,5143,"[3, 1, 0, 2]",900,85.47782897949219,True,26.3691454391604,39,0.00380859375
0011101101,5144,"[3, 1, 2, 0]",9450,85.50000190734863,False,26.3691454391604,39,0.00380859375
0011101101,5145,"[3, 1, 0, 2]",900,85.51359176635742,True,26.3691454391604,39,0.00380859375
0011101101,5146,"[3, 1, 2, 0]",9450,85.53099632263184,False,26.3691454391604,39,0.00380859375
0011101101,5147,"[3, 1, 0, 2]",900,85.54434776306152,True,26.3691454391604,39,0.00380859375
0011101101,5148,"[3, 1, 2, 0]",9450,85.56175231933594,False,26.3691454391604,39,0.00380859375
0011101101,5149,"[3, 1, 0, 2]",900,85.57462692260742,True,26.3691454391604,39,0.00380859375
0011101101,5150,"[3, 1, 2, 0]",9450,85.59179306030273,False,26.3691454391604,39,0.00380859375
0011101101,5151,"[3, 1, 0, 2]",900,85.60490608215332,True,26.3691454391604,39,0.00380859375
0011101101,5152,"[3, 1, 2, 0]",9450,85.62231063842773,False,26.3691454391604,39,0.00380859375
0011101101,5153,"[3, 1, 0, 2]",900,85.63566207885742,True,26.3691454391604,39,0.00380859375
0011101101,5154,"[3, 1, 2, 0]",9450,85.65282821655273,False,26.3691454391604,39,0.00380859375
0011101101,5155,"[3, 1, 0, 2]",900,85.66617965698242,True,26.3691454391604,39,0.00380859375
0011101101,5156,"[3, 1, 2, 0]",9450,85.68286895751953,False,26.3691454391604,39,0.00380859375
0011101101,5157,"[3, 1, 0, 2]",900,85.69645881652832,True,26.3691454391604,39,0.00380859375
0011101101,5158,"[3, 1, 2, 0]",9450,85.71362495422363,False,26.3691454391604,39,0.00380859375
0011101101,5159,"[3, 1, 0, 2]",900,85.72697639465332,True,26.3691454391604,39,0.00380859375
0011101101,5160,"[3, 1, 2, 0]",9450,85.74414253234863,False,26.3691454391604,39,0.00380859375
0011101101,5161,"[3, 1, 0, 2]",900,85.75725555419922,True,26.3691454391604,39,0.00380859375
0011101101,5162,"[3, 1, 2, 0]",9450,85.77442169189453,False,26.3691454391604,39,0.00380859375
0011101101,5163,"[3, 1, 0, 2]",900,85.78753471374512,True,26.3691454391604,39,0.00380859375
0011101101,5164,"[3, 1, 2, 0]",9450,85.80589294433594,False,26.3691454391604,39,0.00380859375
0011101101,5165,"[3, 1, 0, 2]",900,85.81972122192383,True,26.3691454391604,39,0.00380859375
0011101101,5166,"[3, 1, 2, 0]",9450,85.83736419677734,False,26.3691454391604,39,0.00380859375
0011101101,5167,"[3, 1, 0, 2]",900,85.85047721862793,True,26.3691454391604,39,0.00380859375
0011101101,5168,"[3, 1, 2, 0]",9450,85.86764335632324,False,26.3691454391604,39,0.00380859375
0011101101,5169,"[3, 1, 0, 2]",900,85.88051795959473,True,26.3691454391604,39,0.00380859375
0011101101,5170,"[3, 1, 2, 0]",9450,85.89768409729004,False,26.3691454391604,39,0.00380859375
0011101101,5171,"[3, 1, 0, 2]",900,85.91079711914062,True,26.3691454391604,39,0.00380859375
0011101101,5172,"[3, 1, 2, 0]",9450,85.92796325683594,False,26.3691454391604,39,0.00380859375
0011101101,5173,"[3, 1, 0, 2]",900,85.94083786010742,True,26.3691454391604,39,0.00380859375
0011101101,5174,"[3, 1, 2, 0]",9450,85.95824241638184,False,26.3691454391604,39,0.00380859375
0011101101,5175,"[3, 1, 0, 2]",900,85.97087860107422,True,26.3691454391604,39,0.00380859375
0011101101,5176,"[3, 1, 2, 0]",9450,85.98804473876953,False,26.3691454391604,39,0.00380859375
0011101101,5177,"[3, 1, 0, 2]",900,86.00306510925293,True,26.3691454391604,39,0.00380859375
0000110100,5178,"[2, 3, 1, 0]",9600,86.02070808410645,False,13.410803419625623,38,0.0037109375
0000110100,5179,"[2, 3, 1, 0]",9600,86.03405952453613,True,13.410803419625623,38,0.0037109375
0000110100,5180,"[2, 3, 1, 0]",9600,86.05146408081055,False,13.410803419625623,38,0.0037109375
0000110100,5181,"[2, 3, 1, 0]",9600,86.06433868408203,True,13.410803419625623,38,0.0037109375
0000110100,5182,"[2, 3, 1, 0]",9600,86.09771728515625,False,13.410803419625623,38,0.0037109375
0000110100,5183,"[2, 3, 1, 0]",9600,86.11321449279785,True,13.410803419625623,38,0.0037109375
0000110100,5184,"[2, 3, 1, 0]",9600,86.13157272338867,False,13.410803419625623,38,0.0037109375
0000110100,5185,"[2, 3, 1, 0]",9600,86.14611625671387,True,13.410803419625623,38,0.0037109375
0000110100,5186,"[2, 3, 1, 0]",9600,86.1659049987793,False,13.410803419625623,38,0.0037109375
0000110100,5187,"[2, 3, 1, 0]",9600,86.17997169494629,True,13.410803419625623,38,0.0037109375
0000110100,5188,"[2, 3, 1, 0]",9600,86.1978530883789,False,13.410803419625623,38,0.0037109375
0000110100,5189,"[2, 3, 1, 0]",9600,86.2112045288086,True,13.410803419625623,38,0.0037109375
0000110100,5190,"[2, 3, 1, 0]",9600,86.22908592224121,False,13.410803419625623,38,0.0037109375
0000110100,5191,"[2, 3, 1, 0]",9600,86.2424373626709,True,13.410803419625623,38,0.0037109375
0000110100,5192,"[2, 3, 1, 0]",9600,86.25984191894531,False,13.410803419625623,38,0.0037109375
0000110100,5193,"[2, 3, 1, 0]",9600,86.2729549407959,True,13.410803419625623,38,0.0037109375
0000110100,5194,"[2, 3, 1, 0]",9600,86.29083633422852,False,13.410803419625623,38,0.0037109375
0000110100,5195,"[2, 3, 1, 0]",9600,86.3039493560791,True,13.410803419625623,38,0.0037109375
0000110100,5196,"[2, 3, 1, 0]",9600,86.32206916809082,False,13.410803419625623,38,0.0037109375
0000110100,5197,"[2, 3, 1, 0]",9600,86.3351821899414,True,13.410803419625623,38,0.0037109375
0000110100,5198,"[2, 3, 1, 0]",9600,86.35258674621582,False,13.410803419625623,38,0.0037109375
0000110100,5199,"[2, 3, 1, 0]",9600,86.3656997680664,True,13.410803419625623,38,0.0037109375
0000110100,5200,"[2, 3, 1, 0]",9600,86.38310432434082,False,13.410803419625623,38,0.0037109375
0000110100,5201,"[2, 3, 1, 0]",9600,86.39645576477051,True,13.410803419625623,38,0.0037109375
0000110100,5202,"[2, 3, 1, 0]",9600,86.41386032104492,False,13.410803419625623,38,0.0037109375
0000110100,5203,"[2, 3, 1, 0]",9600,86.42721176147461,True,13.410803419625623,38,0.0037109375
0000110100,5204,"[2, 3, 1, 0]",9600,86.44485473632812,False,13.410803419625623,38,0.0037109375
0000110100,5205,"[2, 3, 1, 0]",9600,86.45820617675781,True,13.410803419625623,38,0.0037109375
0000110100,5206,"[2, 3, 1, 0]",9600,86.47775650024414,False,13.410803419625623,38,0.0037109375
0000110100,5207,"[2, 3, 1, 0]",9600,86.49134635925293,True,13.410803419625623,38,0.0037109375
0000110100,5208,"[2, 3, 1, 0]",9600,86.50970458984375,False,13.410803419625623,38,0.0037109375
0000110100,5209,"[2, 3, 1, 0]",9600,86.52257919311523,True,13.410803419625623,38,0.0037109375
0000110100,5210,"[2, 3, 1, 0]",9600,86.54022216796875,False,13.410803419625623,38,0.0037109375
0000110100,5211,"[2, 3, 1, 0]",9600,86.55357360839844,True,13.410803419625623,38,0.0037109375
0000110100,5212,"[2, 3, 1, 0]",9600,86.57097816467285,False,13.410803419625623,38,0.0037109375
0000110100,5213,"[2, 3, 1, 0]",9600,86.58409118652344,True,13.410803419625623,38,0.0037109375
0000110100,5214,"[2, 3, 1, 0]",9600,86.60173416137695,False,13.410803419625623,38,0.0037109375
0000110100,5215,"[2, 3, 1, 0]",9600,86.61484718322754,True,13.410803419625623,38,0.0037109375
0000110100,5216,"[2, 3, 1, 0]",9600,86.63272857666016,False,13.410803419625623,38,0.0037109375
0000110100,5217,"[2, 3, 1, 0]",9600,86.64584159851074,True,13.410803419625623,38,0.0037109375
0000110100,5218,"[2, 3, 1, 0]",9600,86.66372299194336,False,13.410803419625623,38,0.0037109375
0000110100,5219,"[2, 3, 1, 0]",9600,86.67659759521484,True,13.410803419625623,38,0.0037109375
0000110100,5220,"[2, 3, 1, 0]",9600,86.69400215148926,False,13.410803419625623,38,0.0037109375
0000110100,5221,"[2, 3, 1, 0]",9600,86.70687675476074,True,13.410803419625623,38,0.0037109375
0000110100,5222,"[2, 3, 1, 0]",9600,86.72475814819336,False,13.410803419625623,38,0.0037109375
0000110100,5223,"[2, 3, 1, 0]",9600,86.73763275146484,True,13.410803419625623,38,0.0037109375
0000110100,5224,"[2, 3, 1, 0]",9600,86.75527572631836,False,13.410803419625623,38,0.0037109375
0000110100,5225,"[2, 3, 1, 0]",9600,86.76862716674805,True,13.410803419625623,38,0.0037109375
0000110100,5226,"[2, 3, 1, 0]",9600,86.78674697875977,False,13.410803419625623,38,0.0037109375
0000110100,5227,"[2, 3, 1, 0]",9600,86.80152893066406,True,13.410803419625623,38,0.0037109375
0000110100,5228,"[2, 3, 1, 0]",9600,86.8220329284668,False,13.410803419625623,38,0.0037109375
0000110100,5229,"[2, 3, 1, 0]",9600,86.83538436889648,True,13.410803419625623,38,0.0037109375
0000110100,5230,"[2, 3, 1, 0]",9600,86.8539810180664,False,13.410803419625623,38,0.0037109375
0000110100,5231,"[2, 3, 1, 0]",9600,86.8673324584961,True,13.410803419625623,38,0.0037109375
0000110100,5232,"[2, 3, 1, 0]",9600,86.88521385192871,False,13.410803419625623,38,0.0037109375
0000110100,5233,"[2, 3, 1, 0]",9600,86.8985652923584,True,13.410803419625623,38,0.0037109375
0000110100,5234,"[2, 3, 1, 0]",9600,86.91620826721191,False,13.410803419625623,38,0.0037109375
0000110100,5235,"[2, 3, 1, 0]",9600,86.9295597076416,True,13.410803419625623,38,0.0037109375
0000110100,5236,"[2, 3, 1, 0]",9600,86.94720268249512,False,13.410803419625623,38,0.0037109375
0000110100,5237,"[2, 3, 1, 0]",9600,86.9600772857666,True,13.410803419625623,38,0.0037109375
0000110100,5238,"[2, 3, 1, 0]",9600,86.97819709777832,False,13.410803419625623,38,0.0037109375
0000110100,5239,"[2, 3, 1, 0]",9600,86.9908332824707,True,13.410803419625623,38,0.0037109375
0000110100,5240,"[2, 3, 1, 0]",9600,87.00871467590332,False,13.410803419625623,38,0.0037109375
0000110100,5241,"[2, 3, 1, 0]",9600,87.0215892791748,True,13.410803419625623,38,0.0037109375
0000110100,5242,"[2, 3, 1, 0]",9600,87.03923225402832,False,13.410803419625623,38,0.0037109375
0000110100,5243,"[2, 3, 1, 0]",9600,87.0523452758789,True,13.410803419625623,38,0.0037109375
0000110100,5244,"[2, 3, 1, 0]",9600,87.07022666931152,False,13.410803419625623,38,0.0037109375
0000110100,5245,"[2, 3, 1, 0]",9600,87.08333969116211,True,13.410803419625623,38,0.0037109375
0000110100,5246,"[2, 3, 1, 0]",9600,87.10122108459473,False,13.410803419625623,38,0.0037109375
0000110100,5247,"[2, 3, 1, 0]",9600,87.11457252502441,True,13.410803419625623,38,0.0037109375
0000110100,5248,"[2, 3, 1, 0]",9600,87.13364601135254,False,13.410803419625623,38,0.0037109375
0000110100,5249,"[2, 3, 1, 0]",9600,87.14747428894043,True,13.410803419625623,38,0.0037109375
0000110100,5250,"[2, 3, 1, 0]",9600,87.16607093811035,False,13.410803419625623,38,0.0037109375
0000110100,5251,"[2, 3, 1, 0]",9600,87.17966079711914,True,13.410803419625623,38,0.0037109375
0000110100,5252,"[2, 3, 1, 0]",9600,87.19754219055176,False,13.410803419625623,38,0.0037109375
0000110100,5253,"[2, 3, 1, 0]",9600,87.21113204956055,True,13.410803419625623,38,0.0037109375
0110110100,5254,"[2, 1, 3, 0]",9300,87.22901344299316,False,22.4105565813594,37,0.00361328125
0110110100,5255,"[2, 1, 0, 3]",600,87.24308013916016,True,22.4105565813594,37,0.00361328125
0110110100,5256,"[2, 1, 3, 0]",9300,87.26119995117188,False,22.4105565813594,37,0.00361328125
0110110100,5257,"[2, 1, 0, 3]",600,87.27478981018066,True,22.4105565813594,37,0.00361328125
0110110100,5258,"[2, 1, 3, 0]",9300,87.29290962219238,False,22.4105565813594,37,0.00361328125
0110110100,5259,"[2, 1, 0, 3]",600,87.30649948120117,True,22.4105565813594,37,0.00361328125
0110110100,5260,"[2, 1, 3, 0]",9300,87.32485771179199,False,22.4105565813594,37,0.00361328125
0110110100,5261,"[2, 1, 0, 3]",600,87.33868598937988,True,22.4105565813594,37,0.00361328125
0110110100,5262,"[2, 1, 3, 0]",9300,87.3570442199707,False,22.4105565813594,37,0.00361328125
0110110100,5263,"[2, 1, 0, 3]",600,87.37039566040039,True,22.4105565813594,37,0.00361328125
0110110100,5264,"[2, 1, 3, 0]",9300,87.38851547241211,False,22.4105565813594,37,0.00361328125
0110110100,5265,"[2, 1, 0, 3]",600,87.4021053314209,True,22.4105565813594,37,0.00361328125
0110110100,5266,"[2, 1, 3, 0]",9300,87.42022514343262,False,22.4105565813594,37,0.00361328125
0110110100,5267,"[2, 1, 0, 3]",600,87.4335765838623,True,22.4105565813594,37,0.00361328125
0110110100,5268,"[2, 1, 3, 0]",9300,87.45193481445312,False,22.4105565813594,37,0.00361328125
0110110100,5269,"[2, 1, 0, 3]",600,87.46695518493652,True,22.4105565813594,37,0.00361328125
0110110100,5270,"[2, 1, 3, 0]",9300,87.50176429748535,False,22.4105565813594,37,0.00361328125
0110110100,5271,"[2, 1, 0, 3]",600,87.51559257507324,True,22.4105565813594,37,0.00361328125
0110110100,5272,"[2, 1, 3, 0]",9300,87.53466606140137,False,22.4105565813594,37,0.00361328125
0110110100,5273,"[2, 1, 0, 3]",600,87.54873275756836,True,22.4105565813594,37,0.00361328125
0110110100,5274,"[2, 1, 3, 0]",9300,87.56756782531738,False,22.4105565813594,37,0.00361328125
0110110100,5275,"[2, 1, 0, 3]",600,87.58211135864258,True,22.4105565813594,37,0.00361328125
0110110100,5276,"[2, 1, 3, 0]",9300,87.61072158813477,False,22.4105565813594,37,0.00361328125
0110110100,5277,"[2, 1, 0, 3]",600,87.62454986572266,True,22.4105565813594,37,0.00361328125
0110110100,5278,"[2, 1, 3, 0]",9300,87.64481544494629,False,22.4105565813594,37,0.00361328125
0110110100,5279,"[2, 1, 0, 3]",600,87.65888214111328,True,22.4105565813594,37,0.00361328125
0110110100,5280,"[2, 1, 3, 0]",9300,87.6774787902832,False,22.4105565813594,37,0.00361328125
0110110100,5281,"[2, 1, 0, 3]",600,87.6913070678711,True,22.4105565813594,37,0.00361328125
0110110100,5282,"[2, 1, 3, 0]",9300,87.70942687988281,False,22.4105565813594,37,0.00361328125
0110110100,5283,"[2, 1, 0, 3]",600,87.7230167388916,True,22.4105565813594,37,0.00361328125
0110110100,5284,"[2, 1, 3, 0]",9300,87.74113655090332,False,22.4105565813594,37,0.00361328125
0110110100,5285,"[2, 1, 0, 3]",600,87.75448799133301,True,22.4105565813594,37,0.00361328125
0110110100,5286,"[2, 1, 3, 0]",9300,87.77260780334473,False,22.4105565813594,37,0.00361328125
0110110100,5287,"[2, 1, 0, 3]",600,87.78643608093262,True,22.4105565813594,37,0.00361328125
0110110100,5288,"[2, 1, 3, 0]",9300,87.80455589294434,False,22.4105565813594,37,0.00361328125
0110110100,5289,"[2, 1, 0, 3]",600,87.81862258911133,True,22.4105565813594,37,0.00361328125
0110110100,5290,"[2, 1, 3, 0]",9300,87.83793449401855,False,22.4105565813594,37,0.00361328125
0110110100,5291,"[2, 1, 0, 3]",600,87.85200119018555,True,22.4105565813594,37,0.00361328125
0110110100,5292,"[2, 1, 3, 0]",9300,87.87059783935547,False,22.4105565813594,37,0.00361328125
0110110100,5293,"[2, 1, 0, 3]",600,87.88418769836426,True,22.4105565813594,37,0.00361328125
0110110100,5294,"[2, 1, 3, 0]",9300,87.90206909179688,False,22.4105565813594,37,0.00361328125
0110110100,5295,"[2, 1, 0, 3]",600,87.91589736938477,True,22.4105565813594,37,0.00361328125
0110110100,5296,"[2, 1, 3, 0]",9300,87.93377876281738,False,22.4105565813594,37,0.00361328125
0110110100,5297,"[2, 1, 0, 3]",600,87.94736862182617,True,22.4105565813594,37,0.00361328125
0110110100,5298,"[2, 1, 3, 0]",9300,87.96548843383789,False,22.4105565813594,37,0.00361328125
0110110100,5299,"[2, 1, 0, 3]",600,88.00172805786133,True,22.4105565813594,37,0.00361328125
0110110100,5300,"[2, 1, 3, 0]",9300,88.02056312561035,False,22.4105565813594,37,0.00361328125
0110110100,5301,"[2, 1, 0, 3]",600,88.03415298461914,True,22.4105565813594,37,0.00361328125
0110110100,5302,"[2, 1, 3, 0]",9300,88.05227279663086,False,22.4105565813594,37,0.00361328125
0110110100,5303,"[2, 1, 0, 3]",600,88.06610107421875,True,22.4105565813594,37,0.00361328125
0110110100,5304,"[2, 1, 3, 0]",9300,88.08422088623047,False,22.4105565813594,37,0.00361328125
0110110100,5305,"[2, 1, 0, 3]",600,88.09828758239746,True,22.4105565813594,37,0.00361328125
0110110100,5306,"[2, 1, 3, 0]",9300,88.11640739440918,False,22.4105565813594,37,0.00361328125
0110110100,5307,"[2, 1, 0, 3]",600,88.13023567199707,True,22.4105565813594,37,0.00361328125
0110110100,5308,"[2, 1, 3, 0]",9300,88.14859390258789,False,22.4105565813594,37,0.00361328125
0110110100,5309,"[2, 1, 0, 3]",600,88.16289901733398,True,22.4105565813594,37,0.00361328125
0110110100,5310,"[2, 1, 3, 0]",9300,88.1810188293457,False,22.4105565813594,37,0.00361328125
0110110100,5311,"[2, 1, 0, 3]",600,88.1962776184082,True,22.4105565813594,37,0.00361328125
0110110100,5312,"[2, 1, 3, 0]",9300,88.21535110473633,False,22.4105565813594,37,0.00361328125
0110110100,5313,"[2, 1, 0, 3]",600,88.22941780090332,True,22.4105565813594,37,0.00361328125
0110110100,5314,"[2, 1, 3, 0]",9300,88.24753761291504,False,22.4105565813594,37,0.00361328125
0110110100,5315,"[2, 1, 0, 3]",600,88.26136589050293,True,22.4105565813594,37,0.00361328125
0110110100,5316,"[2, 1, 3, 0]",9300,88.27948570251465,False,22.4105565813594,37,0.00361328125
0110110100,5317,"[2, 1, 0, 3]",600,88.29307556152344,True,22.4105565813594,37,0.00361328125
0110110100,5318,"[2, 1, 3, 0]",9300,88.31143379211426,False,22.4105565813594,37,0.00361328125
0110110100,5319,"[2, 1, 0, 3]",600,88.32502365112305,True,22.4105565813594,37,0.00361328125
0110110100,5320,"[2, 1, 3, 0]",9300,88.34290504455566,False,22.4105565813594,37,0.00361328125
0110110100,5321,"[2, 1, 0, 3]",600,88.35649490356445,True,22.4105565813594,37,0.00361328125
0110110100,5322,"[2, 1, 3, 0]",9300,88.37461471557617,False,22.4105565813594,37,0.00361328125
0110110100,5323,"[2, 1, 0, 3]",600,88.38820457458496,True,22.4105565813594,37,0.00361328125
0110110100,5324,"[2, 1, 3, 0]",9300,88.40608596801758,False,22.4105565813594,37,0.00361328125
0110110100,5325,"[2, 1, 0, 3]",600,88.41967582702637,True,22.4105565813594,37,0.00361328125
0110110100,5326,"[2, 1, 3, 0]",9300,88.43779563903809,False,22.4105565813594,37,0.00361328125
0110110100,5327,"[2, 1, 0, 3]",600,88.45114707946777,True,22.4105565813594,37,0.00361328125
1110100111,5328,"[0, 2, 1, 3]",500,88.4714126586914,False,18.318016911728506,37,0.00361328125
1110100111,5329,"[0, 1, 2, 3]",315,88.4866714477539,True,18.318016911728506,37,0.00361328125
1110100111,5330,"[0, 2, 1, 3]",500,88.50526809692383,False,18.318016911728506,37,0.00361328125
1110100111,5331,"[0, 1, 2, 3]",315,88.51957321166992,True,18.318016911728506,37,0.00361328125
1110100111,5332,"[0, 2, 1, 3]",500,88.53983879089355,False,18.318016911728506,37,0.00361328125
1110100111,5333,"[0, 1, 2, 3]",315,88.55438232421875,True,18.318016911728506,37,0.00361328125
1110100111,5334,"[0, 2, 1, 3]",500,88.57274055480957,False,18.318016911728506,37,0.00361328125
1110100111,5335,"[0, 1, 2, 3]",315,88.58680725097656,True,18.318016911728506,37,0.00361328125
1110100111,5336,"[0, 2, 1, 3]",500,88.60468864440918,False,18.318016911728506,37,0.00361328125
1110100111,5337,"[0, 1, 2, 3]",315,88.61851692199707,True,18.318016911728506,37,0.00361328125
1110100111,5338,"[0, 2, 1, 3]",500,88.63639831542969,False,18.318016911728506,37,0.00361328125
1110100111,5339,"[0, 1, 2, 3]",315,88.64998817443848,True,18.318016911728506,37,0.00361328125
1110100111,5340,"[0, 2, 1, 3]",500,88.67835998535156,False,18.318016911728506,37,0.00361328125
1110100111,5341,"[0, 1, 2, 3]",315,88.69147300720215,True,18.318016911728506,37,0.00361328125
1110100111,5342,"[0, 2, 1, 3]",500,88.70863914489746,False,18.318016911728506,37,0.00361328125
1110100111,5343,"[0, 1, 2, 3]",315,88.72127532958984,True,18.318016911728506,37,0.00361328125
1110100111,5344,"[0, 2, 1, 3]",500,88.73867988586426,False,18.318016911728506,37,0.00361328125
1110100111,5345,"[0, 1, 2, 3]",315,88.75131607055664,True,18.318016911728506,37,0.00361328125
1110100111,5346,"[0, 2, 1, 3]",500,88.76872062683105,False,18.318016911728506,37,0.00361328125
1110100111,5347,"[0, 1, 2, 3]",315,88.78135681152344,True,18.318016911728506,37,0.00361328125
1110100111,5348,"[0, 2, 1, 3]",500,88.79852294921875,False,18.318016911728506,37,0.00361328125
1110100111,5349,"[0, 1, 2, 3]",315,88.81139755249023,True,18.318016911728506,37,0.00361328125
1110100111,5350,"[0, 2, 1, 3]",500,88.82808685302734,False,18.318016911728506,37,0.00361328125
1110100111,5351,"[0, 1, 2, 3]",315,88.84286880493164,True,18.318016911728506,37,0.00361328125
1110100111,5352,"[0, 2, 1, 3]",500,88.86027336120605,False,18.318016911728506,37,0.00361328125
1110100111,5353,"[0, 1, 2, 3]",315,88.87386322021484,True,18.318016911728506,37,0.00361328125
1110100111,5354,"[0, 2, 1, 3]",500,88.89293670654297,False,18.318016911728506,37,0.00361328125
1110100111,5355,"[0, 1, 2, 3]",315,88.90604972839355,True,18.318016911728506,37,0.00361328125
1110100111,5356,"[0, 2, 1, 3]",500,88.92321586608887,False,18.318016911728506,37,0.00361328125
1110100111,5357,"[0, 1, 2, 3]",315,88.93561363220215,True,18.318016911728506,37,0.00361328125
1110100111,5358,"[0, 2, 1, 3]",500,88.95277976989746,False,18.318016911728506,37,0.00361328125
1110100111,5359,"[0, 1, 2, 3]",315,88.96589279174805,True,18.318016911728506,37,0.00361328125
1110100111,5360,"[0, 2, 1, 3]",500,88.98305892944336,False,18.318016911728506,37,0.00361328125
1110100111,5361,"[0, 1, 2, 3]",315,88.99617195129395,True,18.318016911728506,37,0.00361328125
1110100111,5362,"[0, 2, 1, 3]",500,89.01309967041016,False,18.318016911728506,37,0.00361328125
1110100111,5363,"[0, 1, 2, 3]",315,89.02597427368164,True,18.318016911728506,37,0.00361328125
1110100111,5364,"[0, 2, 1, 3]",500,89.04290199279785,False,18.318016911728506,37,0.00361328125
1110100111,5365,"[0, 1, 2, 3]",315,89.05577659606934,True,18.318016911728506,37,0.00361328125
1110100111,5366,"[0, 2, 1, 3]",500,89.07270431518555,False,18.318016911728506,37,0.00361328125
1110100111,5367,"[0, 1, 2, 3]",315,89.08534049987793,True,18.318016911728506,37,0.00361328125
1110100111,5368,"[0, 2, 1, 3]",500,89.10226821899414,False,18.318016911728506,37,0.00361328125
1110100111,5369,"[0, 1, 2, 3]",315,89.11490440368652,True,18.318016911728506,37,0.00361328125
1110100111,5370,"[0, 2, 1, 3]",500,89.13207054138184,False,18.318016911728506,37,0.00361328125
1110100111,5371,"[0, 1, 2, 3]",315,89.14494514465332,True,18.318016911728506,37,0.00361328125
1110100111,5372,"[0, 2, 1, 3]",500,89.16211128234863,False,18.318016911728506,37,0.00361328125
1110100111,5373,"[0, 1, 2, 3]",315,89.17498588562012,True,18.318016911728506,37,0.00361328125
1110100111,5374,"[0, 2, 1, 3]",500,89.19334411621094,False,18.318016911728506,37,0.00361328125
1110100111,5375,"[0, 1, 2, 3]",315,89.20621871948242,True,18.318016911728506,37,0.00361328125
1110100111,5376,"[0, 2, 1, 3]",500,89.22362327575684,False,18.318016911728506,37,0.00361328125
1110100111,5377,"[0, 1, 2, 3]",315,89.23649787902832,True,18.318016911728506,37,0.00361328125
1110100111,5378,"[0, 2, 1, 3]",500,89.25485610961914,False,18.318016911728506,37,0.00361328125
1110100111,5379,"[0, 1, 2, 3]",315,89.26844596862793,True,18.318016911728506,37,0.00361328125
1110100111,5380,"[0, 2, 1, 3]",500,89.28585052490234,False,18.318016911728506,37,0.00361328125
1110100111,5381,"[0, 1, 2, 3]",315,89.29872512817383,True,18.318016911728506,37,0.00361328125
1110100111,5382,"[0, 2, 1, 3]",500,89.31589126586914,False,18.318016911728506,37,0.00361328125
1110100111,5383,"[0, 1, 2, 3]",315,89.32876586914062,True,18.318016911728506,37,0.00361328125
1110100111,5384,"[0, 2, 1, 3]",500,89.34593200683594,False,18.318016911728506,37,0.00361328125
1110100111,5385,"[0, 1, 2, 3]",315,89.35880661010742,True,18.318016911728506,37,0.00361328125
1110100111,5386,"[0, 2, 1, 3]",500,89.37597274780273,False,18.318016911728506,37,0.00361328125
1110100111,5387,"[0, 1, 2, 3]",315,89.38884735107422,True,18.318016911728506,37,0.00361328125
1110100111,5388,"[0, 2, 1, 3]",500,89.40601348876953,False,18.318016911728506,37,0.00361328125
1110100111,5389,"[0, 1, 2, 3]",315,89.42985534667969,True,18.318016911728506,37,0.00361328125
1110100111,5390,"[0, 2, 1, 3]",500,89.44940567016602,False,18.318016911728506,37,0.00361328125
1110100111,5391,"[0, 1, 2, 3]",315,89.46418762207031,True,18.318016911728506,37,0.00361328125
1110100111,5392,"[0, 2, 1, 3]",500,89.48826789855957,False,18.318016911728506,37,0.00361328125
1110100111,5393,"[0, 1, 2, 3]",315,89.50352668762207,True,18.318016911728506,37,0.00361328125
1110100111,5394,"[0, 2, 1, 3]",500,89.5235538482666,False,18.318016911728506,37,0.00361328125
1110100111,5395,"[0, 1, 2, 3]",315,89.54024314880371,True,18.318016911728506,37,0.00361328125
1110100111,5396,"[0, 2, 1, 3]",500,89.56027030944824,False,18.318016911728506,37,0.00361328125
1110100111,5397,"[0, 1, 2, 3]",315,89.57529067993164,True,18.318016911728506,37,0.00361328125
1110100111,5398,"[0, 2, 1, 3]",500,89.59484100341797,False,18.318016911728506,37,0.00361328125
1110100111,5399,"[0, 1, 2, 3]",315,89.60986137390137,True,18.318016911728506,37,0.00361328125
1110100111,5400,"[0, 2, 1, 3]",500,89.6296501159668,False,18.318016911728506,37,0.00361328125
1110100111,5401,"[0, 1, 2, 3]",315,89.6444320678711,True,18.318016911728506,37,0.00361328125
0001100101,5402,"[2, 3, 1, 0]",9600,89.66422080993652,False,12.425790665320811,37,0.00361328125
0001100101,5403,"[2, 3, 1, 0]",9600,89.67971801757812,True,12.425790665320811,37,0.00361328125
0001100101,5404,"[2, 3, 1, 0]",9600,89.69926834106445,False,12.425790665320811,37,0.00361328125
0001100101,5405,"[2, 3, 1, 0]",9600,89.71452713012695,True,12.425790665320811,37,0.00361328125
0001100101,5406,"[2, 3, 1, 0]",9600,89.73383903503418,False,12.425790665320811,37,0.00361328125
0001100101,5407,"[2, 3, 1, 0]",9600,89.74885940551758,True,12.425790665320811,37,0.00361328125
0001100101,5408,"[2, 3, 1, 0]",9600,89.7681713104248,False,12.425790665320811,37,0.00361328125
0001100101,5409,"[2, 3, 1, 0]",9600,89.7831916809082,True,12.425790665320811,37,0.00361328125
0001100101,5410,"[2, 3, 1, 0]",9600,89.80274200439453,False,12.425790665320811,37,0.00361328125
0001100101,5411,"[2, 3, 1, 0]",9600,89.81752395629883,True,12.425790665320811,37,0.00361328125
0001100101,5412,"[2, 3, 1, 0]",9600,89.83731269836426,False,12.425790665320811,37,0.00361328125
0001100101,5413,"[2, 3, 1, 0]",9600,89.85257148742676,True,12.425790665320811,37,0.00361328125
0001100101,5414,"[2, 3, 1, 0]",9600,89.87188339233398,False,12.425790665320811,37,0.00361328125
0001100101,5415,"[2, 3, 1, 0]",9600,89.88666534423828,True,12.425790665320811,37,0.00361328125
0001100101,5416,"[2, 3, 1, 0]",9600,89.90764617919922,False,12.425790665320811,37,0.00361328125
0001100101,5417,"[2, 3, 1, 0]",9600,89.92266654968262,True,12.425790665320811,37,0.00361328125
0001100101,5418,"[2, 3, 1, 0]",9600,89.94245529174805,False,12.425790665320811,37,0.00361328125
0001100101,5419,"[2, 3, 1, 0]",9600,89.95723724365234,True,12.425790665320811,37,0.00361328125
0001100101,5420,"[2, 3, 1, 0]",9600,89.97654914855957,False,12.425790665320811,37,0.00361328125
0001100101,5421,"[2, 3, 1, 0]",9600,89.99109268188477,True,12.425790665320811,37,0.00361328125
0001100101,5422,"[2, 3, 1, 0]",9600,90.0108814239502,False,12.425790665320811,37,0.00361328125
0001100101,5423,"[2, 3, 1, 0]",9600,90.02542495727539,True,12.425790665320811,37,0.00361328125
0001100101,5424,"[2, 3, 1, 0]",9600,90.04521369934082,False,12.425790665320811,37,0.00361328125
0001100101,5425,"[2, 3, 1, 0]",9600,90.05975723266602,True,12.425790665320811,37,0.00361328125
0001100101,5426,"[2, 3, 1, 0]",9600,90.07930755615234,False,12.425790665320811,37,0.00361328125
0001100101,5427,"[2, 3, 1, 0]",9600,90.09361267089844,True,12.425790665320811,37,0.00361328125
0001100101,5428,"[2, 3, 1, 0]",9600,90.11316299438477,False,12.425790665320811,37,0.00361328125
0001100101,5429,"[2, 3, 1, 0]",9600,90.12937545776367,True,12.425790665320811,37,0.00361328125
0001100101,5430,"[2, 3, 1, 0]",9600,90.1498794555664,False,12.425790665320811,37,0.00361328125
0001100101,5431,"[2, 3, 1, 0]",9600,90.1651382446289,True,12.425790665320811,37,0.00361328125
0001100101,5432,"[2, 3, 1, 0]",9600,90.1947021484375,False,12.425790665320811,37,0.00361328125
0001100101,5433,"[2, 3, 1, 0]",9600,90.20829200744629,True,12.425790665320811,37,0.00361328125
0001100101,5434,"[2, 3, 1, 0]",9600,90.22641181945801,False,12.425790665320811,37,0.00361328125
0001100101,5435,"[2, 3, 1, 0]",9600,90.23928642272949,True,12.425790665320811,37,0.00361328125
0001100101,5436,"[2, 3, 1, 0]",9600,90.2562141418457,False,12.425790665320811,37,0.00361328125
0001100101,5437,"[2, 3, 1, 0]",9600,90.2705192565918,True,12.425790665320811,37,0.00361328125
0001100101,5438,"[2, 3, 1, 0]",9600,90.28840065002441,False,12.425790665320811,37,0.00361328125
0001100101,5439,"[2, 3, 1, 0]",9600,90.3012752532959,True,12.425790665320811,37,0.00361328125
0001100101,5440,"[2, 3, 1, 0]",9600,90.31844139099121,False,12.425790665320811,37,0.00361328125
0001100101,5441,"[2, 3, 1, 0]",9600,90.3310775756836,True,12.425790665320811,37,0.00361328125
0001100101,5442,"[2, 3, 1, 0]",9600,90.3480052947998,False,12.425790665320811,37,0.00361328125
0001100101,5443,"[2, 3, 1, 0]",9600,90.36064147949219,True,12.425790665320811,37,0.00361328125
0001100101,5444,"[2, 3, 1, 0]",9600,90.3778076171875,False,12.425790665320811,37,0.00361328125
0001100101,5445,"[2, 3, 1, 0]",9600,90.39068222045898,True,12.425790665320811,37,0.00361328125
0001100101,5446,"[2, 3, 1, 0]",9600,90.4073715209961,False,12.425790665320811,37,0.00361328125
0001100101,5447,"[2, 3, 1, 0]",9600,90.42000770568848,True,12.425790665320811,37,0.00361328125
0001100101,5448,"[2, 3, 1, 0]",9600,90.43669700622559,False,12.425790665320811,37,0.00361328125
0001100101,5449,"[2, 3, 1, 0]",9600,90.44909477233887,True,12.425790665320811,37,0.00361328125
0001100101,5450,"[2, 3, 1, 0]",9600,90.46602249145508,False,12.425790665320811,37,0.00361328125
0001100101,5451,"[2, 3, 1, 0]",9600,90.47889709472656,True,12.425790665320811,37,0.00361328125
0001100101,5452,"[2, 3, 1, 0]",9600,90.49582481384277,False,12.425790665320811,37,0.00361328125
0001100101,5453,"[2, 3, 1, 0]",9600,90.50822257995605,True,12.425790665320811,37,0.00361328125
0001100101,5454,"[2, 3, 1, 0]",9600,90.52562713623047,False,12.425790665320811,37,0.00361328125
0001100101,5455,"[2, 3, 1, 0]",9600,90.53850173950195,True,12.425790665320811,37,0.00361328125
0001100101,5456,"[2, 3, 1, 0]",9600,90.55566787719727,False,12.425790665320811,37,0.00361328125
0001100101,5457,"[2, 3, 1, 0]",9600,90.56854248046875,True,12.425790665320811,37,0.00361328125
0001100101,5458,"[2, 3, 1, 0]",9600,90.58690071105957,False,12.425790665320811,37,0.00361328125
0001100101,5459,"[2, 3, 1, 0]",9600,90.60001373291016,True,12.425790665320811,37,0.00361328125
0001100101,5460,"[2, 3, 1, 0]",9600,90.61741828918457,False,12.425790665320811,37,0.00361328125
0001100101,5461,"[2, 3, 1, 0]",9600,90.62981605529785,True,12.425790665320811,37,0.00361328125
0001100101,5462,"[2, 3, 1, 0]",9600,90.64698219299316,False,12.425790665320811,37,0.00361328125
0001100101,5463,"[2, 3, 1, 0]",9600,90.65961837768555,True,12.425790665320811,37,0.00361328125
0001100101,5464,"[2, 3, 1, 0]",9600,90.67654609680176,False,12.425790665320811,37,0.00361328125
0001100101,5465,"[2, 3, 1, 0]",9600,90.68942070007324,True,12.425790665320811,37,0.00361328125
0001100101,5466,"[2, 3, 1, 0]",9600,90.70611000061035,False,12.425790665320811,37,0.00361328125
0001100101,5467,"[2, 3, 1, 0]",9600,90.71850776672363,True,12.425790665320811,37,0.00361328125
0001100101,5468,"[2, 3, 1, 0]",9600,90.73591232299805,False,12.425790665320811,37,0.00361328125
0001100101,5469,"[2, 3, 1, 0]",9600,90.74831008911133,True,12.425790665320811,37,0.00361328125
0001100101,5470,"[2, 3, 1, 0]",9600,90.76523780822754,False,12.425790665320811,37,0.00361328125
0001100101,5471,"[2, 3, 1, 0]",9600,90.77787399291992,True,12.425790665320811,37,0.00361328125
0001100101,5472,"[2, 3, 1, 0]",9600,90.79480171203613,False,12.425790665320811,37,0.00361328125
0001100101,5473,"[2, 3, 1, 0]",9600,90.80767631530762,True,12.425790665320811,37,0.00361328125
0001100101,5474,"[2, 3, 1, 0]",9600,90.82484245300293,False,12.425790665320811,37,0.00361328125
0001100101,5475,"[2, 3, 1, 0]",9600,90.83747863769531,True,12.425790665320811,37,0.00361328125
0001010111,5476,"[3, 2, 1, 0]",9600,90.85464477539062,False,23.727548804578362,36,0.003515625
0001010111,5477,"[3, 2, 1, 0]",9600,90.86799621582031,True,23.727548804578362,36,0.003515625
0001010111,5478,"[3, 2, 1, 0]",9600,90.88516235351562,False,23.727548804578362,36,0.003515625
0001010111,5479,"[3, 2, 1, 0]",9600,90.89994430541992,True,23.727548804578362,36,0.003515625
0001010111,5480,"[3, 2, 1, 0]",9600,90.91949462890625,False,23.727548804578362,36,0.003515625
0001010111,5481,"[3, 2, 1, 0]",9600,90.93308448791504,True,23.727548804578362,36,0.003515625
0001010111,5482,"[3, 2, 1, 0]",9600,90.95072746276855,False,23.727548804578362,36,0.003515625
0001010111,5483,"[3, 2, 1, 0]",9600,90.96407890319824,True,23.727548804578362,36,0.003515625
0001010111,5484,"[3, 2, 1, 0]",9600,90.98124504089355,False,23.727548804578362,36,0.003515625
0001010111,5485,"[3, 2, 1, 0]",9600,90.99388122558594,True,23.727548804578362,36,0.003515625
0001010111,5486,"[3, 2, 1, 0]",9600,91.01104736328125,False,23.727548804578362,36,0.003515625
0001010111,5487,"[3, 2, 1, 0]",9600,91.02368354797363,True,23.727548804578362,36,0.003515625
0001010111,5488,"[3, 2, 1, 0]",9600,91.04108810424805,False,23.727548804578362,36,0.003515625
0001010111,5489,"[3, 2, 1, 0]",9600,91.05396270751953,True,23.727548804578362,36,0.003515625
0001010111,5490,"[3, 2, 1, 0]",9600,91.07136726379395,False,23.727548804578362,36,0.003515625
0001010111,5491,"[3, 2, 1, 0]",9600,91.08400344848633,True,23.727548804578362,36,0.003515625
0001010111,5492,"[3, 2, 1, 0]",9600,91.10116958618164,False,23.727548804578362,36,0.003515625
0001010111,5493,"[3, 2, 1, 0]",9600,91.11404418945312,True,23.727548804578362,36,0.003515625
0001010111,5494,"[3, 2, 1, 0]",9600,91.13121032714844,False,23.727548804578362,36,0.003515625
0001010111,5495,"[3, 2, 1, 0]",9600,91.14408493041992,True,23.727548804578362,36,0.003515625
0001010111,5496,"[3, 2, 1, 0]",9600,91.16077423095703,False,23.727548804578362,36,0.003515625
0001010111,5497,"[3, 2, 1, 0]",9600,91.17364883422852,True,23.727548804578362,36,0.003515625
0001010111,5498,"[3, 2, 1, 0]",9600,91.19057655334473,False,23.727548804578362,36,0.003515625
0001010111,5499,"[3, 2, 1, 0]",9600,91.20345115661621,True,23.727548804578362,36,0.003515625
0001010111,5500,"[3, 2, 1, 0]",9600,91.22180938720703,False,23.727548804578362,36,0.003515625
0001010111,5501,"[3, 2, 1, 0]",9600,91.23492240905762,True,23.727548804578362,36,0.003515625
0001010111,5502,"[3, 2, 1, 0]",9600,91.25232696533203,False,23.727548804578362,36,0.003515625
0001010111,5503,"[3, 2, 1, 0]",9600,91.26543998718262,True,23.727548804578362,36,0.003515625
0001010111,5504,"[3, 2, 1, 0]",9600,91.28236770629883,False,23.727548804578362,36,0.003515625
0001010111,5505,"[3, 2, 1, 0]",9600,91.29524230957031,True,23.727548804578362,36,0.003515625
0001010111,5506,"[3, 2, 1, 0]",9600,91.31240844726562,False,23.727548804578362,36,0.003515625
0001010111,5507,"[3, 2, 1, 0]",9600,91.32528305053711,True,23.727548804578362,36,0.003515625
0001010111,5508,"[3, 2, 1, 0]",9600,91.34244918823242,False,23.727548804578362,36,0.003515625
0001010111,5509,"[3, 2, 1, 0]",9600,91.3548469543457,True,23.727548804578362,36,0.003515625
0001010111,5510,"[3, 2, 1, 0]",9600,91.37201309204102,False,23.727548804578362,36,0.003515625
0001010111,5511,"[3, 2, 1, 0]",9600,91.3846492767334,True,23.727548804578362,36,0.003515625
0001010111,5512,"[3, 2, 1, 0]",9600,91.40157699584961,False,23.727548804578362,36,0.003515625
0001010111,5513,"[3, 2, 1, 0]",9600,91.41421318054199,True,23.727548804578362,36,0.003515625
0001010111,5514,"[3, 2, 1, 0]",9600,91.4313793182373,False,23.727548804578362,36,0.003515625
0001010111,5515,"[3, 2, 1, 0]",9600,91.44401550292969,True,23.727548804578362,36,0.003515625
0001010111,5516,"[3, 2, 1, 0]",9600,91.4614200592041,False,23.727548804578362,36,0.003515625
0001010111,5517,"[3, 2, 1, 0]",9600,91.47429466247559,True,23.727548804578362,36,0.003515625
0001010111,5518,"[3, 2, 1, 0]",9600,91.4912223815918,False,23.727548804578362,36,0.003515625
0001010111,5519,"[3, 2, 1, 0]",9600,91.50576591491699,True,23.727548804578362,36,0.003515625
0001010111,5520,"[3, 2, 1, 0]",9600,91.5229320526123,False,23.727548804578362,36,0.003515625
0001010111,5521,"[3, 2, 1, 0]",9600,91.5365219116211,True,23.727548804578362,36,0.003515625
0001010111,5522,"[3, 2, 1, 0]",9600,91.55535697937012,False,23.727548804578362,36,0.003515625
0001010111,5523,"[3, 2, 1, 0]",9600,91.5687084197998,True,23.727548804578362,36,0.003515625
0001010111,5524,"[3, 2, 1, 0]",9600,91.58587455749512,False,23.727548804578362,36,0.003515625
0001010111,5525,"[3, 2, 1, 0]",9600,91.5989875793457,True,23.727548804578362,36,0.003515625
0001010111,5526,"[3, 2, 1, 0]",9600,91.61567687988281,False,23.727548804578362,36,0.003515625
0001010111,5527,"[3, 2, 1, 0]",9600,91.6287899017334,True,23.727548804578362,36,0.003515625
0001010111,5528,"[3, 2, 1, 0]",9600,91.64595603942871,False,23.727548804578362,36,0.003515625
0001010111,5529,"[3, 2, 1, 0]",9600,91.6590690612793,True,23.727548804578362,36,0.003515625
0001010111,5530,"[3, 2, 1, 0]",9600,91.67885780334473,False,23.727548804578362,36,0.003515625
0001010111,5531,"[3, 2, 1, 0]",9600,91.69244766235352,True,23.727548804578362,36,0.003515625
0001010111,5532,"[3, 2, 1, 0]",9600,91.71009063720703,False,23.727548804578362,36,0.003515625
0001010111,5533,"[3, 2, 1, 0]",9600,91.72272682189941,True,23.727548804578362,36,0.003515625
0001010111,5534,"[3, 2, 1, 0]",9600,91.73989295959473,False,23.727548804578362,36,0.003515625
0001010111,5535,"[3, 2, 1, 0]",9600,91.75300598144531,True,23.727548804578362,36,0.003515625
0001010111,5536,"[3, 2, 1, 0]",9600,91.76993370056152,False,23.727548804578362,36,0.003515625
0001010111,5537,"[3, 2, 1, 0]",9600,91.7823314666748,True,23.727548804578362,36,0.003515625
0001010111,5538,"[3, 2, 1, 0]",9600,91.79949760437012,False,23.727548804578362,36,0.003515625
0001010111,5539,"[3, 2, 1, 0]",9600,91.8121337890625,True,23.727548804578362,36,0.003515625
0001010111,5540,"[3, 2, 1, 0]",9600,91.82929992675781,False,23.727548804578362,36,0.003515625
0001010111,5541,"[3, 2, 1, 0]",9600,91.8421745300293,True,23.727548804578362,36,0.003515625
0001010111,5542,"[3, 2, 1, 0]",9600,91.86053276062012,False,23.727548804578362,36,0.003515625
0001010111,5543,"[3, 2, 1, 0]",9600,91.8736457824707,True,23.727548804578362,36,0.003515625
0001010111,5544,"[3, 2, 1, 0]",9600,91.89105033874512,False,23.727548804578362,36,0.003515625
0001010111,5545,"[3, 2, 1, 0]",9600,91.9036865234375,True,23.727548804578362,36,0.003515625
0001010111,5546,"[3, 2, 1, 0]",9600,91.92061424255371,False,23.727548804578362,36,0.003515625
0001010111,5547,"[3, 2, 1, 0]",9600,91.9334888458252,True,23.727548804578362,36,0.003515625
0001110101,5548,"[2, 3, 1, 0]",9600,91.95065498352051,False,14.42022785419578,36,0.003515625
0001110101,5549,"[2, 3, 1, 0]",9600,91.96352958679199,True,14.42022785419578,36,0.003515625
0001110101,5550,"[2, 3, 1, 0]",9600,91.9802188873291,False,14.42022785419578,36,0.003515625
0001110101,5551,"[2, 3, 1, 0]",9600,91.99309349060059,True,14.42022785419578,36,0.003515625
0001110101,5552,"[2, 3, 1, 0]",9600,92.0100212097168,False,14.42022785419578,36,0.003515625
0001110101,5553,"[2, 3, 1, 0]",9600,92.02313423156738,True,14.42022785419578,36,0.003515625
0001110101,5554,"[2, 3, 1, 0]",9600,92.0400619506836,False,14.42022785419578,36,0.003515625
0001110101,5555,"[2, 3, 1, 0]",9600,92.05269813537598,True,14.42022785419578,36,0.003515625
0001110101,5556,"[2, 3, 1, 0]",9600,92.06962585449219,False,14.42022785419578,36,0.003515625
0001110101,5557,"[2, 3, 1, 0]",9600,92.08250045776367,True,14.42022785419578,36,0.003515625
0001110101,5558,"[2, 3, 1, 0]",9600,92.09942817687988,False,14.42022785419578,36,0.003515625
0001110101,5559,"[2, 3, 1, 0]",9600,92.11182594299316,True,14.42022785419578,36,0.003515625
0001110101,5560,"[2, 3, 1, 0]",9600,92.12899208068848,False,14.42022785419578,36,0.003515625
0001110101,5561,"[2, 3, 1, 0]",9600,92.14162826538086,True,14.42022785419578,36,0.003515625
0001110101,5562,"[2, 3, 1, 0]",9600,92.15855598449707,False,14.42022785419578,36,0.003515625
0001110101,5563,"[2, 3, 1, 0]",9600,92.17286109924316,True,14.42022785419578,36,0.003515625
0001110101,5564,"[2, 3, 1, 0]",9600,92.19026565551758,False,14.42022785419578,36,0.003515625
0001110101,5565,"[2, 3, 1, 0]",9600,92.20314025878906,True,14.42022785419578,36,0.003515625
0001110101,5566,"[2, 3, 1, 0]",9600,92.21982955932617,False,14.42022785419578,36,0.003515625
0001110101,5567,"[2, 3, 1, 0]",9600,92.23246574401855,True,14.42022785419578,36,0.003515625
0001110101,5568,"[2, 3, 1, 0]",9600,92.24939346313477,False,14.42022785419578,36,0.003515625
0001110101,5569,"[2, 3, 1, 0]",9600,92.26202964782715,True,14.42022785419578,36,0.003515625
0001110101,5570,"[2, 3, 1, 0]",9600,92.27871894836426,False,14.42022785419578,36,0.003515625
0001110101,5571,"[2, 3, 1, 0]",9600,92.29159355163574,True,14.42022785419578,36,0.003515625
0001110101,5572,"[2, 3, 1, 0]",9600,92.30875968933105,False,14.42022785419578,36,0.003515625
0001110101,5573,"[2, 3, 1, 0]",9600,92.32163429260254,True,14.42022785419578,36,0.003515625
0001110101,5574,"[2, 3, 1, 0]",9600,92.33856201171875,False,14.42022785419578,36,0.003515625
0001110101,5575,"[2, 3, 1, 0]",9600,92.35143661499023,True,14.42022785419578,36,0.003515625
0001110101,5576,"[2, 3, 1, 0]",9600,92.36860275268555,False,14.42022785419578,36,0.003515625
0001110101,5577,"[2, 3, 1, 0]",9600,92.38171577453613,True,14.42022785419578,36,0.003515625
0001110101,5578,"[2, 3, 1, 0]",9600,92.39888191223145,False,14.42022785419578,36,0.003515625
0001110101,5579,"[2, 3, 1, 0]",9600,92.41151809692383,True,14.42022785419578,36,0.003515625
0001110101,5580,"[2, 3, 1, 0]",9600,92.42987632751465,False,14.42022785419578,36,0.003515625
0001110101,5581,"[2, 3, 1, 0]",9600,92.44370460510254,True,14.42022785419578,36,0.003515625
0001110101,5582,"[2, 3, 1, 0]",9600,92.46134757995605,False,14.42022785419578,36,0.003515625
0001110101,5583,"[2, 3, 1, 0]",9600,92.47446060180664,True,14.42022785419578,36,0.003515625
0001110101,5584,"[2, 3, 1, 0]",9600,92.49305725097656,False,14.42022785419578,36,0.003515625
0001110101,5585,"[2, 3, 1, 0]",9600,92.50640869140625,True,14.42022785419578,36,0.003515625
0001110101,5586,"[2, 3, 1, 0]",9600,92.52405166625977,False,14.42022785419578,36,0.003515625
0001110101,5587,"[2, 3, 1, 0]",9600,92.53692626953125,True,14.42022785419578,36,0.003515625
0001110101,5588,"[2, 3, 1, 0]",9600,92.55409240722656,False,14.42022785419578,36,0.003515625
0001110101,5589,"[2, 3, 1, 0]",9600,92.56649017333984,True,14.42022785419578,36,0.003515625
0001110101,5590,"[2, 3, 1, 0]",9600,92.58365631103516,False,14.42022785419578,36,0.003515625
0001110101,5591,"[2, 3, 1, 0]",9600,92.59629249572754,True,14.42022785419578,36,0.003515625
0001110101,5592,"[2, 3, 1, 0]",9600,92.61345863342285,False,14.42022785419578,36,0.003515625
0001110101,5593,"[2, 3, 1, 0]",9600,92.62561798095703,True,14.42022785419578,36,0.003515625
0001110101,5594,"[2, 3, 1, 0]",9600,92.64254570007324,False,14.42022785419578,36,0.003515625
0001110101,5595,"[2, 3, 1, 0]",9600,92.65494346618652,True,14.42022785419578,36,0.003515625
0001110101,5596,"[2, 3, 1, 0]",9600,92.67210960388184,False,14.42022785419578,36,0.003515625
0001110101,5597,"[2, 3, 1, 0]",9600,92.68474578857422,True,14.42022785419578,36,0.003515625
0001110101,5598,"[2, 3, 1, 0]",9600,92.70167350769043,False,14.42022785419578,36,0.003515625
0001110101,5599,"[2, 3, 1, 0]",9600,92.71454811096191,True,14.42022785419578,36,0.003515625
0001110101,5600,"[2, 3, 1, 0]",9600,92.73171424865723,False,14.42022785419578,36,0.003515625
0001110101,5601,"[2, 3, 1, 0]",9600,92.74435043334961,True,14.42022785419578,36,0.003515625
0001110101,5602,"[2, 3, 1, 0]",9600,92.76127815246582,False,14.42022785419578,36,0.003515625
0001110101,5603,"[2, 3, 1, 0]",9600,92.7741527557373,True,14.42022785419578,36,0.003515625
0001110101,5604,"[2, 3, 1, 0]",9600,92.79131889343262,False,14.42022785419578,36,0.003515625
0001110101,5605,"[2, 3, 1, 0]",9600,92.80562400817871,True,14.42022785419578,36,0.003515625
0001110101,5606,"[2, 3, 1, 0]",9600,92.82326698303223,False,14.42022785419578,36,0.003515625
0001110101,5607,"[2, 3, 1, 0]",9600,92.83614158630371,True,14.42022785419578,36,0.003515625
0001110101,5608,"[2, 3, 1, 0]",9600,92.85306930541992,False,14.42022785419578,36,0.003515625
0001110101,5609,"[2, 3, 1, 0]",9600,92.8659439086914,True,14.42022785419578,36,0.003515625
0001110101,5610,"[2, 3, 1, 0]",9600,92.88287162780762,False,14.42022785419578,36,0.003515625
0001110101,5611,"[2, 3, 1, 0]",9600,92.8952693939209,True,14.42022785419578,36,0.003515625
0001110101,5612,"[2, 3, 1, 0]",9600,92.91243553161621,False,14.42022785419578,36,0.003515625
0001110101,5613,"[2, 3, 1, 0]",9600,92.9253101348877,True,14.42022785419578,36,0.003515625
0001110101,5614,"[2, 3, 1, 0]",9600,92.94247627258301,False,14.42022785419578,36,0.003515625
0001110101,5615,"[2, 3, 1, 0]",9600,92.95487403869629,True,14.42022785419578,36,0.003515625
0001110101,5616,"[2, 3, 1, 0]",9600,92.9720401763916,False,14.42022785419578,36,0.003515625
0001110101,5617,"[2, 3, 1, 0]",9600,92.98467636108398,True,14.42022785419578,36,0.003515625
0001110101,5618,"[2, 3, 1, 0]",9600,93.0018424987793,False,14.42022785419578,36,0.003515625
0001110101,5619,"[2, 3, 1, 0]",9600,93.01424026489258,True,14.42022785419578,36,0.003515625
0111010001,5620,"[1, 2, 0, 3]",600,93.03164482116699,False,9.519320360211093,36,0.003515625
0111010001,5621,"[1, 0, 2, 3]",315,93.04594993591309,True,9.519320360211093,36,0.003515625
0111010001,5622,"[1, 2, 0, 3]",600,93.0633544921875,False,9.519320360211093,36,0.003515625
0111010001,5623,"[1, 0, 2, 3]",315,93.07694435119629,True,9.519320360211093,36,0.003515625
0111010001,5624,"[1, 2, 0, 3]",600,93.0943489074707,False,9.519320360211093,36,0.003515625
0111010001,5625,"[1, 0, 2, 3]",315,93.10793876647949,True,9.519320360211093,36,0.003515625
0111010001,5626,"[1, 2, 0, 3]",600,93.12677383422852,False,9.519320360211093,36,0.003515625
0111010001,5627,"[1, 0, 2, 3]",315,93.1401252746582,True,9.519320360211093,36,0.003515625
0111010001,5628,"[1, 2, 0, 3]",600,93.15800666809082,False,9.519320360211093,36,0.003515625
0111010001,5629,"[1, 0, 2, 3]",315,93.1708812713623,True,9.519320360211093,36,0.003515625
0111010001,5630,"[1, 2, 0, 3]",600,93.18971633911133,False,9.519320360211093,36,0.003515625
0111010001,5631,"[1, 0, 2, 3]",315,93.20354461669922,True,9.519320360211093,36,0.003515625
0111010001,5632,"[1, 2, 0, 3]",600,93.22142601013184,False,9.519320360211093,36,0.003515625
0111010001,5633,"[1, 0, 2, 3]",315,93.23453903198242,True,9.519320360211093,36,0.003515625
0111010001,5634,"[1, 2, 0, 3]",600,93.25218200683594,False,9.519320360211093,36,0.003515625
0111010001,5635,"[1, 0, 2, 3]",315,93.26505661010742,True,9.519320360211093,36,0.003515625
0111010001,5636,"[1, 2, 0, 3]",600,93.28246116638184,False,9.519320360211093,36,0.003515625
0111010001,5637,"[1, 0, 2, 3]",315,93.29509735107422,True,9.519320360211093,36,0.003515625
0111010001,5638,"[1, 2, 0, 3]",600,93.31250190734863,False,9.519320360211093,36,0.003515625
0111010001,5639,"[1, 0, 2, 3]",315,93.32561492919922,True,9.519320360211093,36,0.003515625
0111010001,5640,"[1, 2, 0, 3]",600,93.34278106689453,False,9.519320360211093,36,0.003515625
0111010001,5641,"[1, 0, 2, 3]",315,93.35565567016602,True,9.519320360211093,36,0.003515625
0111010001,5642,"[1, 2, 0, 3]",600,93.37282180786133,False,9.519320360211093,36,0.003515625
0111010001,5643,"[1, 0, 2, 3]",315,93.38569641113281,True,9.519320360211093,36,0.003515625
0111010001,5644,"[1, 2, 0, 3]",600,93.40286254882812,False,9.519320360211093,36,0.003515625
0111010001,5645,"[1, 0, 2, 3]",315,93.41621398925781,True,9.519320360211093,36,0.003515625
0111010001,5646,"[1, 2, 0, 3]",600,93.43338012695312,False,9.519320360211093,36,0.003515625
0111010001,5647,"[1, 0, 2, 3]",315,93.47105026245117,True,9.519320360211093,36,0.003515625
0111010001,5648,"[1, 2, 0, 3]",600,93.49465370178223,False,9.519320360211093,36,0.003515625
0111010001,5649,"[1, 0, 2, 3]",315,93.50848197937012,True,9.519320360211093,36,0.003515625
0111010001,5650,"[1, 2, 0, 3]",600,93.52612495422363,False,9.519320360211093,36,0.003515625
0111010001,5651,"[1, 0, 2, 3]",315,93.53971481323242,True,9.519320360211093,36,0.003515625
0111010001,5652,"[1, 2, 0, 3]",600,93.55688095092773,False,9.519320360211093,36,0.003515625
0111010001,5653,"[1, 0, 2, 3]",315,93.57023239135742,True,9.519320360211093,36,0.003515625
0111010001,5654,"[1, 2, 0, 3]",600,93.58739852905273,False,9.519320360211093,36,0.003515625
0111010001,5655,"[1, 0, 2, 3]",315,93.60098838806152,True,9.519320360211093,36,0.003515625
0111010001,5656,"[1, 2, 0, 3]",600,93.61791610717773,False,9.519320360211093,36,0.003515625
0111010001,5657,"[1, 0, 2, 3]",315,93.63126754760742,True,9.519320360211093,36,0.003515625
0111010001,5658,"[1, 2, 0, 3]",600,93.64843368530273,False,9.519320360211093,36,0.003515625
0111010001,5659,"[1, 0, 2, 3]",315,93.66154670715332,True,9.519320360211093,36,0.003515625
0111010001,5660,"[1, 2, 0, 3]",600,93.67895126342773,False,9.519320360211093,36,0.003515625
0111010001,5661,"[1, 0, 2, 3]",315,93.69206428527832,True,9.519320360211093,36,0.003515625
0111010001,5662,"[1, 2, 0, 3]",600,93.70946884155273,False,9.519320360211093,36,0.003515625
0111010001,5663,"[1, 0, 2, 3]",315,93.72234344482422,True,9.519320360211093,36,0.003515625
0111010001,5664,"[1, 2, 0, 3]",600,93.73950958251953,False,9.519320360211093,36,0.003515625
0111010001,5665,"[1, 0, 2, 3]",315,93.75286102294922,True,9.519320360211093,36,0.003515625
0111010001,5666,"[1, 2, 0, 3]",600,93.77002716064453,False,9.519320360211093,36,0.003515625
0111010001,5667,"[1, 0, 2, 3]",315,93.78314018249512,True,9.519320360211093,36,0.003515625
0111010001,5668,"[1, 2, 0, 3]",600,93.80125999450684,False,9.519320360211093,36,0.003515625
0111010001,5669,"[1, 0, 2, 3]",315,93.81461143493652,True,9.519320360211093,36,0.003515625
0111010001,5670,"[1, 2, 0, 3]",600,93.83225440979004,False,9.519320360211093,36,0.003515625
0111010001,5671,"[1, 0, 2, 3]",315,93.84512901306152,True,9.519320360211093,36,0.003515625
0111010001,5672,"[1, 2, 0, 3]",600,93.86181831359863,False,9.519320360211093,36,0.003515625
0111010001,5673,"[1, 0, 2, 3]",315,93.87493133544922,True,9.519320360211093,36,0.003515625
0111010001,5674,"[1, 2, 0, 3]",600,93.89185905456543,False,9.519320360211093,36,0.003515625
0111010001,5675,"[1, 0, 2, 3]",315,93.90497207641602,True,9.519320360211093,36,0.003515625
0111010001,5676,"[1, 2, 0, 3]",600,93.92189979553223,False,9.519320360211093,36,0.003515625
0111010001,5677,"[1, 0, 2, 3]",315,93.93548965454102,True,9.519320360211093,36,0.003515625
0111010001,5678,"[1, 2, 0, 3]",600,93.95289421081543,False,9.519320360211093,36,0.003515625
0111010001,5679,"[1, 0, 2, 3]",315,93.96648406982422,True,9.519320360211093,36,0.003515625
0111010001,5680,"[1, 2, 0, 3]",600,93.98365020751953,False,9.519320360211093,36,0.003515625
0111010001,5681,"[1, 0, 2, 3]",315,93.99890899658203,True,9.519320360211093,36,0.003515625
0111010001,5682,"[1, 2, 0, 3]",600,94.01631355285645,False,9.519320360211093,36,0.003515625
0111010001,5683,"[1, 0, 2, 3]",315,94.02990341186523,True,9.519320360211093,36,0.003515625
0111010001,5684,"[1, 2, 0, 3]",600,94.04683113098145,False,9.519320360211093,36,0.003515625
0111010001,5685,"[1, 0, 2, 3]",315,94.06018257141113,True,9.519320360211093,36,0.003515625
0111010001,5686,"[1, 2, 0, 3]",600,94.07711029052734,False,9.519320360211093,36,0.003515625
0111010001,5687,"[1, 0, 2, 3]",315,94.09236907958984,True,9.519320360211093,36,0.003515625
0111010001,5688,"[1, 2, 0, 3]",600,94.10977363586426,False,9.519320360211093,36,0.003515625
0111010001,5689,"[1, 0, 2, 3]",315,94.12384033203125,True,9.519320360211093,36,0.003515625
0111010001,5690,"[1, 2, 0, 3]",600,94.14291381835938,False,9.519320360211093,36,0.003515625
0111010001,5691,"[1, 0, 2, 3]",315,94.15650367736816,True,9.519320360211093,36,0.003515625
0111100011,5692,"[1, 2, 0, 3]",600,94.17414665222168,False,9.565077850771768,36,0.003515625
0111100011,5693,"[1, 0, 2, 3]",315,94.18749809265137,True,9.565077850771768,36,0.003515625
0111100011,5694,"[1, 2, 0, 3]",600,94.20466423034668,False,9.565077850771768,36,0.003515625
0111100011,5695,"[1, 0, 2, 3]",315,94.21777725219727,True,9.565077850771768,36,0.003515625
0111100011,5696,"[1, 2, 0, 3]",600,94.23494338989258,False,9.565077850771768,36,0.003515625
0111100011,5697,"[1, 0, 2, 3]",315,94.24757957458496,True,9.565077850771768,36,0.003515625
0111100011,5698,"[1, 2, 0, 3]",600,94.26450729370117,False,9.565077850771768,36,0.003515625
0111100011,5699,"[1, 0, 2, 3]",315,94.27738189697266,True,9.565077850771768,36,0.003515625
0111100011,5700,"[1, 2, 0, 3]",600,94.29454803466797,False,9.565077850771768,36,0.003515625
0111100011,5701,"[1, 0, 2, 3]",315,94.30766105651855,True,9.565077850771768,36,0.003515625
0111100011,5702,"[1, 2, 0, 3]",600,94.32506561279297,False,9.565077850771768,36,0.003515625
0111100011,5703,"[1, 0, 2, 3]",315,94.33817863464355,True,9.565077850771768,36,0.003515625
0111100011,5704,"[1, 2, 0, 3]",600,94.35558319091797,False,9.565077850771768,36,0.003515625
0111100011,5705,"[1, 0, 2, 3]",315,94.36845779418945,True,9.565077850771768,36,0.003515625
0111100011,5706,"[1, 2, 0, 3]",600,94.38586235046387,False,9.565077850771768,36,0.003515625
0111100011,5707,"[1, 0, 2, 3]",315,94.39945220947266,True,9.565077850771768,36,0.003515625
0111100011,5708,"[1, 2, 0, 3]",600,94.41661834716797,False,9.565077850771768,36,0.003515625
0111100011,5709,"[1, 0, 2, 3]",315,94.42996978759766,True,9.565077850771768,36,0.003515625
0111100011,5710,"[1, 2, 0, 3]",600,94.44856643676758,False,9.565077850771768,36,0.003515625
0111100011,5711,"[1, 0, 2, 3]",315,94.46215629577637,True,9.565077850771768,36,0.003515625
0111100011,5712,"[1, 2, 0, 3]",600,94.47956085205078,False,9.565077850771768,36,0.003515625
0111100011,5713,"[1, 0, 2, 3]",315,94.49291229248047,True,9.565077850771768,36,0.003515625
0111100011,5714,"[1, 2, 0, 3]",600,94.51007843017578,False,9.565077850771768,36,0.003515625
0111100011,5715,"[1, 0, 2, 3]",315,94.52295303344727,True,9.565077850771768,36,0.003515625
0111100011,5716,"[1, 2, 0, 3]",600,94.54011917114258,False,9.565077850771768,36,0.003515625
0111100011,5717,"[1, 0, 2, 3]",315,94.55347061157227,True,9.565077850771768,36,0.003515625
0111100011,5718,"[1, 2, 0, 3]",600,94.57087516784668,False,9.565077850771768,36,0.003515625
0111100011,5719,"[1, 0, 2, 3]",315,94.58374977111816,True,9.565077850771768,36,0.003515625
0111100011,5720,"[1, 2, 0, 3]",600,94.60115432739258,False,9.565077850771768,36,0.003515625
0111100011,5721,"[1, 0, 2, 3]",315,94.61402893066406,True,9.565077850771768,36,0.003515625
0111100011,5722,"[1, 2, 0, 3]",600,94.63143348693848,False,9.565077850771768,36,0.003515625
0111100011,5723,"[1, 0, 2, 3]",315,94.64430809020996,True,9.565077850771768,36,0.003515625
0111100011,5724,"[1, 2, 0, 3]",600,94.67864036560059,False,9.565077850771768,36,0.003515625
0111100011,5725,"[1, 0, 2, 3]",315,94.69199180603027,True,9.565077850771768,36,0.003515625
0111100011,5726,"[1, 2, 0, 3]",600,94.70987319946289,False,9.565077850771768,36,0.003515625
0111100011,5727,"[1, 0, 2, 3]",315,94.72322463989258,True,9.565077850771768,36,0.003515625
0111100011,5728,"[1, 2, 0, 3]",600,94.7413444519043,False,9.565077850771768,36,0.003515625
0111100011,5729,"[1, 0, 2, 3]",315,94.75493431091309,True,9.565077850771768,36,0.003515625
0111100011,5730,"[1, 2, 0, 3]",600,94.7728157043457,False,9.565077850771768,36,0.003515625
0111100011,5731,"[1, 0, 2, 3]",315,94.79022026062012,True,9.565077850771768,36,0.003515625
0111100011,5732,"[1, 2, 0, 3]",600,94.80905532836914,False,9.565077850771768,36,0.003515625
0111100011,5733,"[1, 0, 2, 3]",315,94.82336044311523,True,9.565077850771768,36,0.003515625
0111100011,5734,"[1, 2, 0, 3]",600,94.84195709228516,False,9.565077850771768,36,0.003515625
0111100011,5735,"[1, 0, 2, 3]",315,94.85602378845215,True,9.565077850771768,36,0.003515625
0111100011,5736,"[1, 2, 0, 3]",600,94.87390518188477,False,9.565077850771768,36,0.003515625
0111100011,5737,"[1, 0, 2, 3]",315,94.88773345947266,True,9.565077850771768,36,0.003515625
0111100011,5738,"[1, 2, 0, 3]",600,94.90561485290527,False,9.565077850771768,36,0.003515625
0111100011,5739,"[1, 0, 2, 3]",315,94.91944313049316,True,9.565077850771768,36,0.003515625
0111100011,5740,"[1, 2, 0, 3]",600,94.93732452392578,False,9.565077850771768,36,0.003515625
0111100011,5741,"[1, 0, 2, 3]",315,94.95091438293457,True,9.565077850771768,36,0.003515625
0111100011,5742,"[1, 2, 0, 3]",600,94.96879577636719,False,9.565077850771768,36,0.003515625
0111100011,5743,"[1, 0, 2, 3]",315,94.98238563537598,True,9.565077850771768,36,0.003515625
0111100011,5744,"[1, 2, 0, 3]",600,95.0005054473877,False,9.565077850771768,36,0.003515625
0111100011,5745,"[1, 0, 2, 3]",315,95.01409530639648,True,9.565077850771768,36,0.003515625
0111100011,5746,"[1, 2, 0, 3]",600,95.0324535369873,False,9.565077850771768,36,0.003515625
0111100011,5747,"[1, 0, 2, 3]",315,95.0462818145752,True,9.565077850771768,36,0.003515625
0111100011,5748,"[1, 2, 0, 3]",600,95.06416320800781,False,9.565077850771768,36,0.003515625
0111100011,5749,"[1, 0, 2, 3]",315,95.0779914855957,True,9.565077850771768,36,0.003515625
0111100011,5750,"[1, 2, 0, 3]",600,95.09563446044922,False,9.565077850771768,36,0.003515625
0111100011,5751,"[1, 0, 2, 3]",315,95.10922431945801,True,9.565077850771768,36,0.003515625
0111100011,5752,"[1, 2, 0, 3]",600,95.12853622436523,False,9.565077850771768,36,0.003515625
0111100011,5753,"[1, 0, 2, 3]",315,95.14236450195312,True,9.565077850771768,36,0.003515625
0111100011,5754,"[1, 2, 0, 3]",600,95.16072273254395,False,9.565077850771768,36,0.003515625
0111100011,5755,"[1, 0, 2, 3]",315,95.17407417297363,True,9.565077850771768,36,0.003515625
0111100011,5756,"[1, 2, 0, 3]",600,95.19243240356445,False,9.565077850771768,36,0.003515625
0111100011,5757,"[1, 0, 2, 3]",315,95.20578384399414,True,9.565077850771768,36,0.003515625
0111100011,5758,"[1, 2, 0, 3]",600,95.22366523742676,False,9.565077850771768,36,0.003515625
0111100011,5759,"[1, 0, 2, 3]",315,95.23701667785645,True,9.565077850771768,36,0.003515625
0111100011,5760,"[1, 2, 0, 3]",600,95.26515007019043,False,9.565077850771768,36,0.003515625
0111100011,5761,"[1, 0, 2, 3]",315,95.27802467346191,True,9.565077850771768,36,0.003515625
0111100011,5762,"[1, 2, 0, 3]",600,95.29542922973633,False,9.565077850771768,36,0.003515625
0111100011,5763,"[1, 0, 2, 3]",315,95.30830383300781,True,9.565077850771768,36,0.003515625
0111110111,5764,"[2, 1, 3, 0]",9300,95.32570838928223,False,21.817921024601603,35,0.00341796875
0111110111,5765,"[2, 1, 0, 3]",600,95.33953666687012,True,21.817921024601603,35,0.00341796875
0111110111,5766,"[2, 1, 3, 0]",9300,95.35694122314453,False,21.817921024601603,35,0.00341796875
0111110111,5767,"[2, 1, 0, 3]",600,95.37029266357422,True,21.817921024601603,35,0.00341796875
0111110111,5768,"[2, 1, 3, 0]",9300,95.38745880126953,False,21.817921024601603,35,0.00341796875
0111110111,5769,"[2, 1, 0, 3]",600,95.40081024169922,True,21.817921024601603,35,0.00341796875
0111110111,5770,"[2, 1, 3, 0]",9300,95.41821479797363,False,21.817921024601603,35,0.00341796875
0111110111,5771,"[2, 1, 0, 3]",600,95.43156623840332,True,21.817921024601603,35,0.00341796875
0111110111,5772,"[2, 1, 3, 0]",9300,95.44873237609863,False,21.817921024601603,35,0.00341796875
0111110111,5773,"[2, 1, 0, 3]",600,95.46542167663574,True,21.817921024601603,35,0.00341796875
0111110111,5774,"[2, 1, 3, 0]",9300,95.48377990722656,False,21.817921024601603,35,0.00341796875
0111110111,5775,"[2, 1, 0, 3]",600,95.49689292907715,True,21.817921024601603,35,0.00341796875
0111110111,5776,"[2, 1, 3, 0]",9300,95.51477432250977,False,21.817921024601603,35,0.00341796875
0111110111,5777,"[2, 1, 0, 3]",600,95.52764892578125,True,21.817921024601603,35,0.00341796875
0111110111,5778,"[2, 1, 3, 0]",9300,95.54505348205566,False,21.817921024601603,35,0.00341796875
0111110111,5779,"[2, 1, 0, 3]",600,95.55816650390625,True,21.817921024601603,35,0.00341796875
0111110111,5780,"[2, 1, 3, 0]",9300,95.57533264160156,False,21.817921024601603,35,0.00341796875
0111110111,5781,"[2, 1, 0, 3]",600,95.58844566345215,True,21.817921024601603,35,0.00341796875
0111110111,5782,"[2, 1, 3, 0]",9300,95.60751914978027,False,21.817921024601603,35,0.00341796875
0111110111,5783,"[2, 1, 0, 3]",600,95.62087059020996,True,21.817921024601603,35,0.00341796875
0111110111,5784,"[2, 1, 3, 0]",9300,95.63875198364258,False,21.817921024601603,35,0.00341796875
0111110111,5785,"[2, 1, 0, 3]",600,95.65234184265137,True,21.817921024601603,35,0.00341796875
0111110111,5786,"[2, 1, 3, 0]",9300,95.66998481750488,False,21.817921024601603,35,0.00341796875
0111110111,5787,"[2, 1, 0, 3]",600,95.68333625793457,True,21.817921024601603,35,0.00341796875
0111110111,5788,"[2, 1, 3, 0]",9300,95.70097923278809,False,21.817921024601603,35,0.00341796875
0111110111,5789,"[2, 1, 0, 3]",600,95.71433067321777,True,21.817921024601603,35,0.00341796875
0111110111,5790,"[2, 1, 3, 0]",9300,95.73173522949219,False,21.817921024601603,35,0.00341796875
0111110111,5791,"[2, 1, 0, 3]",600,95.74532508850098,True,21.817921024601603,35,0.00341796875
0111110111,5792,"[2, 1, 3, 0]",9300,95.76272964477539,False,21.817921024601603,35,0.00341796875
0111110111,5793,"[2, 1, 0, 3]",600,95.77584266662598,True,21.817921024601603,35,0.00341796875
0111110111,5794,"[2, 1, 3, 0]",9300,95.7951545715332,False,21.817921024601603,35,0.00341796875
0111110111,5795,"[2, 1, 0, 3]",600,95.80874443054199,True,21.817921024601603,35,0.00341796875
0111110111,5796,"[2, 1, 3, 0]",9300,95.82638740539551,False,21.817921024601603,35,0.00341796875
0111110111,5797,"[2, 1, 0, 3]",600,95.8395004272461,True,21.817921024601603,35,0.00341796875
0111110111,5798,"[2, 1, 3, 0]",9300,95.85690498352051,False,21.817921024601603,35,0.00341796875
0111110111,5799,"[2, 1, 0, 3]",600,95.8700180053711,True,21.817921024601603,35,0.00341796875
0111110111,5800,"[2, 1, 3, 0]",9300,95.8871841430664,False,21.817921024601603,35,0.00341796875
0111110111,5801,"[2, 1, 0, 3]",600,95.9005355834961,True,21.817921024601603,35,0.00341796875
0111110111,5802,"[2, 1, 3, 0]",9300,95.91794013977051,False,21.817921024601603,35,0.00341796875
0111110111,5803,"[2, 1, 0, 3]",600,95.93081474304199,True,21.817921024601603,35,0.00341796875
0111110111,5804,"[2, 1, 3, 0]",9300,95.9482192993164,False,21.817921024601603,35,0.00341796875
0111110111,5805,"[2, 1, 0, 3]",600,95.9615707397461,True,21.817921024601603,35,0.00341796875
0111110111,5806,"[2, 1, 3, 0]",9300,95.97897529602051,False,21.817921024601603,35,0.00341796875
0111110111,5807,"[2, 1, 0, 3]",600,95.9920883178711,True,21.817921024601603,35,0.00341796875
0111110111,5808,"[2, 1, 3, 0]",9300,96.00949287414551,False,21.817921024601603,35,0.00341796875
0111110111,5809,"[2, 1, 0, 3]",600,96.0226058959961,True,21.817921024601603,35,0.00341796875
0111110111,5810,"[2, 1, 3, 0]",9300,96.04001045227051,False,21.817921024601603,35,0.00341796875
0111110111,5811,"[2, 1, 0, 3]",600,96.0531234741211,True,21.817921024601603,35,0.00341796875
0111110111,5812,"[2, 1, 3, 0]",9300,96.07076644897461,False,21.817921024601603,35,0.00341796875
0111110111,5813,"[2, 1, 0, 3]",600,96.0836410522461,True,21.817921024601603,35,0.00341796875
0111110111,5814,"[2, 1, 3, 0]",9300,96.10104560852051,False,21.817921024601603,35,0.00341796875
0111110111,5815,"[2, 1, 0, 3]",600,96.12798690795898,True,21.817921024601603,35,0.00341796875
0111110111,5816,"[2, 1, 3, 0]",9300,96.15635871887207,False,21.817921024601603,35,0.00341796875
0111110111,5817,"[2, 1, 0, 3]",600,96.17018699645996,True,21.817921024601603,35,0.00341796875
0111110111,5818,"[2, 1, 3, 0]",9300,96.18830680847168,False,21.817921024601603,35,0.00341796875
0111110111,5819,"[2, 1, 0, 3]",600,96.20165824890137,True,21.817921024601603,35,0.00341796875
0111110111,5820,"[2, 1, 3, 0]",9300,96.21906280517578,False,21.817921024601603,35,0.00341796875
0111110111,5821,"[2, 1, 0, 3]",600,96.23241424560547,True,21.817921024601603,35,0.00341796875
0111110111,5822,"[2, 1, 3, 0]",9300,96.24958038330078,False,21.817921024601603,35,0.00341796875
0111110111,5823,"[2, 1, 0, 3]",600,96.26317024230957,True,21.817921024601603,35,0.00341796875
0111110111,5824,"[2, 1, 3, 0]",9300,96.28033638000488,False,21.817921024601603,35,0.00341796875
0111110111,5825,"[2, 1, 0, 3]",600,96.29368782043457,True,21.817921024601603,35,0.00341796875
0111110111,5826,"[2, 1, 3, 0]",9300,96.31109237670898,False,21.817921024601603,35,0.00341796875
0111110111,5827,"[2, 1, 0, 3]",600,96.32420539855957,True,21.817921024601603,35,0.00341796875
0111110111,5828,"[2, 1, 3, 0]",9300,96.34160995483398,False,21.817921024601603,35,0.00341796875
0111110111,5829,"[2, 1, 0, 3]",600,96.35448455810547,True,21.817921024601603,35,0.00341796875
0111110111,5830,"[2, 1, 3, 0]",9300,96.37236595153809,False,21.817921024601603,35,0.00341796875
0111110111,5831,"[2, 1, 0, 3]",600,96.38500213623047,True,21.817921024601603,35,0.00341796875
0111110111,5832,"[2, 1, 3, 0]",9300,96.4040756225586,False,21.817921024601603,35,0.00341796875
0111110111,5833,"[2, 1, 0, 3]",600,96.41814231872559,True,21.817921024601603,35,0.00341796875
1000010001,5834,"[0, 2, 3, 1]",6200,96.4365005493164,False,17.090619058289455,35,0.00341796875
1000010001,5835,"[0, 1, 2, 3]",315,96.4500904083252,True,17.090619058289455,35,0.00341796875
1000010001,5836,"[0, 2, 3, 1]",6200,96.46892547607422,False,17.090619058289455,35,0.00341796875
1000010001,5837,"[0, 1, 2, 3]",315,96.48275375366211,True,17.090619058289455,35,0.00341796875
1000010001,5838,"[0, 2, 3, 1]",6200,96.50087356567383,False,17.090619058289455,35,0.00341796875
1000010001,5839,"[0, 1, 2, 3]",315,96.51374816894531,True,17.090619058289455,35,0.00341796875
1000010001,5840,"[0, 2, 3, 1]",6200,96.53139114379883,False,17.090619058289455,35,0.00341796875
1000010001,5841,"[0, 1, 2, 3]",315,96.54450416564941,True,17.090619058289455,35,0.00341796875
1000010001,5842,"[0, 2, 3, 1]",6200,96.56167030334473,False,17.090619058289455,35,0.00341796875
1000010001,5843,"[0, 1, 2, 3]",315,96.57502174377441,True,17.090619058289455,35,0.00341796875
1000010001,5844,"[0, 2, 3, 1]",6200,96.59218788146973,False,17.090619058289455,35,0.00341796875
1000010001,5845,"[0, 1, 2, 3]",315,96.60530090332031,True,17.090619058289455,35,0.00341796875
1000010001,5846,"[0, 2, 3, 1]",6200,96.62246704101562,False,17.090619058289455,35,0.00341796875
1000010001,5847,"[0, 1, 2, 3]",315,96.63534164428711,True,17.090619058289455,35,0.00341796875
1000010001,5848,"[0, 2, 3, 1]",6200,96.65250778198242,False,17.090619058289455,35,0.00341796875
1000010001,5849,"[0, 1, 2, 3]",315,96.66562080383301,True,17.090619058289455,35,0.00341796875
1000010001,5850,"[0, 2, 3, 1]",6200,96.68278694152832,False,17.090619058289455,35,0.00341796875
1000010001,5851,"[0, 1, 2, 3]",315,96.6956615447998,True,17.090619058289455,35,0.00341796875
1000010001,5852,"[0, 2, 3, 1]",6200,96.71282768249512,False,17.090619058289455,35,0.00341796875
1000010001,5853,"[0, 1, 2, 3]",315,96.7254638671875,True,17.090619058289455,35,0.00341796875
1000010001,5854,"[0, 2, 3, 1]",6200,96.74239158630371,False,17.090619058289455,35,0.00341796875
1000010001,5855,"[0, 1, 2, 3]",315,96.75717353820801,True,17.090619058289455,35,0.00341796875
1000010001,5856,"[0, 2, 3, 1]",6200,96.77481651306152,False,17.090619058289455,35,0.00341796875
1000010001,5857,"[0, 1, 2, 3]",315,96.78840637207031,True,17.090619058289455,35,0.00341796875
1000010001,5858,"[0, 2, 3, 1]",6200,96.80747985839844,False,17.090619058289455,35,0.00341796875
1000010001,5859,"[0, 1, 2, 3]",315,96.82083129882812,True,17.090619058289455,35,0.00341796875
1000010001,5860,"[0, 2, 3, 1]",6200,96.83847427368164,False,17.090619058289455,35,0.00341796875
1000010001,5861,"[0, 1, 2, 3]",315,96.86732292175293,True,17.090619058289455,35,0.00341796875
1000010001,5862,"[0, 2, 3, 1]",6200,96.88520431518555,False,17.090619058289455,35,0.00341796875
1000010001,5863,"[0, 1, 2, 3]",315,96.89855575561523,True,17.090619058289455,35,0.00341796875
1000010001,5864,"[0, 2, 3, 1]",6200,96.91643714904785,False,17.090619058289455,35,0.00341796875
1000010001,5865,"[0, 1, 2, 3]",315,96.93002700805664,True,17.090619058289455,35,0.00341796875
1000010001,5866,"[0, 2, 3, 1]",6200,96.94790840148926,False,17.090619058289455,35,0.00341796875
1000010001,5867,"[0, 1, 2, 3]",315,96.96149826049805,True,17.090619058289455,35,0.00341796875
1000010001,5868,"[0, 2, 3, 1]",6200,96.97961807250977,False,17.090619058289455,35,0.00341796875
1000010001,5869,"[0, 1, 2, 3]",315,96.99273109436035,True,17.090619058289455,35,0.00341796875
1000010001,5870,"[0, 2, 3, 1]",6200,97.01061248779297,False,17.090619058289455,35,0.00341796875
1000010001,5871,"[0, 1, 2, 3]",315,97.02396392822266,True,17.090619058289455,35,0.00341796875
1000010001,5872,"[0, 2, 3, 1]",6200,97.04184532165527,False,17.090619058289455,35,0.00341796875
1000010001,5873,"[0, 1, 2, 3]",315,97.05543518066406,True,17.090619058289455,35,0.00341796875
1000010001,5874,"[0, 2, 3, 1]",6200,97.07379341125488,False,17.090619058289455,35,0.00341796875
1000010001,5875,"[0, 1, 2, 3]",315,97.08738327026367,True,17.090619058289455,35,0.00341796875
1000010001,5876,"[0, 2, 3, 1]",6200,97.10526466369629,False,17.090619058289455,35,0.00341796875
1000010001,5877,"[0, 1, 2, 3]",315,97.11861610412598,True,17.090619058289455,35,0.00341796875
1000010001,5878,"[0, 2, 3, 1]",6200,97.1379280090332,False,17.090619058289455,35,0.00341796875
1000010001,5879,"[0, 1, 2, 3]",315,97.1517562866211,True,17.090619058289455,35,0.00341796875
1000010001,5880,"[0, 2, 3, 1]",6200,97.17011451721191,False,17.090619058289455,35,0.00341796875
1000010001,5881,"[0, 1, 2, 3]",315,97.1837043762207,True,17.090619058289455,35,0.00341796875
1000010001,5882,"[0, 2, 3, 1]",6200,97.20325469970703,False,17.090619058289455,35,0.00341796875
1000010001,5883,"[0, 1, 2, 3]",315,97.21779823303223,True,17.090619058289455,35,0.00341796875
1000010001,5884,"[0, 2, 3, 1]",6200,97.23687171936035,False,17.090619058289455,35,0.00341796875
1000010001,5885,"[0, 1, 2, 3]",315,97.25046157836914,True,17.090619058289455,35,0.00341796875
1000010001,5886,"[0, 2, 3, 1]",6200,97.26881980895996,False,17.090619058289455,35,0.00341796875
1000010001,5887,"[0, 1, 2, 3]",315,97.28217124938965,True,17.090619058289455,35,0.00341796875
1000010001,5888,"[0, 2, 3, 1]",6200,97.30029106140137,False,17.090619058289455,35,0.00341796875
1000010001,5889,"[0, 1, 2, 3]",315,97.31388092041016,True,17.090619058289455,35,0.00341796875
1000010001,5890,"[0, 2, 3, 1]",6200,97.33176231384277,False,17.090619058289455,35,0.00341796875
1000010001,5891,"[0, 1, 2, 3]",315,97.34535217285156,True,17.090619058289455,35,0.00341796875
1000010001,5892,"[0, 2, 3, 1]",6200,97.36323356628418,False,17.090619058289455,35,0.00341796875
1000010001,5893,"[0, 1, 2, 3]",315,97.37658500671387,True,17.090619058289455,35,0.00341796875
1000010001,5894,"[0, 2, 3, 1]",6200,97.39446640014648,False,17.090619058289455,35,0.00341796875
1000010001,5895,"[0, 1, 2, 3]",315,97.40805625915527,True,17.090619058289455,35,0.00341796875
1000010001,5896,"[0, 2, 3, 1]",6200,97.42569923400879,False,17.090619058289455,35,0.00341796875
1000010001,5897,"[0, 1, 2, 3]",315,97.43952751159668,True,17.090619058289455,35,0.00341796875
1000010001,5898,"[0, 2, 3, 1]",6200,97.4574089050293,False,17.090619058289455,35,0.00341796875
1000010001,5899,"[0, 1, 2, 3]",315,97.4726676940918,True,17.090619058289455,35,0.00341796875
1000010001,5900,"[0, 2, 3, 1]",6200,97.49484062194824,False,17.090619058289455,35,0.00341796875
1000010001,5901,"[0, 1, 2, 3]",315,97.50914573669434,True,17.090619058289455,35,0.00341796875
1000010001,5902,"[0, 2, 3, 1]",6200,97.52726554870605,False,17.090619058289455,35,0.00341796875
1000010001,5903,"[0, 1, 2, 3]",315,97.54109382629395,True,17.090619058289455,35,0.00341796875
0111000111,5904,"[1, 3, 0, 2]",900,97.55945205688477,False,11.070544774769893,35,0.00341796875
0111000111,5905,"[1, 0, 3, 2]",465,97.57351875305176,True,11.070544774769893,35,0.00341796875
0111000111,5906,"[1, 3, 0, 2]",900,97.59140014648438,False,11.070544774769893,35,0.00341796875
0111000111,5907,"[1, 0, 3, 2]",465,97.60522842407227,True,11.070544774769893,35,0.00341796875
0111000111,5908,"[1, 3, 0, 2]",900,97.62310981750488,False,11.070544774769893,35,0.00341796875
0111000111,5909,"[1, 0, 3, 2]",465,97.63669967651367,True,11.070544774769893,35,0.00341796875
0111000111,5910,"[1, 3, 0, 2]",900,97.65481948852539,False,11.070544774769893,35,0.00341796875
0111000111,5911,"[1, 0, 3, 2]",465,97.66840934753418,True,11.070544774769893,35,0.00341796875
0111000111,5912,"[1, 3, 0, 2]",900,97.6862907409668,False,11.070544774769893,35,0.00341796875
0111000111,5913,"[1, 0, 3, 2]",465,97.69988059997559,True,11.070544774769893,35,0.00341796875
0111000111,5914,"[1, 3, 0, 2]",900,97.7177619934082,False,11.070544774769893,35,0.00341796875
0111000111,5915,"[1, 0, 3, 2]",465,97.73135185241699,True,11.070544774769893,35,0.00341796875
0111000111,5916,"[1, 3, 0, 2]",900,97.74923324584961,False,11.070544774769893,35,0.00341796875
0111000111,5917,"[1, 0, 3, 2]",465,97.7630615234375,True,11.070544774769893,35,0.00341796875
0111000111,5918,"[1, 3, 0, 2]",900,97.78094291687012,False,11.070544774769893,35,0.00341796875
0111000111,5919,"[1, 0, 3, 2]",465,97.7945327758789,True,11.070544774769893,35,0.00341796875
0111000111,5920,"[1, 3, 0, 2]",900,97.81408309936523,False,11.070544774769893,35,0.00341796875
0111000111,5921,"[1, 0, 3, 2]",465,97.82814979553223,True,11.070544774769893,35,0.00341796875
0111000111,5922,"[1, 3, 0, 2]",900,97.84626960754395,False,11.070544774769893,35,0.00341796875
0111000111,5923,"[1, 0, 3, 2]",465,97.86009788513184,True,11.070544774769893,35,0.00341796875
0111000111,5924,"[1, 3, 0, 2]",900,97.87821769714355,False,11.070544774769893,35,0.00341796875
0111000111,5925,"[1, 0, 3, 2]",465,97.89180755615234,True,11.070544774769893,35,0.00341796875
0111000111,5926,"[1, 3, 0, 2]",900,97.90968894958496,False,11.070544774769893,35,0.00341796875
0111000111,5927,"[1, 0, 3, 2]",465,97.92399406433105,True,11.070544774769893,35,0.00341796875
0111000111,5928,"[1, 3, 0, 2]",900,97.94187545776367,False,11.070544774769893,35,0.00341796875
0111000111,5929,"[1, 0, 3, 2]",465,97.95522689819336,True,11.070544774769893,35,0.00341796875
0111000111,5930,"[1, 3, 0, 2]",900,97.97310829162598,False,11.070544774769893,35,0.00341796875
0111000111,5931,"[1, 0, 3, 2]",465,97.98669815063477,True,11.070544774769893,35,0.00341796875
0111000111,5932,"[1, 3, 0, 2]",900,98.00481796264648,False,11.070544774769893,35,0.00341796875
0111000111,5933,"[1, 0, 3, 2]",465,98.02007675170898,True,11.070544774769893,35,0.00341796875
0111000111,5934,"[1, 3, 0, 2]",900,98.0386734008789,False,11.070544774769893,35,0.00341796875
0111000111,5935,"[1, 0, 3, 2]",465,98.0520248413086,True,11.070544774769893,35,0.00341796875
0111000111,5936,"[1, 3, 0, 2]",900,98.07085990905762,False,11.070544774769893,35,0.00341796875
0111000111,5937,"[1, 0, 3, 2]",465,98.0844497680664,True,11.070544774769893,35,0.00341796875
0111000111,5938,"[1, 3, 0, 2]",900,98.10256958007812,False,11.070544774769893,35,0.00341796875
0111000111,5939,"[1, 0, 3, 2]",465,98.11615943908691,True,11.070544774769893,35,0.00341796875
0111000111,5940,"[1, 3, 0, 2]",900,98.13427925109863,False,11.070544774769893,35,0.00341796875
0111000111,5941,"[1, 0, 3, 2]",465,98.14906120300293,True,11.070544774769893,35,0.00341796875
0111000111,5942,"[1, 3, 0, 2]",900,98.16813468933105,False,11.070544774769893,35,0.00341796875
0111000111,5943,"[1, 0, 3, 2]",465,98.18196296691895,True,11.070544774769893,35,0.00341796875
0111000111,5944,"[1, 3, 0, 2]",900,98.19984436035156,False,11.070544774769893,35,0.00341796875
0111000111,5945,"[1, 0, 3, 2]",465,98.21367263793945,True,11.070544774769893,35,0.00341796875
0111000111,5946,"[1, 3, 0, 2]",900,98.23155403137207,False,11.070544774769893,35,0.00341796875
0111000111,5947,"[1, 0, 3, 2]",465,98.24514389038086,True,11.070544774769893,35,0.00341796875
0111000111,5948,"[1, 3, 0, 2]",900,98.26302528381348,False,11.070544774769893,35,0.00341796875
0111000111,5949,"[1, 0, 3, 2]",465,98.28686714172363,True,11.070544774769893,35,0.00341796875
0111000111,5950,"[1, 3, 0, 2]",900,98.30403327941895,False,11.070544774769893,35,0.00341796875
0111000111,5951,"[1, 0, 3, 2]",465,98.31714630126953,True,11.070544774769893,35,0.00341796875
0111000111,5952,"[1, 3, 0, 2]",900,98.33431243896484,False,11.070544774769893,35,0.00341796875
0111000111,5953,"[1, 0, 3, 2]",465,98.34766387939453,True,11.070544774769893,35,0.00341796875
0111000111,5954,"[1, 3, 0, 2]",900,98.36435317993164,False,11.070544774769893,35,0.00341796875
0111000111,5955,"[1, 0, 3, 2]",465,98.37770462036133,True,11.070544774769893,35,0.00341796875
0111000111,5956,"[1, 3, 0, 2]",900,98.39463233947754,False,11.070544774769893,35,0.00341796875
0111000111,5957,"[1, 0, 3, 2]",465,98.40774536132812,True,11.070544774769893,35,0.00341796875
0111000111,5958,"[1, 3, 0, 2]",900,98.42491149902344,False,11.070544774769893,35,0.00341796875
0111000111,5959,"[1, 0, 3, 2]",465,98.43802452087402,True,11.070544774769893,35,0.00341796875
0111000111,5960,"[1, 3, 0, 2]",900,98.45519065856934,False,11.070544774769893,35,0.00341796875
0111000111,5961,"[1, 0, 3, 2]",465,98.46806526184082,True,11.070544774769893,35,0.00341796875
0111000111,5962,"[1, 3, 0, 2]",900,98.48690032958984,False,11.070544774769893,35,0.00341796875
0111000111,5963,"[1, 0, 3, 2]",465,98.50049018859863,True,11.070544774769893,35,0.00341796875
0111000111,5964,"[1, 3, 0, 2]",900,98.51789474487305,False,11.070544774769893,35,0.00341796875
0111000111,5965,"[1, 0, 3, 2]",465,98.53076934814453,True,11.070544774769893,35,0.00341796875
0111000111,5966,"[1, 3, 0, 2]",900,98.54817390441895,False,11.070544774769893,35,0.00341796875
0111000111,5967,"[1, 0, 3, 2]",465,98.56104850769043,True,11.070544774769893,35,0.00341796875
0111000111,5968,"[1, 3, 0, 2]",900,98.57821464538574,False,11.070544774769893,35,0.00341796875
0111000111,5969,"[1, 0, 3, 2]",465,98.59132766723633,True,11.070544774769893,35,0.00341796875
0111000111,5970,"[1, 3, 0, 2]",900,98.60849380493164,False,11.070544774769893,35,0.00341796875
0111000111,5971,"[1, 0, 3, 2]",465,98.62136840820312,True,11.070544774769893,35,0.00341796875
0111000111,5972,"[1, 3, 0, 2]",900,98.63853454589844,False,11.070544774769893,35,0.00341796875
0111000111,5973,"[1, 0, 3, 2]",465,98.65140914916992,True,11.070544774769893,35,0.00341796875
1110000110,5974,"[0, 1, 3, 2]",465,98.66857528686523,False,11.519320360211093,34,0.0033203125
1110000110,5975,"[0, 1, 3, 2]",465,98.68168830871582,True,11.519320360211093,34,0.0033203125
1110000110,5976,"[0, 1, 3, 2]",465,98.69885444641113,False,11.519320360211093,34,0.0033203125
1110000110,5977,"[0, 1, 3, 2]",465,98.71196746826172,True,11.519320360211093,34,0.0033203125
1110000110,5978,"[0, 1, 3, 2]",465,98.72889518737793,False,11.519320360211093,34,0.0033203125
1110000110,5979,"[0, 1, 3, 2]",465,98.74200820922852,True,11.519320360211093,34,0.0033203125
1110000110,5980,"[0, 1, 3, 2]",465,98.75893592834473,False,11.519320360211093,34,0.0033203125
1110000110,5981,"[0, 1, 3, 2]",465,98.77228736877441,True,11.519320360211093,34,0.0033203125
1110000110,5982,"[0, 1, 3, 2]",465,98.78921508789062,False,11.519320360211093,34,0.0033203125
1110000110,5983,"[0, 1, 3, 2]",465,98.80447387695312,True,11.519320360211093,34,0.0033203125
1110000110,5984,"[0, 1, 3, 2]",465,98.82259368896484,False,11.519320360211093,34,0.0033203125
1110000110,5985,"[0, 1, 3, 2]",465,98.83594512939453,True,11.519320360211093,34,0.0033203125
1110000110,5986,"[0, 1, 3, 2]",465,98.85311126708984,False,11.519320360211093,34,0.0033203125
1110000110,5987,"[0, 1, 3, 2]",465,98.86622428894043,True,11.519320360211093,34,0.0033203125
1110000110,5988,"[0, 1, 3, 2]",465,98.88315200805664,False,11.519320360211093,34,0.0033203125
1110000110,5989,"[0, 1, 3, 2]",465,98.89554977416992,True,11.519320360211093,34,0.0033203125
1110000110,5990,"[0, 1, 3, 2]",465,98.91271591186523,False,11.519320360211093,34,0.0033203125
1110000110,5991,"[0, 1, 3, 2]",465,98.92559051513672,True,11.519320360211093,34,0.0033203125
1110000110,5992,"[0, 1, 3, 2]",465,98.94275665283203,False,11.519320360211093,34,0.0033203125
1110000110,5993,"[0, 1, 3, 2]",465,98.95563125610352,True,11.519320360211093,34,0.0033203125
1110000110,5994,"[0, 1, 3, 2]",465,98.97255897521973,False,11.519320360211093,34,0.0033203125
1110000110,5995,"[0, 1, 3, 2]",465,99.00784492492676,True,11.519320360211093,34,0.0033203125
1110000110,5996,"[0, 1, 3, 2]",465,99.02524948120117,False,11.519320360211093,34,0.0033203125
1110000110,5997,"[0, 1, 3, 2]",465,99.03860092163086,True,11.519320360211093,34,0.0033203125
1110000110,5998,"[0, 1, 3, 2]",465,99.05576705932617,False,11.519320360211093,34,0.0033203125
1110000110,5999,"[0, 1, 3, 2]",465,99.06840324401855,True,11.519320360211093,34,0.0033203125
1110000110,6000,"[0, 1, 3, 2]",465,99.08556938171387,False,11.519320360211093,34,0.0033203125
1110000110,6001,"[0, 1, 3, 2]",465,99.09844398498535,True,11.519320360211093,34,0.0033203125
1110000110,6002,"[0, 1, 3, 2]",465,99.11537170410156,False,11.519320360211093,34,0.0033203125
1110000110,6003,"[0, 1, 3, 2]",465,99.12800788879395,True,11.519320360211093,34,0.0033203125
1110000110,6004,"[0, 1, 3, 2]",465,99.14708137512207,False,11.519320360211093,34,0.0033203125
1110000110,6005,"[0, 1, 3, 2]",465,99.16043281555176,True,11.519320360211093,34,0.0033203125
1110000110,6006,"[0, 1, 3, 2]",465,99.17807579040527,False,11.519320360211093,34,0.0033203125
1110000110,6007,"[0, 1, 3, 2]",465,99.19047355651855,True,11.519320360211093,34,0.0033203125
1110000110,6008,"[0, 1, 3, 2]",465,99.20763969421387,False,11.519320360211093,34,0.0033203125
1110000110,6009,"[0, 1, 3, 2]",465,99.22075271606445,True,11.519320360211093,34,0.0033203125
1110000110,6010,"[0, 1, 3, 2]",465,99.23768043518066,False,11.519320360211093,34,0.0033203125
1110000110,6011,"[0, 1, 3, 2]",465,99.25079345703125,True,11.519320360211093,34,0.0033203125
1110000110,6012,"[0, 1, 3, 2]",465,99.26795959472656,False,11.519320360211093,34,0.0033203125
1110000110,6013,"[0, 1, 3, 2]",465,99.28083419799805,True,11.519320360211093,34,0.0033203125
1110000110,6014,"[0, 1, 3, 2]",465,99.29800033569336,False,11.519320360211093,34,0.0033203125
1110000110,6015,"[0, 1, 3, 2]",465,99.31087493896484,True,11.519320360211093,34,0.0033203125
1110000110,6016,"[0, 1, 3, 2]",465,99.32780265808105,False,11.519320360211093,34,0.0033203125
1110000110,6017,"[0, 1, 3, 2]",465,99.34091567993164,True,11.519320360211093,34,0.0033203125
1110000110,6018,"[0, 1, 3, 2]",465,99.35736656188965,False,11.519320360211093,34,0.0033203125
1110000110,6019,"[0, 1, 3, 2]",465,99.37024116516113,True,11.519320360211093,34,0.0033203125
1110000110,6020,"[0, 1, 3, 2]",465,99.38716888427734,False,11.519320360211093,34,0.0033203125
1110000110,6021,"[0, 1, 3, 2]",465,99.40004348754883,True,11.519320360211093,34,0.0033203125
1110000110,6022,"[0, 1, 3, 2]",465,99.41697120666504,False,11.519320360211093,34,0.0033203125
1110000110,6023,"[0, 1, 3, 2]",465,99.43175315856934,True,11.519320360211093,34,0.0033203125
1110000110,6024,"[0, 1, 3, 2]",465,99.44939613342285,False,11.519320360211093,34,0.0033203125
1110000110,6025,"[0, 1, 3, 2]",465,99.46298599243164,True,11.519320360211093,34,0.0033203125
1110000110,6026,"[0, 1, 3, 2]",465,99.48205947875977,False,11.519320360211093,34,0.0033203125
1110000110,6027,"[0, 1, 3, 2]",465,99.49541091918945,True,11.519320360211093,34,0.0033203125
1110000110,6028,"[0, 1, 3, 2]",465,99.51281547546387,False,11.519320360211093,34,0.0033203125
1110000110,6029,"[0, 1, 3, 2]",465,99.52569007873535,True,11.519320360211093,34,0.0033203125
1110000110,6030,"[0, 1, 3, 2]",465,99.54237937927246,False,11.519320360211093,34,0.0033203125
1110000110,6031,"[0, 1, 3, 2]",465,99.55501556396484,True,11.519320360211093,34,0.0033203125
1110000110,6032,"[0, 1, 3, 2]",465,99.57194328308105,False,11.519320360211093,34,0.0033203125
1110000110,6033,"[0, 1, 3, 2]",465,99.58481788635254,True,11.519320360211093,34,0.0033203125
1110000110,6034,"[0, 1, 3, 2]",465,99.60341453552246,False,11.519320360211093,34,0.0033203125
1110000110,6035,"[0, 1, 3, 2]",465,99.61676597595215,True,11.519320360211093,34,0.0033203125
1110000110,6036,"[0, 1, 3, 2]",465,99.63417053222656,False,11.519320360211093,34,0.0033203125
1110000110,6037,"[0, 1, 3, 2]",465,99.64752197265625,True,11.519320360211093,34,0.0033203125
1110000110,6038,"[0, 1, 3, 2]",465,99.66492652893066,False,11.519320360211093,34,0.0033203125
1110000110,6039,"[0, 1, 3, 2]",465,99.67803955078125,True,11.519320360211093,34,0.0033203125
1110000110,6040,"[0, 1, 3, 2]",465,99.69520568847656,False,11.519320360211093,34,0.0033203125
1110000110,6041,"[0, 1, 3, 2]",465,99.70784187316895,True,11.519320360211093,34,0.0033203125
1000001011,6042,"[3, 0, 2, 1]",6300,99.72524642944336,False,31.18188720114459,34,0.0033203125
1000001011,6043,"[3, 0, 1, 2]",750,99.73907470703125,True,31.18188720114459,34,0.0033203125
1000001011,6044,"[3, 0, 2, 1]",6300,99.75647926330566,False,31.18188720114459,34,0.0033203125
1000001011,6045,"[3, 0, 1, 2]",750,99.77006912231445,True,31.18188720114459,34,0.0033203125
1000001011,6046,"[3, 0, 2, 1]",6300,99.78842735290527,False,31.18188720114459,34,0.0033203125
1000001011,6047,"[3, 0, 1, 2]",750,99.80201721191406,True,31.18188720114459,34,0.0033203125
1000001011,6048,"[3, 0, 2, 1]",6300,99.81989860534668,False,31.18188720114459,34,0.0033203125
1000001011,6049,"[3, 0, 1, 2]",750,99.83277320861816,True,31.18188720114459,34,0.0033203125
1000001011,6050,"[3, 0, 2, 1]",6300,99.85017776489258,False,31.18188720114459,34,0.0033203125
1000001011,6051,"[3, 0, 1, 2]",750,99.86734390258789,True,31.18188720114459,34,0.0033203125
1000001011,6052,"[3, 0, 2, 1]",6300,99.8847484588623,False,31.18188720114459,34,0.0033203125
1000001011,6053,"[3, 0, 1, 2]",750,99.89786148071289,True,31.18188720114459,34,0.0033203125
1000001011,6054,"[3, 0, 2, 1]",6300,99.9152660369873,False,31.18188720114459,34,0.0033203125
1000001011,6055,"[3, 0, 1, 2]",750,99.92861747741699,True,31.18188720114459,34,0.0033203125
1000001011,6056,"[3, 0, 2, 1]",6300,99.9460220336914,False,31.18188720114459,34,0.0033203125
1000001011,6057,"[3, 0, 1, 2]",750,99.95889663696289,True,31.18188720114459,34,0.0033203125
1000001011,6058,"[3, 0, 2, 1]",6300,99.9763011932373,False,31.18188720114459,34,0.0033203125
1000001011,6059,"[3, 0, 1, 2]",750,99.98917579650879,True,31.18188720114459,34,0.0033203125
1000001011,6060,"[3, 0, 2, 1]",6300,100.0065803527832,False,31.18188720114459,34,0.0033203125
1000001011,6061,"[3, 0, 1, 2]",750,100.01969337463379,True,31.18188720114459,34,0.0033203125
1000001011,6062,"[3, 0, 2, 1]",6300,100.0370979309082,False,31.18188720114459,34,0.0033203125
1000001011,6063,"[3, 0, 1, 2]",750,100.05044937133789,True,31.18188720114459,34,0.0033203125
1000001011,6064,"[3, 0, 2, 1]",6300,100.0678539276123,False,31.18188720114459,34,0.0033203125
1000001011,6065,"[3, 0, 1, 2]",750,100.08120536804199,True,31.18188720114459,34,0.0033203125
1000001011,6066,"[3, 0, 2, 1]",6300,100.0986099243164,False,31.18188720114459,34,0.0033203125
1000001011,6067,"[3, 0, 1, 2]",750,100.1138687133789,True,31.18188720114459,34,0.0033203125
1000001011,6068,"[3, 0, 2, 1]",6300,100.13222694396973,False,31.18188720114459,34,0.0033203125
1000001011,6069,"[3, 0, 1, 2]",750,100.14581680297852,True,31.18188720114459,34,0.0033203125
1000001011,6070,"[3, 0, 2, 1]",6300,100.16322135925293,False,31.18188720114459,34,0.0033203125
1000001011,6071,"[3, 0, 1, 2]",750,100.17609596252441,True,31.18188720114459,34,0.0033203125
1000001011,6072,"[3, 0, 2, 1]",6300,100.19350051879883,False,31.18188720114459,34,0.0033203125
1000001011,6073,"[3, 0, 1, 2]",750,100.20661354064941,True,31.18188720114459,34,0.0033203125
1000001011,6074,"[3, 0, 2, 1]",6300,100.22401809692383,False,31.18188720114459,34,0.0033203125
1000001011,6075,"[3, 0, 1, 2]",750,100.23713111877441,True,31.18188720114459,34,0.0033203125
1000001011,6076,"[3, 0, 2, 1]",6300,100.25477409362793,False,31.18188720114459,34,0.0033203125
1000001011,6077,"[3, 0, 1, 2]",750,100.26788711547852,True,31.18188720114459,34,0.0033203125
1000001011,6078,"[3, 0, 2, 1]",6300,100.28553009033203,False,31.18188720114459,34,0.0033203125
1000001011,6079,"[3, 0, 1, 2]",750,100.29864311218262,True,31.18188720114459,34,0.0033203125
1000001011,6080,"[3, 0, 2, 1]",6300,100.31628608703613,False,31.18188720114459,34,0.0033203125
1000001011,6081,"[3, 0, 1, 2]",750,100.32916069030762,True,31.18188720114459,34,0.0033203125
1000001011,6082,"[3, 0, 2, 1]",6300,100.34704208374023,False,31.18188720114459,34,0.0033203125
1000001011,6083,"[3, 0, 1, 2]",750,100.35991668701172,True,31.18188720114459,34,0.0033203125
1000001011,6084,"[3, 0, 2, 1]",6300,100.37899017333984,False,31.18188720114459,34,0.0033203125
1000001011,6085,"[3, 0, 1, 2]",750,100.39305686950684,True,31.18188720114459,34,0.0033203125
1000001011,6086,"[3, 0, 2, 1]",6300,100.41093826293945,False,31.18188720114459,34,0.0033203125
1000001011,6087,"[3, 0, 1, 2]",750,100.42428970336914,True,31.18188720114459,34,0.0033203125
1000001011,6088,"[3, 0, 2, 1]",6300,100.44288635253906,False,31.18188720114459,34,0.0033203125
1000001011,6089,"[3, 0, 1, 2]",750,100.45671463012695,True,31.18188720114459,34,0.0033203125
1000001011,6090,"[3, 0, 2, 1]",6300,100.47435760498047,False,31.18188720114459,34,0.0033203125
1000001011,6091,"[3, 0, 1, 2]",750,100.48747062683105,True,31.18188720114459,34,0.0033203125
1000001011,6092,"[3, 0, 2, 1]",6300,100.50463676452637,False,31.18188720114459,34,0.0033203125
1000001011,6093,"[3, 0, 1, 2]",750,100.51822662353516,True,31.18188720114459,34,0.0033203125
1000001011,6094,"[3, 0, 2, 1]",6300,100.53563117980957,False,31.18188720114459,34,0.0033203125
1000001011,6095,"[3, 0, 1, 2]",750,100.54898262023926,True,31.18188720114459,34,0.0033203125
1000001011,6096,"[3, 0, 2, 1]",6300,100.56638717651367,False,31.18188720114459,34,0.0033203125
1000001011,6097,"[3, 0, 1, 2]",750,100.57973861694336,True,31.18188720114459,34,0.0033203125
1000001011,6098,"[3, 0, 2, 1]",6300,100.59666633605957,False,31.18188720114459,34,0.0033203125
1000001011,6099,"[3, 0, 1, 2]",750,100.61025619506836,True,31.18188720114459,34,0.0033203125
1000001011,6100,"[3, 0, 2, 1]",6300,100.62766075134277,False,31.18188720114459,34,0.0033203125
1000001011,6101,"[3, 0, 1, 2]",750,100.64077377319336,True,31.18188720114459,34,0.0033203125
1000001011,6102,"[3, 0, 2, 1]",6300,100.65817832946777,False,31.18188720114459,34,0.0033203125
1000001011,6103,"[3, 0, 1, 2]",750,100.67105293273926,True,31.18188720114459,34,0.0033203125
1000001011,6104,"[3, 0, 2, 1]",6300,100.68845748901367,False,31.18188720114459,34,0.0033203125
1000001011,6105,"[3, 0, 1, 2]",750,100.70133209228516,True,31.18188720114459,34,0.0033203125
1000001011,6106,"[3, 0, 2, 1]",6300,100.71873664855957,False,31.18188720114459,34,0.0033203125
1000001011,6107,"[3, 0, 1, 2]",750,100.73137283325195,True,31.18188720114459,34,0.0033203125
1000001011,6108,"[3, 0, 2, 1]",6300,100.74877738952637,False,31.18188720114459,34,0.0033203125
1000001011,6109,"[3, 0, 1, 2]",750,100.76332092285156,True,31.18188720114459,34,0.0033203125
0011011101,6110,"[3, 1, 2, 0]",9450,100.78167915344238,False,17.767085447832436,34,0.0033203125
0011011101,6111,"[3, 1, 0, 2]",900,100.79526901245117,True,17.767085447832436,34,0.0033203125
0011011101,6112,"[3, 1, 2, 0]",9450,100.81267356872559,False,17.767085447832436,34,0.0033203125
0011011101,6113,"[3, 1, 0, 2]",900,100.82578659057617,True,17.767085447832436,34,0.0033203125
0011011101,6114,"[3, 1, 2, 0]",9450,100.84319114685059,False,17.767085447832436,34,0.0033203125
0011011101,6115,"[3, 1, 0, 2]",900,100.85630416870117,True,17.767085447832436,34,0.0033203125
0011011101,6116,"[3, 1, 2, 0]",9450,100.87347030639648,False,17.767085447832436,34,0.0033203125
0011011101,6117,"[3, 1, 0, 2]",900,100.88682174682617,True,17.767085447832436,34,0.0033203125
0011011101,6118,"[3, 1, 2, 0]",9450,100.90422630310059,False,17.767085447832436,34,0.0033203125
0011011101,6119,"[3, 1, 0, 2]",900,100.91757774353027,True,17.767085447832436,34,0.0033203125
0011011101,6120,"[3, 1, 2, 0]",9450,100.93498229980469,False,17.767085447832436,34,0.0033203125
0011011101,6121,"[3, 1, 0, 2]",900,100.94833374023438,True,17.767085447832436,34,0.0033203125
0011011101,6122,"[3, 1, 2, 0]",9450,100.96549987792969,False,17.767085447832436,34,0.0033203125
0011011101,6123,"[3, 1, 0, 2]",900,100.97837448120117,True,17.767085447832436,34,0.0033203125
0011011101,6124,"[3, 1, 2, 0]",9450,100.99554061889648,False,17.767085447832436,34,0.0033203125
0011011101,6125,"[3, 1, 0, 2]",900,101.00889205932617,True,17.767085447832436,34,0.0033203125
0011011101,6126,"[3, 1, 2, 0]",9450,101.02605819702148,False,17.767085447832436,34,0.0033203125
0011011101,6127,"[3, 1, 0, 2]",900,101.03940963745117,True,17.767085447832436,34,0.0033203125
0011011101,6128,"[3, 1, 2, 0]",9450,101.05657577514648,False,17.767085447832436,34,0.0033203125
0011011101,6129,"[3, 1, 0, 2]",900,101.07016563415527,True,17.767085447832436,34,0.0033203125
0011011101,6130,"[3, 1, 2, 0]",9450,101.0885238647461,False,17.767085447832436,34,0.0033203125
0011011101,6131,"[3, 1, 0, 2]",900,101.10187530517578,True,17.767085447832436,34,0.0033203125
0011011101,6132,"[3, 1, 2, 0]",9450,101.1197566986084,False,17.767085447832436,34,0.0033203125
0011011101,6133,"[3, 1, 0, 2]",900,101.13310813903809,True,17.767085447832436,34,0.0033203125
0011011101,6134,"[3, 1, 2, 0]",9450,101.1514663696289,False,17.767085447832436,34,0.0033203125
0011011101,6135,"[3, 1, 0, 2]",900,101.1652946472168,True,17.767085447832436,34,0.0033203125
0011011101,6136,"[3, 1, 2, 0]",9450,101.18341445922852,False,17.767085447832436,34,0.0033203125
0011011101,6137,"[3, 1, 0, 2]",900,101.1965274810791,True,17.767085447832436,34,0.0033203125
0011011101,6138,"[3, 1, 2, 0]",9450,101.21417045593262,False,17.767085447832436,34,0.0033203125
0011011101,6139,"[3, 1, 0, 2]",900,101.2272834777832,True,17.767085447832436,34,0.0033203125
0011011101,6140,"[3, 1, 2, 0]",9450,101.24468803405762,False,17.767085447832436,34,0.0033203125
0011011101,6141,"[3, 1, 0, 2]",900,101.2575626373291,True,17.767085447832436,34,0.0033203125
0011011101,6142,"[3, 1, 2, 0]",9450,101.27496719360352,False,17.767085447832436,34,0.0033203125
0011011101,6143,"[3, 1, 0, 2]",900,101.287841796875,True,17.767085447832436,34,0.0033203125
0011011101,6144,"[3, 1, 2, 0]",9450,101.30524635314941,False,17.767085447832436,34,0.0033203125
0011011101,6145,"[3, 1, 0, 2]",900,101.3181209564209,True,17.767085447832436,34,0.0033203125
0011011101,6146,"[3, 1, 2, 0]",9450,101.33552551269531,False,17.767085447832436,34,0.0033203125
0011011101,6147,"[3, 1, 0, 2]",900,101.348876953125,True,17.767085447832436,34,0.0033203125
0011011101,6148,"[3, 1, 2, 0]",9450,101.36628150939941,False,17.767085447832436,34,0.0033203125
0011011101,6149,"[3, 1, 0, 2]",900,101.37939453125,True,17.767085447832436,34,0.0033203125
0011011101,6150,"[3, 1, 2, 0]",9450,101.39656066894531,False,17.767085447832436,34,0.0033203125
0011011101,6151,"[3, 1, 0, 2]",900,101.41158103942871,True,17.767085447832436,34,0.0033203125
0011011101,6152,"[3, 1, 2, 0]",9450,101.42946243286133,False,17.767085447832436,34,0.0033203125
0011011101,6153,"[3, 1, 0, 2]",900,101.45926475524902,True,17.767085447832436,34,0.0033203125
0011011101,6154,"[3, 1, 2, 0]",9450,101.47714614868164,False,17.767085447832436,34,0.0033203125
0011011101,6155,"[3, 1, 0, 2]",900,101.49478912353516,True,17.767085447832436,34,0.0033203125
0011011101,6156,"[3, 1, 2, 0]",9450,101.51290893554688,False,17.767085447832436,34,0.0033203125
0011011101,6157,"[3, 1, 0, 2]",900,101.52673721313477,True,17.767085447832436,34,0.0033203125
0011011101,6158,"[3, 1, 2, 0]",9450,101.54509544372559,False,17.767085447832436,34,0.0033203125
0011011101,6159,"[3, 1, 0, 2]",900,101.55892372131348,True,17.767085447832436,34,0.0033203125
0011011101,6160,"[3, 1, 2, 0]",9450,101.5768051147461,False,17.767085447832436,34,0.0033203125
0011011101,6161,"[3, 1, 0, 2]",900,101.59039497375488,True,17.767085447832436,34,0.0033203125
0011011101,6162,"[3, 1, 2, 0]",9450,101.6085147857666,False,17.767085447832436,34,0.0033203125
0011011101,6163,"[3, 1, 0, 2]",900,101.62210464477539,True,17.767085447832436,34,0.0033203125
0011011101,6164,"[3, 1, 2, 0]",9450,101.63998603820801,False,17.767085447832436,34,0.0033203125
0011011101,6165,"[3, 1, 0, 2]",900,101.6533374786377,True,17.767085447832436,34,0.0033203125
0011011101,6166,"[3, 1, 2, 0]",9450,101.67121887207031,False,17.767085447832436,34,0.0033203125
0011011101,6167,"[3, 1, 0, 2]",900,101.6845703125,True,17.767085447832436,34,0.0033203125
0011011101,6168,"[3, 1, 2, 0]",9450,101.70245170593262,False,17.767085447832436,34,0.0033203125
0011011101,6169,"[3, 1, 0, 2]",900,101.7160415649414,True,17.767085447832436,34,0.0033203125
0011011101,6170,"[3, 1, 2, 0]",9450,101.73392295837402,False,17.767085447832436,34,0.0033203125
0011011101,6171,"[3, 1, 0, 2]",900,101.74727439880371,True,17.767085447832436,34,0.0033203125
0011011101,6172,"[3, 1, 2, 0]",9450,101.76706314086914,False,17.767085447832436,34,0.0033203125
0011011101,6173,"[3, 1, 0, 2]",900,101.78089141845703,True,17.767085447832436,34,0.0033203125
0011011101,6174,"[3, 1, 2, 0]",9450,101.79924964904785,False,17.767085447832436,34,0.0033203125
0011011101,6175,"[3, 1, 0, 2]",900,101.81307792663574,True,17.767085447832436,34,0.0033203125
0011011101,6176,"[3, 1, 2, 0]",9450,101.83143615722656,False,17.767085447832436,34,0.0033203125
0011011101,6177,"[3, 1, 0, 2]",900,101.84526443481445,True,17.767085447832436,34,0.0033203125
0010000110,6178,"[1, 3, 2, 0]",9450,101.86314582824707,False,16.212895332660406,34,0.0033203125
0010000110,6179,"[1, 0, 3, 2]",465,101.87745094299316,True,16.212895332660406,34,0.0033203125
0010000110,6180,"[1, 3, 2, 0]",9450,101.89580917358398,False,16.212895332660406,34,0.0033203125
0010000110,6181,"[1, 0, 3, 2]",465,101.90987586975098,True,16.212895332660406,34,0.0033203125
0010000110,6182,"[1, 3, 2, 0]",9450,101.9277572631836,False,16.212895332660406,34,0.0033203125
0010000110,6183,"[1, 0, 3, 2]",465,101.94134712219238,True,16.212895332660406,34,0.0033203125
0010000110,6184,"[1, 3, 2, 0]",9450,101.9594669342041,False,16.212895332660406,34,0.0033203125
0010000110,6185,"[1, 0, 3, 2]",465,101.9749641418457,True,16.212895332660406,34,0.0033203125
0010000110,6186,"[1, 3, 2, 0]",9450,101.99379920959473,False,16.212895332660406,34,0.0033203125
0010000110,6187,"[1, 0, 3, 2]",465,102.00810432434082,True,16.212895332660406,34,0.0033203125
0010000110,6188,"[1, 3, 2, 0]",9450,102.02646255493164,False,16.212895332660406,34,0.0033203125
0010000110,6189,"[1, 0, 3, 2]",465,102.04029083251953,True,16.212895332660406,34,0.0033203125
0010000110,6190,"[1, 3, 2, 0]",9450,102.05864906311035,False,16.212895332660406,34,0.0033203125
0010000110,6191,"[1, 0, 3, 2]",465,102.07414627075195,True,16.212895332660406,34,0.0033203125
0010000110,6192,"[1, 3, 2, 0]",9450,102.09226608276367,False,16.212895332660406,34,0.0033203125
0010000110,6193,"[1, 0, 3, 2]",465,102.10680961608887,True,16.212895332660406,34,0.0033203125
0010000110,6194,"[1, 3, 2, 0]",9450,102.1275520324707,False,16.212895332660406,34,0.0033203125
0010000110,6195,"[1, 0, 3, 2]",465,102.1418571472168,True,16.212895332660406,34,0.0033203125
0010000110,6196,"[1, 3, 2, 0]",9450,102.15997695922852,False,16.212895332660406,34,0.0033203125
0010000110,6197,"[1, 0, 3, 2]",465,102.1738052368164,True,16.212895332660406,34,0.0033203125
0010000110,6198,"[1, 3, 2, 0]",9450,102.19192504882812,False,16.212895332660406,34,0.0033203125
0010000110,6199,"[1, 0, 3, 2]",465,102.20575332641602,True,16.212895332660406,34,0.0033203125
0010000110,6200,"[1, 3, 2, 0]",9450,102.22387313842773,False,16.212895332660406,34,0.0033203125
0010000110,6201,"[1, 0, 3, 2]",465,102.23793983459473,True,16.212895332660406,34,0.0033203125
0010000110,6202,"[1, 3, 2, 0]",9450,102.25653648376465,False,16.212895332660406,34,0.0033203125
0010000110,6203,"[1, 0, 3, 2]",465,102.27060317993164,True,16.212895332660406,34,0.0033203125
0010000110,6204,"[1, 3, 2, 0]",9450,102.28872299194336,False,16.212895332660406,34,0.0033203125
0010000110,6205,"[1, 0, 3, 2]",465,102.30255126953125,True,16.212895332660406,34,0.0033203125
0010000110,6206,"[1, 3, 2, 0]",9450,102.32043266296387,False,16.212895332660406,34,0.0033203125
0010000110,6207,"[1, 0, 3, 2]",465,102.33426094055176,True,16.212895332660406,34,0.0033203125
0010000110,6208,"[1, 3, 2, 0]",9450,102.35238075256348,False,16.212895332660406,34,0.0033203125
0010000110,6209,"[1, 0, 3, 2]",465,102.36620903015137,True,16.212895332660406,34,0.0033203125
0010000110,6210,"[1, 3, 2, 0]",9450,102.38409042358398,False,16.212895332660406,34,0.0033203125
0010000110,6211,"[1, 0, 3, 2]",465,102.39768028259277,True,16.212895332660406,34,0.0033203125
0010000110,6212,"[1, 3, 2, 0]",9450,102.41556167602539,False,16.212895332660406,34,0.0033203125
0010000110,6213,"[1, 0, 3, 2]",465,102.42938995361328,True,16.212895332660406,34,0.0033203125
0010000110,6214,"[1, 3, 2, 0]",9450,102.44917869567871,False,16.212895332660406,34,0.0033203125
0010000110,6215,"[1, 0, 3, 2]",465,102.4634838104248,True,16.212895332660406,34,0.0033203125
0010000110,6216,"[1, 3, 2, 0]",9450,102.48208045959473,False,16.212895332660406,34,0.0033203125
0010000110,6217,"[1, 0, 3, 2]",465,102.49543190002441,True,16.212895332660406,34,0.0033203125
0010000110,6218,"[1, 3, 2, 0]",9450,102.51379013061523,False,16.212895332660406,34,0.0033203125
0010000110,6219,"[1, 0, 3, 2]",465,102.52737998962402,True,16.212895332660406,34,0.0033203125
0010000110,6220,"[1, 3, 2, 0]",9450,102.54549980163574,False,16.212895332660406,34,0.0033203125
0010000110,6221,"[1, 0, 3, 2]",465,102.55885124206543,True,16.212895332660406,34,0.0033203125
0010000110,6222,"[1, 3, 2, 0]",9450,102.57697105407715,False,16.212895332660406,34,0.0033203125
0010000110,6223,"[1, 0, 3, 2]",465,102.59056091308594,True,16.212895332660406,34,0.0033203125
0010000110,6224,"[1, 3, 2, 0]",9450,102.60844230651855,False,16.212895332660406,34,0.0033203125
0010000110,6225,"[1, 0, 3, 2]",465,102.62227058410645,True,16.212895332660406,34,0.0033203125
0010000110,6226,"[1, 3, 2, 0]",9450,102.64015197753906,False,16.212895332660406,34,0.0033203125
0010000110,6227,"[1, 0, 3, 2]",465,102.65374183654785,True,16.212895332660406,34,0.0033203125
0010000110,6228,"[1, 3, 2, 0]",9450,102.67162322998047,False,16.212895332660406,34,0.0033203125
0010000110,6229,"[1, 0, 3, 2]",465,102.69546508789062,True,16.212895332660406,34,0.0033203125
0010000110,6230,"[1, 3, 2, 0]",9450,102.71263122558594,False,16.212895332660406,34,0.0033203125
0010000110,6231,"[1, 0, 3, 2]",465,102.72598266601562,True,16.212895332660406,34,0.0033203125
0010000110,6232,"[1, 3, 2, 0]",9450,102.74338722229004,False,16.212895332660406,34,0.0033203125
0010000110,6233,"[1, 0, 3, 2]",465,102.75673866271973,True,16.212895332660406,34,0.0033203125
0010000110,6234,"[1, 3, 2, 0]",9450,102.77390480041504,False,16.212895332660406,34,0.0033203125
0010000110,6235,"[1, 0, 3, 2]",465,102.78844833374023,True,16.212895332660406,34,0.0033203125
0010000110,6236,"[1, 3, 2, 0]",9450,102.80776023864746,False,16.212895332660406,34,0.0033203125
0010000110,6237,"[1, 0, 3, 2]",465,102.82158851623535,True,16.212895332660406,34,0.0033203125
0010000110,6238,"[1, 3, 2, 0]",9450,102.83923149108887,False,16.212895332660406,34,0.0033203125
0010000110,6239,"[1, 0, 3, 2]",465,102.86355018615723,True,16.212895332660406,34,0.0033203125
0010000110,6240,"[1, 3, 2, 0]",9450,102.88381576538086,False,16.212895332660406,34,0.0033203125
0010000110,6241,"[1, 0, 3, 2]",465,102.89931297302246,True,16.212895332660406,34,0.0033203125
0010000110,6242,"[1, 3, 2, 0]",9450,102.91910171508789,False,16.212895332660406,34,0.0033203125
0010000110,6243,"[1, 0, 3, 2]",465,102.93459892272949,True,16.212895332660406,34,0.0033203125
0010000110,6244,"[1, 3, 2, 0]",9450,102.95462608337402,False,16.212895332660406,34,0.0033203125
0010000110,6245,"[1, 0, 3, 2]",465,102.96988487243652,True,16.212895332660406,34,0.0033203125
1111000111,6246,"[1, 0, 3, 2]",465,102.98991203308105,False,8.422727292881255,33,0.00322265625
1111000111,6247,"[1, 0, 3, 2]",465,103.00517082214355,True,8.422727292881255,33,0.00322265625
1111000111,6248,"[1, 0, 3, 2]",465,103.02519798278809,False,8.422727292881255,33,0.00322265625
1111000111,6249,"[1, 0, 3, 2]",465,103.04021835327148,True,8.422727292881255,33,0.00322265625
1111000111,6250,"[1, 0, 3, 2]",465,103.06024551391602,False,8.422727292881255,33,0.00322265625
1111000111,6251,"[1, 0, 3, 2]",465,103.07502746582031,True,8.422727292881255,33,0.00322265625
1111000111,6252,"[1, 0, 3, 2]",465,103.09481620788574,False,8.422727292881255,33,0.00322265625
1111000111,6253,"[1, 0, 3, 2]",465,103.10959815979004,True,8.422727292881255,33,0.00322265625
1111000111,6254,"[1, 0, 3, 2]",465,103.12962532043457,False,8.422727292881255,33,0.00322265625
1111000111,6255,"[1, 0, 3, 2]",465,103.14464569091797,True,8.422727292881255,33,0.00322265625
1111000111,6256,"[1, 0, 3, 2]",465,103.16610336303711,False,8.422727292881255,33,0.00322265625
1111000111,6257,"[1, 0, 3, 2]",465,103.18136215209961,True,8.422727292881255,33,0.00322265625
1111000111,6258,"[1, 0, 3, 2]",465,103.20186614990234,False,8.422727292881255,33,0.00322265625
1111000111,6259,"[1, 0, 3, 2]",465,103.21664810180664,True,8.422727292881255,33,0.00322265625
1111000111,6260,"[1, 0, 3, 2]",465,103.23667526245117,False,8.422727292881255,33,0.00322265625
1111000111,6261,"[1, 0, 3, 2]",465,103.25145721435547,True,8.422727292881255,33,0.00322265625
1111000111,6262,"[1, 0, 3, 2]",465,103.271484375,False,8.422727292881255,33,0.00322265625
1111000111,6263,"[1, 0, 3, 2]",465,103.2860279083252,True,8.422727292881255,33,0.00322265625
1111000111,6264,"[1, 0, 3, 2]",465,103.30605506896973,False,8.422727292881255,33,0.00322265625
1111000111,6265,"[1, 0, 3, 2]",465,103.32059860229492,True,8.422727292881255,33,0.00322265625
1111000111,6266,"[1, 0, 3, 2]",465,103.34038734436035,False,8.422727292881255,33,0.00322265625
1111000111,6267,"[1, 0, 3, 2]",465,103.35516929626465,True,8.422727292881255,33,0.00322265625
1111000111,6268,"[1, 0, 3, 2]",465,103.37495803833008,False,8.422727292881255,33,0.00322265625
1111000111,6269,"[1, 0, 3, 2]",465,103.38973999023438,True,8.422727292881255,33,0.00322265625
1111000111,6270,"[1, 0, 3, 2]",465,103.4097671508789,False,8.422727292881255,33,0.00322265625
1111000111,6271,"[1, 0, 3, 2]",465,103.4245491027832,True,8.422727292881255,33,0.00322265625
1111000111,6272,"[1, 0, 3, 2]",465,103.44457626342773,False,8.422727292881255,33,0.00322265625
1111000111,6273,"[1, 0, 3, 2]",465,103.45935821533203,True,8.422727292881255,33,0.00322265625
1111000111,6274,"[1, 0, 3, 2]",465,103.47938537597656,False,8.422727292881255,33,0.00322265625
1111000111,6275,"[1, 0, 3, 2]",465,103.49416732788086,True,8.422727292881255,33,0.00322265625
1111000111,6276,"[1, 0, 3, 2]",465,103.51419448852539,False,8.422727292881255,33,0.00322265625
1111000111,6277,"[1, 0, 3, 2]",465,103.5306453704834,True,8.422727292881255,33,0.00322265625
1111000111,6278,"[1, 0, 3, 2]",465,103.55138778686523,False,8.422727292881255,33,0.00322265625
1111000111,6279,"[1, 0, 3, 2]",465,103.56640815734863,True,8.422727292881255,33,0.00322265625
1111000111,6280,"[1, 0, 3, 2]",465,103.58619689941406,False,8.422727292881255,33,0.00322265625
1111000111,6281,"[1, 0, 3, 2]",465,103.60097885131836,True,8.422727292881255,33,0.00322265625
1111000111,6282,"[1, 0, 3, 2]",465,103.62076759338379,False,8.422727292881255,33,0.00322265625
1111000111,6283,"[1, 0, 3, 2]",465,103.63554954528809,True,8.422727292881255,33,0.00322265625
1111000111,6284,"[1, 0, 3, 2]",465,103.65557670593262,False,8.422727292881255,33,0.00322265625
1111000111,6285,"[1, 0, 3, 2]",465,103.67059707641602,True,8.422727292881255,33,0.00322265625
1111000111,6286,"[1, 0, 3, 2]",465,103.69253158569336,False,8.422727292881255,33,0.00322265625
1111000111,6287,"[1, 0, 3, 2]",465,103.70802879333496,True,8.422727292881255,33,0.00322265625
1111000111,6288,"[1, 0, 3, 2]",465,103.7285327911377,False,8.422727292881255,33,0.00322265625
1111000111,6289,"[1, 0, 3, 2]",465,103.7435531616211,True,8.422727292881255,33,0.00322265625
1111000111,6290,"[1, 0, 3, 2]",465,103.76358032226562,False,8.422727292881255,33,0.00322265625
1111000111,6291,"[1, 0, 3, 2]",465,103.77883911132812,True,8.422727292881255,33,0.00322265625
1111000111,6292,"[1, 0, 3, 2]",465,103.79862785339355,False,8.422727292881255,33,0.00322265625
1111000111,6293,"[1, 0, 3, 2]",465,103.81364822387695,True,8.422727292881255,33,0.00322265625
1111000111,6294,"[1, 0, 3, 2]",465,103.83343696594238,False,8.422727292881255,33,0.00322265625
1111000111,6295,"[1, 0, 3, 2]",465,103.84821891784668,True,8.422727292881255,33,0.00322265625
1111000111,6296,"[1, 0, 3, 2]",465,103.86800765991211,False,8.422727292881255,33,0.00322265625
1111000111,6297,"[1, 0, 3, 2]",465,103.8827896118164,True,8.422727292881255,33,0.00322265625
1111000111,6298,"[1, 0, 3, 2]",465,103.90424728393555,False,8.422727292881255,33,0.00322265625
1111000111,6299,"[1, 0, 3, 2]",465,103.91974449157715,True,8.422727292881255,33,0.00322265625
1111000111,6300,"[1, 0, 3, 2]",465,103.93977165222168,False,8.422727292881255,33,0.00322265625
1111000111,6301,"[1, 0, 3, 2]",465,103.95479202270508,True,8.422727292881255,33,0.00322265625
1111000111,6302,"[1, 0, 3, 2]",465,103.98387908935547,False,8.422727292881255,33,0.00322265625
1111000111,6303,"[1, 0, 3, 2]",465,103.99746894836426,True,8.422727292881255,33,0.00322265625
1111000111,6304,"[1, 0, 3, 2]",465,104.01463508605957,False,8.422727292881255,33,0.00322265625
1111000111,6305,"[1, 0, 3, 2]",465,104.02774810791016,True,8.422727292881255,33,0.00322265625
1111000111,6306,"[1, 0, 3, 2]",465,104.04491424560547,False,8.422727292881255,33,0.00322265625
1111000111,6307,"[1, 0, 3, 2]",465,104.05755043029785,True,8.422727292881255,33,0.00322265625
1111000111,6308,"[1, 0, 3, 2]",465,104.07471656799316,False,8.422727292881255,33,0.00322265625
1111000111,6309,"[1, 0, 3, 2]",465,104.08759117126465,True,8.422727292881255,33,0.00322265625
1111000111,6310,"[1, 0, 3, 2]",465,104.10475730895996,False,8.422727292881255,33,0.00322265625
1111000111,6311,"[1, 0, 3, 2]",465,104.11787033081055,True,8.422727292881255,33,0.00322265625
1100101110,6312,"[3, 0, 2, 1]",6300,104.15124893188477,False,21.85425408059212,33,0.00322265625
1100101110,6313,"[3, 0, 1, 2]",750,104.16531562805176,True,21.85425408059212,33,0.00322265625
1100101110,6314,"[3, 0, 2, 1]",6300,104.18391227722168,False,21.85425408059212,33,0.00322265625
1100101110,6315,"[3, 0, 1, 2]",750,104.19774055480957,True,21.85425408059212,33,0.00322265625
1100101110,6316,"[3, 0, 2, 1]",6300,104.21586036682129,False,21.85425408059212,33,0.00322265625
1100101110,6317,"[3, 0, 1, 2]",750,104.22968864440918,True,21.85425408059212,33,0.00322265625
1100101110,6318,"[3, 0, 2, 1]",6300,104.248046875,False,21.85425408059212,33,0.00322265625
1100101110,6319,"[3, 0, 1, 2]",750,104.2635440826416,True,21.85425408059212,33,0.00322265625
1100101110,6320,"[3, 0, 2, 1]",6300,104.28237915039062,False,21.85425408059212,33,0.00322265625
1100101110,6321,"[3, 0, 1, 2]",750,104.29620742797852,True,21.85425408059212,33,0.00322265625
1100101110,6322,"[3, 0, 2, 1]",6300,104.31432723999023,False,21.85425408059212,33,0.00322265625
1100101110,6323,"[3, 0, 1, 2]",750,104.32839393615723,True,21.85425408059212,33,0.00322265625
1100101110,6324,"[3, 0, 2, 1]",6300,104.34675216674805,False,21.85425408059212,33,0.00322265625
1100101110,6325,"[3, 0, 1, 2]",750,104.36058044433594,True,21.85425408059212,33,0.00322265625
1100101110,6326,"[3, 0, 2, 1]",6300,104.37870025634766,False,21.85425408059212,33,0.00322265625
1100101110,6327,"[3, 0, 1, 2]",750,104.39229011535645,True,21.85425408059212,33,0.00322265625
1100101110,6328,"[3, 0, 2, 1]",6300,104.41017150878906,False,21.85425408059212,33,0.00322265625
1100101110,6329,"[3, 0, 1, 2]",750,104.42399978637695,True,21.85425408059212,33,0.00322265625
1100101110,6330,"[3, 0, 2, 1]",6300,104.44211959838867,False,21.85425408059212,33,0.00322265625
1100101110,6331,"[3, 0, 1, 2]",750,104.45570945739746,True,21.85425408059212,33,0.00322265625
1100101110,6332,"[3, 0, 2, 1]",6300,104.47359085083008,False,21.85425408059212,33,0.00322265625
1100101110,6333,"[3, 0, 1, 2]",750,104.48718070983887,True,21.85425408059212,33,0.00322265625
1100101110,6334,"[3, 0, 2, 1]",6300,104.50506210327148,False,21.85425408059212,33,0.00322265625
1100101110,6335,"[3, 0, 1, 2]",750,104.51865196228027,True,21.85425408059212,33,0.00322265625
1100101110,6336,"[3, 0, 2, 1]",6300,104.5386791229248,False,21.85425408059212,33,0.00322265625
1100101110,6337,"[3, 0, 1, 2]",750,104.5527458190918,True,21.85425408059212,33,0.00322265625
1100101110,6338,"[3, 0, 2, 1]",6300,104.57158088684082,False,21.85425408059212,33,0.00322265625
1100101110,6339,"[3, 0, 1, 2]",750,104.58540916442871,True,21.85425408059212,33,0.00322265625
1100101110,6340,"[3, 0, 2, 1]",6300,104.60495948791504,False,21.85425408059212,33,0.00322265625
1100101110,6341,"[3, 0, 1, 2]",750,104.61926460266113,True,21.85425408059212,33,0.00322265625
1100101110,6342,"[3, 0, 2, 1]",6300,104.63762283325195,False,21.85425408059212,33,0.00322265625
1100101110,6343,"[3, 0, 1, 2]",750,104.6745777130127,True,21.85425408059212,33,0.00322265625
1100101110,6344,"[3, 0, 2, 1]",6300,104.69388961791992,False,21.85425408059212,33,0.00322265625
1100101110,6345,"[3, 0, 1, 2]",750,104.70771789550781,True,21.85425408059212,33,0.00322265625
1100101110,6346,"[3, 0, 2, 1]",6300,104.72607612609863,False,21.85425408059212,33,0.00322265625
1100101110,6347,"[3, 0, 1, 2]",750,104.74014282226562,True,21.85425408059212,33,0.00322265625
1100101110,6348,"[3, 0, 2, 1]",6300,104.75826263427734,False,21.85425408059212,33,0.00322265625
1100101110,6349,"[3, 0, 1, 2]",750,104.77209091186523,True,21.85425408059212,33,0.00322265625
1100101110,6350,"[3, 0, 2, 1]",6300,104.79021072387695,False,21.85425408059212,33,0.00322265625
1100101110,6351,"[3, 0, 1, 2]",750,104.80403900146484,True,21.85425408059212,33,0.00322265625
1100101110,6352,"[3, 0, 2, 1]",6300,104.82215881347656,False,21.85425408059212,33,0.00322265625
1100101110,6353,"[3, 0, 1, 2]",750,104.83551025390625,True,21.85425408059212,33,0.00322265625
1100101110,6354,"[3, 0, 2, 1]",6300,104.85386848449707,False,21.85425408059212,33,0.00322265625
1100101110,6355,"[3, 0, 1, 2]",750,104.86769676208496,True,21.85425408059212,33,0.00322265625
1100101110,6356,"[3, 0, 2, 1]",6300,104.88557815551758,False,21.85425408059212,33,0.00322265625
1100101110,6357,"[3, 0, 1, 2]",750,104.89940643310547,True,21.85425408059212,33,0.00322265625
1100101110,6358,"[3, 0, 2, 1]",6300,104.91752624511719,False,21.85425408059212,33,0.00322265625
1100101110,6359,"[3, 0, 1, 2]",750,104.93326187133789,True,21.85425408059212,33,0.00322265625
1100101110,6360,"[3, 0, 2, 1]",6300,104.95162010192871,False,21.85425408059212,33,0.00322265625
1100101110,6361,"[3, 0, 1, 2]",750,104.9659252166748,True,21.85425408059212,33,0.00322265625
1100101110,6362,"[3, 0, 2, 1]",6300,104.98642921447754,False,21.85425408059212,33,0.00322265625
1100101110,6363,"[3, 0, 1, 2]",750,105.0105094909668,True,21.85425408059212,33,0.00322265625
1100101110,6364,"[3, 0, 2, 1]",6300,105.02791404724121,False,21.85425408059212,33,0.00322265625
1100101110,6365,"[3, 0, 1, 2]",750,105.0407886505127,True,21.85425408059212,33,0.00322265625
1100101110,6366,"[3, 0, 2, 1]",6300,105.0577163696289,False,21.85425408059212,33,0.00322265625
1100101110,6367,"[3, 0, 1, 2]",750,105.07059097290039,True,21.85425408059212,33,0.00322265625
1100101110,6368,"[3, 0, 2, 1]",6300,105.0877571105957,False,21.85425408059212,33,0.00322265625
1100101110,6369,"[3, 0, 1, 2]",750,105.10063171386719,True,21.85425408059212,33,0.00322265625
1100101110,6370,"[3, 0, 2, 1]",6300,105.1177978515625,False,21.85425408059212,33,0.00322265625
1100101110,6371,"[3, 0, 1, 2]",750,105.13043403625488,True,21.85425408059212,33,0.00322265625
1100101110,6372,"[3, 0, 2, 1]",6300,105.1478385925293,False,21.85425408059212,33,0.00322265625
1100101110,6373,"[3, 0, 1, 2]",750,105.16071319580078,True,21.85425408059212,33,0.00322265625
1100101110,6374,"[3, 0, 2, 1]",6300,105.1781177520752,False,21.85425408059212,33,0.00322265625
1100101110,6375,"[3, 0, 1, 2]",750,105.19099235534668,True,21.85425408059212,33,0.00322265625
1100101110,6376,"[3, 0, 2, 1]",6300,105.20815849304199,False,21.85425408059212,33,0.00322265625
1100101110,6377,"[3, 0, 1, 2]",750,105.22150993347168,True,21.85425408059212,33,0.00322265625
0100111010,6378,"[2, 3, 0, 1]",6600,105.2389144897461,False,16.456560910186298,33,0.00322265625
0100111010,6379,"[2, 3, 0, 1]",6600,105.25250434875488,True,16.456560910186298,33,0.00322265625
0100111010,6380,"[2, 3, 0, 1]",6600,105.2694320678711,False,16.456560910186298,33,0.00322265625
0100111010,6381,"[2, 3, 0, 1]",6600,105.28254508972168,True,16.456560910186298,33,0.00322265625
0100111010,6382,"[2, 3, 0, 1]",6600,105.3013801574707,False,16.456560910186298,33,0.00322265625
0100111010,6383,"[2, 3, 0, 1]",6600,105.31425476074219,True,16.456560910186298,33,0.00322265625
0100111010,6384,"[2, 3, 0, 1]",6600,105.3316593170166,False,16.456560910186298,33,0.00322265625
0100111010,6385,"[2, 3, 0, 1]",6600,105.34477233886719,True,16.456560910186298,33,0.00322265625
0100111010,6386,"[2, 3, 0, 1]",6600,105.3621768951416,False,16.456560910186298,33,0.00322265625
0100111010,6387,"[2, 3, 0, 1]",6600,105.3762435913086,True,16.456560910186298,33,0.00322265625
0100111010,6388,"[2, 3, 0, 1]",6600,105.39412498474121,False,16.456560910186298,33,0.00322265625
0100111010,6389,"[2, 3, 0, 1]",6600,105.4069995880127,True,16.456560910186298,33,0.00322265625
0100111010,6390,"[2, 3, 0, 1]",6600,105.42440414428711,False,16.456560910186298,33,0.00322265625
0100111010,6391,"[2, 3, 0, 1]",6600,105.43704032897949,True,16.456560910186298,33,0.00322265625
0100111010,6392,"[2, 3, 0, 1]",6600,105.4542064666748,False,16.456560910186298,33,0.00322265625
0100111010,6393,"[2, 3, 0, 1]",6600,105.46684265136719,True,16.456560910186298,33,0.00322265625
0100111010,6394,"[2, 3, 0, 1]",6600,105.48710823059082,False,16.456560910186298,33,0.00322265625
0100111010,6395,"[2, 3, 0, 1]",6600,105.5002212524414,True,16.456560910186298,33,0.00322265625
0100111010,6396,"[2, 3, 0, 1]",6600,105.51810264587402,False,16.456560910186298,33,0.00322265625
0100111010,6397,"[2, 3, 0, 1]",6600,105.53121566772461,True,16.456560910186298,33,0.00322265625
0100111010,6398,"[2, 3, 0, 1]",6600,105.54862022399902,False,16.456560910186298,33,0.00322265625
0100111010,6399,"[2, 3, 0, 1]",6600,105.56149482727051,True,16.456560910186298,33,0.00322265625
0100111010,6400,"[2, 3, 0, 1]",6600,105.57842254638672,False,16.456560910186298,33,0.00322265625
0100111010,6401,"[2, 3, 0, 1]",6600,105.5915355682373,True,16.456560910186298,33,0.00322265625
0100111010,6402,"[2, 3, 0, 1]",6600,105.60846328735352,False,16.456560910186298,33,0.00322265625
0100111010,6403,"[2, 3, 0, 1]",6600,105.62396049499512,True,16.456560910186298,33,0.00322265625
0100111010,6404,"[2, 3, 0, 1]",6600,105.64184188842773,False,16.456560910186298,33,0.00322265625
0100111010,6405,"[2, 3, 0, 1]",6600,105.65447807312012,True,16.456560910186298,33,0.00322265625
0100111010,6406,"[2, 3, 0, 1]",6600,105.67164421081543,False,16.456560910186298,33,0.00322265625
0100111010,6407,"[2, 3, 0, 1]",6600,105.68428039550781,True,16.456560910186298,33,0.00322265625
0100111010,6408,"[2, 3, 0, 1]",6600,105.70144653320312,False,16.456560910186298,33,0.00322265625
0100111010,6409,"[2, 3, 0, 1]",6600,105.71432113647461,True,16.456560910186298,33,0.00322265625
0100111010,6410,"[2, 3, 0, 1]",6600,105.73172569274902,False,16.456560910186298,33,0.00322265625
0100111010,6411,"[2, 3, 0, 1]",6600,105.7441234588623,True,16.456560910186298,33,0.00322265625
0100111010,6412,"[2, 3, 0, 1]",6600,105.76128959655762,False,16.456560910186298,33,0.00322265625
0100111010,6413,"[2, 3, 0, 1]",6600,105.77392578125,True,16.456560910186298,33,0.00322265625
0100111010,6414,"[2, 3, 0, 1]",6600,105.79109191894531,False,16.456560910186298,33,0.00322265625
0100111010,6415,"[2, 3, 0, 1]",6600,105.8034896850586,True,16.456560910186298,33,0.00322265625
0100111010,6416,"[2, 3, 0, 1]",6600,105.8206558227539,False,16.456560910186298,33,0.00322265625
0100111010,6417,"[2, 3, 0, 1]",6600,105.83353042602539,True,16.456560910186298,33,0.00322265625
0100111010,6418,"[2, 3, 0, 1]",6600,105.8504581451416,False,16.456560910186298,33,0.00322265625
0100111010,6419,"[2, 3, 0, 1]",6600,105.86357116699219,True,16.456560910186298,33,0.00322265625
0100111010,6420,"[2, 3, 0, 1]",6600,105.8802604675293,False,16.456560910186298,33,0.00322265625
0100111010,6421,"[2, 3, 0, 1]",6600,105.89361190795898,True,16.456560910186298,33,0.00322265625
0100111010,6422,"[2, 3, 0, 1]",6600,105.9105396270752,False,16.456560910186298,33,0.00322265625
0100111010,6423,"[2, 3, 0, 1]",6600,105.92365264892578,True,16.456560910186298,33,0.00322265625
0100111010,6424,"[2, 3, 0, 1]",6600,105.9420108795166,False,16.456560910186298,33,0.00322265625
0100111010,6425,"[2, 3, 0, 1]",6600,105.95512390136719,True,16.456560910186298,33,0.00322265625
0100111010,6426,"[2, 3, 0, 1]",6600,105.9725284576416,False,16.456560910186298,33,0.00322265625
0100111010,6427,"[2, 3, 0, 1]",6600,105.98540306091309,True,16.456560910186298,33,0.00322265625
0100111010,6428,"[2, 3, 0, 1]",6600,106.0023307800293,False,16.456560910186298,33,0.00322265625
0100111010,6429,"[2, 3, 0, 1]",6600,106.01472854614258,True,16.456560910186298,33,0.00322265625
0100111010,6430,"[2, 3, 0, 1]",6600,106.03213310241699,False,16.456560910186298,33,0.00322265625
0100111010,6431,"[2, 3, 0, 1]",6600,106.04476928710938,True,16.456560910186298,33,0.00322265625
0100111010,6432,"[2, 3, 0, 1]",6600,106.06193542480469,False,16.456560910186298,33,0.00322265625
0100111010,6433,"[2, 3, 0, 1]",6600,106.07457160949707,True,16.456560910186298,33,0.00322265625
0100111010,6434,"[2, 3, 0, 1]",6600,106.09149932861328,False,16.456560910186298,33,0.00322265625
0100111010,6435,"[2, 3, 0, 1]",6600,106.10437393188477,True,16.456560910186298,33,0.00322265625
0100111010,6436,"[2, 3, 0, 1]",6600,106.12130165100098,False,16.456560910186298,33,0.00322265625
0100111010,6437,"[2, 3, 0, 1]",6600,106.13536834716797,True,16.456560910186298,33,0.00322265625
0100111010,6438,"[2, 3, 0, 1]",6600,106.15348815917969,False,16.456560910186298,33,0.00322265625
0100111010,6439,"[2, 3, 0, 1]",6600,106.16660118103027,True,16.456560910186298,33,0.00322265625
0100111010,6440,"[2, 3, 0, 1]",6600,106.18424415588379,False,16.456560910186298,33,0.00322265625
0100111010,6441,"[2, 3, 0, 1]",6600,106.19711875915527,True,16.456560910186298,33,0.00322265625
0100111010,6442,"[2, 3, 0, 1]",6600,106.21452331542969,False,16.456560910186298,33,0.00322265625
0100111010,6443,"[2, 3, 0, 1]",6600,106.22739791870117,True,16.456560910186298,33,0.00322265625
0010110110,6444,"[2, 1, 3, 0]",9300,106.24480247497559,False,15.900011571152795,33,0.00322265625
0010110110,6445,"[2, 1, 0, 3]",600,106.26006126403809,True,15.900011571152795,33,0.00322265625
0010110110,6446,"[2, 1, 3, 0]",9300,106.2784194946289,False,15.900011571152795,33,0.00322265625
0010110110,6447,"[2, 1, 0, 3]",600,106.2917709350586,True,15.900011571152795,33,0.00322265625
0010110110,6448,"[2, 1, 3, 0]",9300,106.30917549133301,False,15.900011571152795,33,0.00322265625
0010110110,6449,"[2, 1, 0, 3]",600,106.3227653503418,True,15.900011571152795,33,0.00322265625
0010110110,6450,"[2, 1, 3, 0]",9300,106.34016990661621,False,15.900011571152795,33,0.00322265625
0010110110,6451,"[2, 1, 0, 3]",600,106.3532829284668,True,15.900011571152795,33,0.00322265625
0010110110,6452,"[2, 1, 3, 0]",9300,106.37068748474121,False,15.900011571152795,33,0.00322265625
0010110110,6453,"[2, 1, 0, 3]",600,106.3835620880127,True,15.900011571152795,33,0.00322265625
0010110110,6454,"[2, 1, 3, 0]",9300,106.40096664428711,False,15.900011571152795,33,0.00322265625
0010110110,6455,"[2, 1, 0, 3]",600,106.4140796661377,True,15.900011571152795,33,0.00322265625
0010110110,6456,"[2, 1, 3, 0]",9300,106.43172264099121,False,15.900011571152795,33,0.00322265625
0010110110,6457,"[2, 1, 0, 3]",600,106.4448356628418,True,15.900011571152795,33,0.00322265625
0010110110,6458,"[2, 1, 3, 0]",9300,106.46247863769531,False,15.900011571152795,33,0.00322265625
0010110110,6459,"[2, 1, 0, 3]",600,106.4755916595459,True,15.900011571152795,33,0.00322265625
0010110110,6460,"[2, 1, 3, 0]",9300,106.49299621582031,False,15.900011571152795,33,0.00322265625
0010110110,6461,"[2, 1, 0, 3]",600,106.5061092376709,True,15.900011571152795,33,0.00322265625
0010110110,6462,"[2, 1, 3, 0]",9300,106.52351379394531,False,15.900011571152795,33,0.00322265625
0010110110,6463,"[2, 1, 0, 3]",600,106.5361499786377,True,15.900011571152795,33,0.00322265625
0010110110,6464,"[2, 1, 3, 0]",9300,106.55331611633301,False,15.900011571152795,33,0.00322265625
0010110110,6465,"[2, 1, 0, 3]",600,106.5664291381836,True,15.900011571152795,33,0.00322265625
0010110110,6466,"[2, 1, 3, 0]",9300,106.58478736877441,False,15.900011571152795,33,0.00322265625
0010110110,6467,"[2, 1, 0, 3]",600,106.5981388092041,True,15.900011571152795,33,0.00322265625
0010110110,6468,"[2, 1, 3, 0]",9300,106.61578178405762,False,15.900011571152795,33,0.00322265625
0010110110,6469,"[2, 1, 0, 3]",600,106.6291332244873,True,15.900011571152795,33,0.00322265625
0010110110,6470,"[2, 1, 3, 0]",9300,106.64653778076172,False,15.900011571152795,33,0.00322265625
0010110110,6471,"[2, 1, 0, 3]",600,106.66012763977051,True,15.900011571152795,33,0.00322265625
0010110110,6472,"[2, 1, 3, 0]",9300,106.67753219604492,False,15.900011571152795,33,0.00322265625
0010110110,6473,"[2, 1, 0, 3]",600,106.69112205505371,True,15.900011571152795,33,0.00322265625
0010110110,6474,"[2, 1, 3, 0]",9300,106.70852661132812,False,15.900011571152795,33,0.00322265625
0010110110,6475,"[2, 1, 0, 3]",600,106.72187805175781,True,15.900011571152795,33,0.00322265625
0010110110,6476,"[2, 1, 3, 0]",9300,106.73928260803223,False,15.900011571152795,33,0.00322265625
0010110110,6477,"[2, 1, 0, 3]",600,106.75263404846191,True,15.900011571152795,33,0.00322265625
0010110110,6478,"[2, 1, 3, 0]",9300,106.77003860473633,False,15.900011571152795,33,0.00322265625
0010110110,6479,"[2, 1, 0, 3]",600,106.78339004516602,True,15.900011571152795,33,0.00322265625
0010110110,6480,"[2, 1, 3, 0]",9300,106.80079460144043,False,15.900011571152795,33,0.00322265625
0010110110,6481,"[2, 1, 0, 3]",600,106.81343078613281,True,15.900011571152795,33,0.00322265625
0010110110,6482,"[2, 1, 3, 0]",9300,106.83107376098633,False,15.900011571152795,33,0.00322265625
0010110110,6483,"[2, 1, 0, 3]",600,106.84418678283691,True,15.900011571152795,33,0.00322265625
0010110110,6484,"[2, 1, 3, 0]",9300,106.86182975769043,False,15.900011571152795,33,0.00322265625
0010110110,6485,"[2, 1, 0, 3]",600,106.87494277954102,True,15.900011571152795,33,0.00322265625
0010110110,6486,"[2, 1, 3, 0]",9300,106.89258575439453,False,15.900011571152795,33,0.00322265625
0010110110,6487,"[2, 1, 0, 3]",600,106.90689086914062,True,15.900011571152795,33,0.00322265625
0010110110,6488,"[2, 1, 3, 0]",9300,106.92644119262695,False,15.900011571152795,33,0.00322265625
0010110110,6489,"[2, 1, 0, 3]",600,106.94003105163574,True,15.900011571152795,33,0.00322265625
0010110110,6490,"[2, 1, 3, 0]",9300,106.95767402648926,False,15.900011571152795,33,0.00322265625
0010110110,6491,"[2, 1, 0, 3]",600,106.97031021118164,True,15.900011571152795,33,0.00322265625
0010110110,6492,"[2, 1, 3, 0]",9300,106.98771476745605,False,15.900011571152795,33,0.00322265625
0010110110,6493,"[2, 1, 0, 3]",600,107.00082778930664,True,15.900011571152795,33,0.00322265625
0010110110,6494,"[2, 1, 3, 0]",9300,107.01799392700195,False,15.900011571152795,33,0.00322265625
0010110110,6495,"[2, 1, 0, 3]",600,107.03110694885254,True,15.900011571152795,33,0.00322265625
0010110110,6496,"[2, 1, 3, 0]",9300,107.04851150512695,False,15.900011571152795,33,0.00322265625
0010110110,6497,"[2, 1, 0, 3]",600,107.06162452697754,True,15.900011571152795,33,0.00322265625
0010110110,6498,"[2, 1, 3, 0]",9300,107.07902908325195,False,15.900011571152795,33,0.00322265625
0010110110,6499,"[2, 1, 0, 3]",600,107.09238052368164,True,15.900011571152795,33,0.00322265625
0010110110,6500,"[2, 1, 3, 0]",9300,107.10978507995605,False,15.900011571152795,33,0.00322265625
0010110110,6501,"[2, 1, 0, 3]",600,107.12265968322754,True,15.900011571152795,33,0.00322265625
0010110110,6502,"[2, 1, 3, 0]",9300,107.13982582092285,False,15.900011571152795,33,0.00322265625
0010110110,6503,"[2, 1, 0, 3]",600,107.15317726135254,True,15.900011571152795,33,0.00322265625
0010110110,6504,"[2, 1, 3, 0]",9300,107.17034339904785,False,15.900011571152795,33,0.00322265625
0010110110,6505,"[2, 1, 0, 3]",600,107.18369483947754,True,15.900011571152795,33,0.00322265625
0010110110,6506,"[2, 1, 3, 0]",9300,107.21683502197266,False,15.900011571152795,33,0.00322265625
0010110110,6507,"[2, 1, 0, 3]",600,107.23090171813965,True,15.900011571152795,33,0.00322265625
0010110110,6508,"[2, 1, 3, 0]",9300,107.25021362304688,False,15.900011571152795,33,0.00322265625
0010110110,6509,"[2, 1, 0, 3]",600,107.26428031921387,True,15.900011571152795,33,0.00322265625
0111010111,6510,"[1, 3, 2, 0]",9450,107.28263854980469,False,21.66704195497283,33,0.00322265625
0111010111,6511,"[1, 0, 3, 2]",465,107.29670524597168,True,21.66704195497283,33,0.00322265625
0111010111,6512,"[1, 3, 2, 0]",9450,107.3150634765625,False,21.66704195497283,33,0.00322265625
0111010111,6513,"[1, 0, 3, 2]",465,107.32889175415039,True,21.66704195497283,33,0.00322265625
0111010111,6514,"[1, 3, 2, 0]",9450,107.34701156616211,False,21.66704195497283,33,0.00322265625
0111010111,6515,"[1, 0, 3, 2]",465,107.36083984375,True,21.66704195497283,33,0.00322265625
0111010111,6516,"[1, 3, 2, 0]",9450,107.37872123718262,False,21.66704195497283,33,0.00322265625
0111010111,6517,"[1, 0, 3, 2]",465,107.3923110961914,True,21.66704195497283,33,0.00322265625
0111010111,6518,"[1, 3, 2, 0]",9450,107.41066932678223,False,21.66704195497283,33,0.00322265625
0111010111,6519,"[1, 0, 3, 2]",465,107.42425918579102,True,21.66704195497283,33,0.00322265625
0111010111,6520,"[1, 3, 2, 0]",9450,107.44214057922363,False,21.66704195497283,33,0.00322265625
0111010111,6521,"[1, 0, 3, 2]",465,107.45596885681152,True,21.66704195497283,33,0.00322265625
0111010111,6522,"[1, 3, 2, 0]",9450,107.47385025024414,False,21.66704195497283,33,0.00322265625
0111010111,6523,"[1, 0, 3, 2]",465,107.48767852783203,True,21.66704195497283,33,0.00322265625
0111010111,6524,"[1, 3, 2, 0]",9450,107.50603675842285,False,21.66704195497283,33,0.00322265625
0111010111,6525,"[1, 0, 3, 2]",465,107.52010345458984,True,21.66704195497283,33,0.00322265625
0111010111,6526,"[1, 3, 2, 0]",9450,107.53822326660156,False,21.66704195497283,33,0.00322265625
0111010111,6527,"[1, 0, 3, 2]",465,107.55419731140137,True,21.66704195497283,33,0.00322265625
0111010111,6528,"[1, 3, 2, 0]",9450,107.57255554199219,False,21.66704195497283,33,0.00322265625
0111010111,6529,"[1, 0, 3, 2]",465,107.58733749389648,True,21.66704195497283,33,0.00322265625
0111010111,6530,"[1, 3, 2, 0]",9450,107.60712623596191,False,21.66704195497283,33,0.00322265625
0111010111,6531,"[1, 0, 3, 2]",465,107.62166976928711,True,21.66704195497283,33,0.00322265625
0111010111,6532,"[1, 3, 2, 0]",9450,107.63955116271973,False,21.66704195497283,33,0.00322265625
0111010111,6533,"[1, 0, 3, 2]",465,107.65337944030762,True,21.66704195497283,33,0.00322265625
0111010111,6534,"[1, 3, 2, 0]",9450,107.67126083374023,False,21.66704195497283,33,0.00322265625
0111010111,6535,"[1, 0, 3, 2]",465,107.68508911132812,True,21.66704195497283,33,0.00322265625
0111010111,6536,"[1, 3, 2, 0]",9450,107.70344734191895,False,21.66704195497283,33,0.00322265625
0111010111,6537,"[1, 0, 3, 2]",465,107.71656036376953,True,21.66704195497283,33,0.00322265625
0111010111,6538,"[1, 3, 2, 0]",9450,107.73658752441406,False,21.66704195497283,33,0.00322265625
0111010111,6539,"[1, 0, 3, 2]",465,107.75065422058105,True,21.66704195497283,33,0.00322265625
0111010111,6540,"[1, 3, 2, 0]",9450,107.76901245117188,False,21.66704195497283,33,0.00322265625
0111010111,6541,"[1, 0, 3, 2]",465,107.78284072875977,True,21.66704195497283,33,0.00322265625
0111010111,6542,"[1, 3, 2, 0]",9450,107.80119895935059,False,21.66704195497283,33,0.00322265625
0111010111,6543,"[1, 0, 3, 2]",465,107.81502723693848,True,21.66704195497283,33,0.00322265625
0111010111,6544,"[1, 3, 2, 0]",9450,107.8331470489502,False,21.66704195497283,33,0.00322265625
0111010111,6545,"[1, 0, 3, 2]",465,107.84673690795898,True,21.66704195497283,33,0.00322265625
0111010111,6546,"[1, 3, 2, 0]",9450,107.8646183013916,False,21.66704195497283,33,0.00322265625
0111010111,6547,"[1, 0, 3, 2]",465,107.88869857788086,True,21.66704195497283,33,0.00322265625
0111010111,6548,"[1, 3, 2, 0]",9450,107.90610313415527,False,21.66704195497283,33,0.00322265625
0111010111,6549,"[1, 0, 3, 2]",465,107.91921615600586,True,21.66704195497283,33,0.00322265625
0111010111,6550,"[1, 3, 2, 0]",9450,107.93805122375488,False,21.66704195497283,33,0.00322265625
0111010111,6551,"[1, 0, 3, 2]",465,107.95140266418457,True,21.66704195497283,33,0.00322265625
0111010111,6552,"[1, 3, 2, 0]",9450,107.96904563903809,False,21.66704195497283,33,0.00322265625
0111010111,6553,"[1, 0, 3, 2]",465,107.98239707946777,True,21.66704195497283,33,0.00322265625
0111010111,6554,"[1, 3, 2, 0]",9450,107.99980163574219,False,21.66704195497283,33,0.00322265625
0111010111,6555,"[1, 0, 3, 2]",465,108.01315307617188,True,21.66704195497283,33,0.00322265625
0111010111,6556,"[1, 3, 2, 0]",9450,108.03031921386719,False,21.66704195497283,33,0.00322265625
0111010111,6557,"[1, 0, 3, 2]",465,108.04319381713867,True,21.66704195497283,33,0.00322265625
0111010111,6558,"[1, 3, 2, 0]",9450,108.06035995483398,False,21.66704195497283,33,0.00322265625
0111010111,6559,"[1, 0, 3, 2]",465,108.07371139526367,True,21.66704195497283,33,0.00322265625
0111010111,6560,"[1, 3, 2, 0]",9450,108.09087753295898,False,21.66704195497283,33,0.00322265625
0111010111,6561,"[1, 0, 3, 2]",465,108.10422897338867,True,21.66704195497283,33,0.00322265625
0111010111,6562,"[1, 3, 2, 0]",9450,108.12139511108398,False,21.66704195497283,33,0.00322265625
0111010111,6563,"[1, 0, 3, 2]",465,108.13474655151367,True,21.66704195497283,33,0.00322265625
0111010111,6564,"[1, 3, 2, 0]",9450,108.15191268920898,False,21.66704195497283,33,0.00322265625
0111010111,6565,"[1, 0, 3, 2]",465,108.16526412963867,True,21.66704195497283,33,0.00322265625
0111010111,6566,"[1, 3, 2, 0]",9450,108.18243026733398,False,21.66704195497283,33,0.00322265625
0111010111,6567,"[1, 0, 3, 2]",465,108.19554328918457,True,21.66704195497283,33,0.00322265625
0111010111,6568,"[1, 3, 2, 0]",9450,108.21270942687988,False,21.66704195497283,33,0.00322265625
0111010111,6569,"[1, 0, 3, 2]",465,108.22558403015137,True,21.66704195497283,33,0.00322265625
0111010111,6570,"[1, 3, 2, 0]",9450,108.24275016784668,False,21.66704195497283,33,0.00322265625
0111010111,6571,"[1, 0, 3, 2]",465,108.25705528259277,True,21.66704195497283,33,0.00322265625
0111010111,6572,"[1, 3, 2, 0]",9450,108.27517509460449,False,21.66704195497283,33,0.00322265625
0111010111,6573,"[1, 0, 3, 2]",465,108.28828811645508,True,21.66704195497283,33,0.00322265625
0111010111,6574,"[1, 3, 2, 0]",9450,108.30545425415039,False,21.66704195497283,33,0.00322265625
0111010111,6575,"[1, 0, 3, 2]",465,108.31856727600098,True,21.66704195497283,33,0.00322265625
1101111101,6576,"[3, 2, 0, 1]",6600,108.33597183227539,False,33.91046069423251,32,0.003125
1101111101,6577,"[3, 2, 0, 1]",6600,108.34932327270508,True,33.91046069423251,32,0.003125
1101111101,6578,"[3, 2, 0, 1]",6600,108.36672782897949,False,33.91046069423251,32,0.003125
1101111101,6579,"[3, 2, 0, 1]",6600,108.37960243225098,True,33.91046069423251,32,0.003125
1101111101,6580,"[3, 2, 0, 1]",6600,108.39700698852539,False,33.91046069423251,32,0.003125
1101111101,6581,"[3, 2, 0, 1]",6600,108.41012001037598,True,33.91046069423251,32,0.003125
1101111101,6582,"[3, 2, 0, 1]",6600,108.42752456665039,False,33.91046069423251,32,0.003125
1101111101,6583,"[3, 2, 0, 1]",6600,108.44063758850098,True,33.91046069423251,32,0.003125
1101111101,6584,"[3, 2, 0, 1]",6600,108.45780372619629,False,33.91046069423251,32,0.003125
1101111101,6585,"[3, 2, 0, 1]",6600,108.47091674804688,True,33.91046069423251,32,0.003125
1101111101,6586,"[3, 2, 0, 1]",6600,108.48808288574219,False,33.91046069423251,32,0.003125
1101111101,6587,"[3, 2, 0, 1]",6600,108.50071907043457,True,33.91046069423251,32,0.003125
1101111101,6588,"[3, 2, 0, 1]",6600,108.5195541381836,False,33.91046069423251,32,0.003125
1101111101,6589,"[3, 2, 0, 1]",6600,108.53314399719238,True,33.91046069423251,32,0.003125
1101111101,6590,"[3, 2, 0, 1]",6600,108.5507869720459,False,33.91046069423251,32,0.003125
1101111101,6591,"[3, 2, 0, 1]",6600,108.56366157531738,True,33.91046069423251,32,0.003125
1101111101,6592,"[3, 2, 0, 1]",6600,108.5824966430664,False,33.91046069423251,32,0.003125
1101111101,6593,"[3, 2, 0, 1]",6600,108.59560966491699,True,33.91046069423251,32,0.003125
1101111101,6594,"[3, 2, 0, 1]",6600,108.6130142211914,False,33.91046069423251,32,0.003125
1101111101,6595,"[3, 2, 0, 1]",6600,108.62565040588379,True,33.91046069423251,32,0.003125
1101111101,6596,"[3, 2, 0, 1]",6600,108.6430549621582,False,33.91046069423251,32,0.003125
1101111101,6597,"[3, 2, 0, 1]",6600,108.65569114685059,True,33.91046069423251,32,0.003125
1101111101,6598,"[3, 2, 0, 1]",6600,108.6726188659668,False,33.91046069423251,32,0.003125
1101111101,6599,"[3, 2, 0, 1]",6600,108.68525505065918,True,33.91046069423251,32,0.003125
1101111101,6600,"[3, 2, 0, 1]",6600,108.70242118835449,False,33.91046069423251,32,0.003125
1101111101,6601,"[3, 2, 0, 1]",6600,108.71505737304688,True,33.91046069423251,32,0.003125
1101111101,6602,"[3, 2, 0, 1]",6600,108.73198509216309,False,33.91046069423251,32,0.003125
1101111101,6603,"[3, 2, 0, 1]",6600,108.74485969543457,True,33.91046069423251,32,0.003125
1101111101,6604,"[3, 2, 0, 1]",6600,108.76178741455078,False,33.91046069423251,32,0.003125
1101111101,6605,"[3, 2, 0, 1]",6600,108.77466201782227,True,33.91046069423251,32,0.003125
1101111101,6606,"[3, 2, 0, 1]",6600,108.79206657409668,False,33.91046069423251,32,0.003125
1101111101,6607,"[3, 2, 0, 1]",6600,108.80470275878906,True,33.91046069423251,32,0.003125
1101111101,6608,"[3, 2, 0, 1]",6600,108.82186889648438,False,33.91046069423251,32,0.003125
1101111101,6609,"[3, 2, 0, 1]",6600,108.83474349975586,True,33.91046069423251,32,0.003125
1101111101,6610,"[3, 2, 0, 1]",6600,108.85190963745117,False,33.91046069423251,32,0.003125
1101111101,6611,"[3, 2, 0, 1]",6600,108.86454582214355,True,33.91046069423251,32,0.003125
1101111101,6612,"[3, 2, 0, 1]",6600,108.88171195983887,False,33.91046069423251,32,0.003125
1101111101,6613,"[3, 2, 0, 1]",6600,108.89649391174316,True,33.91046069423251,32,0.003125
1101111101,6614,"[3, 2, 0, 1]",6600,108.91437530517578,False,33.91046069423251,32,0.003125
1101111101,6615,"[3, 2, 0, 1]",6600,108.92724990844727,True,33.91046069423251,32,0.003125
1101111101,6616,"[3, 2, 0, 1]",6600,108.94465446472168,False,33.91046069423251,32,0.003125
1101111101,6617,"[3, 2, 0, 1]",6600,108.95729064941406,True,33.91046069423251,32,0.003125
1101111101,6618,"[3, 2, 0, 1]",6600,108.97469520568848,False,33.91046069423251,32,0.003125
1101111101,6619,"[3, 2, 0, 1]",6600,108.98709297180176,True,33.91046069423251,32,0.003125
1101111101,6620,"[3, 2, 0, 1]",6600,109.00402069091797,False,33.91046069423251,32,0.003125
1101111101,6621,"[3, 2, 0, 1]",6600,109.01689529418945,True,33.91046069423251,32,0.003125
1101111101,6622,"[3, 2, 0, 1]",6600,109.03406143188477,False,33.91046069423251,32,0.003125
1101111101,6623,"[3, 2, 0, 1]",6600,109.04622077941895,True,33.91046069423251,32,0.003125
1101111101,6624,"[3, 2, 0, 1]",6600,109.06338691711426,False,33.91046069423251,32,0.003125
1101111101,6625,"[3, 2, 0, 1]",6600,109.07602310180664,True,33.91046069423251,32,0.003125
1101111101,6626,"[3, 2, 0, 1]",6600,109.09318923950195,False,33.91046069423251,32,0.003125
1101111101,6627,"[3, 2, 0, 1]",6600,109.10582542419434,True,33.91046069423251,32,0.003125
1101111101,6628,"[3, 2, 0, 1]",6600,109.12275314331055,False,33.91046069423251,32,0.003125
1101111101,6629,"[3, 2, 0, 1]",6600,109.13562774658203,True,33.91046069423251,32,0.003125
1101111101,6630,"[3, 2, 0, 1]",6600,109.15279388427734,False,33.91046069423251,32,0.003125
1101111101,6631,"[3, 2, 0, 1]",6600,109.16566848754883,True,33.91046069423251,32,0.003125
1101111101,6632,"[3, 2, 0, 1]",6600,109.18259620666504,False,33.91046069423251,32,0.003125
1101111101,6633,"[3, 2, 0, 1]",6600,109.19523239135742,True,33.91046069423251,32,0.003125
1101111101,6634,"[3, 2, 0, 1]",6600,109.21502113342285,False,33.91046069423251,32,0.003125
1101111101,6635,"[3, 2, 0, 1]",6600,109.22813415527344,True,33.91046069423251,32,0.003125
1101111101,6636,"[3, 2, 0, 1]",6600,109.24530029296875,False,33.91046069423251,32,0.003125
1101111101,6637,"[3, 2, 0, 1]",6600,109.25769805908203,True,33.91046069423251,32,0.003125
1101111101,6638,"[3, 2, 0, 1]",6600,109.27462577819824,False,33.91046069423251,32,0.003125
1101111101,6639,"[3, 2, 0, 1]",6600,109.28869247436523,True,33.91046069423251,32,0.003125
0001011001,6640,"[3, 2, 1, 0]",9600,109.30657386779785,False,12.363774402289181,31,0.00302734375
0001011001,6641,"[3, 2, 1, 0]",9600,109.31992530822754,True,12.363774402289181,31,0.00302734375
0001011001,6642,"[3, 2, 1, 0]",9600,109.33756828308105,False,12.363774402289181,31,0.00302734375
0001011001,6643,"[3, 2, 1, 0]",9600,109.35068130493164,True,12.363774402289181,31,0.00302734375
0001011001,6644,"[3, 2, 1, 0]",9600,109.36784744262695,False,12.363774402289181,31,0.00302734375
0001011001,6645,"[3, 2, 1, 0]",9600,109.38048362731934,True,12.363774402289181,31,0.00302734375
0001011001,6646,"[3, 2, 1, 0]",9600,109.39788818359375,False,12.363774402289181,31,0.00302734375
0001011001,6647,"[3, 2, 1, 0]",9600,109.41028594970703,True,12.363774402289181,31,0.00302734375
0001011001,6648,"[3, 2, 1, 0]",9600,109.42721366882324,False,12.363774402289181,31,0.00302734375
0001011001,6649,"[3, 2, 1, 0]",9600,109.43984985351562,True,12.363774402289181,31,0.00302734375
0001011001,6650,"[3, 2, 1, 0]",9600,109.45701599121094,False,12.363774402289181,31,0.00302734375
0001011001,6651,"[3, 2, 1, 0]",9600,109.46941375732422,True,12.363774402289181,31,0.00302734375
0001011001,6652,"[3, 2, 1, 0]",9600,109.48967933654785,False,12.363774402289181,31,0.00302734375
0001011001,6653,"[3, 2, 1, 0]",9600,109.50279235839844,True,12.363774402289181,31,0.00302734375
0001011001,6654,"[3, 2, 1, 0]",9600,109.52019691467285,False,12.363774402289181,31,0.00302734375
0001011001,6655,"[3, 2, 1, 0]",9600,109.53450202941895,True,12.363774402289181,31,0.00302734375
0001011001,6656,"[3, 2, 1, 0]",9600,109.55262184143066,False,12.363774402289181,31,0.00302734375
0001011001,6657,"[3, 2, 1, 0]",9600,109.56549644470215,True,12.363774402289181,31,0.00302734375
0001011001,6658,"[3, 2, 1, 0]",9600,109.58266258239746,False,12.363774402289181,31,0.00302734375
0001011001,6659,"[3, 2, 1, 0]",9600,109.59506034851074,True,12.363774402289181,31,0.00302734375
0001011001,6660,"[3, 2, 1, 0]",9600,109.61198806762695,False,12.363774402289181,31,0.00302734375
0001011001,6661,"[3, 2, 1, 0]",9600,109.62486267089844,True,12.363774402289181,31,0.00302734375
0001011001,6662,"[3, 2, 1, 0]",9600,109.64202880859375,False,12.363774402289181,31,0.00302734375
0001011001,6663,"[3, 2, 1, 0]",9600,109.65466499328613,True,12.363774402289181,31,0.00302734375
0001011001,6664,"[3, 2, 1, 0]",9600,109.67135429382324,False,12.363774402289181,31,0.00302734375
0001011001,6665,"[3, 2, 1, 0]",9600,109.68399047851562,True,12.363774402289181,31,0.00302734375
0001011001,6666,"[3, 2, 1, 0]",9600,109.70115661621094,False,12.363774402289181,31,0.00302734375
0001011001,6667,"[3, 2, 1, 0]",9600,109.71379280090332,True,12.363774402289181,31,0.00302734375
0001011001,6668,"[3, 2, 1, 0]",9600,109.73095893859863,False,12.363774402289181,31,0.00302734375
0001011001,6669,"[3, 2, 1, 0]",9600,109.74335670471191,True,12.363774402289181,31,0.00302734375
0001011001,6670,"[3, 2, 1, 0]",9600,109.76028442382812,False,12.363774402289181,31,0.00302734375
0001011001,6671,"[3, 2, 1, 0]",9600,109.77292060852051,True,12.363774402289181,31,0.00302734375
0001011001,6672,"[3, 2, 1, 0]",9600,109.79008674621582,False,12.363774402289181,31,0.00302734375
0001011001,6673,"[3, 2, 1, 0]",9600,109.8024845123291,True,12.363774402289181,31,0.00302734375
0001011001,6674,"[3, 2, 1, 0]",9600,109.81965065002441,False,12.363774402289181,31,0.00302734375
0001011001,6675,"[3, 2, 1, 0]",9600,109.8322868347168,True,12.363774402289181,31,0.00302734375
0001011001,6676,"[3, 2, 1, 0]",9600,109.85064506530762,False,12.363774402289181,31,0.00302734375
0001011001,6677,"[3, 2, 1, 0]",9600,109.8639965057373,True,12.363774402289181,31,0.00302734375
0001011001,6678,"[3, 2, 1, 0]",9600,109.88140106201172,False,12.363774402289181,31,0.00302734375
0001011001,6679,"[3, 2, 1, 0]",9600,109.8945140838623,True,12.363774402289181,31,0.00302734375
0001011001,6680,"[3, 2, 1, 0]",9600,109.91191864013672,False,12.363774402289181,31,0.00302734375
0001011001,6681,"[3, 2, 1, 0]",9600,109.9245548248291,True,12.363774402289181,31,0.00302734375
0001011001,6682,"[3, 2, 1, 0]",9600,109.94195938110352,False,12.363774402289181,31,0.00302734375
0001011001,6683,"[3, 2, 1, 0]",9600,109.954833984375,True,12.363774402289181,31,0.00302734375
0001011001,6684,"[3, 2, 1, 0]",9600,109.97200012207031,False,12.363774402289181,31,0.00302734375
0001011001,6685,"[3, 2, 1, 0]",9600,109.9846363067627,True,12.363774402289181,31,0.00302734375
0001011001,6686,"[3, 2, 1, 0]",9600,110.00180244445801,False,12.363774402289181,31,0.00302734375
0001011001,6687,"[3, 2, 1, 0]",9600,110.01443862915039,True,12.363774402289181,31,0.00302734375
0001011001,6688,"[3, 2, 1, 0]",9600,110.0316047668457,False,12.363774402289181,31,0.00302734375
0001011001,6689,"[3, 2, 1, 0]",9600,110.06021499633789,True,12.363774402289181,31,0.00302734375
0001011001,6690,"[3, 2, 1, 0]",9600,110.08167266845703,False,12.363774402289181,31,0.00302734375
0001011001,6691,"[3, 2, 1, 0]",9600,110.11981964111328,True,12.363774402289181,31,0.00302734375
0001011001,6692,"[3, 2, 1, 0]",9600,110.137939453125,False,12.363774402289181,31,0.00302734375
0001011001,6693,"[3, 2, 1, 0]",9600,110.15105247497559,True,12.363774402289181,31,0.00302734375
0001011001,6694,"[3, 2, 1, 0]",9600,110.1686954498291,False,12.363774402289181,31,0.00302734375
0001011001,6695,"[3, 2, 1, 0]",9600,110.1834774017334,True,12.363774402289181,31,0.00302734375
0001011001,6696,"[3, 2, 1, 0]",9600,110.20135879516602,False,12.363774402289181,31,0.00302734375
0001011001,6697,"[3, 2, 1, 0]",9600,110.2151870727539,True,12.363774402289181,31,0.00302734375
0001011001,6698,"[3, 2, 1, 0]",9600,110.23497581481934,False,12.363774402289181,31,0.00302734375
0001011001,6699,"[3, 2, 1, 0]",9600,110.24832725524902,True,12.363774402289181,31,0.00302734375
0001011001,6700,"[3, 2, 1, 0]",9600,110.26597023010254,False,12.363774402289181,31,0.00302734375
0001011001,6701,"[3, 2, 1, 0]",9600,110.27836799621582,True,12.363774402289181,31,0.00302734375
0100000000,6702,"[0, 3, 2, 1]",6300,110.29601097106934,False,17.0,30,0.0029296875
0100000000,6703,"[0, 1, 3, 2]",465,110.30960083007812,True,17.0,30,0.0029296875
0100000000,6704,"[0, 3, 2, 1]",6300,110.32700538635254,False,17.0,30,0.0029296875
0100000000,6705,"[0, 1, 3, 2]",465,110.34035682678223,True,17.0,30,0.0029296875
0100000000,6706,"[0, 3, 2, 1]",6300,110.35776138305664,False,17.0,30,0.0029296875
0100000000,6707,"[0, 1, 3, 2]",465,110.37135124206543,True,17.0,30,0.0029296875
0100000000,6708,"[0, 3, 2, 1]",6300,110.38875579833984,False,17.0,30,0.0029296875
0100000000,6709,"[0, 1, 3, 2]",465,110.4130744934082,True,17.0,30,0.0029296875
0100000000,6710,"[0, 3, 2, 1]",6300,110.43334007263184,False,17.0,30,0.0029296875
0100000000,6711,"[0, 1, 3, 2]",465,110.44836044311523,True,17.0,30,0.0029296875
0100000000,6712,"[0, 3, 2, 1]",6300,110.46838760375977,False,17.0,30,0.0029296875
0100000000,6713,"[0, 1, 3, 2]",465,110.48340797424316,True,17.0,30,0.0029296875
0100000000,6714,"[0, 3, 2, 1]",6300,110.5031967163086,False,17.0,30,0.0029296875
0100000000,6715,"[0, 1, 3, 2]",465,110.51797866821289,True,17.0,30,0.0029296875
0100000000,6716,"[0, 3, 2, 1]",6300,110.53776741027832,False,17.0,30,0.0029296875
0100000000,6717,"[0, 1, 3, 2]",465,110.55254936218262,True,17.0,30,0.0029296875
0100000000,6718,"[0, 3, 2, 1]",6300,110.57448387145996,False,17.0,30,0.0029296875
0100000000,6719,"[0, 1, 3, 2]",465,110.58974266052246,True,17.0,30,0.0029296875
0100000000,6720,"[0, 3, 2, 1]",6300,110.6102466583252,False,17.0,30,0.0029296875
0100000000,6721,"[0, 1, 3, 2]",465,110.62502861022949,True,17.0,30,0.0029296875
0100000000,6722,"[0, 3, 2, 1]",6300,110.64505577087402,False,17.0,30,0.0029296875
0100000000,6723,"[0, 1, 3, 2]",465,110.66007614135742,True,17.0,30,0.0029296875
0100000000,6724,"[0, 3, 2, 1]",6300,110.67986488342285,False,17.0,30,0.0029296875
0100000000,6725,"[0, 1, 3, 2]",465,110.69488525390625,True,17.0,30,0.0029296875
0100000000,6726,"[0, 3, 2, 1]",6300,110.71491241455078,False,17.0,30,0.0029296875
0100000000,6727,"[0, 1, 3, 2]",465,110.72969436645508,True,17.0,30,0.0029296875
0100000000,6728,"[0, 3, 2, 1]",6300,110.74972152709961,False,17.0,30,0.0029296875
0100000000,6729,"[0, 1, 3, 2]",465,110.7642650604248,True,17.0,30,0.0029296875
0100000000,6730,"[0, 3, 2, 1]",6300,110.78381538391113,False,17.0,30,0.0029296875
0100000000,6731,"[0, 1, 3, 2]",465,110.79907417297363,True,17.0,30,0.0029296875
0100000000,6732,"[0, 3, 2, 1]",6300,110.81910133361816,False,17.0,30,0.0029296875
0100000000,6733,"[0, 1, 3, 2]",465,110.83412170410156,True,17.0,30,0.0029296875
0100000000,6734,"[0, 3, 2, 1]",6300,110.8541488647461,False,17.0,30,0.0029296875
0100000000,6735,"[0, 1, 3, 2]",465,110.8696460723877,True,17.0,30,0.0029296875
0100000000,6736,"[0, 3, 2, 1]",6300,110.88943481445312,False,17.0,30,0.0029296875
0100000000,6737,"[0, 1, 3, 2]",465,110.90469360351562,True,17.0,30,0.0029296875
0100000000,6738,"[0, 3, 2, 1]",6300,110.92424392700195,False,17.0,30,0.0029296875
0100000000,6739,"[0, 1, 3, 2]",465,110.94093322753906,True,17.0,30,0.0029296875
0100000000,6740,"[0, 3, 2, 1]",6300,110.9626293182373,False,17.0,30,0.0029296875
0100000000,6741,"[0, 1, 3, 2]",465,110.97836494445801,True,17.0,30,0.0029296875
0100000000,6742,"[0, 3, 2, 1]",6300,110.99863052368164,False,17.0,30,0.0029296875
0100000000,6743,"[0, 1, 3, 2]",465,111.01341247558594,True,17.0,30,0.0029296875
0100000000,6744,"[0, 3, 2, 1]",6300,111.03320121765137,False,17.0,30,0.0029296875
0100000000,6745,"[0, 1, 3, 2]",465,111.04822158813477,True,17.0,30,0.0029296875
0100000000,6746,"[0, 3, 2, 1]",6300,111.0682487487793,False,17.0,30,0.0029296875
0100000000,6747,"[0, 1, 3, 2]",465,111.0830307006836,True,17.0,30,0.0029296875
0100000000,6748,"[0, 3, 2, 1]",6300,111.10305786132812,False,17.0,30,0.0029296875
0100000000,6749,"[0, 1, 3, 2]",465,111.11783981323242,True,17.0,30,0.0029296875
0100000000,6750,"[0, 3, 2, 1]",6300,111.13762855529785,False,17.0,30,0.0029296875
0100000000,6751,"[0, 1, 3, 2]",465,111.15241050720215,True,17.0,30,0.0029296875
0100000000,6752,"[0, 3, 2, 1]",6300,111.17219924926758,False,17.0,30,0.0029296875
0100000000,6753,"[0, 1, 3, 2]",465,111.18674278259277,True,17.0,30,0.0029296875
0100000000,6754,"[0, 3, 2, 1]",6300,111.2065315246582,False,17.0,30,0.0029296875
0100000000,6755,"[0, 1, 3, 2]",465,111.2213134765625,True,17.0,30,0.0029296875
0100000000,6756,"[0, 3, 2, 1]",6300,111.24110221862793,False,17.0,30,0.0029296875
0100000000,6757,"[0, 1, 3, 2]",465,111.25612258911133,True,17.0,30,0.0029296875
0100000000,6758,"[0, 3, 2, 1]",6300,111.27591133117676,False,17.0,30,0.0029296875
0100000000,6759,"[0, 1, 3, 2]",465,111.29069328308105,True,17.0,30,0.0029296875
0100000000,6760,"[0, 3, 2, 1]",6300,111.3119125366211,False,17.0,30,0.0029296875
0100000000,6761,"[0, 1, 3, 2]",465,111.3271713256836,True,17.0,30,0.0029296875
1101100101,6762,"[0, 2, 3, 1]",6200,111.34743690490723,False,14.334275684199461,30,0.0029296875
1101100101,6763,"[0, 1, 2, 3]",315,111.36245727539062,True,14.334275684199461,30,0.0029296875
1101100101,6764,"[0, 2, 3, 1]",6200,111.38200759887695,False,14.334275684199461,30,0.0029296875
1101100101,6765,"[0, 1, 2, 3]",315,111.39678955078125,True,14.334275684199461,30,0.0029296875
1101100101,6766,"[0, 2, 3, 1]",6200,111.41633987426758,False,14.334275684199461,30,0.0029296875
1101100101,6767,"[0, 1, 2, 3]",315,111.43136024475098,True,14.334275684199461,30,0.0029296875
1101100101,6768,"[0, 2, 3, 1]",6200,111.4511489868164,False,14.334275684199461,30,0.0029296875
1101100101,6769,"[0, 1, 2, 3]",315,111.4659309387207,True,14.334275684199461,30,0.0029296875
1101100101,6770,"[0, 2, 3, 1]",6200,111.48595809936523,False,14.334275684199461,30,0.0029296875
1101100101,6771,"[0, 1, 2, 3]",315,111.50121688842773,True,14.334275684199461,30,0.0029296875
1101100101,6772,"[0, 2, 3, 1]",6200,111.52100563049316,False,14.334275684199461,30,0.0029296875
1101100101,6773,"[0, 1, 2, 3]",315,111.53602600097656,True,14.334275684199461,30,0.0029296875
1101100101,6774,"[0, 2, 3, 1]",6200,111.55581474304199,False,14.334275684199461,30,0.0029296875
1101100101,6775,"[0, 1, 2, 3]",315,111.57035827636719,True,14.334275684199461,30,0.0029296875
1101100101,6776,"[0, 2, 3, 1]",6200,111.59038543701172,False,14.334275684199461,30,0.0029296875
1101100101,6777,"[0, 1, 2, 3]",315,111.60492897033691,True,14.334275684199461,30,0.0029296875
1101100101,6778,"[0, 2, 3, 1]",6200,111.62471771240234,False,14.334275684199461,30,0.0029296875
1101100101,6779,"[0, 1, 2, 3]",315,111.63973808288574,True,14.334275684199461,30,0.0029296875
1101100101,6780,"[0, 2, 3, 1]",6200,111.65952682495117,False,14.334275684199461,30,0.0029296875
1101100101,6781,"[0, 1, 2, 3]",315,111.67621612548828,True,14.334275684199461,30,0.0029296875
1101100101,6782,"[0, 2, 3, 1]",6200,111.69695854187012,False,14.334275684199461,30,0.0029296875
1101100101,6783,"[0, 1, 2, 3]",315,111.71221733093262,True,14.334275684199461,30,0.0029296875
1101100101,6784,"[0, 2, 3, 1]",6200,111.73200607299805,False,14.334275684199461,30,0.0029296875
1101100101,6785,"[0, 1, 2, 3]",315,111.74702644348145,True,14.334275684199461,30,0.0029296875
1101100101,6786,"[0, 2, 3, 1]",6200,111.77682876586914,False,14.334275684199461,30,0.0029296875
1101100101,6787,"[0, 1, 2, 3]",315,111.79065704345703,True,14.334275684199461,30,0.0029296875
1101100101,6788,"[0, 2, 3, 1]",6200,111.80806159973145,False,14.334275684199461,30,0.0029296875
1101100101,6789,"[0, 1, 2, 3]",315,111.82117462158203,True,14.334275684199461,30,0.0029296875
1101100101,6790,"[0, 2, 3, 1]",6200,111.84048652648926,False,14.334275684199461,30,0.0029296875
1101100101,6791,"[0, 1, 2, 3]",315,111.85407638549805,True,14.334275684199461,30,0.0029296875
1101100101,6792,"[0, 2, 3, 1]",6200,111.87148094177246,False,14.334275684199461,30,0.0029296875
1101100101,6793,"[0, 1, 2, 3]",315,111.88459396362305,True,14.334275684199461,30,0.0029296875
1101100101,6794,"[0, 2, 3, 1]",6200,111.90176010131836,False,14.334275684199461,30,0.0029296875
1101100101,6795,"[0, 1, 2, 3]",315,111.91463470458984,True,14.334275684199461,30,0.0029296875
1101100101,6796,"[0, 2, 3, 1]",6200,111.93203926086426,False,14.334275684199461,30,0.0029296875
1101100101,6797,"[0, 1, 2, 3]",315,111.94467544555664,True,14.334275684199461,30,0.0029296875
1101100101,6798,"[0, 2, 3, 1]",6200,111.96208000183105,False,14.334275684199461,30,0.0029296875
1101100101,6799,"[0, 1, 2, 3]",315,111.97495460510254,True,14.334275684199461,30,0.0029296875
1101100101,6800,"[0, 2, 3, 1]",6200,111.99235916137695,False,14.334275684199461,30,0.0029296875
1101100101,6801,"[0, 1, 2, 3]",315,112.00523376464844,True,14.334275684199461,30,0.0029296875
1101100101,6802,"[0, 2, 3, 1]",6200,112.02383041381836,False,14.334275684199461,30,0.0029296875
1101100101,6803,"[0, 1, 2, 3]",315,112.03718185424805,True,14.334275684199461,30,0.0029296875
1101100101,6804,"[0, 2, 3, 1]",6200,112.05458641052246,False,14.334275684199461,30,0.0029296875
1101100101,6805,"[0, 1, 2, 3]",315,112.06746101379395,True,14.334275684199461,30,0.0029296875
1101100101,6806,"[0, 2, 3, 1]",6200,112.08462715148926,False,14.334275684199461,30,0.0029296875
1101100101,6807,"[0, 1, 2, 3]",315,112.09750175476074,True,14.334275684199461,30,0.0029296875
1101100101,6808,"[0, 2, 3, 1]",6200,112.11466789245605,False,14.334275684199461,30,0.0029296875
1101100101,6809,"[0, 1, 2, 3]",315,112.12778091430664,True,14.334275684199461,30,0.0029296875
1101100101,6810,"[0, 2, 3, 1]",6200,112.14494705200195,False,14.334275684199461,30,0.0029296875
1101100101,6811,"[0, 1, 2, 3]",315,112.15806007385254,True,14.334275684199461,30,0.0029296875
1101100101,6812,"[0, 2, 3, 1]",6200,112.17522621154785,False,14.334275684199461,30,0.0029296875
1101100101,6813,"[0, 1, 2, 3]",315,112.18857765197754,True,14.334275684199461,30,0.0029296875
1101100101,6814,"[0, 2, 3, 1]",6200,112.20622062683105,False,14.334275684199461,30,0.0029296875
1101100101,6815,"[0, 1, 2, 3]",315,112.21933364868164,True,14.334275684199461,30,0.0029296875
1101100101,6816,"[0, 2, 3, 1]",6200,112.23626136779785,False,14.334275684199461,30,0.0029296875
1101100101,6817,"[0, 1, 2, 3]",315,112.24937438964844,True,14.334275684199461,30,0.0029296875
1101100101,6818,"[0, 2, 3, 1]",6200,112.26630210876465,False,14.334275684199461,30,0.0029296875
1101100101,6819,"[0, 1, 2, 3]",315,112.27941513061523,True,14.334275684199461,30,0.0029296875
1101100101,6820,"[0, 2, 3, 1]",6200,112.29658126831055,False,14.334275684199461,30,0.0029296875
1101100101,6821,"[0, 1, 2, 3]",315,112.30921745300293,True,14.334275684199461,30,0.0029296875
1011110011,6822,"[2, 1, 0, 3]",600,112.32686042785645,False,16.318016911728506,29,0.00283203125
1011110011,6823,"[2, 1, 0, 3]",600,112.34235763549805,True,16.318016911728506,29,0.00283203125
1011110011,6824,"[2, 1, 0, 3]",600,112.36047744750977,False,16.318016911728506,29,0.00283203125
1011110011,6825,"[2, 1, 0, 3]",600,112.37382888793945,True,16.318016911728506,29,0.00283203125
1011110011,6826,"[2, 1, 0, 3]",600,112.39123344421387,False,16.318016911728506,29,0.00283203125
1011110011,6827,"[2, 1, 0, 3]",600,112.40434646606445,True,16.318016911728506,29,0.00283203125
1011110011,6828,"[2, 1, 0, 3]",600,112.42175102233887,False,16.318016911728506,29,0.00283203125
1011110011,6829,"[2, 1, 0, 3]",600,112.43438720703125,True,16.318016911728506,29,0.00283203125
1011110011,6830,"[2, 1, 0, 3]",600,112.45203018188477,False,16.318016911728506,29,0.00283203125
1011110011,6831,"[2, 1, 0, 3]",600,112.46466636657715,True,16.318016911728506,29,0.00283203125
1011110011,6832,"[2, 1, 0, 3]",600,112.48183250427246,False,16.318016911728506,29,0.00283203125
1011110011,6833,"[2, 1, 0, 3]",600,112.49470710754395,True,16.318016911728506,29,0.00283203125
1011110011,6834,"[2, 1, 0, 3]",600,112.51211166381836,False,16.318016911728506,29,0.00283203125
1011110011,6835,"[2, 1, 0, 3]",600,112.52474784851074,True,16.318016911728506,29,0.00283203125
1011110011,6836,"[2, 1, 0, 3]",600,112.54191398620605,False,16.318016911728506,29,0.00283203125
1011110011,6837,"[2, 1, 0, 3]",600,112.55502700805664,True,16.318016911728506,29,0.00283203125
1011110011,6838,"[2, 1, 0, 3]",600,112.57243156433105,False,16.318016911728506,29,0.00283203125
1011110011,6839,"[2, 1, 0, 3]",600,112.58554458618164,True,16.318016911728506,29,0.00283203125
1011110011,6840,"[2, 1, 0, 3]",600,112.60414123535156,False,16.318016911728506,29,0.00283203125
1011110011,6841,"[2, 1, 0, 3]",600,112.61796951293945,True,16.318016911728506,29,0.00283203125
1011110011,6842,"[2, 1, 0, 3]",600,112.63561248779297,False,16.318016911728506,29,0.00283203125
1011110011,6843,"[2, 1, 0, 3]",600,112.64872550964355,True,16.318016911728506,29,0.00283203125
1011110011,6844,"[2, 1, 0, 3]",600,112.66732215881348,False,16.318016911728506,29,0.00283203125
1011110011,6845,"[2, 1, 0, 3]",600,112.68091201782227,True,16.318016911728506,29,0.00283203125
1011110011,6846,"[2, 1, 0, 3]",600,112.69855499267578,False,16.318016911728506,29,0.00283203125
1011110011,6847,"[2, 1, 0, 3]",600,112.71142959594727,True,16.318016911728506,29,0.00283203125
1011110011,6848,"[2, 1, 0, 3]",600,112.72883415222168,False,16.318016911728506,29,0.00283203125
1011110011,6849,"[2, 1, 0, 3]",600,112.74170875549316,True,16.318016911728506,29,0.00283203125
1011110011,6850,"[2, 1, 0, 3]",600,112.75911331176758,False,16.318016911728506,29,0.00283203125
1011110011,6851,"[2, 1, 0, 3]",600,112.77198791503906,True,16.318016911728506,29,0.00283203125
1011110011,6852,"[2, 1, 0, 3]",600,112.78939247131348,False,16.318016911728506,29,0.00283203125
1011110011,6853,"[2, 1, 0, 3]",600,112.80226707458496,True,16.318016911728506,29,0.00283203125
1011110011,6854,"[2, 1, 0, 3]",600,112.81943321228027,False,16.318016911728506,29,0.00283203125
1011110011,6855,"[2, 1, 0, 3]",600,112.83230781555176,True,16.318016911728506,29,0.00283203125
1011110011,6856,"[2, 1, 0, 3]",600,112.84947395324707,False,16.318016911728506,29,0.00283203125
1011110011,6857,"[2, 1, 0, 3]",600,112.86234855651855,True,16.318016911728506,29,0.00283203125
1011110011,6858,"[2, 1, 0, 3]",600,112.87951469421387,False,16.318016911728506,29,0.00283203125
1011110011,6859,"[2, 1, 0, 3]",600,112.89215087890625,True,16.318016911728506,29,0.00283203125
1011110011,6860,"[2, 1, 0, 3]",600,112.90931701660156,False,16.318016911728506,29,0.00283203125
1011110011,6861,"[2, 1, 0, 3]",600,112.92266845703125,True,16.318016911728506,29,0.00283203125
1011110011,6862,"[2, 1, 0, 3]",600,112.93959617614746,False,16.318016911728506,29,0.00283203125
1011110011,6863,"[2, 1, 0, 3]",600,112.95461654663086,True,16.318016911728506,29,0.00283203125
1011110011,6864,"[2, 1, 0, 3]",600,112.97202110290527,False,16.318016911728506,29,0.00283203125
1011110011,6865,"[2, 1, 0, 3]",600,112.98608779907227,True,16.318016911728506,29,0.00283203125
1011110011,6866,"[2, 1, 0, 3]",600,113.0063533782959,False,16.318016911728506,29,0.00283203125
1011110011,6867,"[2, 1, 0, 3]",600,113.02018165588379,True,16.318016911728506,29,0.00283203125
1011110011,6868,"[2, 1, 0, 3]",600,113.0378246307373,False,16.318016911728506,29,0.00283203125
1011110011,6869,"[2, 1, 0, 3]",600,113.05117607116699,True,16.318016911728506,29,0.00283203125
1011110011,6870,"[2, 1, 0, 3]",600,113.0685806274414,False,16.318016911728506,29,0.00283203125
1011110011,6871,"[2, 1, 0, 3]",600,113.08169364929199,True,16.318016911728506,29,0.00283203125
1011110011,6872,"[2, 1, 0, 3]",600,113.0990982055664,False,16.318016911728506,29,0.00283203125
1011110011,6873,"[2, 1, 0, 3]",600,113.11221122741699,True,16.318016911728506,29,0.00283203125
1011110011,6874,"[2, 1, 0, 3]",600,113.1293773651123,False,16.318016911728506,29,0.00283203125
1011110011,6875,"[2, 1, 0, 3]",600,113.14201354980469,True,16.318016911728506,29,0.00283203125
1011110011,6876,"[2, 1, 0, 3]",600,113.1591796875,False,16.318016911728506,29,0.00283203125
1011110011,6877,"[2, 1, 0, 3]",600,113.17229270935059,True,16.318016911728506,29,0.00283203125
1011110011,6878,"[2, 1, 0, 3]",600,113.189697265625,False,16.318016911728506,29,0.00283203125
1011110011,6879,"[2, 1, 0, 3]",600,113.20257186889648,True,16.318016911728506,29,0.00283203125
0011000110,6880,"[1, 3, 2, 0]",9450,113.2199764251709,False,13.070544774769893,29,0.00283203125
0011000110,6881,"[1, 0, 3, 2]",465,113.23356628417969,True,13.070544774769893,29,0.00283203125
0011000110,6882,"[1, 3, 2, 0]",9450,113.2504940032959,False,13.070544774769893,29,0.00283203125
0011000110,6883,"[1, 0, 3, 2]",465,113.26360702514648,True,13.070544774769893,29,0.00283203125
0011000110,6884,"[1, 3, 2, 0]",9450,113.2807731628418,False,13.070544774769893,29,0.00283203125
0011000110,6885,"[1, 0, 3, 2]",465,113.29388618469238,True,13.070544774769893,29,0.00283203125
0011000110,6886,"[1, 3, 2, 0]",9450,113.3122444152832,False,13.070544774769893,29,0.00283203125
0011000110,6887,"[1, 0, 3, 2]",465,113.32583427429199,True,13.070544774769893,29,0.00283203125
0011000110,6888,"[1, 3, 2, 0]",9450,113.3432388305664,False,13.070544774769893,29,0.00283203125
0011000110,6889,"[1, 0, 3, 2]",465,113.35635185241699,True,13.070544774769893,29,0.00283203125
0011000110,6890,"[1, 3, 2, 0]",9450,113.37542533874512,False,13.070544774769893,29,0.00283203125
0011000110,6891,"[1, 0, 3, 2]",465,113.38925361633301,True,13.070544774769893,29,0.00283203125
0011000110,6892,"[1, 3, 2, 0]",9450,113.40737342834473,False,13.070544774769893,29,0.00283203125
0011000110,6893,"[1, 0, 3, 2]",465,113.42072486877441,True,13.070544774769893,29,0.00283203125
0011000110,6894,"[1, 3, 2, 0]",9450,113.43789100646973,False,13.070544774769893,29,0.00283203125
0011000110,6895,"[1, 0, 3, 2]",465,113.45124244689941,True,13.070544774769893,29,0.00283203125
0011000110,6896,"[1, 3, 2, 0]",9450,113.46864700317383,False,13.070544774769893,29,0.00283203125
0011000110,6897,"[1, 0, 3, 2]",465,113.48557472229004,True,13.070544774769893,29,0.00283203125
0011000110,6898,"[1, 3, 2, 0]",9450,113.50321769714355,False,13.070544774769893,29,0.00283203125
0011000110,6899,"[1, 0, 3, 2]",465,113.51680755615234,True,13.070544774769893,29,0.00283203125
0011000110,6900,"[1, 3, 2, 0]",9450,113.53373527526855,False,13.070544774769893,29,0.00283203125
0011000110,6901,"[1, 0, 3, 2]",465,113.54708671569824,True,13.070544774769893,29,0.00283203125
0011000110,6902,"[1, 3, 2, 0]",9450,113.56425285339355,False,13.070544774769893,29,0.00283203125
0011000110,6903,"[1, 0, 3, 2]",465,113.57760429382324,True,13.070544774769893,29,0.00283203125
0011000110,6904,"[1, 3, 2, 0]",9450,113.59500885009766,False,13.070544774769893,29,0.00283203125
0011000110,6905,"[1, 0, 3, 2]",465,113.60788345336914,True,13.070544774769893,29,0.00283203125
0011000110,6906,"[1, 3, 2, 0]",9450,113.62528800964355,False,13.070544774769893,29,0.00283203125
0011000110,6907,"[1, 0, 3, 2]",465,113.64006996154785,True,13.070544774769893,29,0.00283203125
0011000110,6908,"[1, 3, 2, 0]",9450,113.65818977355957,False,13.070544774769893,29,0.00283203125
0011000110,6909,"[1, 0, 3, 2]",465,113.67130279541016,True,13.070544774769893,29,0.00283203125
0011000110,6910,"[1, 3, 2, 0]",9450,113.68870735168457,False,13.070544774769893,29,0.00283203125
0011000110,6911,"[1, 0, 3, 2]",465,113.70134353637695,True,13.070544774769893,29,0.00283203125
0011000110,6912,"[1, 3, 2, 0]",9450,113.71850967407227,False,13.070544774769893,29,0.00283203125
0011000110,6913,"[1, 0, 3, 2]",465,113.73162269592285,True,13.070544774769893,29,0.00283203125
0011000110,6914,"[1, 3, 2, 0]",9450,113.74878883361816,False,13.070544774769893,29,0.00283203125
0011000110,6915,"[1, 0, 3, 2]",465,113.76214027404785,True,13.070544774769893,29,0.00283203125
0011000110,6916,"[1, 3, 2, 0]",9450,113.77930641174316,False,13.070544774769893,29,0.00283203125
0011000110,6917,"[1, 0, 3, 2]",465,113.79265785217285,True,13.070544774769893,29,0.00283203125
0011000110,6918,"[1, 3, 2, 0]",9450,113.80982398986816,False,13.070544774769893,29,0.00283203125
0011000110,6919,"[1, 0, 3, 2]",465,113.82269859313965,True,13.070544774769893,29,0.00283203125
0011000110,6920,"[1, 3, 2, 0]",9450,113.83962631225586,False,13.070544774769893,29,0.00283203125
0011000110,6921,"[1, 0, 3, 2]",465,113.85297775268555,True,13.070544774769893,29,0.00283203125
0011000110,6922,"[1, 3, 2, 0]",9450,113.87014389038086,False,13.070544774769893,29,0.00283203125
0011000110,6923,"[1, 0, 3, 2]",465,113.88349533081055,True,13.070544774769893,29,0.00283203125
0011000110,6924,"[1, 3, 2, 0]",9450,113.90066146850586,False,13.070544774769893,29,0.00283203125
0011000110,6925,"[1, 0, 3, 2]",465,113.91329765319824,True,13.070544774769893,29,0.00283203125
0011000110,6926,"[1, 3, 2, 0]",9450,113.93046379089355,False,13.070544774769893,29,0.00283203125
0011000110,6927,"[1, 0, 3, 2]",465,113.94357681274414,True,13.070544774769893,29,0.00283203125
0011000110,6928,"[1, 3, 2, 0]",9450,113.96169662475586,False,13.070544774769893,29,0.00283203125
0011000110,6929,"[1, 0, 3, 2]",465,113.97504806518555,True,13.070544774769893,29,0.00283203125
0011000110,6930,"[1, 3, 2, 0]",9450,113.99269104003906,False,13.070544774769893,29,0.00283203125
0011000110,6931,"[1, 0, 3, 2]",465,114.00556564331055,True,13.070544774769893,29,0.00283203125
0011000110,6932,"[1, 3, 2, 0]",9450,114.02297019958496,False,13.070544774769893,29,0.00283203125
0011000110,6933,"[1, 0, 3, 2]",465,114.03584480285645,True,13.070544774769893,29,0.00283203125
0011000110,6934,"[1, 3, 2, 0]",9450,114.05301094055176,False,13.070544774769893,29,0.00283203125
0011000110,6935,"[1, 0, 3, 2]",465,114.06564712524414,True,13.070544774769893,29,0.00283203125
0011000110,6936,"[1, 3, 2, 0]",9450,114.08281326293945,False,13.070544774769893,29,0.00283203125
0011000110,6937,"[1, 0, 3, 2]",465,114.09544944763184,True,13.070544774769893,29,0.00283203125
1010111011,6938,"[2, 3, 1, 0]",9600,114.11261558532715,False,41.72665288174647,29,0.00283203125
1010111011,6939,"[2, 3, 1, 0]",9600,114.12596702575684,True,41.72665288174647,29,0.00283203125
1010111011,6940,"[2, 3, 1, 0]",9600,114.14313316345215,False,41.72665288174647,29,0.00283203125
1010111011,6941,"[2, 3, 1, 0]",9600,114.15719985961914,True,41.72665288174647,29,0.00283203125
1010111011,6942,"[2, 3, 1, 0]",9600,114.17484283447266,False,41.72665288174647,29,0.00283203125
1010111011,6943,"[2, 3, 1, 0]",9600,114.18819427490234,True,41.72665288174647,29,0.00283203125
1010111011,6944,"[2, 3, 1, 0]",9600,114.20559883117676,False,41.72665288174647,29,0.00283203125
1010111011,6945,"[2, 3, 1, 0]",9600,114.21871185302734,True,41.72665288174647,29,0.00283203125
1010111011,6946,"[2, 3, 1, 0]",9600,114.23611640930176,False,41.72665288174647,29,0.00283203125
1010111011,6947,"[2, 3, 1, 0]",9600,114.24899101257324,True,41.72665288174647,29,0.00283203125
1010111011,6948,"[2, 3, 1, 0]",9600,114.26591873168945,False,41.72665288174647,29,0.00283203125
1010111011,6949,"[2, 3, 1, 0]",9600,114.29667472839355,True,41.72665288174647,29,0.00283203125
1010111011,6950,"[2, 3, 1, 0]",9600,114.31527137756348,False,41.72665288174647,29,0.00283203125
1010111011,6951,"[2, 3, 1, 0]",9600,114.32886123657227,True,41.72665288174647,29,0.00283203125
1010111011,6952,"[2, 3, 1, 0]",9600,114.34650421142578,False,41.72665288174647,29,0.00283203125
1010111011,6953,"[2, 3, 1, 0]",9600,114.35985565185547,True,41.72665288174647,29,0.00283203125
1010111011,6954,"[2, 3, 1, 0]",9600,114.37773704528809,False,41.72665288174647,29,0.00283203125
1010111011,6955,"[2, 3, 1, 0]",9600,114.39085006713867,True,41.72665288174647,29,0.00283203125
1010111011,6956,"[2, 3, 1, 0]",9600,114.40849304199219,False,41.72665288174647,29,0.00283203125
1010111011,6957,"[2, 3, 1, 0]",9600,114.42160606384277,True,41.72665288174647,29,0.00283203125
1010111011,6958,"[2, 3, 1, 0]",9600,114.43948745727539,False,41.72665288174647,29,0.00283203125
1010111011,6959,"[2, 3, 1, 0]",9600,114.45260047912598,True,41.72665288174647,29,0.00283203125
1010111011,6960,"[2, 3, 1, 0]",9600,114.47024345397949,False,41.72665288174647,29,0.00283203125
1010111011,6961,"[2, 3, 1, 0]",9600,114.48335647583008,True,41.72665288174647,29,0.00283203125
1010111011,6962,"[2, 3, 1, 0]",9600,114.5009994506836,False,41.72665288174647,29,0.00283203125
1010111011,6963,"[2, 3, 1, 0]",9600,114.51387405395508,True,41.72665288174647,29,0.00283203125
1010111011,6964,"[2, 3, 1, 0]",9600,114.5315170288086,False,41.72665288174647,29,0.00283203125
1010111011,6965,"[2, 3, 1, 0]",9600,114.54463005065918,True,41.72665288174647,29,0.00283203125
1010111011,6966,"[2, 3, 1, 0]",9600,114.5622730255127,False,41.72665288174647,29,0.00283203125
1010111011,6967,"[2, 3, 1, 0]",9600,114.57562446594238,True,41.72665288174647,29,0.00283203125
1010111011,6968,"[2, 3, 1, 0]",9600,114.593505859375,False,41.72665288174647,29,0.00283203125
1010111011,6969,"[2, 3, 1, 0]",9600,114.60685729980469,True,41.72665288174647,29,0.00283203125
1010111011,6970,"[2, 3, 1, 0]",9600,114.62616920471191,False,41.72665288174647,29,0.00283203125
1010111011,6971,"[2, 3, 1, 0]",9600,114.6399974822998,True,41.72665288174647,29,0.00283203125
1010111011,6972,"[2, 3, 1, 0]",9600,114.65787887573242,False,41.72665288174647,29,0.00283203125
1010111011,6973,"[2, 3, 1, 0]",9600,114.67123031616211,True,41.72665288174647,29,0.00283203125
1010111011,6974,"[2, 3, 1, 0]",9600,114.68863487243652,False,41.72665288174647,29,0.00283203125
1010111011,6975,"[2, 3, 1, 0]",9600,114.70198631286621,True,41.72665288174647,29,0.00283203125
1010111011,6976,"[2, 3, 1, 0]",9600,114.71962928771973,False,41.72665288174647,29,0.00283203125
1010111011,6977,"[2, 3, 1, 0]",9600,114.73250389099121,True,41.72665288174647,29,0.00283203125
1010111011,6978,"[2, 3, 1, 0]",9600,114.75014686584473,False,41.72665288174647,29,0.00283203125
1010111011,6979,"[2, 3, 1, 0]",9600,114.76349830627441,True,41.72665288174647,29,0.00283203125
1010111011,6980,"[2, 3, 1, 0]",9600,114.78114128112793,False,41.72665288174647,29,0.00283203125
1010111011,6981,"[2, 3, 1, 0]",9600,114.79425430297852,True,41.72665288174647,29,0.00283203125
1010111011,6982,"[2, 3, 1, 0]",9600,114.81213569641113,False,41.72665288174647,29,0.00283203125
1010111011,6983,"[2, 3, 1, 0]",9600,114.82524871826172,True,41.72665288174647,29,0.00283203125
1010111011,6984,"[2, 3, 1, 0]",9600,114.84313011169434,False,41.72665288174647,29,0.00283203125
1010111011,6985,"[2, 3, 1, 0]",9600,114.85624313354492,True,41.72665288174647,29,0.00283203125
1010111011,6986,"[2, 3, 1, 0]",9600,114.87412452697754,False,41.72665288174647,29,0.00283203125
1010111011,6987,"[2, 3, 1, 0]",9600,114.88747596740723,True,41.72665288174647,29,0.00283203125
1010111011,6988,"[2, 3, 1, 0]",9600,114.90511894226074,False,41.72665288174647,29,0.00283203125
1010111011,6989,"[2, 3, 1, 0]",9600,114.91870880126953,True,41.72665288174647,29,0.00283203125
1010111011,6990,"[2, 3, 1, 0]",9600,114.93635177612305,False,41.72665288174647,29,0.00283203125
1010111011,6991,"[2, 3, 1, 0]",9600,114.95137214660645,True,41.72665288174647,29,0.00283203125
1010111011,6992,"[2, 3, 1, 0]",9600,114.97139930725098,False,41.72665288174647,29,0.00283203125
1010111011,6993,"[2, 3, 1, 0]",9600,114.98546600341797,True,41.72665288174647,29,0.00283203125
1010111011,6994,"[2, 3, 1, 0]",9600,115.00358581542969,False,41.72665288174647,29,0.00283203125
1010111011,6995,"[2, 3, 1, 0]",9600,115.01693725585938,True,41.72665288174647,29,0.00283203125
0011000100,6996,"[1, 3, 2, 0]",9450,115.03481864929199,False,12.422727292881255,29,0.00283203125
0011000100,6997,"[1, 0, 3, 2]",465,115.04888534545898,True,12.422727292881255,29,0.00283203125
0011000100,6998,"[1, 3, 2, 0]",9450,115.0670051574707,False,12.422727292881255,29,0.00283203125
0011000100,6999,"[1, 0, 3, 2]",465,115.08059501647949,True,12.422727292881255,29,0.00283203125
0011000100,7000,"[1, 3, 2, 0]",9450,115.09871482849121,False,12.422727292881255,29,0.00283203125
0011000100,7001,"[1, 0, 3, 2]",465,115.1127815246582,True,12.422727292881255,29,0.00283203125
0011000100,7002,"[1, 3, 2, 0]",9450,115.13090133666992,False,12.422727292881255,29,0.00283203125
0011000100,7003,"[1, 0, 3, 2]",465,115.14449119567871,True,12.422727292881255,29,0.00283203125
0011000100,7004,"[1, 3, 2, 0]",9450,115.16261100769043,False,12.422727292881255,29,0.00283203125
0011000100,7005,"[1, 0, 3, 2]",465,115.17596244812012,True,12.422727292881255,29,0.00283203125
0011000100,7006,"[1, 3, 2, 0]",9450,115.19432067871094,False,12.422727292881255,29,0.00283203125
0011000100,7007,"[1, 0, 3, 2]",465,115.20767211914062,True,12.422727292881255,29,0.00283203125
0011000100,7008,"[1, 3, 2, 0]",9450,115.22555351257324,False,12.422727292881255,29,0.00283203125
0011000100,7009,"[1, 0, 3, 2]",465,115.23914337158203,True,12.422727292881255,29,0.00283203125
0011000100,7010,"[1, 3, 2, 0]",9450,115.25702476501465,False,12.422727292881255,29,0.00283203125
0011000100,7011,"[1, 0, 3, 2]",465,115.27061462402344,True,12.422727292881255,29,0.00283203125
0011000100,7012,"[1, 3, 2, 0]",9450,115.28992652893066,False,12.422727292881255,29,0.00283203125
0011000100,7013,"[1, 0, 3, 2]",465,115.30423164367676,True,12.422727292881255,29,0.00283203125
0011000100,7014,"[1, 3, 2, 0]",9450,115.32258987426758,False,12.422727292881255,29,0.00283203125
0011000100,7015,"[1, 0, 3, 2]",465,115.33641815185547,True,12.422727292881255,29,0.00283203125
0011000100,7016,"[1, 3, 2, 0]",9450,115.36478996276855,False,12.422727292881255,29,0.00283203125
0011000100,7017,"[1, 0, 3, 2]",465,115.37837982177734,True,12.422727292881255,29,0.00283203125
0011000100,7018,"[1, 3, 2, 0]",9450,115.39554595947266,False,12.422727292881255,29,0.00283203125
0011000100,7019,"[1, 0, 3, 2]",465,115.40865898132324,True,12.422727292881255,29,0.00283203125
0011000100,7020,"[1, 3, 2, 0]",9450,115.42606353759766,False,12.422727292881255,29,0.00283203125
0011000100,7021,"[1, 0, 3, 2]",465,115.43917655944824,True,12.422727292881255,29,0.00283203125
0011000100,7022,"[1, 3, 2, 0]",9450,115.45634269714355,False,12.422727292881255,29,0.00283203125
0011000100,7023,"[1, 0, 3, 2]",465,115.46945571899414,True,12.422727292881255,29,0.00283203125
0011000100,7024,"[1, 3, 2, 0]",9450,115.48686027526855,False,12.422727292881255,29,0.00283203125
0011000100,7025,"[1, 0, 3, 2]",465,115.49949645996094,True,12.422727292881255,29,0.00283203125
0011000100,7026,"[1, 3, 2, 0]",9450,115.51690101623535,False,12.422727292881255,29,0.00283203125
0011000100,7027,"[1, 0, 3, 2]",465,115.52977561950684,True,12.422727292881255,29,0.00283203125
0011000100,7028,"[1, 3, 2, 0]",9450,115.54718017578125,False,12.422727292881255,29,0.00283203125
0011000100,7029,"[1, 0, 3, 2]",465,115.56053161621094,True,12.422727292881255,29,0.00283203125
0011000100,7030,"[1, 3, 2, 0]",9450,115.57793617248535,False,12.422727292881255,29,0.00283203125
0011000100,7031,"[1, 0, 3, 2]",465,115.59271812438965,True,12.422727292881255,29,0.00283203125
0011000100,7032,"[1, 3, 2, 0]",9450,115.61036109924316,False,12.422727292881255,29,0.00283203125
0011000100,7033,"[1, 0, 3, 2]",465,115.62418937683105,True,12.422727292881255,29,0.00283203125
0011000100,7034,"[1, 3, 2, 0]",9450,115.64350128173828,False,12.422727292881255,29,0.00283203125
0011000100,7035,"[1, 0, 3, 2]",465,115.65685272216797,True,12.422727292881255,29,0.00283203125
0011000100,7036,"[1, 3, 2, 0]",9450,115.67425727844238,False,12.422727292881255,29,0.00283203125
0011000100,7037,"[1, 0, 3, 2]",465,115.68713188171387,True,12.422727292881255,29,0.00283203125
0011000100,7038,"[1, 3, 2, 0]",9450,115.70429801940918,False,12.422727292881255,29,0.00283203125
0011000100,7039,"[1, 0, 3, 2]",465,115.73934555053711,True,12.422727292881255,29,0.00283203125
0011000100,7040,"[1, 3, 2, 0]",9450,115.75698852539062,False,12.422727292881255,29,0.00283203125
0011000100,7041,"[1, 0, 3, 2]",465,115.77033996582031,True,12.422727292881255,29,0.00283203125
0011000100,7042,"[1, 3, 2, 0]",9450,115.78917503356934,False,12.422727292881255,29,0.00283203125
0011000100,7043,"[1, 0, 3, 2]",465,115.80300331115723,True,12.422727292881255,29,0.00283203125
0011000100,7044,"[1, 3, 2, 0]",9450,115.82064628601074,False,12.422727292881255,29,0.00283203125
0011000100,7045,"[1, 0, 3, 2]",465,115.83447456359863,True,12.422727292881255,29,0.00283203125
0011000100,7046,"[1, 3, 2, 0]",9450,115.85187911987305,False,12.422727292881255,29,0.00283203125
0011000100,7047,"[1, 0, 3, 2]",465,115.86523056030273,True,12.422727292881255,29,0.00283203125
0011000100,7048,"[1, 3, 2, 0]",9450,115.88239669799805,False,12.422727292881255,29,0.00283203125
0011000100,7049,"[1, 0, 3, 2]",465,115.89574813842773,True,12.422727292881255,29,0.00283203125
0011000100,7050,"[1, 3, 2, 0]",9450,115.91291427612305,False,12.422727292881255,29,0.00283203125
0011000100,7051,"[1, 0, 3, 2]",465,115.92650413513184,True,12.422727292881255,29,0.00283203125
0011000100,7052,"[1, 3, 2, 0]",9450,115.94367027282715,False,12.422727292881255,29,0.00283203125
0011000100,7053,"[1, 0, 3, 2]",465,115.95678329467773,True,12.422727292881255,29,0.00283203125
0100100000,7054,"[2, 0, 3, 1]",6200,115.97561836242676,False,14.69267904961742,29,0.00283203125
0100100000,7055,"[2, 0, 1, 3]",500,115.99016189575195,True,14.69267904961742,29,0.00283203125
0100100000,7056,"[2, 0, 3, 1]",6200,116.00780487060547,False,14.69267904961742,29,0.00283203125
0100100000,7057,"[2, 0, 1, 3]",500,116.02163314819336,True,14.69267904961742,29,0.00283203125
0100100000,7058,"[2, 0, 3, 1]",6200,116.03927612304688,False,14.69267904961742,29,0.00283203125
0100100000,7059,"[2, 0, 1, 3]",500,116.05286598205566,True,14.69267904961742,29,0.00283203125
0100100000,7060,"[2, 0, 3, 1]",6200,116.07027053833008,False,14.69267904961742,29,0.00283203125
0100100000,7061,"[2, 0, 1, 3]",500,116.08386039733887,True,14.69267904961742,29,0.00283203125
0100100000,7062,"[2, 0, 3, 1]",6200,116.10126495361328,False,14.69267904961742,29,0.00283203125
0100100000,7063,"[2, 0, 1, 3]",500,116.11390113830566,True,14.69267904961742,29,0.00283203125
0100100000,7064,"[2, 0, 3, 1]",6200,116.13154411315918,False,14.69267904961742,29,0.00283203125
0100100000,7065,"[2, 0, 1, 3]",500,116.14441871643066,True,14.69267904961742,29,0.00283203125
0100100000,7066,"[2, 0, 3, 1]",6200,116.16158485412598,False,14.69267904961742,29,0.00283203125
0100100000,7067,"[2, 0, 1, 3]",500,116.17469787597656,True,14.69267904961742,29,0.00283203125
0100100000,7068,"[2, 0, 3, 1]",6200,116.19210243225098,False,14.69267904961742,29,0.00283203125
0100100000,7069,"[2, 0, 1, 3]",500,116.20521545410156,True,14.69267904961742,29,0.00283203125
0100100000,7070,"[2, 0, 3, 1]",6200,116.22214317321777,False,14.69267904961742,29,0.00283203125
0100100000,7071,"[2, 0, 1, 3]",500,116.23549461364746,True,14.69267904961742,29,0.00283203125
0100100000,7072,"[2, 0, 3, 1]",6200,116.25289916992188,False,14.69267904961742,29,0.00283203125
0100100000,7073,"[2, 0, 1, 3]",500,116.26648902893066,True,14.69267904961742,29,0.00283203125
0100100000,7074,"[2, 0, 3, 1]",6200,116.28365516662598,False,14.69267904961742,29,0.00283203125
0100100000,7075,"[2, 0, 1, 3]",500,116.29962921142578,True,14.69267904961742,29,0.00283203125
0100100000,7076,"[2, 0, 3, 1]",6200,116.3179874420166,False,14.69267904961742,29,0.00283203125
0100100000,7077,"[2, 0, 1, 3]",500,116.33110046386719,True,14.69267904961742,29,0.00283203125
0100100000,7078,"[2, 0, 3, 1]",6200,116.3485050201416,False,14.69267904961742,29,0.00283203125
0100100000,7079,"[2, 0, 1, 3]",500,116.36114120483398,True,14.69267904961742,29,0.00283203125
0100100000,7080,"[2, 0, 3, 1]",6200,116.3787841796875,False,14.69267904961742,29,0.00283203125
0100100000,7081,"[2, 0, 1, 3]",500,116.39142036437988,True,14.69267904961742,29,0.00283203125
0100100000,7082,"[2, 0, 3, 1]",6200,116.4085865020752,False,14.69267904961742,29,0.00283203125
0100100000,7083,"[2, 0, 1, 3]",500,116.42146110534668,True,14.69267904961742,29,0.00283203125
0100100000,7084,"[2, 0, 3, 1]",6200,116.4391040802002,False,14.69267904961742,29,0.00283203125
0100100000,7085,"[2, 0, 1, 3]",500,116.45197868347168,True,14.69267904961742,29,0.00283203125
0100100000,7086,"[2, 0, 3, 1]",6200,116.4696216583252,False,14.69267904961742,29,0.00283203125
0100100000,7087,"[2, 0, 1, 3]",500,116.48225784301758,True,14.69267904961742,29,0.00283203125
0100100000,7088,"[2, 0, 3, 1]",6200,116.49966239929199,False,14.69267904961742,29,0.00283203125
0100100000,7089,"[2, 0, 1, 3]",500,116.51277542114258,True,14.69267904961742,29,0.00283203125
0100100000,7090,"[2, 0, 3, 1]",6200,116.52994155883789,False,14.69267904961742,29,0.00283203125
0100100000,7091,"[2, 0, 1, 3]",500,116.54305458068848,True,14.69267904961742,29,0.00283203125
0100100000,7092,"[2, 0, 3, 1]",6200,116.5616512298584,False,14.69267904961742,29,0.00283203125
0100100000,7093,"[2, 0, 1, 3]",500,116.57524108886719,True,14.69267904961742,29,0.00283203125
0100100000,7094,"[2, 0, 3, 1]",6200,116.5931224822998,False,14.69267904961742,29,0.00283203125
0100100000,7095,"[2, 0, 1, 3]",500,116.60599708557129,True,14.69267904961742,29,0.00283203125
0100100000,7096,"[2, 0, 3, 1]",6200,116.62483215332031,False,14.69267904961742,29,0.00283203125
0100100000,7097,"[2, 0, 1, 3]",500,116.6379451751709,True,14.69267904961742,29,0.00283203125
0100100000,7098,"[2, 0, 3, 1]",6200,116.65582656860352,False,14.69267904961742,29,0.00283203125
0100100000,7099,"[2, 0, 1, 3]",500,116.6689395904541,True,14.69267904961742,29,0.00283203125
0100100000,7100,"[2, 0, 3, 1]",6200,116.68634414672852,False,14.69267904961742,29,0.00283203125
0100100000,7101,"[2, 0, 1, 3]",500,116.6996955871582,True,14.69267904961742,29,0.00283203125
0100100000,7102,"[2, 0, 3, 1]",6200,116.71710014343262,False,14.69267904961742,29,0.00283203125
0100100000,7103,"[2, 0, 1, 3]",500,116.7306900024414,True,14.69267904961742,29,0.00283203125
0100100000,7104,"[2, 0, 3, 1]",6200,116.74809455871582,False,14.69267904961742,29,0.00283203125
0100100000,7105,"[2, 0, 1, 3]",500,116.7609691619873,True,14.69267904961742,29,0.00283203125
0100100000,7106,"[2, 0, 3, 1]",6200,116.77813529968262,False,14.69267904961742,29,0.00283203125
0100100000,7107,"[2, 0, 1, 3]",500,116.790771484375,True,14.69267904961742,29,0.00283203125
0100100000,7108,"[2, 0, 3, 1]",6200,116.80817604064941,False,14.69267904961742,29,0.00283203125
0100100000,7109,"[2, 0, 1, 3]",500,116.8212890625,True,14.69267904961742,29,0.00283203125
0100100000,7110,"[2, 0, 3, 1]",6200,116.83869361877441,False,14.69267904961742,29,0.00283203125
0100100000,7111,"[2, 0, 1, 3]",500,116.851806640625,True,14.69267904961742,29,0.00283203125
0100101111,7112,"[3, 2, 0, 1]",6600,116.86921119689941,False,15.343709070385508,29,0.00283203125
0100101111,7113,"[3, 2, 0, 1]",6600,116.8828010559082,True,15.343709070385508,29,0.00283203125
0100101111,7114,"[3, 2, 0, 1]",6600,116.90044403076172,False,15.343709070385508,29,0.00283203125
0100101111,7115,"[3, 2, 0, 1]",6600,116.9135570526123,True,15.343709070385508,29,0.00283203125
0100101111,7116,"[3, 2, 0, 1]",6600,116.93096160888672,False,15.343709070385508,29,0.00283203125
0100101111,7117,"[3, 2, 0, 1]",6600,116.94574356079102,True,15.343709070385508,29,0.00283203125
0100101111,7118,"[3, 2, 0, 1]",6600,116.96362495422363,False,15.343709070385508,29,0.00283203125
0100101111,7119,"[3, 2, 0, 1]",6600,116.97649955749512,True,15.343709070385508,29,0.00283203125
0100101111,7120,"[3, 2, 0, 1]",6600,116.99390411376953,False,15.343709070385508,29,0.00283203125
0100101111,7121,"[3, 2, 0, 1]",6600,117.00630187988281,True,15.343709070385508,29,0.00283203125
0100101111,7122,"[3, 2, 0, 1]",6600,117.02346801757812,False,15.343709070385508,29,0.00283203125
0100101111,7123,"[3, 2, 0, 1]",6600,117.03634262084961,True,15.343709070385508,29,0.00283203125
0100101111,7124,"[3, 2, 0, 1]",6600,117.05374717712402,False,15.343709070385508,29,0.00283203125
0100101111,7125,"[3, 2, 0, 1]",6600,117.06662178039551,True,15.343709070385508,29,0.00283203125
0100101111,7126,"[3, 2, 0, 1]",6600,117.08378791809082,False,15.343709070385508,29,0.00283203125
0100101111,7127,"[3, 2, 0, 1]",6600,117.0966625213623,True,15.343709070385508,29,0.00283203125
0100101111,7128,"[3, 2, 0, 1]",6600,117.11406707763672,False,15.343709070385508,29,0.00283203125
0100101111,7129,"[3, 2, 0, 1]",6600,117.1269416809082,True,15.343709070385508,29,0.00283203125
0100101111,7130,"[3, 2, 0, 1]",6600,117.14434623718262,False,15.343709070385508,29,0.00283203125
0100101111,7131,"[3, 2, 0, 1]",6600,117.1572208404541,True,15.343709070385508,29,0.00283203125
0100101111,7132,"[3, 2, 0, 1]",6600,117.17438697814941,False,15.343709070385508,29,0.00283203125
0100101111,7133,"[3, 2, 0, 1]",6600,117.1870231628418,True,15.343709070385508,29,0.00283203125
0100101111,7134,"[3, 2, 0, 1]",6600,117.20395088195801,False,15.343709070385508,29,0.00283203125
0100101111,7135,"[3, 2, 0, 1]",6600,117.21682548522949,True,15.343709070385508,29,0.00283203125
0100101111,7136,"[3, 2, 0, 1]",6600,117.2339916229248,False,15.343709070385508,29,0.00283203125
0100101111,7137,"[3, 2, 0, 1]",6600,117.24638938903809,True,15.343709070385508,29,0.00283203125
0100101111,7138,"[3, 2, 0, 1]",6600,117.26522445678711,False,15.343709070385508,29,0.00283203125
0100101111,7139,"[3, 2, 0, 1]",6600,117.2783374786377,True,15.343709070385508,29,0.00283203125
0100101111,7140,"[3, 2, 0, 1]",6600,117.29598045349121,False,15.343709070385508,29,0.00283203125
0100101111,7141,"[3, 2, 0, 1]",6600,117.30837821960449,True,15.343709070385508,29,0.00283203125
0100101111,7142,"[3, 2, 0, 1]",6600,117.3255443572998,False,15.343709070385508,29,0.00283203125
0100101111,7143,"[3, 2, 0, 1]",6600,117.35653877258301,True,15.343709070385508,29,0.00283203125
0100101111,7144,"[3, 2, 0, 1]",6600,117.37513542175293,False,15.343709070385508,29,0.00283203125
0100101111,7145,"[3, 2, 0, 1]",6600,117.38824844360352,True,15.343709070385508,29,0.00283203125
0100101111,7146,"[3, 2, 0, 1]",6600,117.40660667419434,False,15.343709070385508,29,0.00283203125
0100101111,7147,"[3, 2, 0, 1]",6600,117.41948127746582,True,15.343709070385508,29,0.00283203125
0100101111,7148,"[3, 2, 0, 1]",6600,117.43760108947754,False,15.343709070385508,29,0.00283203125
0100101111,7149,"[3, 2, 0, 1]",6600,117.45071411132812,True,15.343709070385508,29,0.00283203125
0100101111,7150,"[3, 2, 0, 1]",6600,117.46883392333984,False,15.343709070385508,29,0.00283203125
0100101111,7151,"[3, 2, 0, 1]",6600,117.50054359436035,True,15.343709070385508,29,0.00283203125
0100101111,7152,"[3, 2, 0, 1]",6600,117.52033233642578,False,15.343709070385508,29,0.00283203125
0100101111,7153,"[3, 2, 0, 1]",6600,117.53416061401367,True,15.343709070385508,29,0.00283203125
0100101111,7154,"[3, 2, 0, 1]",6600,117.5527572631836,False,15.343709070385508,29,0.00283203125
0100101111,7155,"[3, 2, 0, 1]",6600,117.56610870361328,True,15.343709070385508,29,0.00283203125
0100101111,7156,"[3, 2, 0, 1]",6600,117.5839900970459,False,15.343709070385508,29,0.00283203125
0100101111,7157,"[3, 2, 0, 1]",6600,117.59757995605469,True,15.343709070385508,29,0.00283203125
0100101111,7158,"[3, 2, 0, 1]",6600,117.6154613494873,False,15.343709070385508,29,0.00283203125
0100101111,7159,"[3, 2, 0, 1]",6600,117.6304817199707,True,15.343709070385508,29,0.00283203125
0100101111,7160,"[3, 2, 0, 1]",6600,117.64907836914062,False,15.343709070385508,29,0.00283203125
0100101111,7161,"[3, 2, 0, 1]",6600,117.66242980957031,True,15.343709070385508,29,0.00283203125
0100101111,7162,"[3, 2, 0, 1]",6600,117.68078804016113,False,15.343709070385508,29,0.00283203125
0100101111,7163,"[3, 2, 0, 1]",6600,117.69390106201172,True,15.343709070385508,29,0.00283203125
0100101111,7164,"[3, 2, 0, 1]",6600,117.71225929260254,False,15.343709070385508,29,0.00283203125
0100101111,7165,"[3, 2, 0, 1]",6600,117.72537231445312,True,15.343709070385508,29,0.00283203125
0100101111,7166,"[3, 2, 0, 1]",6600,117.74349212646484,False,15.343709070385508,29,0.00283203125
0100101111,7167,"[3, 2, 0, 1]",6600,117.75708198547363,True,15.343709070385508,29,0.00283203125
0100101111,7168,"[3, 2, 0, 1]",6600,117.77496337890625,False,15.343709070385508,29,0.00283203125
0100101111,7169,"[3, 2, 0, 1]",6600,117.78783798217773,True,15.343709070385508,29,0.00283203125
0101111011,7170,"[2, 3, 1, 0]",9600,117.80595779418945,False,15.297951579824826,28,0.002734375
0101111011,7171,"[2, 3, 1, 0]",9600,117.81954765319824,True,15.297951579824826,28,0.002734375
0101111011,7172,"[2, 3, 1, 0]",9600,117.83742904663086,False,15.297951579824826,28,0.002734375
0101111011,7173,"[2, 3, 1, 0]",9600,117.85030364990234,True,15.297951579824826,28,0.002734375
0101111011,7174,"[2, 3, 1, 0]",9600,117.87819862365723,False,15.297951579824826,28,0.002734375
0101111011,7175,"[2, 3, 1, 0]",9600,117.89107322692871,True,15.297951579824826,28,0.002734375
0101111011,7176,"[2, 3, 1, 0]",9600,117.90800094604492,False,15.297951579824826,28,0.002734375
0101111011,7177,"[2, 3, 1, 0]",9600,117.92111396789551,True,15.297951579824826,28,0.002734375
0101111011,7178,"[2, 3, 1, 0]",9600,117.93804168701172,False,15.297951579824826,28,0.002734375
0101111011,7179,"[2, 3, 1, 0]",9600,117.9506778717041,True,15.297951579824826,28,0.002734375
0101111011,7180,"[2, 3, 1, 0]",9600,117.96927452087402,False,15.297951579824826,28,0.002734375
0101111011,7181,"[2, 3, 1, 0]",9600,117.98214912414551,True,15.297951579824826,28,0.002734375
0101111011,7182,"[2, 3, 1, 0]",9600,117.99955368041992,False,15.297951579824826,28,0.002734375
0101111011,7183,"[2, 3, 1, 0]",9600,118.0124282836914,True,15.297951579824826,28,0.002734375
0101111011,7184,"[2, 3, 1, 0]",9600,118.02935600280762,False,15.297951579824826,28,0.002734375
0101111011,7185,"[2, 3, 1, 0]",9600,118.0419921875,True,15.297951579824826,28,0.002734375
0101111011,7186,"[2, 3, 1, 0]",9600,118.05915832519531,False,15.297951579824826,28,0.002734375
0101111011,7187,"[2, 3, 1, 0]",9600,118.0715560913086,True,15.297951579824826,28,0.002734375
0101111011,7188,"[2, 3, 1, 0]",9600,118.0887222290039,False,15.297951579824826,28,0.002734375
0101111011,7189,"[2, 3, 1, 0]",9600,118.10135841369629,True,15.297951579824826,28,0.002734375
0101111011,7190,"[2, 3, 1, 0]",9600,118.1185245513916,False,15.297951579824826,28,0.002734375
0101111011,7191,"[2, 3, 1, 0]",9600,118.13116073608398,True,15.297951579824826,28,0.002734375
0101111011,7192,"[2, 3, 1, 0]",9600,118.1480884552002,False,15.297951579824826,28,0.002734375
0101111011,7193,"[2, 3, 1, 0]",9600,118.16215515136719,True,15.297951579824826,28,0.002734375
0101111011,7194,"[2, 3, 1, 0]",9600,118.1797981262207,False,15.297951579824826,28,0.002734375
0101111011,7195,"[2, 3, 1, 0]",9600,118.19267272949219,True,15.297951579824826,28,0.002734375
0101111011,7196,"[2, 3, 1, 0]",9600,118.2100772857666,False,15.297951579824826,28,0.002734375
0101111011,7197,"[2, 3, 1, 0]",9600,118.22271347045898,True,15.297951579824826,28,0.002734375
0101111011,7198,"[2, 3, 1, 0]",9600,118.2398796081543,False,15.297951579824826,28,0.002734375
0101111011,7199,"[2, 3, 1, 0]",9600,118.2548999786377,True,15.297951579824826,28,0.002734375
0101111011,7200,"[2, 3, 1, 0]",9600,118.27230453491211,False,15.297951579824826,28,0.002734375
0101111011,7201,"[2, 3, 1, 0]",9600,118.2861328125,True,15.297951579824826,28,0.002734375
0101111011,7202,"[2, 3, 1, 0]",9600,118.30496788024902,False,15.297951579824826,28,0.002734375
0101111011,7203,"[2, 3, 1, 0]",9600,118.31831932067871,True,15.297951579824826,28,0.002734375
0101111011,7204,"[2, 3, 1, 0]",9600,118.33596229553223,False,15.297951579824826,28,0.002734375
0101111011,7205,"[2, 3, 1, 0]",9600,118.34859848022461,True,15.297951579824826,28,0.002734375
0101111011,7206,"[2, 3, 1, 0]",9600,118.36576461791992,False,15.297951579824826,28,0.002734375
0101111011,7207,"[2, 3, 1, 0]",9600,118.3779239654541,True,15.297951579824826,28,0.002734375
0101111011,7208,"[2, 3, 1, 0]",9600,118.39532852172852,False,15.297951579824826,28,0.002734375
0101111011,7209,"[2, 3, 1, 0]",9600,118.4079647064209,True,15.297951579824826,28,0.002734375
0101111011,7210,"[2, 3, 1, 0]",9600,118.42536926269531,False,15.297951579824826,28,0.002734375
0101111011,7211,"[2, 3, 1, 0]",9600,118.4380054473877,True,15.297951579824826,28,0.002734375
0101111011,7212,"[2, 3, 1, 0]",9600,118.45517158508301,False,15.297951579824826,28,0.002734375
0101111011,7213,"[2, 3, 1, 0]",9600,118.46780776977539,True,15.297951579824826,28,0.002734375
0101111011,7214,"[2, 3, 1, 0]",9600,118.4847354888916,False,15.297951579824826,28,0.002734375
0101111011,7215,"[2, 3, 1, 0]",9600,118.49737167358398,True,15.297951579824826,28,0.002734375
0101111011,7216,"[2, 3, 1, 0]",9600,118.5145378112793,False,15.297951579824826,28,0.002734375
0101111011,7217,"[2, 3, 1, 0]",9600,118.52717399597168,True,15.297951579824826,28,0.002734375
0101111011,7218,"[2, 3, 1, 0]",9600,118.54434013366699,False,15.297951579824826,28,0.002734375
0101111011,7219,"[2, 3, 1, 0]",9600,118.55721473693848,True,15.297951579824826,28,0.002734375
0101111011,7220,"[2, 3, 1, 0]",9600,118.57461929321289,False,15.297951579824826,28,0.002734375
0101111011,7221,"[2, 3, 1, 0]",9600,118.58749389648438,True,15.297951579824826,28,0.002734375
0101111011,7222,"[2, 3, 1, 0]",9600,118.6060905456543,False,15.297951579824826,28,0.002734375
0101111011,7223,"[2, 3, 1, 0]",9600,118.61944198608398,True,15.297951579824826,28,0.002734375
0101111011,7224,"[2, 3, 1, 0]",9600,118.6368465423584,False,15.297951579824826,28,0.002734375
0101111011,7225,"[2, 3, 1, 0]",9600,118.64995956420898,True,15.297951579824826,28,0.002734375
0000000110,7226,"[3, 2, 1, 0]",9600,118.6671257019043,False,23.18188720114459,28,0.002734375
0000000110,7227,"[3, 2, 1, 0]",9600,118.67976188659668,True,23.18188720114459,28,0.002734375
0000000110,7228,"[3, 2, 1, 0]",9600,118.6971664428711,False,23.18188720114459,28,0.002734375
0000000110,7229,"[3, 2, 1, 0]",9600,118.71004104614258,True,23.18188720114459,28,0.002734375
0000000110,7230,"[3, 2, 1, 0]",9600,118.72720718383789,False,23.18188720114459,28,0.002734375
0000000110,7231,"[3, 2, 1, 0]",9600,118.74008178710938,True,23.18188720114459,28,0.002734375
0000000110,7232,"[3, 2, 1, 0]",9600,118.75772476196289,False,23.18188720114459,28,0.002734375
0000000110,7233,"[3, 2, 1, 0]",9600,118.76988410949707,True,23.18188720114459,28,0.002734375
0000000110,7234,"[3, 2, 1, 0]",9600,118.78728866577148,False,23.18188720114459,28,0.002734375
0000000110,7235,"[3, 2, 1, 0]",9600,118.79992485046387,True,23.18188720114459,28,0.002734375
0000000110,7236,"[3, 2, 1, 0]",9600,118.81709098815918,False,23.18188720114459,28,0.002734375
0000000110,7237,"[3, 2, 1, 0]",9600,118.82972717285156,True,23.18188720114459,28,0.002734375
0000000110,7238,"[3, 2, 1, 0]",9600,118.84641647338867,False,23.18188720114459,28,0.002734375
0000000110,7239,"[3, 2, 1, 0]",9600,118.85881423950195,True,23.18188720114459,28,0.002734375
0000000110,7240,"[3, 2, 1, 0]",9600,118.87598037719727,False,23.18188720114459,28,0.002734375
0000000110,7241,"[3, 2, 1, 0]",9600,118.88885498046875,True,23.18188720114459,28,0.002734375
0000000110,7242,"[3, 2, 1, 0]",9600,118.90625953674316,False,23.18188720114459,28,0.002734375
0000000110,7243,"[3, 2, 1, 0]",9600,118.92056465148926,True,23.18188720114459,28,0.002734375
0000000110,7244,"[3, 2, 1, 0]",9600,118.93987655639648,False,23.18188720114459,28,0.002734375
0000000110,7245,"[3, 2, 1, 0]",9600,118.95322799682617,True,23.18188720114459,28,0.002734375
0000000110,7246,"[3, 2, 1, 0]",9600,118.97110939025879,False,23.18188720114459,28,0.002734375
0000000110,7247,"[3, 2, 1, 0]",9600,118.98398399353027,True,23.18188720114459,28,0.002734375
0000000110,7248,"[3, 2, 1, 0]",9600,119.00138854980469,False,23.18188720114459,28,0.002734375
0000000110,7249,"[3, 2, 1, 0]",9600,119.01450157165527,True,23.18188720114459,28,0.002734375
0000000110,7250,"[3, 2, 1, 0]",9600,119.03166770935059,False,23.18188720114459,28,0.002734375
0000000110,7251,"[3, 2, 1, 0]",9600,119.04454231262207,True,23.18188720114459,28,0.002734375
0000000110,7252,"[3, 2, 1, 0]",9600,119.06170845031738,False,23.18188720114459,28,0.002734375
0000000110,7253,"[3, 2, 1, 0]",9600,119.07434463500977,True,23.18188720114459,28,0.002734375
0000000110,7254,"[3, 2, 1, 0]",9600,119.09151077270508,False,23.18188720114459,28,0.002734375
0000000110,7255,"[3, 2, 1, 0]",9600,119.10438537597656,True,23.18188720114459,28,0.002734375
0000000110,7256,"[3, 2, 1, 0]",9600,119.12178993225098,False,23.18188720114459,28,0.002734375
0000000110,7257,"[3, 2, 1, 0]",9600,119.13394927978516,True,23.18188720114459,28,0.002734375
0000000110,7258,"[3, 2, 1, 0]",9600,119.15135383605957,False,23.18188720114459,28,0.002734375
0000000110,7259,"[3, 2, 1, 0]",9600,119.16399002075195,True,23.18188720114459,28,0.002734375
0000000110,7260,"[3, 2, 1, 0]",9600,119.18139457702637,False,23.18188720114459,28,0.002734375
0000000110,7261,"[3, 2, 1, 0]",9600,119.19379234313965,True,23.18188720114459,28,0.002734375
0000000110,7262,"[3, 2, 1, 0]",9600,119.21072006225586,False,23.18188720114459,28,0.002734375
0000000110,7263,"[3, 2, 1, 0]",9600,119.22335624694824,True,23.18188720114459,28,0.002734375
0000000110,7264,"[3, 2, 1, 0]",9600,119.24171447753906,False,23.18188720114459,28,0.002734375
0000000110,7265,"[3, 2, 1, 0]",9600,119.25458908081055,True,23.18188720114459,28,0.002734375
0000000110,7266,"[3, 2, 1, 0]",9600,119.27223205566406,False,23.18188720114459,28,0.002734375
0000000110,7267,"[3, 2, 1, 0]",9600,119.28486824035645,True,23.18188720114459,28,0.002734375
0000000110,7268,"[3, 2, 1, 0]",9600,119.30227279663086,False,23.18188720114459,28,0.002734375
0000000110,7269,"[3, 2, 1, 0]",9600,119.31467056274414,True,23.18188720114459,28,0.002734375
0000000110,7270,"[3, 2, 1, 0]",9600,119.33207511901855,False,23.18188720114459,28,0.002734375
0000000110,7271,"[3, 2, 1, 0]",9600,119.34494972229004,True,23.18188720114459,28,0.002734375
0000000110,7272,"[3, 2, 1, 0]",9600,119.36235427856445,False,23.18188720114459,28,0.002734375
0000000110,7273,"[3, 2, 1, 0]",9600,119.37522888183594,True,23.18188720114459,28,0.002734375
0000000110,7274,"[3, 2, 1, 0]",9600,119.39239501953125,False,23.18188720114459,28,0.002734375
0000000110,7275,"[3, 2, 1, 0]",9600,119.40503120422363,True,23.18188720114459,28,0.002734375
0000000110,7276,"[3, 2, 1, 0]",9600,119.42195892333984,False,23.18188720114459,28,0.002734375
0000000110,7277,"[3, 2, 1, 0]",9600,119.43459510803223,True,23.18188720114459,28,0.002734375
0000000110,7278,"[3, 2, 1, 0]",9600,119.45176124572754,False,23.18188720114459,28,0.002734375
0000000110,7279,"[3, 2, 1, 0]",9600,119.46415901184082,True,23.18188720114459,28,0.002734375
0000000110,7280,"[3, 2, 1, 0]",9600,119.48108673095703,False,23.18188720114459,28,0.002734375
0000000110,7281,"[3, 2, 1, 0]",9600,119.49396133422852,True,23.18188720114459,28,0.002734375
1101111000,7282,"[2, 0, 3, 1]",6200,119.51136589050293,False,30.36479909079874,28,0.002734375
1101111000,7283,"[2, 0, 1, 3]",500,119.52471733093262,True,30.36479909079874,28,0.002734375
1101111000,7284,"[2, 0, 3, 1]",6200,119.54236030578613,False,30.36479909079874,28,0.002734375
1101111000,7285,"[2, 0, 1, 3]",500,119.55785751342773,True,30.36479909079874,28,0.002734375
1101111000,7286,"[2, 0, 3, 1]",6200,119.57621574401855,False,30.36479909079874,28,0.002734375
1101111000,7287,"[2, 0, 1, 3]",500,119.58909034729004,True,30.36479909079874,28,0.002734375
1101111000,7288,"[2, 0, 3, 1]",6200,119.60673332214355,False,30.36479909079874,28,0.002734375
1101111000,7289,"[2, 0, 1, 3]",500,119.61984634399414,True,30.36479909079874,28,0.002734375
1101111000,7290,"[2, 0, 3, 1]",6200,119.63725090026855,False,30.36479909079874,28,0.002734375
1101111000,7291,"[2, 0, 1, 3]",500,119.65012550354004,True,30.36479909079874,28,0.002734375
1101111000,7292,"[2, 0, 3, 1]",6200,119.66753005981445,False,30.36479909079874,28,0.002734375
1101111000,7293,"[2, 0, 1, 3]",500,119.68088150024414,True,30.36479909079874,28,0.002734375
1101111000,7294,"[2, 0, 3, 1]",6200,119.70019340515137,False,30.36479909079874,28,0.002734375
1101111000,7295,"[2, 0, 1, 3]",500,119.71426010131836,True,30.36479909079874,28,0.002734375
1101111000,7296,"[2, 0, 3, 1]",6200,119.73237991333008,False,30.36479909079874,28,0.002734375
1101111000,7297,"[2, 0, 1, 3]",500,119.74549293518066,True,30.36479909079874,28,0.002734375
1101111000,7298,"[2, 0, 3, 1]",6200,119.76313591003418,False,30.36479909079874,28,0.002734375
1101111000,7299,"[2, 0, 1, 3]",500,119.77648735046387,True,30.36479909079874,28,0.002734375
1101111000,7300,"[2, 0, 3, 1]",6200,119.79389190673828,False,30.36479909079874,28,0.002734375
1101111000,7301,"[2, 0, 1, 3]",500,119.80724334716797,True,30.36479909079874,28,0.002734375
1101111000,7302,"[2, 0, 3, 1]",6200,119.82464790344238,False,30.36479909079874,28,0.002734375
1101111000,7303,"[2, 0, 1, 3]",500,119.83776092529297,True,30.36479909079874,28,0.002734375
1101111000,7304,"[2, 0, 3, 1]",6200,119.85516548156738,False,30.36479909079874,28,0.002734375
1101111000,7305,"[2, 0, 1, 3]",500,119.86851692199707,True,30.36479909079874,28,0.002734375
1101111000,7306,"[2, 0, 3, 1]",6200,119.8875904083252,False,30.36479909079874,28,0.002734375
1101111000,7307,"[2, 0, 1, 3]",500,119.90094184875488,True,30.36479909079874,28,0.002734375
1101111000,7308,"[2, 0, 3, 1]",6200,119.9188232421875,False,30.36479909079874,28,0.002734375
1101111000,7309,"[2, 0, 1, 3]",500,119.93193626403809,True,30.36479909079874,28,0.002734375
1101111000,7310,"[2, 0, 3, 1]",6200,119.9493408203125,False,30.36479909079874,28,0.002734375
1101111000,7311,"[2, 0, 1, 3]",500,119.96245384216309,True,30.36479909079874,28,0.002734375
1101111000,7312,"[2, 0, 3, 1]",6200,119.9798583984375,False,30.36479909079874,28,0.002734375
1101111000,7313,"[2, 0, 1, 3]",500,119.99273300170898,True,30.36479909079874,28,0.002734375
1101111000,7314,"[2, 0, 3, 1]",6200,120.0101375579834,False,30.36479909079874,28,0.002734375
1101111000,7315,"[2, 0, 1, 3]",500,120.02253532409668,True,30.36479909079874,28,0.002734375
1101111000,7316,"[2, 0, 3, 1]",6200,120.0399398803711,False,30.36479909079874,28,0.002734375
1101111000,7317,"[2, 0, 1, 3]",500,120.05257606506348,True,30.36479909079874,28,0.002734375
1101111000,7318,"[2, 0, 3, 1]",6200,120.06998062133789,False,30.36479909079874,28,0.002734375
1101111000,7319,"[2, 0, 1, 3]",500,120.08261680603027,True,30.36479909079874,28,0.002734375
1101111000,7320,"[2, 0, 3, 1]",6200,120.09978294372559,False,30.36479909079874,28,0.002734375
1101111000,7321,"[2, 0, 1, 3]",500,120.11313438415527,True,30.36479909079874,28,0.002734375
1101111000,7322,"[2, 0, 3, 1]",6200,120.13053894042969,False,30.36479909079874,28,0.002734375
1101111000,7323,"[2, 0, 1, 3]",500,120.14389038085938,True,30.36479909079874,28,0.002734375
1101111000,7324,"[2, 0, 3, 1]",6200,120.16153335571289,False,30.36479909079874,28,0.002734375
1101111000,7325,"[2, 0, 1, 3]",500,120.17488479614258,True,30.36479909079874,28,0.002734375
1101111000,7326,"[2, 0, 3, 1]",6200,120.19228935241699,False,30.36479909079874,28,0.002734375
1101111000,7327,"[2, 0, 1, 3]",500,120.20707130432129,True,30.36479909079874,28,0.002734375
1101111000,7328,"[2, 0, 3, 1]",6200,120.2249526977539,False,30.36479909079874,28,0.002734375
1101111000,7329,"[2, 0, 1, 3]",500,120.23806571960449,True,30.36479909079874,28,0.002734375
1101111000,7330,"[2, 0, 3, 1]",6200,120.2554702758789,False,30.36479909079874,28,0.002734375
1101111000,7331,"[2, 0, 1, 3]",500,120.2688217163086,True,30.36479909079874,28,0.002734375
1101111000,7332,"[2, 0, 3, 1]",6200,120.2859878540039,False,30.36479909079874,28,0.002734375
1101111000,7333,"[2, 0, 1, 3]",500,120.29910087585449,True,30.36479909079874,28,0.002734375
1101111000,7334,"[2, 0, 3, 1]",6200,120.3165054321289,False,30.36479909079874,28,0.002734375
1101111000,7335,"[2, 0, 1, 3]",500,120.32961845397949,True,30.36479909079874,28,0.002734375
1101111000,7336,"[2, 0, 3, 1]",6200,120.34726142883301,False,30.36479909079874,28,0.002734375
1101111000,7337,"[2, 0, 1, 3]",500,120.36013603210449,True,30.36479909079874,28,0.002734375
0011011111,7338,"[3, 1, 2, 0]",9450,120.37801742553711,False,15.460660420281748,28,0.002734375
0011011111,7339,"[3, 1, 0, 2]",900,120.3913688659668,True,15.460660420281748,28,0.002734375
0011011111,7340,"[3, 1, 2, 0]",9450,120.40877342224121,False,15.460660420281748,28,0.002734375
0011011111,7341,"[3, 1, 0, 2]",900,120.4221248626709,True,15.460660420281748,28,0.002734375
0011011111,7342,"[3, 1, 2, 0]",9450,120.43952941894531,False,15.460660420281748,28,0.002734375
0011011111,7343,"[3, 1, 0, 2]",900,120.452880859375,True,15.460660420281748,28,0.002734375
0011011111,7344,"[3, 1, 2, 0]",9450,120.47219276428223,False,15.460660420281748,28,0.002734375
0011011111,7345,"[3, 1, 0, 2]",900,120.48625946044922,True,15.460660420281748,28,0.002734375
0011011111,7346,"[3, 1, 2, 0]",9450,120.50414085388184,False,15.460660420281748,28,0.002734375
0011011111,7347,"[3, 1, 0, 2]",900,120.51749229431152,True,15.460660420281748,28,0.002734375
0011011111,7348,"[3, 1, 2, 0]",9450,120.53632736206055,False,15.460660420281748,28,0.002734375
0011011111,7349,"[3, 1, 0, 2]",900,120.55015563964844,True,15.460660420281748,28,0.002734375
0011011111,7350,"[3, 1, 2, 0]",9450,120.56779861450195,False,15.460660420281748,28,0.002734375
0011011111,7351,"[3, 1, 0, 2]",900,120.58115005493164,True,15.460660420281748,28,0.002734375
0011011111,7352,"[3, 1, 2, 0]",9450,120.59879302978516,False,15.460660420281748,28,0.002734375
0011011111,7353,"[3, 1, 0, 2]",900,120.61190605163574,True,15.460660420281748,28,0.002734375
0011011111,7354,"[3, 1, 2, 0]",9450,120.62954902648926,False,15.460660420281748,28,0.002734375
0011011111,7355,"[3, 1, 0, 2]",900,120.64266204833984,True,15.460660420281748,28,0.002734375
0011011111,7356,"[3, 1, 2, 0]",9450,120.66006660461426,False,15.460660420281748,28,0.002734375
0011011111,7357,"[3, 1, 0, 2]",900,120.67317962646484,True,15.460660420281748,28,0.002734375
0011011111,7358,"[3, 1, 2, 0]",9450,120.69058418273926,False,15.460660420281748,28,0.002734375
0011011111,7359,"[3, 1, 0, 2]",900,120.70345878601074,True,15.460660420281748,28,0.002734375
0011011111,7360,"[3, 1, 2, 0]",9450,120.72086334228516,False,15.460660420281748,28,0.002734375
0011011111,7361,"[3, 1, 0, 2]",900,120.73397636413574,True,15.460660420281748,28,0.002734375
0011011111,7362,"[3, 1, 2, 0]",9450,120.75138092041016,False,15.460660420281748,28,0.002734375
0011011111,7363,"[3, 1, 0, 2]",900,120.76449394226074,True,15.460660420281748,28,0.002734375
0011011111,7364,"[3, 1, 2, 0]",9450,120.78189849853516,False,15.460660420281748,28,0.002734375
0011011111,7365,"[3, 1, 0, 2]",900,120.79501152038574,True,15.460660420281748,28,0.002734375
0011011111,7366,"[3, 1, 2, 0]",9450,120.81265449523926,False,15.460660420281748,28,0.002734375
0011011111,7367,"[3, 1, 0, 2]",900,120.82743644714355,True,15.460660420281748,28,0.002734375
0011011111,7368,"[3, 1, 2, 0]",9450,120.84484100341797,False,15.460660420281748,28,0.002734375
0011011111,7369,"[3, 1, 0, 2]",900,120.85866928100586,True,15.460660420281748,28,0.002734375
0011011111,7370,"[3, 1, 2, 0]",9450,120.87750434875488,False,15.460660420281748,28,0.002734375
0011011111,7371,"[3, 1, 0, 2]",900,120.89085578918457,True,15.460660420281748,28,0.002734375
0011011111,7372,"[3, 1, 2, 0]",9450,120.90849876403809,False,15.460660420281748,28,0.002734375
0011011111,7373,"[3, 1, 0, 2]",900,120.92161178588867,True,15.460660420281748,28,0.002734375
0011011111,7374,"[3, 1, 2, 0]",9450,120.93877792358398,False,15.460660420281748,28,0.002734375
0011011111,7375,"[3, 1, 0, 2]",900,120.95212936401367,True,15.460660420281748,28,0.002734375
0011011111,7376,"[3, 1, 2, 0]",9450,120.96929550170898,False,15.460660420281748,28,0.002734375
0011011111,7377,"[3, 1, 0, 2]",900,120.98240852355957,True,15.460660420281748,28,0.002734375
0011011111,7378,"[3, 1, 2, 0]",9450,120.99981307983398,False,15.460660420281748,28,0.002734375
0011011111,7379,"[3, 1, 0, 2]",900,121.01268768310547,True,15.460660420281748,28,0.002734375
0011011111,7380,"[3, 1, 2, 0]",9450,121.02985382080078,False,15.460660420281748,28,0.002734375
0011011111,7381,"[3, 1, 0, 2]",900,121.04296684265137,True,15.460660420281748,28,0.002734375
0011011111,7382,"[3, 1, 2, 0]",9450,121.05989456176758,False,15.460660420281748,28,0.002734375
0011011111,7383,"[3, 1, 0, 2]",900,121.07300758361816,True,15.460660420281748,28,0.002734375
0011011111,7384,"[3, 1, 2, 0]",9450,121.09017372131348,False,15.460660420281748,28,0.002734375
0011011111,7385,"[3, 1, 0, 2]",900,121.10280990600586,True,15.460660420281748,28,0.002734375
0011011111,7386,"[3, 1, 2, 0]",9450,121.11997604370117,False,15.460660420281748,28,0.002734375
0011011111,7387,"[3, 1, 0, 2]",900,121.51765823364258,True,15.460660420281748,28,0.002734375
0011011111,7388,"[3, 1, 2, 0]",9450,121.54293060302734,False,15.460660420281748,28,0.002734375
0011011111,7389,"[3, 1, 0, 2]",900,121.55699729919434,True,15.460660420281748,28,0.002734375
0011011111,7390,"[3, 1, 2, 0]",9450,121.57773971557617,False,15.460660420281748,28,0.002734375
0011011111,7391,"[3, 1, 0, 2]",900,121.59156799316406,True,15.460660420281748,28,0.002734375
0011011111,7392,"[3, 1, 2, 0]",9450,121.60921096801758,False,15.460660420281748,28,0.002734375
0011011111,7393,"[3, 1, 0, 2]",900,121.62256240844727,True,15.460660420281748,28,0.002734375
0101010001,7394,"[2, 1, 0, 3]",600,121.64139747619629,False,14.136129710583916,28,0.002734375
0101010001,7395,"[2, 1, 0, 3]",600,121.65570259094238,True,14.136129710583916,28,0.002734375
0101010001,7396,"[2, 1, 0, 3]",600,121.673583984375,False,14.136129710583916,28,0.002734375
0101010001,7397,"[2, 1, 0, 3]",600,121.68693542480469,True,14.136129710583916,28,0.002734375
0101010001,7398,"[2, 1, 0, 3]",600,121.7045783996582,False,14.136129710583916,28,0.002734375
0101010001,7399,"[2, 1, 0, 3]",600,121.71769142150879,True,14.136129710583916,28,0.002734375
0101010001,7400,"[2, 1, 0, 3]",600,121.7355728149414,False,14.136129710583916,28,0.002734375
0101010001,7401,"[2, 1, 0, 3]",600,121.74844741821289,True,14.136129710583916,28,0.002734375
0101010001,7402,"[2, 1, 0, 3]",600,121.7658519744873,False,14.136129710583916,28,0.002734375
0101010001,7403,"[2, 1, 0, 3]",600,121.77920341491699,True,14.136129710583916,28,0.002734375
0101010001,7404,"[2, 1, 0, 3]",600,121.7963695526123,False,14.136129710583916,28,0.002734375
0101010001,7405,"[2, 1, 0, 3]",600,121.80948257446289,True,14.136129710583916,28,0.002734375
0101010001,7406,"[2, 1, 0, 3]",600,121.8266487121582,False,14.136129710583916,28,0.002734375
0101010001,7407,"[2, 1, 0, 3]",600,121.83928489685059,True,14.136129710583916,28,0.002734375
0101010001,7408,"[2, 1, 0, 3]",600,121.8569278717041,False,14.136129710583916,28,0.002734375
0101010001,7409,"[2, 1, 0, 3]",600,121.87004089355469,True,14.136129710583916,28,0.002734375
0101010001,7410,"[2, 1, 0, 3]",600,121.8876838684082,False,14.136129710583916,28,0.002734375
0101010001,7411,"[2, 1, 0, 3]",600,121.9029426574707,True,14.136129710583916,28,0.002734375
0101010001,7412,"[2, 1, 0, 3]",600,121.92106246948242,False,14.136129710583916,28,0.002734375
0101010001,7413,"[2, 1, 0, 3]",600,121.93489074707031,True,14.136129710583916,28,0.002734375
0101010001,7414,"[2, 1, 0, 3]",600,121.95229530334473,False,14.136129710583916,28,0.002734375
0101010001,7415,"[2, 1, 0, 3]",600,121.96588516235352,True,14.136129710583916,28,0.002734375
0101010001,7416,"[2, 1, 0, 3]",600,121.98328971862793,False,14.136129710583916,28,0.002734375
0101010001,7417,"[2, 1, 0, 3]",600,121.99664115905762,True,14.136129710583916,28,0.002734375
0101010001,7418,"[2, 1, 0, 3]",600,122.01428413391113,False,14.136129710583916,28,0.002734375
0101010001,7419,"[2, 1, 0, 3]",600,122.02763557434082,True,14.136129710583916,28,0.002734375
0101010001,7420,"[2, 1, 0, 3]",600,122.04504013061523,False,14.136129710583916,28,0.002734375
0101010001,7421,"[2, 1, 0, 3]",600,122.05791473388672,True,14.136129710583916,28,0.002734375
0101010001,7422,"[2, 1, 0, 3]",600,122.07508087158203,False,14.136129710583916,28,0.002734375
0101010001,7423,"[2, 1, 0, 3]",600,122.08819389343262,True,14.136129710583916,28,0.002734375
0101010001,7424,"[2, 1, 0, 3]",600,122.10536003112793,False,14.136129710583916,28,0.002734375
0101010001,7425,"[2, 1, 0, 3]",600,122.11823463439941,True,14.136129710583916,28,0.002734375
0101010001,7426,"[2, 1, 0, 3]",600,122.13587760925293,False,14.136129710583916,28,0.002734375
0101010001,7427,"[2, 1, 0, 3]",600,122.14899063110352,True,14.136129710583916,28,0.002734375
0101010001,7428,"[2, 1, 0, 3]",600,122.16663360595703,False,14.136129710583916,28,0.002734375
0101010001,7429,"[2, 1, 0, 3]",600,122.17950820922852,True,14.136129710583916,28,0.002734375
0101010001,7430,"[2, 1, 0, 3]",600,122.19715118408203,False,14.136129710583916,28,0.002734375
0101010001,7431,"[2, 1, 0, 3]",600,122.21002578735352,True,14.136129710583916,28,0.002734375
0101010001,7432,"[2, 1, 0, 3]",600,122.22886085510254,False,14.136129710583916,28,0.002734375
0101010001,7433,"[2, 1, 0, 3]",600,122.24245071411133,True,14.136129710583916,28,0.002734375
0101010001,7434,"[2, 1, 0, 3]",600,122.26009368896484,False,14.136129710583916,28,0.002734375
0101010001,7435,"[2, 1, 0, 3]",600,122.27296829223633,True,14.136129710583916,28,0.002734375
0101010001,7436,"[2, 1, 0, 3]",600,122.29037284851074,False,14.136129710583916,28,0.002734375
0101010001,7437,"[2, 1, 0, 3]",600,122.30372428894043,True,14.136129710583916,28,0.002734375
0101010001,7438,"[2, 1, 0, 3]",600,122.32089042663574,False,14.136129710583916,28,0.002734375
0101010001,7439,"[2, 1, 0, 3]",600,122.33400344848633,True,14.136129710583916,28,0.002734375
0101010001,7440,"[2, 1, 0, 3]",600,122.35140800476074,False,14.136129710583916,28,0.002734375
0101010001,7441,"[2, 1, 0, 3]",600,122.36475944519043,True,14.136129710583916,28,0.002734375
0101010001,7442,"[2, 1, 0, 3]",600,122.38216400146484,False,14.136129710583916,28,0.002734375
0101010001,7443,"[2, 1, 0, 3]",600,122.39551544189453,True,14.136129710583916,28,0.002734375
0101010001,7444,"[2, 1, 0, 3]",600,122.41291999816895,False,14.136129710583916,28,0.002734375
0101010001,7445,"[2, 1, 0, 3]",600,122.42794036865234,True,14.136129710583916,28,0.002734375
0101010001,7446,"[2, 1, 0, 3]",600,122.44558334350586,False,14.136129710583916,28,0.002734375
0101010001,7447,"[2, 1, 0, 3]",600,122.45893478393555,True,14.136129710583916,28,0.002734375
0101010001,7448,"[2, 1, 0, 3]",600,122.47681617736816,False,14.136129710583916,28,0.002734375
0101010001,7449,"[2, 1, 0, 3]",600,122.48992919921875,True,14.136129710583916,28,0.002734375
1001001101,7450,"[3, 0, 1, 2]",750,122.50733375549316,False,14.869241326287305,28,0.002734375
1001001101,7451,"[3, 0, 1, 2]",750,122.52068519592285,True,14.869241326287305,28,0.002734375
1001001101,7452,"[3, 0, 1, 2]",750,122.53808975219727,False,14.869241326287305,28,0.002734375
1001001101,7453,"[3, 0, 1, 2]",750,122.55239486694336,True,14.869241326287305,28,0.002734375
1001001101,7454,"[3, 0, 1, 2]",750,122.57051467895508,False,14.869241326287305,28,0.002734375
1001001101,7455,"[3, 0, 1, 2]",750,122.58362770080566,True,14.869241326287305,28,0.002734375
1001001101,7456,"[3, 0, 1, 2]",750,122.60103225708008,False,14.869241326287305,28,0.002734375
1001001101,7457,"[3, 0, 1, 2]",750,122.61414527893066,True,14.869241326287305,28,0.002734375
1001001101,7458,"[3, 0, 1, 2]",750,122.63154983520508,False,14.869241326287305,28,0.002734375
1001001101,7459,"[3, 0, 1, 2]",750,122.64418601989746,True,14.869241326287305,28,0.002734375
1001001101,7460,"[3, 0, 1, 2]",750,122.66159057617188,False,14.869241326287305,28,0.002734375
1001001101,7461,"[3, 0, 1, 2]",750,122.67446517944336,True,14.869241326287305,28,0.002734375
1001001101,7462,"[3, 0, 1, 2]",750,122.69186973571777,False,14.869241326287305,28,0.002734375
1001001101,7463,"[3, 0, 1, 2]",750,122.70474433898926,True,14.869241326287305,28,0.002734375
1001001101,7464,"[3, 0, 1, 2]",750,122.72214889526367,False,14.869241326287305,28,0.002734375
1001001101,7465,"[3, 0, 1, 2]",750,122.73478507995605,True,14.869241326287305,28,0.002734375
1001001101,7466,"[3, 0, 1, 2]",750,122.75195121765137,False,14.869241326287305,28,0.002734375
1001001101,7467,"[3, 0, 1, 2]",750,122.76506423950195,True,14.869241326287305,28,0.002734375
1001001101,7468,"[3, 0, 1, 2]",750,122.78246879577637,False,14.869241326287305,28,0.002734375
1001001101,7469,"[3, 0, 1, 2]",750,122.79582023620605,True,14.869241326287305,28,0.002734375
1001001101,7470,"[3, 0, 1, 2]",750,122.81322479248047,False,14.869241326287305,28,0.002734375
1001001101,7471,"[3, 0, 1, 2]",750,122.82633781433105,True,14.869241326287305,28,0.002734375
1001001101,7472,"[3, 0, 1, 2]",750,122.84374237060547,False,14.869241326287305,28,0.002734375
1001001101,7473,"[3, 0, 1, 2]",750,122.85685539245605,True,14.869241326287305,28,0.002734375
1001001101,7474,"[3, 0, 1, 2]",750,122.87521362304688,False,14.869241326287305,28,0.002734375
1001001101,7475,"[3, 0, 1, 2]",750,122.88880348205566,True,14.869241326287305,28,0.002734375
1001001101,7476,"[3, 0, 1, 2]",750,122.90620803833008,False,14.869241326287305,28,0.002734375
1001001101,7477,"[3, 0, 1, 2]",750,122.91932106018066,True,14.869241326287305,28,0.002734375
1001001101,7478,"[3, 0, 1, 2]",750,122.93624877929688,False,14.869241326287305,28,0.002734375
1001001101,7479,"[3, 0, 1, 2]",750,122.94912338256836,True,14.869241326287305,28,0.002734375
1001001101,7480,"[3, 0, 1, 2]",750,122.96676635742188,False,14.869241326287305,28,0.002734375
1001001101,7481,"[3, 0, 1, 2]",750,122.97940254211426,True,14.869241326287305,28,0.002734375
1001001101,7482,"[3, 0, 1, 2]",750,122.99656867980957,False,14.869241326287305,28,0.002734375
1001001101,7483,"[3, 0, 1, 2]",750,123.00920486450195,True,14.869241326287305,28,0.002734375
1001001101,7484,"[3, 0, 1, 2]",750,123.02684783935547,False,14.869241326287305,28,0.002734375
1001001101,7485,"[3, 0, 1, 2]",750,123.03972244262695,True,14.869241326287305,28,0.002734375
1001001101,7486,"[3, 0, 1, 2]",750,123.05688858032227,False,14.869241326287305,28,0.002734375
1001001101,7487,"[3, 0, 1, 2]",750,123.06976318359375,True,14.869241326287305,28,0.002734375
1001001101,7488,"[3, 0, 1, 2]",750,123.08692932128906,False,14.869241326287305,28,0.002734375
1001001101,7489,"[3, 0, 1, 2]",750,123.10004234313965,True,14.869241326287305,28,0.002734375
1001001101,7490,"[3, 0, 1, 2]",750,123.11720848083496,False,14.869241326287305,28,0.002734375
1001001101,7491,"[3, 0, 1, 2]",750,123.12984466552734,True,14.869241326287305,28,0.002734375
1001001101,7492,"[3, 0, 1, 2]",750,123.14701080322266,False,14.869241326287305,28,0.002734375
1001001101,7493,"[3, 0, 1, 2]",750,123.15988540649414,True,14.869241326287305,28,0.002734375
1001001101,7494,"[3, 0, 1, 2]",750,123.17728996276855,False,14.869241326287305,28,0.002734375
1001001101,7495,"[3, 0, 1, 2]",750,123.19636344909668,True,14.869241326287305,28,0.002734375
1001001101,7496,"[3, 0, 1, 2]",750,123.2151985168457,False,14.869241326287305,28,0.002734375
1001001101,7497,"[3, 0, 1, 2]",750,123.22854995727539,True,14.869241326287305,28,0.002734375
1001001101,7498,"[3, 0, 1, 2]",750,123.2461929321289,False,14.869241326287305,28,0.002734375
1001001101,7499,"[3, 0, 1, 2]",750,123.2595443725586,True,14.869241326287305,28,0.002734375
1001001101,7500,"[3, 0, 1, 2]",750,123.27694892883301,False,14.869241326287305,28,0.002734375
1001001101,7501,"[3, 0, 1, 2]",750,123.28982353210449,True,14.869241326287305,28,0.002734375
1001001101,7502,"[3, 0, 1, 2]",750,123.3072280883789,False,14.869241326287305,28,0.002734375
1001001101,7503,"[3, 0, 1, 2]",750,123.32034111022949,True,14.869241326287305,28,0.002734375
1001001101,7504,"[3, 0, 1, 2]",750,123.3375072479248,False,14.869241326287305,28,0.002734375
1001001101,7505,"[3, 0, 1, 2]",750,123.35038185119629,True,14.869241326287305,28,0.002734375
0111110011,7506,"[2, 1, 0, 3]",600,123.3675479888916,False,10.318016911728506,28,0.002734375
0111110011,7507,"[2, 1, 0, 3]",600,123.38042259216309,True,10.318016911728506,28,0.002734375
0111110011,7508,"[2, 1, 0, 3]",600,123.3983039855957,False,10.318016911728506,28,0.002734375
0111110011,7509,"[2, 1, 0, 3]",600,123.41141700744629,True,10.318016911728506,28,0.002734375
0111110011,7510,"[2, 1, 0, 3]",600,123.4290599822998,False,10.318016911728506,28,0.002734375
0111110011,7511,"[2, 1, 0, 3]",600,123.44217300415039,True,10.318016911728506,28,0.002734375
0111110011,7512,"[2, 1, 0, 3]",600,123.4595775604248,False,10.318016911728506,28,0.002734375
0111110011,7513,"[2, 1, 0, 3]",600,123.47269058227539,True,10.318016911728506,28,0.002734375
0111110011,7514,"[2, 1, 0, 3]",600,123.4900951385498,False,10.318016911728506,28,0.002734375
0111110011,7515,"[2, 1, 0, 3]",600,123.50296974182129,True,10.318016911728506,28,0.002734375
0111110011,7516,"[2, 1, 0, 3]",600,123.52156639099121,False,10.318016911728506,28,0.002734375
0111110011,7517,"[2, 1, 0, 3]",600,123.5346794128418,True,10.318016911728506,28,0.002734375
0111110011,7518,"[2, 1, 0, 3]",600,123.55256080627441,False,10.318016911728506,28,0.002734375
0111110011,7519,"[2, 1, 0, 3]",600,123.565673828125,True,10.318016911728506,28,0.002734375
0111110011,7520,"[2, 1, 0, 3]",600,123.58331680297852,False,10.318016911728506,28,0.002734375
0111110011,7521,"[2, 1, 0, 3]",600,123.59619140625,True,10.318016911728506,28,0.002734375
0111110011,7522,"[2, 1, 0, 3]",600,123.61383438110352,False,10.318016911728506,28,0.002734375
0111110011,7523,"[2, 1, 0, 3]",600,123.6269474029541,True,10.318016911728506,28,0.002734375
0111110011,7524,"[2, 1, 0, 3]",600,123.64411354064941,False,10.318016911728506,28,0.002734375
0111110011,7525,"[2, 1, 0, 3]",600,123.6574649810791,True,10.318016911728506,28,0.002734375
0111110011,7526,"[2, 1, 0, 3]",600,123.67486953735352,False,10.318016911728506,28,0.002734375
0111110011,7527,"[2, 1, 0, 3]",600,123.6884593963623,True,10.318016911728506,28,0.002734375
0111110011,7528,"[2, 1, 0, 3]",600,123.70586395263672,False,10.318016911728506,28,0.002734375
0111110011,7529,"[2, 1, 0, 3]",600,123.7189769744873,True,10.318016911728506,28,0.002734375
0111110011,7530,"[2, 1, 0, 3]",600,123.73661994934082,False,10.318016911728506,28,0.002734375
0111110011,7531,"[2, 1, 0, 3]",600,123.7497329711914,True,10.318016911728506,28,0.002734375
0111110011,7532,"[2, 1, 0, 3]",600,123.76713752746582,False,10.318016911728506,28,0.002734375
0111110011,7533,"[2, 1, 0, 3]",600,123.78048896789551,True,10.318016911728506,28,0.002734375
0111110011,7534,"[2, 1, 0, 3]",600,123.79765510559082,False,10.318016911728506,28,0.002734375
0111110011,7535,"[2, 1, 0, 3]",600,123.81267547607422,True,10.318016911728506,28,0.002734375
0111110011,7536,"[2, 1, 0, 3]",600,123.83055686950684,False,10.318016911728506,28,0.002734375
0111110011,7537,"[2, 1, 0, 3]",600,123.84462356567383,True,10.318016911728506,28,0.002734375
0111110011,7538,"[2, 1, 0, 3]",600,123.86441230773926,False,10.318016911728506,28,0.002734375
0111110011,7539,"[2, 1, 0, 3]",600,123.87824058532715,True,10.318016911728506,28,0.002734375
0111110011,7540,"[2, 1, 0, 3]",600,123.89588356018066,False,10.318016911728506,28,0.002734375
0111110011,7541,"[2, 1, 0, 3]",600,123.90899658203125,True,10.318016911728506,28,0.002734375
0111110011,7542,"[2, 1, 0, 3]",600,123.92640113830566,False,10.318016911728506,28,0.002734375
0111110011,7543,"[2, 1, 0, 3]",600,123.93903732299805,True,10.318016911728506,28,0.002734375
0111110011,7544,"[2, 1, 0, 3]",600,123.95644187927246,False,10.318016911728506,28,0.002734375
0111110011,7545,"[2, 1, 0, 3]",600,123.96955490112305,True,10.318016911728506,28,0.002734375
0111110011,7546,"[2, 1, 0, 3]",600,124.01628494262695,False,10.318016911728506,28,0.002734375
0111110011,7547,"[2, 1, 0, 3]",600,124.04108047485352,True,10.318016911728506,28,0.002734375
0111110011,7548,"[2, 1, 0, 3]",600,124.06229972839355,False,10.318016911728506,28,0.002734375
0111110011,7549,"[2, 1, 0, 3]",600,124.07612800598145,True,10.318016911728506,28,0.002734375
0111110011,7550,"[2, 1, 0, 3]",600,124.09400939941406,False,10.318016911728506,28,0.002734375
0111110011,7551,"[2, 1, 0, 3]",600,124.10712242126465,True,10.318016911728506,28,0.002734375
0111110011,7552,"[2, 1, 0, 3]",600,124.12452697753906,False,10.318016911728506,28,0.002734375
0111110011,7553,"[2, 1, 0, 3]",600,124.13811683654785,True,10.318016911728506,28,0.002734375
0111110011,7554,"[2, 1, 0, 3]",600,124.15575981140137,False,10.318016911728506,28,0.002734375
0111110011,7555,"[2, 1, 0, 3]",600,124.16911125183105,True,10.318016911728506,28,0.002734375
0111110011,7556,"[2, 1, 0, 3]",600,124.18651580810547,False,10.318016911728506,28,0.002734375
0111110011,7557,"[2, 1, 0, 3]",600,124.19986724853516,True,10.318016911728506,28,0.002734375
0111110011,7558,"[2, 1, 0, 3]",600,124.21870231628418,False,10.318016911728506,28,0.002734375
0111110011,7559,"[2, 1, 0, 3]",600,124.23253059387207,True,10.318016911728506,28,0.002734375
0111110011,7560,"[2, 1, 0, 3]",600,124.25017356872559,False,10.318016911728506,28,0.002734375
0111110011,7561,"[2, 1, 0, 3]",600,124.26328659057617,True,10.318016911728506,28,0.002734375
0010110101,7562,"[2, 1, 3, 0]",9300,124.28092956542969,False,17.297951579824833,28,0.002734375
0010110101,7563,"[2, 1, 0, 3]",600,124.29428100585938,True,17.297951579824833,28,0.002734375
0010110101,7564,"[2, 1, 3, 0]",9300,124.31216239929199,False,17.297951579824833,28,0.002734375
0010110101,7565,"[2, 1, 0, 3]",600,124.32551383972168,True,17.297951579824833,28,0.002734375
0010110101,7566,"[2, 1, 3, 0]",9300,124.3433952331543,False,17.297951579824833,28,0.002734375
0010110101,7567,"[2, 1, 0, 3]",600,124.35698509216309,True,17.297951579824833,28,0.002734375
0010110101,7568,"[2, 1, 3, 0]",9300,124.3743896484375,False,17.297951579824833,28,0.002734375
0010110101,7569,"[2, 1, 0, 3]",600,124.38797950744629,True,17.297951579824833,28,0.002734375
0010110101,7570,"[2, 1, 3, 0]",9300,124.4053840637207,False,17.297951579824833,28,0.002734375
0010110101,7571,"[2, 1, 0, 3]",600,124.41849708557129,True,17.297951579824833,28,0.002734375
0010110101,7572,"[2, 1, 3, 0]",9300,124.4356632232666,False,17.297951579824833,28,0.002734375
0010110101,7573,"[2, 1, 0, 3]",600,124.44901466369629,True,17.297951579824833,28,0.002734375
0010110101,7574,"[2, 1, 3, 0]",9300,124.4664192199707,False,17.297951579824833,28,0.002734375
0010110101,7575,"[2, 1, 0, 3]",600,124.47977066040039,True,17.297951579824833,28,0.002734375
0010110101,7576,"[2, 1, 3, 0]",9300,124.4971752166748,False,17.297951579824833,28,0.002734375
0010110101,7577,"[2, 1, 0, 3]",600,124.5107650756836,True,17.297951579824833,28,0.002734375
0010110101,7578,"[2, 1, 3, 0]",9300,124.5279312133789,False,17.297951579824833,28,0.002734375
0010110101,7579,"[2, 1, 0, 3]",600,124.5431900024414,True,17.297951579824833,28,0.002734375
0010110101,7580,"[2, 1, 3, 0]",9300,124.56154823303223,False,17.297951579824833,28,0.002734375
0010110101,7581,"[2, 1, 0, 3]",600,124.57466125488281,True,17.297951579824833,28,0.002734375
0010110101,7582,"[2, 1, 3, 0]",9300,124.59254264831543,False,17.297951579824833,28,0.002734375
0010110101,7583,"[2, 1, 0, 3]",600,124.60565567016602,True,17.297951579824833,28,0.002734375
0010110101,7584,"[2, 1, 3, 0]",9300,124.62329864501953,False,17.297951579824833,28,0.002734375
0010110101,7585,"[2, 1, 0, 3]",600,124.63641166687012,True,17.297951579824833,28,0.002734375
0010110101,7586,"[2, 1, 3, 0]",9300,124.65381622314453,False,17.297951579824833,28,0.002734375
0010110101,7587,"[2, 1, 0, 3]",600,124.66716766357422,True,17.297951579824833,28,0.002734375
0010110101,7588,"[2, 1, 3, 0]",9300,124.68457221984863,False,17.297951579824833,28,0.002734375
0010110101,7589,"[2, 1, 0, 3]",600,124.69792366027832,True,17.297951579824833,28,0.002734375
0010110101,7590,"[2, 1, 3, 0]",9300,124.71532821655273,False,17.297951579824833,28,0.002734375
0010110101,7591,"[2, 1, 0, 3]",600,124.72844123840332,True,17.297951579824833,28,0.002734375
0010110101,7592,"[2, 1, 3, 0]",9300,124.74584579467773,False,17.297951579824833,28,0.002734375
0010110101,7593,"[2, 1, 0, 3]",600,124.75919723510742,True,17.297951579824833,28,0.002734375
0010110101,7594,"[2, 1, 3, 0]",9300,124.77684020996094,False,17.297951579824833,28,0.002734375
0010110101,7595,"[2, 1, 0, 3]",600,124.78971481323242,True,17.297951579824833,28,0.002734375
0010110101,7596,"[2, 1, 3, 0]",9300,124.80902671813965,False,17.297951579824833,28,0.002734375
0010110101,7597,"[2, 1, 0, 3]",600,124.82309341430664,True,17.297951579824833,28,0.002734375
0010110101,7598,"[2, 1, 3, 0]",9300,124.84121322631836,False,17.297951579824833,28,0.002734375
0010110101,7599,"[2, 1, 0, 3]",600,124.85432624816895,True,17.297951579824833,28,0.002734375
0010110101,7600,"[2, 1, 3, 0]",9300,124.87316131591797,False,17.297951579824833,28,0.002734375
0010110101,7601,"[2, 1, 0, 3]",600,124.88675117492676,True,17.297951579824833,28,0.002734375
0010110101,7602,"[2, 1, 3, 0]",9300,124.90463256835938,False,17.297951579824833,28,0.002734375
0010110101,7603,"[2, 1, 0, 3]",600,124.91774559020996,True,17.297951579824833,28,0.002734375
0010110101,7604,"[2, 1, 3, 0]",9300,124.93538856506348,False,17.297951579824833,28,0.002734375
0010110101,7605,"[2, 1, 0, 3]",600,124.94850158691406,True,17.297951579824833,28,0.002734375
0010110101,7606,"[2, 1, 3, 0]",9300,124.96590614318848,False,17.297951579824833,28,0.002734375
0010110101,7607,"[2, 1, 0, 3]",600,124.97925758361816,True,17.297951579824833,28,0.002734375
0010110101,7608,"[2, 1, 3, 0]",9300,124.99690055847168,False,17.297951579824833,28,0.002734375
0010110101,7609,"[2, 1, 0, 3]",600,125.01025199890137,True,17.297951579824833,28,0.002734375
0010110101,7610,"[2, 1, 3, 0]",9300,125.02765655517578,False,17.297951579824833,28,0.002734375
0010110101,7611,"[2, 1, 0, 3]",600,125.04100799560547,True,17.297951579824833,28,0.002734375
0010110101,7612,"[2, 1, 3, 0]",9300,125.07462501525879,False,17.297951579824833,28,0.002734375
0010110101,7613,"[2, 1, 0, 3]",600,125.08845329284668,True,17.297951579824833,28,0.002734375
0010110101,7614,"[2, 1, 3, 0]",9300,125.1068115234375,False,17.297951579824833,28,0.002734375
0010110101,7615,"[2, 1, 0, 3]",600,125.12063980102539,True,17.297951579824833,28,0.002734375
0010110101,7616,"[2, 1, 3, 0]",9300,125.13875961303711,False,17.297951579824833,28,0.002734375
0010110101,7617,"[2, 1, 0, 3]",600,125.152587890625,True,17.297951579824833,28,0.002734375
0110010110,7618,"[1, 3, 2, 0]",9450,125.17094612121582,False,20.305435002291304,27,0.00263671875
0110010110,7619,"[1, 0, 3, 2]",465,125.18525123596191,True,20.305435002291304,27,0.00263671875
0110010110,7620,"[1, 3, 2, 0]",9450,125.20360946655273,False,20.305435002291304,27,0.00263671875
0110010110,7621,"[1, 0, 3, 2]",465,125.21910667419434,True,20.305435002291304,27,0.00263671875
0110010110,7622,"[1, 3, 2, 0]",9450,125.23794174194336,False,20.305435002291304,27,0.00263671875
0110010110,7623,"[1, 0, 3, 2]",465,125.25153160095215,True,20.305435002291304,27,0.00263671875
0110010110,7624,"[1, 3, 2, 0]",9450,125.26988983154297,False,20.305435002291304,27,0.00263671875
0110010110,7625,"[1, 0, 3, 2]",465,125.28371810913086,True,20.305435002291304,27,0.00263671875
0110010110,7626,"[1, 3, 2, 0]",9450,125.30183792114258,False,20.305435002291304,27,0.00263671875
0110010110,7627,"[1, 0, 3, 2]",465,125.31542778015137,True,20.305435002291304,27,0.00263671875
0110010110,7628,"[1, 3, 2, 0]",9450,125.33354759216309,False,20.305435002291304,27,0.00263671875
0110010110,7629,"[1, 0, 3, 2]",465,125.34713745117188,True,20.305435002291304,27,0.00263671875
0110010110,7630,"[1, 3, 2, 0]",9450,125.36501884460449,False,20.305435002291304,27,0.00263671875
0110010110,7631,"[1, 0, 3, 2]",465,125.37860870361328,True,20.305435002291304,27,0.00263671875
0110010110,7632,"[1, 3, 2, 0]",9450,125.396728515625,False,20.305435002291304,27,0.00263671875
0110010110,7633,"[1, 0, 3, 2]",465,125.41055679321289,True,20.305435002291304,27,0.00263671875
0110010110,7634,"[1, 3, 2, 0]",9450,125.42867660522461,False,20.305435002291304,27,0.00263671875
0110010110,7635,"[1, 0, 3, 2]",465,125.4425048828125,True,20.305435002291304,27,0.00263671875
0110010110,7636,"[1, 3, 2, 0]",9450,125.46062469482422,False,20.305435002291304,27,0.00263671875
0110010110,7637,"[1, 0, 3, 2]",465,125.47469139099121,True,20.305435002291304,27,0.00263671875
0110010110,7638,"[1, 3, 2, 0]",9450,125.49781799316406,False,20.305435002291304,27,0.00263671875
0110010110,7639,"[1, 0, 3, 2]",465,125.51188468933105,True,20.305435002291304,27,0.00263671875
0110010110,7640,"[1, 3, 2, 0]",9450,125.53048133850098,False,20.305435002291304,27,0.00263671875
0110010110,7641,"[1, 0, 3, 2]",465,125.54430961608887,True,20.305435002291304,27,0.00263671875
0110010110,7642,"[1, 3, 2, 0]",9450,125.5636215209961,False,20.305435002291304,27,0.00263671875
0110010110,7643,"[1, 0, 3, 2]",465,125.57792663574219,True,20.305435002291304,27,0.00263671875
0110010110,7644,"[1, 3, 2, 0]",9450,125.59628486633301,False,20.305435002291304,27,0.00263671875
0110010110,7645,"[1, 0, 3, 2]",465,125.6101131439209,True,20.305435002291304,27,0.00263671875
0110010110,7646,"[1, 3, 2, 0]",9450,125.62942504882812,False,20.305435002291304,27,0.00263671875
0110010110,7647,"[1, 0, 3, 2]",465,125.64396858215332,True,20.305435002291304,27,0.00263671875
0110010110,7648,"[1, 3, 2, 0]",9450,125.66304206848145,False,20.305435002291304,27,0.00263671875
0110010110,7649,"[1, 0, 3, 2]",465,125.67687034606934,True,20.305435002291304,27,0.00263671875
0110010110,7650,"[1, 3, 2, 0]",9450,125.69475173950195,False,20.305435002291304,27,0.00263671875
0110010110,7651,"[1, 0, 3, 2]",465,125.70858001708984,True,20.305435002291304,27,0.00263671875
0110010110,7652,"[1, 3, 2, 0]",9450,125.72646141052246,False,20.305435002291304,27,0.00263671875
0110010110,7653,"[1, 0, 3, 2]",465,125.74005126953125,True,20.305435002291304,27,0.00263671875
0110010110,7654,"[1, 3, 2, 0]",9450,125.75817108154297,False,20.305435002291304,27,0.00263671875
0110010110,7655,"[1, 0, 3, 2]",465,125.77176094055176,True,20.305435002291304,27,0.00263671875
0110010110,7656,"[1, 3, 2, 0]",9450,125.78964233398438,False,20.305435002291304,27,0.00263671875
0110010110,7657,"[1, 0, 3, 2]",465,125.80323219299316,True,20.305435002291304,27,0.00263671875
0110010110,7658,"[1, 3, 2, 0]",9450,125.82159042358398,False,20.305435002291304,27,0.00263671875
0110010110,7659,"[1, 0, 3, 2]",465,125.83541870117188,True,20.305435002291304,27,0.00263671875
0110010110,7660,"[1, 3, 2, 0]",9450,125.85330009460449,False,20.305435002291304,27,0.00263671875
0110010110,7661,"[1, 0, 3, 2]",465,125.86712837219238,True,20.305435002291304,27,0.00263671875
0110010110,7662,"[1, 3, 2, 0]",9450,125.8852481842041,False,20.305435002291304,27,0.00263671875
0110010110,7663,"[1, 0, 3, 2]",465,125.9005069732666,True,20.305435002291304,27,0.00263671875
0110010110,7664,"[1, 3, 2, 0]",9450,125.91958045959473,False,20.305435002291304,27,0.00263671875
0110010110,7665,"[1, 0, 3, 2]",465,125.93364715576172,True,20.305435002291304,27,0.00263671875
0110010110,7666,"[1, 3, 2, 0]",9450,125.95152854919434,False,20.305435002291304,27,0.00263671875
0110010110,7667,"[1, 0, 3, 2]",465,125.96511840820312,True,20.305435002291304,27,0.00263671875
0110010110,7668,"[1, 3, 2, 0]",9450,125.98299980163574,False,20.305435002291304,27,0.00263671875
0110010110,7669,"[1, 0, 3, 2]",465,125.99682807922363,True,20.305435002291304,27,0.00263671875
0110010110,7670,"[1, 3, 2, 0]",9450,126.01447105407715,False,20.305435002291304,27,0.00263671875
0110010110,7671,"[1, 0, 3, 2]",465,126.02829933166504,True,20.305435002291304,27,0.00263671875
1110000010,7672,"[0, 1, 3, 2]",465,126.04665756225586,False,12.383190649627178,27,0.00263671875
1110000010,7673,"[0, 1, 3, 2]",465,126.06072425842285,True,12.383190649627178,27,0.00263671875
1110000010,7674,"[0, 1, 3, 2]",465,126.07884407043457,False,12.383190649627178,27,0.00263671875
1110000010,7675,"[0, 1, 3, 2]",465,126.09243392944336,True,12.383190649627178,27,0.00263671875
1110000010,7676,"[0, 1, 3, 2]",465,126.11055374145508,False,12.383190649627178,27,0.00263671875
1110000010,7677,"[0, 1, 3, 2]",465,126.12390518188477,True,12.383190649627178,27,0.00263671875
1110000010,7678,"[0, 1, 3, 2]",465,126.14178657531738,False,12.383190649627178,27,0.00263671875
1110000010,7679,"[0, 1, 3, 2]",465,126.15513801574707,True,12.383190649627178,27,0.00263671875
1110000010,7680,"[0, 1, 3, 2]",465,126.17301940917969,False,12.383190649627178,27,0.00263671875
1110000010,7681,"[0, 1, 3, 2]",465,126.18637084960938,True,12.383190649627178,27,0.00263671875
1110000010,7682,"[0, 1, 3, 2]",465,126.20401382446289,False,12.383190649627178,27,0.00263671875
1110000010,7683,"[0, 1, 3, 2]",465,126.21736526489258,True,12.383190649627178,27,0.00263671875
1110000010,7684,"[0, 1, 3, 2]",465,126.2369155883789,False,12.383190649627178,27,0.00263671875
1110000010,7685,"[0, 1, 3, 2]",465,126.2505054473877,True,12.383190649627178,27,0.00263671875
1110000010,7686,"[0, 1, 3, 2]",465,126.27911567687988,False,12.383190649627178,27,0.00263671875
1110000010,7687,"[0, 1, 3, 2]",465,126.29222869873047,True,12.383190649627178,27,0.00263671875
1110000010,7688,"[0, 1, 3, 2]",465,126.30939483642578,False,12.383190649627178,27,0.00263671875
1110000010,7689,"[0, 1, 3, 2]",465,126.32226943969727,True,12.383190649627178,27,0.00263671875
1110000010,7690,"[0, 1, 3, 2]",465,126.33919715881348,False,12.383190649627178,27,0.00263671875
1110000010,7691,"[0, 1, 3, 2]",465,126.35183334350586,True,12.383190649627178,27,0.00263671875
1110000010,7692,"[0, 1, 3, 2]",465,126.36876106262207,False,12.383190649627178,27,0.00263671875
1110000010,7693,"[0, 1, 3, 2]",465,126.38163566589355,True,12.383190649627178,27,0.00263671875
1110000010,7694,"[0, 1, 3, 2]",465,126.39880180358887,False,12.383190649627178,27,0.00263671875
1110000010,7695,"[0, 1, 3, 2]",465,126.41119956970215,True,12.383190649627178,27,0.00263671875
1110000010,7696,"[0, 1, 3, 2]",465,126.42836570739746,False,12.383190649627178,27,0.00263671875
1110000010,7697,"[0, 1, 3, 2]",465,126.44314765930176,True,12.383190649627178,27,0.00263671875
1110000010,7698,"[0, 1, 3, 2]",465,126.46079063415527,False,12.383190649627178,27,0.00263671875
1110000010,7699,"[0, 1, 3, 2]",465,126.47318840026855,True,12.383190649627178,27,0.00263671875
1110000010,7700,"[0, 1, 3, 2]",465,126.49059295654297,False,12.383190649627178,27,0.00263671875
1110000010,7701,"[0, 1, 3, 2]",465,126.50322914123535,True,12.383190649627178,27,0.00263671875
1110000010,7702,"[0, 1, 3, 2]",465,126.52039527893066,False,12.383190649627178,27,0.00263671875
1110000010,7703,"[0, 1, 3, 2]",465,126.53541564941406,True,12.383190649627178,27,0.00263671875
1110000010,7704,"[0, 1, 3, 2]",465,126.55282020568848,False,12.383190649627178,27,0.00263671875
1110000010,7705,"[0, 1, 3, 2]",465,126.56617164611816,True,12.383190649627178,27,0.00263671875
1110000010,7706,"[0, 1, 3, 2]",465,126.58524513244629,False,12.383190649627178,27,0.00263671875
1110000010,7707,"[0, 1, 3, 2]",465,126.59788131713867,True,12.383190649627178,27,0.00263671875
1110000010,7708,"[0, 1, 3, 2]",465,126.61528587341309,False,12.383190649627178,27,0.00263671875
1110000010,7709,"[0, 1, 3, 2]",465,126.62816047668457,True,12.383190649627178,27,0.00263671875
1110000010,7710,"[0, 1, 3, 2]",465,126.64532661437988,False,12.383190649627178,27,0.00263671875
1110000010,7711,"[0, 1, 3, 2]",465,126.65772438049316,True,12.383190649627178,27,0.00263671875
1110000010,7712,"[0, 1, 3, 2]",465,126.67489051818848,False,12.383190649627178,27,0.00263671875
1110000010,7713,"[0, 1, 3, 2]",465,126.68776512145996,True,12.383190649627178,27,0.00263671875
1110000010,7714,"[0, 1, 3, 2]",465,126.70493125915527,False,12.383190649627178,27,0.00263671875
1110000010,7715,"[0, 1, 3, 2]",465,126.71804428100586,True,12.383190649627178,27,0.00263671875
1110000010,7716,"[0, 1, 3, 2]",465,126.73521041870117,False,12.383190649627178,27,0.00263671875
1110000010,7717,"[0, 1, 3, 2]",465,126.74784660339355,True,12.383190649627178,27,0.00263671875
1110000010,7718,"[0, 1, 3, 2]",465,126.76453590393066,False,12.383190649627178,27,0.00263671875
1110000010,7719,"[0, 1, 3, 2]",465,126.77741050720215,True,12.383190649627178,27,0.00263671875
1110000010,7720,"[0, 1, 3, 2]",465,126.79433822631836,False,12.383190649627178,27,0.00263671875
1110000010,7721,"[0, 1, 3, 2]",465,126.80697441101074,True,12.383190649627178,27,0.00263671875
1110000010,7722,"[0, 1, 3, 2]",465,126.82414054870605,False,12.383190649627178,27,0.00263671875
1110000010,7723,"[0, 1, 3, 2]",465,126.83701515197754,True,12.383190649627178,27,0.00263671875
1110000010,7724,"[0, 1, 3, 2]",465,126.85441970825195,False,12.383190649627178,27,0.00263671875
1110000010,7725,"[0, 1, 3, 2]",465,126.86705589294434,True,12.383190649627178,27,0.00263671875
0100100100,7726,"[2, 3, 0, 1]",6600,126.88612937927246,False,13.828808760201333,26,0.0025390625
0100100100,7727,"[2, 3, 0, 1]",6600,126.90019607543945,True,13.828808760201333,26,0.0025390625
0100100100,7728,"[2, 3, 0, 1]",6600,126.91783905029297,False,13.828808760201333,26,0.0025390625
0100100100,7729,"[2, 3, 0, 1]",6600,126.93119049072266,True,13.828808760201333,26,0.0025390625
0100100100,7730,"[2, 3, 0, 1]",6600,126.94859504699707,False,13.828808760201333,26,0.0025390625
0100100100,7731,"[2, 3, 0, 1]",6600,126.96170806884766,True,13.828808760201333,26,0.0025390625
0100100100,7732,"[2, 3, 0, 1]",6600,126.97911262512207,False,13.828808760201333,26,0.0025390625
0100100100,7733,"[2, 3, 0, 1]",6600,126.99198722839355,True,13.828808760201333,26,0.0025390625
0100100100,7734,"[2, 3, 0, 1]",6600,127.00915336608887,False,13.828808760201333,26,0.0025390625
0100100100,7735,"[2, 3, 0, 1]",6600,127.0444393157959,True,13.828808760201333,26,0.0025390625
0100100100,7736,"[2, 3, 0, 1]",6600,127.06255912780762,False,13.828808760201333,26,0.0025390625
0100100100,7737,"[2, 3, 0, 1]",6600,127.0754337310791,True,13.828808760201333,26,0.0025390625
0100100100,7738,"[2, 3, 0, 1]",6600,127.09307670593262,False,13.828808760201333,26,0.0025390625
0100100100,7739,"[2, 3, 0, 1]",6600,127.1059513092041,True,13.828808760201333,26,0.0025390625
0100100100,7740,"[2, 3, 0, 1]",6600,127.12335586547852,False,13.828808760201333,26,0.0025390625
0100100100,7741,"[2, 3, 0, 1]",6600,127.1359920501709,True,13.828808760201333,26,0.0025390625
0100100100,7742,"[2, 3, 0, 1]",6600,127.15315818786621,False,13.828808760201333,26,0.0025390625
0100100100,7743,"[2, 3, 0, 1]",6600,127.1657943725586,True,13.828808760201333,26,0.0025390625
0100100100,7744,"[2, 3, 0, 1]",6600,127.1827220916748,False,13.828808760201333,26,0.0025390625
0100100100,7745,"[2, 3, 0, 1]",6600,127.19535827636719,True,13.828808760201333,26,0.0025390625
0100100100,7746,"[2, 3, 0, 1]",6600,127.2122859954834,False,13.828808760201333,26,0.0025390625
0100100100,7747,"[2, 3, 0, 1]",6600,127.2275447845459,True,13.828808760201333,26,0.0025390625
0100100100,7748,"[2, 3, 0, 1]",6600,127.24709510803223,False,13.828808760201333,26,0.0025390625
0100100100,7749,"[2, 3, 0, 1]",6600,127.26020812988281,True,13.828808760201333,26,0.0025390625
0100100100,7750,"[2, 3, 0, 1]",6600,127.27785110473633,False,13.828808760201333,26,0.0025390625
0100100100,7751,"[2, 3, 0, 1]",6600,127.29048728942871,True,13.828808760201333,26,0.0025390625
0100100100,7752,"[2, 3, 0, 1]",6600,127.30765342712402,False,13.828808760201333,26,0.0025390625
0100100100,7753,"[2, 3, 0, 1]",6600,127.3202896118164,True,13.828808760201333,26,0.0025390625
0100100100,7754,"[2, 3, 0, 1]",6600,127.33721733093262,False,13.828808760201333,26,0.0025390625
0100100100,7755,"[2, 3, 0, 1]",6600,127.349853515625,True,13.828808760201333,26,0.0025390625
0100100100,7756,"[2, 3, 0, 1]",6600,127.36678123474121,False,13.828808760201333,26,0.0025390625
0100100100,7757,"[2, 3, 0, 1]",6600,127.37917900085449,True,13.828808760201333,26,0.0025390625
0100100100,7758,"[2, 3, 0, 1]",6600,127.3961067199707,False,13.828808760201333,26,0.0025390625
0100100100,7759,"[2, 3, 0, 1]",6600,127.40898132324219,True,13.828808760201333,26,0.0025390625
0100100100,7760,"[2, 3, 0, 1]",6600,127.4261474609375,False,13.828808760201333,26,0.0025390625
0100100100,7761,"[2, 3, 0, 1]",6600,127.43878364562988,True,13.828808760201333,26,0.0025390625
0100100100,7762,"[2, 3, 0, 1]",6600,127.4557113647461,False,13.828808760201333,26,0.0025390625
0100100100,7763,"[2, 3, 0, 1]",6600,127.46858596801758,True,13.828808760201333,26,0.0025390625
0100100100,7764,"[2, 3, 0, 1]",6600,127.48551368713379,False,13.828808760201333,26,0.0025390625
0100100100,7765,"[2, 3, 0, 1]",6600,127.49862670898438,True,13.828808760201333,26,0.0025390625
0100100100,7766,"[2, 3, 0, 1]",6600,127.51531600952148,False,13.828808760201333,26,0.0025390625
0100100100,7767,"[2, 3, 0, 1]",6600,127.52842903137207,True,13.828808760201333,26,0.0025390625
0100100100,7768,"[2, 3, 0, 1]",6600,127.54702568054199,False,13.828808760201333,26,0.0025390625
0100100100,7769,"[2, 3, 0, 1]",6600,127.55990028381348,True,13.828808760201333,26,0.0025390625
0100100100,7770,"[2, 3, 0, 1]",6600,127.57706642150879,False,13.828808760201333,26,0.0025390625
0100100100,7771,"[2, 3, 0, 1]",6600,127.58946418762207,True,13.828808760201333,26,0.0025390625
0100100100,7772,"[2, 3, 0, 1]",6600,127.60663032531738,False,13.828808760201333,26,0.0025390625
0100100100,7773,"[2, 3, 0, 1]",6600,127.61902809143066,True,13.828808760201333,26,0.0025390625
0100100100,7774,"[2, 3, 0, 1]",6600,127.63619422912598,False,13.828808760201333,26,0.0025390625
0100100100,7775,"[2, 3, 0, 1]",6600,127.64859199523926,True,13.828808760201333,26,0.0025390625
0100100100,7776,"[2, 3, 0, 1]",6600,127.66551971435547,False,13.828808760201333,26,0.0025390625
0100100100,7777,"[2, 3, 0, 1]",6600,127.67767906188965,True,13.828808760201333,26,0.0025390625
1100011000,7778,"[0, 3, 2, 1]",6300,127.69460678100586,False,15.430868751529296,26,0.0025390625
1100011000,7779,"[0, 1, 3, 2]",465,127.70795822143555,True,15.430868751529296,26,0.0025390625
1100011000,7780,"[0, 3, 2, 1]",6300,127.72512435913086,False,15.430868751529296,26,0.0025390625
1100011000,7781,"[0, 1, 3, 2]",465,127.73823738098145,True,15.430868751529296,26,0.0025390625
1100011000,7782,"[0, 3, 2, 1]",6300,127.75564193725586,False,15.430868751529296,26,0.0025390625
1100011000,7783,"[0, 1, 3, 2]",465,127.76827812194824,True,15.430868751529296,26,0.0025390625
1100011000,7784,"[0, 3, 2, 1]",6300,127.78544425964355,False,15.430868751529296,26,0.0025390625
1100011000,7785,"[0, 1, 3, 2]",465,127.79879570007324,True,15.430868751529296,26,0.0025390625
1100011000,7786,"[0, 3, 2, 1]",6300,127.81596183776855,False,15.430868751529296,26,0.0025390625
1100011000,7787,"[0, 1, 3, 2]",465,127.82907485961914,True,15.430868751529296,26,0.0025390625
1100011000,7788,"[0, 3, 2, 1]",6300,127.84624099731445,False,15.430868751529296,26,0.0025390625
1100011000,7789,"[0, 1, 3, 2]",465,127.86078453063965,True,15.430868751529296,26,0.0025390625
1100011000,7790,"[0, 3, 2, 1]",6300,127.87842750549316,False,15.430868751529296,26,0.0025390625
1100011000,7791,"[0, 1, 3, 2]",465,127.89154052734375,True,15.430868751529296,26,0.0025390625
1100011000,7792,"[0, 3, 2, 1]",6300,127.90870666503906,False,15.430868751529296,26,0.0025390625
1100011000,7793,"[0, 1, 3, 2]",465,127.92134284973145,True,15.430868751529296,26,0.0025390625
1100011000,7794,"[0, 3, 2, 1]",6300,127.93827056884766,False,15.430868751529296,26,0.0025390625
1100011000,7795,"[0, 1, 3, 2]",465,127.95114517211914,True,15.430868751529296,26,0.0025390625
1100011000,7796,"[0, 3, 2, 1]",6300,127.96831130981445,False,15.430868751529296,26,0.0025390625
1100011000,7797,"[0, 1, 3, 2]",465,127.98094749450684,True,15.430868751529296,26,0.0025390625
1100011000,7798,"[0, 3, 2, 1]",6300,128.00002098083496,False,15.430868751529296,26,0.0025390625
1100011000,7799,"[0, 1, 3, 2]",465,128.01337242126465,True,15.430868751529296,26,0.0025390625
1100011000,7800,"[0, 3, 2, 1]",6300,128.03101539611816,False,15.430868751529296,26,0.0025390625
1100011000,7801,"[0, 1, 3, 2]",465,128.04436683654785,True,15.430868751529296,26,0.0025390625
1100011000,7802,"[0, 3, 2, 1]",6300,128.06177139282227,False,15.430868751529296,26,0.0025390625
1100011000,7803,"[0, 1, 3, 2]",465,128.07464599609375,True,15.430868751529296,26,0.0025390625
1100011000,7804,"[0, 3, 2, 1]",6300,128.09157371520996,False,15.430868751529296,26,0.0025390625
1100011000,7805,"[0, 1, 3, 2]",465,128.10468673706055,True,15.430868751529296,26,0.0025390625
1100011000,7806,"[0, 3, 2, 1]",6300,128.12185287475586,False,15.430868751529296,26,0.0025390625
1100011000,7807,"[0, 1, 3, 2]",465,128.13472747802734,True,15.430868751529296,26,0.0025390625
1100011000,7808,"[0, 3, 2, 1]",6300,128.15189361572266,False,15.430868751529296,26,0.0025390625
1100011000,7809,"[0, 1, 3, 2]",465,128.16476821899414,True,15.430868751529296,26,0.0025390625
1100011000,7810,"[0, 3, 2, 1]",6300,128.18312644958496,False,15.430868751529296,26,0.0025390625
1100011000,7811,"[0, 1, 3, 2]",465,128.19647789001465,True,15.430868751529296,26,0.0025390625
1100011000,7812,"[0, 3, 2, 1]",6300,128.21412086486816,False,15.430868751529296,26,0.0025390625
1100011000,7813,"[0, 1, 3, 2]",465,128.22723388671875,True,15.430868751529296,26,0.0025390625
1100011000,7814,"[0, 3, 2, 1]",6300,128.24416160583496,False,15.430868751529296,26,0.0025390625
1100011000,7815,"[0, 1, 3, 2]",465,128.27324867248535,True,15.430868751529296,26,0.0025390625
1100011000,7816,"[0, 3, 2, 1]",6300,128.29089164733887,False,15.430868751529296,26,0.0025390625
1100011000,7817,"[0, 1, 3, 2]",465,128.30448150634766,True,15.430868751529296,26,0.0025390625
1100011000,7818,"[0, 3, 2, 1]",6300,128.32212448120117,False,15.430868751529296,26,0.0025390625
1100011000,7819,"[0, 1, 3, 2]",465,128.33571434020996,True,15.430868751529296,26,0.0025390625
1100011000,7820,"[0, 3, 2, 1]",6300,128.35335731506348,False,15.430868751529296,26,0.0025390625
1100011000,7821,"[0, 1, 3, 2]",465,128.36694717407227,True,15.430868751529296,26,0.0025390625
1100011000,7822,"[0, 3, 2, 1]",6300,128.38459014892578,False,15.430868751529296,26,0.0025390625
1100011000,7823,"[0, 1, 3, 2]",465,128.39818000793457,True,15.430868751529296,26,0.0025390625
1100011000,7824,"[0, 3, 2, 1]",6300,128.4160614013672,False,15.430868751529296,26,0.0025390625
1100011000,7825,"[0, 1, 3, 2]",465,128.42965126037598,True,15.430868751529296,26,0.0025390625
1100011000,7826,"[0, 3, 2, 1]",6300,128.4477710723877,False,15.430868751529296,26,0.0025390625
1100011000,7827,"[0, 1, 3, 2]",465,128.46088409423828,True,15.430868751529296,26,0.0025390625
1100011000,7828,"[0, 3, 2, 1]",6300,128.4787654876709,False,15.430868751529296,26,0.0025390625
1100011000,7829,"[0, 1, 3, 2]",465,128.4923553466797,True,15.430868751529296,26,0.0025390625
0111100110,7830,"[1, 2, 3, 0]",9300,128.5104751586914,False,19.52784887194936,26,0.0025390625
0111100110,7831,"[1, 0, 2, 3]",315,128.525972366333,True,19.52784887194936,26,0.0025390625
0111100110,7832,"[1, 2, 3, 0]",9300,128.54456901550293,False,19.52784887194936,26,0.0025390625
0111100110,7833,"[1, 0, 2, 3]",315,128.55839729309082,True,19.52784887194936,26,0.0025390625
0111100110,7834,"[1, 2, 3, 0]",9300,128.57627868652344,False,19.52784887194936,26,0.0025390625
0111100110,7835,"[1, 0, 2, 3]",315,128.58986854553223,True,19.52784887194936,26,0.0025390625
0111100110,7836,"[1, 2, 3, 0]",9300,128.60798835754395,False,19.52784887194936,26,0.0025390625
0111100110,7837,"[1, 0, 2, 3]",315,128.62181663513184,True,19.52784887194936,26,0.0025390625
0111100110,7838,"[1, 2, 3, 0]",9300,128.63993644714355,False,19.52784887194936,26,0.0025390625
0111100110,7839,"[1, 0, 2, 3]",315,128.65376472473145,True,19.52784887194936,26,0.0025390625
0111100110,7840,"[1, 2, 3, 0]",9300,128.67212295532227,False,19.52784887194936,26,0.0025390625
0111100110,7841,"[1, 0, 2, 3]",315,128.69596481323242,True,19.52784887194936,26,0.0025390625
0111100110,7842,"[1, 2, 3, 0]",9300,128.71336936950684,False,19.52784887194936,26,0.0025390625
0111100110,7843,"[1, 0, 2, 3]",315,128.72624397277832,True,19.52784887194936,26,0.0025390625
0111100110,7844,"[1, 2, 3, 0]",9300,128.74364852905273,False,19.52784887194936,26,0.0025390625
0111100110,7845,"[1, 0, 2, 3]",315,128.75676155090332,True,19.52784887194936,26,0.0025390625
0111100110,7846,"[1, 2, 3, 0]",9300,128.77392768859863,False,19.52784887194936,26,0.0025390625
0111100110,7847,"[1, 0, 2, 3]",315,128.78704071044922,True,19.52784887194936,26,0.0025390625
0111100110,7848,"[1, 2, 3, 0]",9300,128.80563735961914,False,19.52784887194936,26,0.0025390625
0111100110,7849,"[1, 0, 2, 3]",315,128.81946563720703,True,19.52784887194936,26,0.0025390625
0111100110,7850,"[1, 2, 3, 0]",9300,128.83734703063965,False,19.52784887194936,26,0.0025390625
0111100110,7851,"[1, 0, 2, 3]",315,128.85069847106934,True,19.52784887194936,26,0.0025390625
0111100110,7852,"[1, 2, 3, 0]",9300,128.86977195739746,False,19.52784887194936,26,0.0025390625
0111100110,7853,"[1, 0, 2, 3]",315,128.88336181640625,True,19.52784887194936,26,0.0025390625
0111100110,7854,"[1, 2, 3, 0]",9300,128.90100479125977,False,19.52784887194936,26,0.0025390625
0111100110,7855,"[1, 0, 2, 3]",315,128.91364097595215,True,19.52784887194936,26,0.0025390625
0111100110,7856,"[1, 2, 3, 0]",9300,128.93104553222656,False,19.52784887194936,26,0.0025390625
0111100110,7857,"[1, 0, 2, 3]",315,128.94415855407715,True,19.52784887194936,26,0.0025390625
0111100110,7858,"[1, 2, 3, 0]",9300,128.96132469177246,False,19.52784887194936,26,0.0025390625
0111100110,7859,"[1, 0, 2, 3]",315,128.97419929504395,True,19.52784887194936,26,0.0025390625
0111100110,7860,"[1, 2, 3, 0]",9300,128.99136543273926,False,19.52784887194936,26,0.0025390625
0111100110,7861,"[1, 0, 2, 3]",315,129.00400161743164,True,19.52784887194936,26,0.0025390625
0111100110,7862,"[1, 2, 3, 0]",9300,129.02116775512695,False,19.52784887194936,26,0.0025390625
0111100110,7863,"[1, 0, 2, 3]",315,129.03428077697754,True,19.52784887194936,26,0.0025390625
0111100110,7864,"[1, 2, 3, 0]",9300,129.05144691467285,False,19.52784887194936,26,0.0025390625
0111100110,7865,"[1, 0, 2, 3]",315,129.06455993652344,True,19.52784887194936,26,0.0025390625
0111100110,7866,"[1, 2, 3, 0]",9300,129.08220291137695,False,19.52784887194936,26,0.0025390625
0111100110,7867,"[1, 0, 2, 3]",315,129.09531593322754,True,19.52784887194936,26,0.0025390625
0111100110,7868,"[1, 2, 3, 0]",9300,129.11248207092285,False,19.52784887194936,26,0.0025390625
0111100110,7869,"[1, 0, 2, 3]",315,129.12535667419434,True,19.52784887194936,26,0.0025390625
0111100110,7870,"[1, 2, 3, 0]",9300,129.14252281188965,False,19.52784887194936,26,0.0025390625
0111100110,7871,"[1, 0, 2, 3]",315,129.15778160095215,True,19.52784887194936,26,0.0025390625
0111100110,7872,"[1, 2, 3, 0]",9300,129.17542457580566,False,19.52784887194936,26,0.0025390625
0111100110,7873,"[1, 0, 2, 3]",315,129.18925285339355,True,19.52784887194936,26,0.0025390625
0111100110,7874,"[1, 2, 3, 0]",9300,129.20832633972168,False,19.52784887194936,26,0.0025390625
0111100110,7875,"[1, 0, 2, 3]",315,129.22191619873047,True,19.52784887194936,26,0.0025390625
0111100110,7876,"[1, 2, 3, 0]",9300,129.23955917358398,False,19.52784887194936,26,0.0025390625
0111100110,7877,"[1, 0, 2, 3]",315,129.25291061401367,True,19.52784887194936,26,0.0025390625
0111100110,7878,"[1, 2, 3, 0]",9300,129.2705535888672,False,19.52784887194936,26,0.0025390625
0111100110,7879,"[1, 0, 2, 3]",315,129.28366661071777,True,19.52784887194936,26,0.0025390625
0111100110,7880,"[1, 2, 3, 0]",9300,129.3013095855713,False,19.52784887194936,26,0.0025390625
0111100110,7881,"[1, 0, 2, 3]",315,129.31418418884277,True,19.52784887194936,26,0.0025390625
1110010010,7882,"[0, 1, 2, 3]",315,129.3320655822754,False,10.677929690572562,26,0.0025390625
1110010010,7883,"[0, 1, 2, 3]",315,129.34517860412598,True,10.677929690572562,26,0.0025390625
1110010010,7884,"[0, 1, 2, 3]",315,129.3625831604004,False,10.677929690572562,26,0.0025390625
1110010010,7885,"[0, 1, 2, 3]",315,129.37521934509277,True,10.677929690572562,26,0.0025390625
1110010010,7886,"[0, 1, 2, 3]",315,129.3926239013672,False,10.677929690572562,26,0.0025390625
1110010010,7887,"[0, 1, 2, 3]",315,129.40549850463867,True,10.677929690572562,26,0.0025390625
1110010010,7888,"[0, 1, 2, 3]",315,129.4229030609131,False,10.677929690572562,26,0.0025390625
1110010010,7889,"[0, 1, 2, 3]",315,129.43553924560547,True,10.677929690572562,26,0.0025390625
1110010010,7890,"[0, 1, 2, 3]",315,129.45294380187988,False,10.677929690572562,26,0.0025390625
1110010010,7891,"[0, 1, 2, 3]",315,129.46557998657227,True,10.677929690572562,26,0.0025390625
1110010010,7892,"[0, 1, 2, 3]",315,129.4863224029541,False,10.677929690572562,26,0.0025390625
1110010010,7893,"[0, 1, 2, 3]",315,129.4994354248047,True,10.677929690572562,26,0.0025390625
1110010010,7894,"[0, 1, 2, 3]",315,129.5187473297119,False,10.677929690572562,26,0.0025390625
1110010010,7895,"[0, 1, 2, 3]",315,129.5316219329834,True,10.677929690572562,26,0.0025390625
1110010010,7896,"[0, 1, 2, 3]",315,129.5490264892578,False,10.677929690572562,26,0.0025390625
1110010010,7897,"[0, 1, 2, 3]",315,129.5621395111084,True,10.677929690572562,26,0.0025390625
1110010010,7898,"[0, 1, 2, 3]",315,129.58049774169922,False,10.677929690572562,26,0.0025390625
1110010010,7899,"[0, 1, 2, 3]",315,129.5938491821289,True,10.677929690572562,26,0.0025390625
1110010010,7900,"[0, 1, 2, 3]",315,129.61149215698242,False,10.677929690572562,26,0.0025390625
1110010010,7901,"[0, 1, 2, 3]",315,129.6241283416748,True,10.677929690572562,26,0.0025390625
1110010010,7902,"[0, 1, 2, 3]",315,129.64153289794922,False,10.677929690572562,26,0.0025390625
1110010010,7903,"[0, 1, 2, 3]",315,129.6541690826416,True,10.677929690572562,26,0.0025390625
1110010010,7904,"[0, 1, 2, 3]",315,129.67157363891602,False,10.677929690572562,26,0.0025390625
1110010010,7905,"[0, 1, 2, 3]",315,129.6837329864502,True,10.677929690572562,26,0.0025390625
1110010010,7906,"[0, 1, 2, 3]",315,129.7008991241455,False,10.677929690572562,26,0.0025390625
1110010010,7907,"[0, 1, 2, 3]",315,129.7135353088379,True,10.677929690572562,26,0.0025390625
1110010010,7908,"[0, 1, 2, 3]",315,129.7309398651123,False,10.677929690572562,26,0.0025390625
1110010010,7909,"[0, 1, 2, 3]",315,129.7435760498047,True,10.677929690572562,26,0.0025390625
1110010010,7910,"[0, 1, 2, 3]",315,129.7607421875,False,10.677929690572562,26,0.0025390625
1110010010,7911,"[0, 1, 2, 3]",315,129.77337837219238,True,10.677929690572562,26,0.0025390625
1110010010,7912,"[0, 1, 2, 3]",315,129.7905445098877,False,10.677929690572562,26,0.0025390625
1110010010,7913,"[0, 1, 2, 3]",315,129.80341911315918,True,10.677929690572562,26,0.0025390625
1110010010,7914,"[0, 1, 2, 3]",315,129.8208236694336,False,10.677929690572562,26,0.0025390625
1110010010,7915,"[0, 1, 2, 3]",315,129.8348903656006,True,10.677929690572562,26,0.0025390625
1110010010,7916,"[0, 1, 2, 3]",315,129.8530101776123,False,10.677929690572562,26,0.0025390625
1110010010,7917,"[0, 1, 2, 3]",315,129.8661231994629,True,10.677929690572562,26,0.0025390625
1110010010,7918,"[0, 1, 2, 3]",315,129.8837661743164,False,10.677929690572562,26,0.0025390625
1110010010,7919,"[0, 1, 2, 3]",315,129.8964023590088,True,10.677929690572562,26,0.0025390625
1110010010,7920,"[0, 1, 2, 3]",315,129.9140453338623,False,10.677929690572562,26,0.0025390625
1110010010,7921,"[0, 1, 2, 3]",315,129.9269199371338,True,10.677929690572562,26,0.0025390625
1110010010,7922,"[0, 1, 2, 3]",315,129.9443244934082,False,10.677929690572562,26,0.0025390625
1110010010,7923,"[0, 1, 2, 3]",315,129.9574375152588,True,10.677929690572562,26,0.0025390625
1110010010,7924,"[0, 1, 2, 3]",315,129.974365234375,False,10.677929690572562,26,0.0025390625
1110010010,7925,"[0, 1, 2, 3]",315,129.98700141906738,True,10.677929690572562,26,0.0025390625
1110010010,7926,"[0, 1, 2, 3]",315,130.0039291381836,False,10.677929690572562,26,0.0025390625
1110010010,7927,"[0, 1, 2, 3]",315,130.01656532287598,True,10.677929690572562,26,0.0025390625
1110010010,7928,"[0, 1, 2, 3]",315,130.0334930419922,False,10.677929690572562,26,0.0025390625
1110010010,7929,"[0, 1, 2, 3]",315,130.04589080810547,True,10.677929690572562,26,0.0025390625
1110010010,7930,"[0, 1, 2, 3]",315,130.06281852722168,False,10.677929690572562,26,0.0025390625
1110010010,7931,"[0, 1, 2, 3]",315,130.07569313049316,True,10.677929690572562,26,0.0025390625
1110010010,7932,"[0, 1, 2, 3]",315,130.09262084960938,False,10.677929690572562,26,0.0025390625
1110010010,7933,"[0, 1, 2, 3]",315,130.10501861572266,True,10.677929690572562,26,0.0025390625
0010110011,7934,"[2, 1, 3, 0]",9300,130.12218475341797,False,18.272506259434046,25,0.00244140625
0010110011,7935,"[2, 1, 0, 3]",600,130.13601303100586,True,18.272506259434046,25,0.00244140625
0010110011,7936,"[2, 1, 3, 0]",9300,130.15484809875488,False,18.272506259434046,25,0.00244140625
0010110011,7937,"[2, 1, 0, 3]",600,130.16867637634277,True,18.272506259434046,25,0.00244140625
0010110011,7938,"[2, 1, 3, 0]",9300,130.1863193511963,False,18.272506259434046,25,0.00244140625
0010110011,7939,"[2, 1, 0, 3]",600,130.19967079162598,True,18.272506259434046,25,0.00244140625
0010110011,7940,"[2, 1, 3, 0]",9300,130.2170753479004,False,18.272506259434046,25,0.00244140625
0010110011,7941,"[2, 1, 0, 3]",600,130.23042678833008,True,18.272506259434046,25,0.00244140625
0010110011,7942,"[2, 1, 3, 0]",9300,130.2478313446045,False,18.272506259434046,25,0.00244140625
0010110011,7943,"[2, 1, 0, 3]",600,130.26070594787598,True,18.272506259434046,25,0.00244140625
0010110011,7944,"[2, 1, 3, 0]",9300,130.2781105041504,False,18.272506259434046,25,0.00244140625
0010110011,7945,"[2, 1, 0, 3]",600,130.29146194458008,True,18.272506259434046,25,0.00244140625
0010110011,7946,"[2, 1, 3, 0]",9300,130.3086280822754,False,18.272506259434046,25,0.00244140625
0010110011,7947,"[2, 1, 0, 3]",600,130.32197952270508,True,18.272506259434046,25,0.00244140625
0010110011,7948,"[2, 1, 3, 0]",9300,130.3391456604004,False,18.272506259434046,25,0.00244140625
0010110011,7949,"[2, 1, 0, 3]",600,130.3548812866211,True,18.272506259434046,25,0.00244140625
0010110011,7950,"[2, 1, 3, 0]",9300,130.3730010986328,False,18.272506259434046,25,0.00244140625
0010110011,7951,"[2, 1, 0, 3]",600,130.3861141204834,True,18.272506259434046,25,0.00244140625
0010110011,7952,"[2, 1, 3, 0]",9300,130.40399551391602,False,18.272506259434046,25,0.00244140625
0010110011,7953,"[2, 1, 0, 3]",600,130.4168701171875,True,18.272506259434046,25,0.00244140625
0010110011,7954,"[2, 1, 3, 0]",9300,130.4340362548828,False,18.272506259434046,25,0.00244140625
0010110011,7955,"[2, 1, 0, 3]",600,130.4473876953125,True,18.272506259434046,25,0.00244140625
0010110011,7956,"[2, 1, 3, 0]",9300,130.4647922515869,False,18.272506259434046,25,0.00244140625
0010110011,7957,"[2, 1, 0, 3]",600,130.4793357849121,True,18.272506259434046,25,0.00244140625
0010110011,7958,"[2, 1, 3, 0]",9300,130.49793243408203,False,18.272506259434046,25,0.00244140625
0010110011,7959,"[2, 1, 0, 3]",600,130.51104545593262,True,18.272506259434046,25,0.00244140625
0010110011,7960,"[2, 1, 3, 0]",9300,130.52892684936523,False,18.272506259434046,25,0.00244140625
0010110011,7961,"[2, 1, 0, 3]",600,130.54180145263672,True,18.272506259434046,25,0.00244140625
0010110011,7962,"[2, 1, 3, 0]",9300,130.55920600891113,False,18.272506259434046,25,0.00244140625
0010110011,7963,"[2, 1, 0, 3]",600,130.57231903076172,True,18.272506259434046,25,0.00244140625
0010110011,7964,"[2, 1, 3, 0]",9300,130.58972358703613,False,18.272506259434046,25,0.00244140625
0010110011,7965,"[2, 1, 0, 3]",600,130.60283660888672,True,18.272506259434046,25,0.00244140625
0010110011,7966,"[2, 1, 3, 0]",9300,130.62024116516113,False,18.272506259434046,25,0.00244140625
0010110011,7967,"[2, 1, 0, 3]",600,130.63311576843262,True,18.272506259434046,25,0.00244140625
0010110011,7968,"[2, 1, 3, 0]",9300,130.65052032470703,False,18.272506259434046,25,0.00244140625
0010110011,7969,"[2, 1, 0, 3]",600,130.66339492797852,True,18.272506259434046,25,0.00244140625
0010110011,7970,"[2, 1, 3, 0]",9300,130.68079948425293,False,18.272506259434046,25,0.00244140625
0010110011,7971,"[2, 1, 0, 3]",600,130.69415092468262,True,18.272506259434046,25,0.00244140625
0010110011,7972,"[2, 1, 3, 0]",9300,130.71155548095703,False,18.272506259434046,25,0.00244140625
0010110011,7973,"[2, 1, 0, 3]",600,130.72514533996582,True,18.272506259434046,25,0.00244140625
0010110011,7974,"[2, 1, 3, 0]",9300,130.74254989624023,False,18.272506259434046,25,0.00244140625
0010110011,7975,"[2, 1, 0, 3]",600,130.75590133666992,True,18.272506259434046,25,0.00244140625
0010110011,7976,"[2, 1, 3, 0]",9300,130.77330589294434,False,18.272506259434046,25,0.00244140625
0010110011,7977,"[2, 1, 0, 3]",600,130.78665733337402,True,18.272506259434046,25,0.00244140625
0010110011,7978,"[2, 1, 3, 0]",9300,130.80525398254395,False,18.272506259434046,25,0.00244140625
0010110011,7979,"[2, 1, 0, 3]",600,130.81860542297363,True,18.272506259434046,25,0.00244140625
0010110011,7980,"[2, 1, 3, 0]",9300,130.83624839782715,False,18.272506259434046,25,0.00244140625
0010110011,7981,"[2, 1, 0, 3]",600,130.84959983825684,True,18.272506259434046,25,0.00244140625
0010110011,7982,"[2, 1, 3, 0]",9300,130.86676597595215,False,18.272506259434046,25,0.00244140625
0010110011,7983,"[2, 1, 0, 3]",600,130.88035583496094,True,18.272506259434046,25,0.00244140625
0010100011,7984,"[2, 1, 3, 0]",9300,130.89752197265625,False,31.18188720114459,25,0.00244140625
0010100011,7985,"[2, 1, 0, 3]",600,130.91087341308594,True,31.18188720114459,25,0.00244140625
0010100011,7986,"[2, 1, 3, 0]",9300,130.92780113220215,False,31.18188720114459,25,0.00244140625
0010100011,7987,"[2, 1, 0, 3]",600,130.94115257263184,True,31.18188720114459,25,0.00244140625
0010100011,7988,"[2, 1, 3, 0]",9300,130.95831871032715,False,31.18188720114459,25,0.00244140625
0010100011,7989,"[2, 1, 0, 3]",600,130.97143173217773,True,31.18188720114459,25,0.00244140625
0010100011,7990,"[2, 1, 3, 0]",9300,130.98883628845215,False,31.18188720114459,25,0.00244140625
0010100011,7991,"[2, 1, 0, 3]",600,131.00194931030273,True,31.18188720114459,25,0.00244140625
0010100011,7992,"[2, 1, 3, 0]",9300,131.01911544799805,False,31.18188720114459,25,0.00244140625
0010100011,7993,"[2, 1, 0, 3]",600,131.03199005126953,True,31.18188720114459,25,0.00244140625
0010100011,7994,"[2, 1, 3, 0]",9300,131.04915618896484,False,31.18188720114459,25,0.00244140625
0010100011,7995,"[2, 1, 0, 3]",600,131.06250762939453,True,31.18188720114459,25,0.00244140625
0010100011,7996,"[2, 1, 3, 0]",9300,131.07967376708984,False,31.18188720114459,25,0.00244140625
0010100011,7997,"[2, 1, 0, 3]",600,131.09302520751953,True,31.18188720114459,25,0.00244140625
0010100011,7998,"[2, 1, 3, 0]",9300,131.11019134521484,False,31.18188720114459,25,0.00244140625
0010100011,7999,"[2, 1, 0, 3]",600,131.12521171569824,True,31.18188720114459,25,0.00244140625
0010100011,8000,"[2, 1, 3, 0]",9300,131.14523887634277,False,31.18188720114459,25,0.00244140625
0010100011,8001,"[2, 1, 0, 3]",600,131.15906715393066,True,31.18188720114459,25,0.00244140625
0010100011,8002,"[2, 1, 3, 0]",9300,131.17694854736328,False,31.18188720114459,25,0.00244140625
0010100011,8003,"[2, 1, 0, 3]",600,131.19029998779297,True,31.18188720114459,25,0.00244140625
0010100011,8004,"[2, 1, 3, 0]",9300,131.20770454406738,False,31.18188720114459,25,0.00244140625
0010100011,8005,"[2, 1, 0, 3]",600,131.22081756591797,True,31.18188720114459,25,0.00244140625
0010100011,8006,"[2, 1, 3, 0]",9300,131.23822212219238,False,31.18188720114459,25,0.00244140625
0010100011,8007,"[2, 1, 0, 3]",600,131.25133514404297,True,31.18188720114459,25,0.00244140625
0010100011,8008,"[2, 1, 3, 0]",9300,131.26873970031738,False,31.18188720114459,25,0.00244140625
0010100011,8009,"[2, 1, 0, 3]",600,131.28161430358887,True,31.18188720114459,25,0.00244140625
0010100011,8010,"[2, 1, 3, 0]",9300,131.29901885986328,False,31.18188720114459,25,0.00244140625
0010100011,8011,"[2, 1, 0, 3]",600,131.31213188171387,True,31.18188720114459,25,0.00244140625
0010100011,8012,"[2, 1, 3, 0]",9300,131.32953643798828,False,31.18188720114459,25,0.00244140625
0010100011,8013,"[2, 1, 0, 3]",600,131.34264945983887,True,31.18188720114459,25,0.00244140625
0010100011,8014,"[2, 1, 3, 0]",9300,131.36029243469238,False,31.18188720114459,25,0.00244140625
0010100011,8015,"[2, 1, 0, 3]",600,131.37340545654297,True,31.18188720114459,25,0.00244140625
0010100011,8016,"[2, 1, 3, 0]",9300,131.39057159423828,False,31.18188720114459,25,0.00244140625
0010100011,8017,"[2, 1, 0, 3]",600,131.40392303466797,True,31.18188720114459,25,0.00244140625
0010100011,8018,"[2, 1, 3, 0]",9300,131.42132759094238,False,31.18188720114459,25,0.00244140625
0010100011,8019,"[2, 1, 0, 3]",600,131.43420219421387,True,31.18188720114459,25,0.00244140625
0010100011,8020,"[2, 1, 3, 0]",9300,131.4535140991211,False,31.18188720114459,25,0.00244140625
0010100011,8021,"[2, 1, 0, 3]",600,131.46686553955078,True,31.18188720114459,25,0.00244140625
0010100011,8022,"[2, 1, 3, 0]",9300,131.4847469329834,False,31.18188720114459,25,0.00244140625
0010100011,8023,"[2, 1, 0, 3]",600,131.4980983734131,True,31.18188720114459,25,0.00244140625
0010100011,8024,"[2, 1, 3, 0]",9300,131.5155029296875,False,31.18188720114459,25,0.00244140625
0010100011,8025,"[2, 1, 0, 3]",600,131.5288543701172,True,31.18188720114459,25,0.00244140625
0010100011,8026,"[2, 1, 3, 0]",9300,131.5457820892334,False,31.18188720114459,25,0.00244140625
0010100011,8027,"[2, 1, 0, 3]",600,131.5593719482422,True,31.18188720114459,25,0.00244140625
0010100011,8028,"[2, 1, 3, 0]",9300,131.5767765045166,False,31.18188720114459,25,0.00244140625
0010100011,8029,"[2, 1, 0, 3]",600,131.5901279449463,True,31.18188720114459,25,0.00244140625
0010100011,8030,"[2, 1, 3, 0]",9300,131.6075325012207,False,31.18188720114459,25,0.00244140625
0010100011,8031,"[2, 1, 0, 3]",600,131.6206455230713,True,31.18188720114459,25,0.00244140625
0010100011,8032,"[2, 1, 3, 0]",9300,131.6380500793457,False,31.18188720114459,25,0.00244140625
0010100011,8033,"[2, 1, 0, 3]",600,131.6514015197754,True,31.18188720114459,25,0.00244140625
1100111110,8034,"[3, 2, 0, 1]",6600,131.6688060760498,False,25.992551240783698,25,0.00244140625
1100111110,8035,"[3, 2, 0, 1]",6600,131.6821575164795,True,25.992551240783698,25,0.00244140625
1100111110,8036,"[3, 2, 0, 1]",6600,131.6995620727539,False,25.992551240783698,25,0.00244140625
1100111110,8037,"[3, 2, 0, 1]",6600,131.7129135131836,True,25.992551240783698,25,0.00244140625
1100111110,8038,"[3, 2, 0, 1]",6600,131.7305564880371,False,25.992551240783698,25,0.00244140625
1100111110,8039,"[3, 2, 0, 1]",6600,131.7451000213623,True,25.992551240783698,25,0.00244140625
1100111110,8040,"[3, 2, 0, 1]",6600,131.76250457763672,False,25.992551240783698,25,0.00244140625
1100111110,8041,"[3, 2, 0, 1]",6600,131.7760944366455,True,25.992551240783698,25,0.00244140625
1100111110,8042,"[3, 2, 0, 1]",6600,131.79516792297363,False,25.992551240783698,25,0.00244140625
1100111110,8043,"[3, 2, 0, 1]",6600,131.80851936340332,True,25.992551240783698,25,0.00244140625
1100111110,8044,"[3, 2, 0, 1]",6600,131.82592391967773,False,25.992551240783698,25,0.00244140625
1100111110,8045,"[3, 2, 0, 1]",6600,131.83856010437012,True,25.992551240783698,25,0.00244140625
1100111110,8046,"[3, 2, 0, 1]",6600,131.85596466064453,False,25.992551240783698,25,0.00244140625
1100111110,8047,"[3, 2, 0, 1]",6600,131.8683624267578,True,25.992551240783698,25,0.00244140625
1100111110,8048,"[3, 2, 0, 1]",6600,131.88552856445312,False,25.992551240783698,25,0.00244140625
1100111110,8049,"[3, 2, 0, 1]",6600,131.91461563110352,True,25.992551240783698,25,0.00244140625
1100111110,8050,"[3, 2, 0, 1]",6600,131.93416595458984,False,25.992551240783698,25,0.00244140625
1100111110,8051,"[3, 2, 0, 1]",6600,131.94823265075684,True,25.992551240783698,25,0.00244140625
1100111110,8052,"[3, 2, 0, 1]",6600,131.96659088134766,False,25.992551240783698,25,0.00244140625
1100111110,8053,"[3, 2, 0, 1]",6600,131.98041915893555,True,25.992551240783698,25,0.00244140625
1100111110,8054,"[3, 2, 0, 1]",6600,131.99806213378906,False,25.992551240783698,25,0.00244140625
1100111110,8055,"[3, 2, 0, 1]",6600,132.01141357421875,True,25.992551240783698,25,0.00244140625
1100111110,8056,"[3, 2, 0, 1]",6600,132.02929496765137,False,25.992551240783698,25,0.00244140625
1100111110,8057,"[3, 2, 0, 1]",6600,132.04216957092285,True,25.992551240783698,25,0.00244140625
1100111110,8058,"[3, 2, 0, 1]",6600,132.06028938293457,False,25.992551240783698,25,0.00244140625
1100111110,8059,"[3, 2, 0, 1]",6600,132.07340240478516,True,25.992551240783698,25,0.00244140625
1100111110,8060,"[3, 2, 0, 1]",6600,132.09128379821777,False,25.992551240783698,25,0.00244140625
1100111110,8061,"[3, 2, 0, 1]",6600,132.10439682006836,True,25.992551240783698,25,0.00244140625
1100111110,8062,"[3, 2, 0, 1]",6600,132.1241855621338,False,25.992551240783698,25,0.00244140625
1100111110,8063,"[3, 2, 0, 1]",6600,132.13777542114258,True,25.992551240783698,25,0.00244140625
1100111110,8064,"[3, 2, 0, 1]",6600,132.1561336517334,False,25.992551240783698,25,0.00244140625
1100111110,8065,"[3, 2, 0, 1]",6600,132.1694850921631,True,25.992551240783698,25,0.00244140625
1100111110,8066,"[3, 2, 0, 1]",6600,132.1873664855957,False,25.992551240783698,25,0.00244140625
1100111110,8067,"[3, 2, 0, 1]",6600,132.2007179260254,True,25.992551240783698,25,0.00244140625
1100111110,8068,"[3, 2, 0, 1]",6600,132.218599319458,False,25.992551240783698,25,0.00244140625
1100111110,8069,"[3, 2, 0, 1]",6600,132.2319507598877,True,25.992551240783698,25,0.00244140625
1100111110,8070,"[3, 2, 0, 1]",6600,132.2498321533203,False,25.992551240783698,25,0.00244140625
1100111110,8071,"[3, 2, 0, 1]",6600,132.2629451751709,True,25.992551240783698,25,0.00244140625
1100111110,8072,"[3, 2, 0, 1]",6600,132.28082656860352,False,25.992551240783698,25,0.00244140625
1100111110,8073,"[3, 2, 0, 1]",6600,132.2939395904541,True,25.992551240783698,25,0.00244140625
1100111110,8074,"[3, 2, 0, 1]",6600,132.31182098388672,False,25.992551240783698,25,0.00244140625
1100111110,8075,"[3, 2, 0, 1]",6600,132.3251724243164,True,25.992551240783698,25,0.00244140625
1100111110,8076,"[3, 2, 0, 1]",6600,132.34305381774902,False,25.992551240783698,25,0.00244140625
1100111110,8077,"[3, 2, 0, 1]",6600,132.3564052581787,True,25.992551240783698,25,0.00244140625
1100111110,8078,"[3, 2, 0, 1]",6600,132.37428665161133,False,25.992551240783698,25,0.00244140625
1100111110,8079,"[3, 2, 0, 1]",6600,132.38787651062012,True,25.992551240783698,25,0.00244140625
1100111110,8080,"[3, 2, 0, 1]",6600,132.40575790405273,False,25.992551240783698,25,0.00244140625
1100111110,8081,"[3, 2, 0, 1]",6600,132.41910934448242,True,25.992551240783698,25,0.00244140625
1100111110,8082,"[3, 2, 0, 1]",6600,132.43699073791504,False,25.992551240783698,25,0.00244140625
1100111110,8083,"[3, 2, 0, 1]",6600,132.4746608734131,True,25.992551240783698,25,0.00244140625
0100100111,8084,"[2, 3, 0, 1]",6600,132.4942111968994,False,14.272506259434046,25,0.00244140625
0100100111,8085,"[2, 3, 0, 1]",6600,132.5082778930664,True,14.272506259434046,25,0.00244140625
0100100111,8086,"[2, 3, 0, 1]",6600,132.52615928649902,False,14.272506259434046,25,0.00244140625
0100100111,8087,"[2, 3, 0, 1]",6600,132.5397491455078,True,14.272506259434046,25,0.00244140625
0100100111,8088,"[2, 3, 0, 1]",6600,132.55763053894043,False,14.272506259434046,25,0.00244140625
0100100111,8089,"[2, 3, 0, 1]",6600,132.57122039794922,True,14.272506259434046,25,0.00244140625
0100100111,8090,"[2, 3, 0, 1]",6600,132.58934020996094,False,14.272506259434046,25,0.00244140625
0100100111,8091,"[2, 3, 0, 1]",6600,132.60293006896973,True,14.272506259434046,25,0.00244140625
0100100111,8092,"[2, 3, 0, 1]",6600,132.62104988098145,False,14.272506259434046,25,0.00244140625
0100100111,8093,"[2, 3, 0, 1]",6600,132.63416290283203,True,14.272506259434046,25,0.00244140625
0100100111,8094,"[2, 3, 0, 1]",6600,132.65204429626465,False,14.272506259434046,25,0.00244140625
0100100111,8095,"[2, 3, 0, 1]",6600,132.66491889953613,True,14.272506259434046,25,0.00244140625
0100100111,8096,"[2, 3, 0, 1]",6600,132.68280029296875,False,14.272506259434046,25,0.00244140625
0100100111,8097,"[2, 3, 0, 1]",6600,132.69591331481934,True,14.272506259434046,25,0.00244140625
0100100111,8098,"[2, 3, 0, 1]",6600,132.71355628967285,False,14.272506259434046,25,0.00244140625
0100100111,8099,"[2, 3, 0, 1]",6600,132.72690773010254,True,14.272506259434046,25,0.00244140625
0100100111,8100,"[2, 3, 0, 1]",6600,132.74598121643066,False,14.272506259434046,25,0.00244140625
0100100111,8101,"[2, 3, 0, 1]",6600,132.76004791259766,True,14.272506259434046,25,0.00244140625
0100100111,8102,"[2, 3, 0, 1]",6600,132.77888298034668,False,14.272506259434046,25,0.00244140625
0100100111,8103,"[2, 3, 0, 1]",6600,132.79247283935547,True,14.272506259434046,25,0.00244140625
0100100111,8104,"[2, 3, 0, 1]",6600,132.8120231628418,False,14.272506259434046,25,0.00244140625
0100100111,8105,"[2, 3, 0, 1]",6600,132.8258514404297,True,14.272506259434046,25,0.00244140625
0100100111,8106,"[2, 3, 0, 1]",6600,132.8439712524414,False,14.272506259434046,25,0.00244140625
0100100111,8107,"[2, 3, 0, 1]",6600,132.86757469177246,True,14.272506259434046,25,0.00244140625
0100100111,8108,"[2, 3, 0, 1]",6600,132.88497924804688,False,14.272506259434046,25,0.00244140625
0100100111,8109,"[2, 3, 0, 1]",6600,132.89785385131836,True,14.272506259434046,25,0.00244140625
0100100111,8110,"[2, 3, 0, 1]",6600,132.91501998901367,False,14.272506259434046,25,0.00244140625
0100100111,8111,"[2, 3, 0, 1]",6600,132.92789459228516,True,14.272506259434046,25,0.00244140625
0100100111,8112,"[2, 3, 0, 1]",6600,132.94458389282227,False,14.272506259434046,25,0.00244140625
0100100111,8113,"[2, 3, 0, 1]",6600,132.95769691467285,True,14.272506259434046,25,0.00244140625
0100100111,8114,"[2, 3, 0, 1]",6600,132.97462463378906,False,14.272506259434046,25,0.00244140625
0100100111,8115,"[2, 3, 0, 1]",6600,132.98749923706055,True,14.272506259434046,25,0.00244140625
0100100111,8116,"[2, 3, 0, 1]",6600,133.00442695617676,False,14.272506259434046,25,0.00244140625
0100100111,8117,"[2, 3, 0, 1]",6600,133.01706314086914,True,14.272506259434046,25,0.00244140625
0100100111,8118,"[2, 3, 0, 1]",6600,133.03422927856445,False,14.272506259434046,25,0.00244140625
0100100111,8119,"[2, 3, 0, 1]",6600,133.04686546325684,True,14.272506259434046,25,0.00244140625
0100100111,8120,"[2, 3, 0, 1]",6600,133.06379318237305,False,14.272506259434046,25,0.00244140625
0100100111,8121,"[2, 3, 0, 1]",6600,133.07619094848633,True,14.272506259434046,25,0.00244140625
0100100111,8122,"[2, 3, 0, 1]",6600,133.09335708618164,False,14.272506259434046,25,0.00244140625
0100100111,8123,"[2, 3, 0, 1]",6600,133.10599327087402,True,14.272506259434046,25,0.00244140625
0100100111,8124,"[2, 3, 0, 1]",6600,133.12292098999023,False,14.272506259434046,25,0.00244140625
0100100111,8125,"[2, 3, 0, 1]",6600,133.13746452331543,True,14.272506259434046,25,0.00244140625
0100100111,8126,"[2, 3, 0, 1]",6600,133.15510749816895,False,14.272506259434046,25,0.00244140625
0100100111,8127,"[2, 3, 0, 1]",6600,133.16798210144043,True,14.272506259434046,25,0.00244140625
0100100111,8128,"[2, 3, 0, 1]",6600,133.18490982055664,False,14.272506259434046,25,0.00244140625
0100100111,8129,"[2, 3, 0, 1]",6600,133.19754600524902,True,14.272506259434046,25,0.00244140625
0100100111,8130,"[2, 3, 0, 1]",6600,133.21447372436523,False,14.272506259434046,25,0.00244140625
0100100111,8131,"[2, 3, 0, 1]",6600,133.22734832763672,True,14.272506259434046,25,0.00244140625
0100100111,8132,"[2, 3, 0, 1]",6600,133.24427604675293,False,14.272506259434046,25,0.00244140625
0100100111,8133,"[2, 3, 0, 1]",6600,133.2566738128662,True,14.272506259434046,25,0.00244140625
1000010111,8134,"[0, 3, 2, 1]",6300,133.27407836914062,False,15.161821869240917,25,0.00244140625
1000010111,8135,"[0, 1, 3, 2]",465,133.28790664672852,True,15.161821869240917,25,0.00244140625
1000010111,8136,"[0, 3, 2, 1]",6300,133.30531120300293,False,15.161821869240917,25,0.00244140625
1000010111,8137,"[0, 1, 3, 2]",465,133.31913948059082,True,15.161821869240917,25,0.00244140625
1000010111,8138,"[0, 3, 2, 1]",6300,133.33630561828613,False,15.161821869240917,25,0.00244140625
1000010111,8139,"[0, 1, 3, 2]",465,133.34965705871582,True,15.161821869240917,25,0.00244140625
1000010111,8140,"[0, 3, 2, 1]",6300,133.36682319641113,False,15.161821869240917,25,0.00244140625
1000010111,8141,"[0, 1, 3, 2]",465,133.37993621826172,True,15.161821869240917,25,0.00244140625
1000010111,8142,"[0, 3, 2, 1]",6300,133.39686393737793,False,15.161821869240917,25,0.00244140625
1000010111,8143,"[0, 1, 3, 2]",465,133.4097385406494,True,15.161821869240917,25,0.00244140625
1000010111,8144,"[0, 3, 2, 1]",6300,133.42666625976562,False,15.161821869240917,25,0.00244140625
1000010111,8145,"[0, 1, 3, 2]",465,133.4397792816162,True,15.161821869240917,25,0.00244140625
1000010111,8146,"[0, 3, 2, 1]",6300,133.45813751220703,False,15.161821869240917,25,0.00244140625
1000010111,8147,"[0, 1, 3, 2]",465,133.47148895263672,True,15.161821869240917,25,0.00244140625
1000010111,8148,"[0, 3, 2, 1]",6300,133.49270820617676,False,15.161821869240917,25,0.00244140625
1000010111,8149,"[0, 1, 3, 2]",465,133.50605964660645,True,15.161821869240917,25,0.00244140625
1000010111,8150,"[0, 3, 2, 1]",6300,133.52608680725098,False,15.161821869240917,25,0.00244140625
1000010111,8151,"[0, 1, 3, 2]",465,133.53991508483887,True,15.161821869240917,25,0.00244140625
1000010111,8152,"[0, 3, 2, 1]",6300,133.55755805969238,False,15.161821869240917,25,0.00244140625
1000010111,8153,"[0, 1, 3, 2]",465,133.57090950012207,True,15.161821869240917,25,0.00244140625
1000010111,8154,"[0, 3, 2, 1]",6300,133.58783721923828,False,15.161821869240917,25,0.00244140625
1000010111,8155,"[0, 1, 3, 2]",465,133.60071182250977,True,15.161821869240917,25,0.00244140625
1000010111,8156,"[0, 3, 2, 1]",6300,133.61763954162598,False,15.161821869240917,25,0.00244140625
1000010111,8157,"[0, 1, 3, 2]",465,133.63051414489746,True,15.161821869240917,25,0.00244140625
1000010111,8158,"[0, 3, 2, 1]",6300,133.64720344543457,False,15.161821869240917,25,0.00244140625
1000010111,8159,"[0, 1, 3, 2]",465,133.65983963012695,True,15.161821869240917,25,0.00244140625
1000010111,8160,"[0, 3, 2, 1]",6300,133.67700576782227,False,15.161821869240917,25,0.00244140625
1000010111,8161,"[0, 1, 3, 2]",465,133.69011878967285,True,15.161821869240917,25,0.00244140625
1000010111,8162,"[0, 3, 2, 1]",6300,133.70704650878906,False,15.161821869240917,25,0.00244140625
1000010111,8163,"[0, 1, 3, 2]",465,133.71992111206055,True,15.161821869240917,25,0.00244140625
1000010111,8164,"[0, 3, 2, 1]",6300,133.73708724975586,False,15.161821869240917,25,0.00244140625
1000010111,8165,"[0, 1, 3, 2]",465,133.74972343444824,True,15.161821869240917,25,0.00244140625
1000010111,8166,"[0, 3, 2, 1]",6300,133.76688957214355,False,15.161821869240917,25,0.00244140625
1000010111,8167,"[0, 1, 3, 2]",465,133.78119468688965,True,15.161821869240917,25,0.00244140625
1000010111,8168,"[0, 3, 2, 1]",6300,133.79883766174316,False,15.161821869240917,25,0.00244140625
1000010111,8169,"[0, 1, 3, 2]",465,133.81171226501465,True,15.161821869240917,25,0.00244140625
1000010111,8170,"[0, 3, 2, 1]",6300,133.82911682128906,False,15.161821869240917,25,0.00244140625
1000010111,8171,"[0, 1, 3, 2]",465,133.84199142456055,True,15.161821869240917,25,0.00244140625
1000010111,8172,"[0, 3, 2, 1]",6300,133.85891914367676,False,15.161821869240917,25,0.00244140625
1000010111,8173,"[0, 1, 3, 2]",465,133.87203216552734,True,15.161821869240917,25,0.00244140625
1000010111,8174,"[0, 3, 2, 1]",6300,133.88943672180176,False,15.161821869240917,25,0.00244140625
1000010111,8175,"[0, 1, 3, 2]",465,133.90231132507324,True,15.161821869240917,25,0.00244140625
1000010111,8176,"[0, 3, 2, 1]",6300,133.91947746276855,False,15.161821869240917,25,0.00244140625
1000010111,8177,"[0, 1, 3, 2]",465,133.93259048461914,True,15.161821869240917,25,0.00244140625
1000010111,8178,"[0, 3, 2, 1]",6300,133.94951820373535,False,15.161821869240917,25,0.00244140625
1000010111,8179,"[0, 1, 3, 2]",465,133.96263122558594,True,15.161821869240917,25,0.00244140625
1000010111,8180,"[0, 3, 2, 1]",6300,133.97932052612305,False,15.161821869240917,25,0.00244140625
1000010111,8181,"[0, 1, 3, 2]",465,133.99243354797363,True,15.161821869240917,25,0.00244140625
1000010111,8182,"[0, 3, 2, 1]",6300,134.00936126708984,False,15.161821869240917,25,0.00244140625
1000010111,8183,"[0, 1, 3, 2]",465,134.02223587036133,True,15.161821869240917,25,0.00244140625
0110100001,8184,"[2, 1, 0, 3]",600,134.03964042663574,False,20.136129710583916,25,0.00244140625
0110100001,8185,"[2, 1, 0, 3]",600,134.05323028564453,True,20.136129710583916,25,0.00244140625
0110100001,8186,"[2, 1, 0, 3]",600,134.07087326049805,False,20.136129710583916,25,0.00244140625
0110100001,8187,"[2, 1, 0, 3]",600,134.08422470092773,True,20.136129710583916,25,0.00244140625
0110100001,8188,"[2, 1, 0, 3]",600,134.10282135009766,False,20.136129710583916,25,0.00244140625
0110100001,8189,"[2, 1, 0, 3]",600,134.11641120910645,True,20.136129710583916,25,0.00244140625
0110100001,8190,"[2, 1, 0, 3]",600,134.13405418395996,False,20.136129710583916,25,0.00244140625
0110100001,8191,"[2, 1, 0, 3]",600,134.14692878723145,True,20.136129710583916,25,0.00244140625
0110100001,8192,"[2, 1, 0, 3]",600,134.16409492492676,False,20.136129710583916,25,0.00244140625
0110100001,8193,"[2, 1, 0, 3]",600,134.17673110961914,True,20.136129710583916,25,0.00244140625
0110100001,8194,"[2, 1, 0, 3]",600,134.19389724731445,False,20.136129710583916,25,0.00244140625
0110100001,8195,"[2, 1, 0, 3]",600,134.20677185058594,True,20.136129710583916,25,0.00244140625
0110100001,8196,"[2, 1, 0, 3]",600,134.22417640686035,False,20.136129710583916,25,0.00244140625
0110100001,8197,"[2, 1, 0, 3]",600,134.23705101013184,True,20.136129710583916,25,0.00244140625
0110100001,8198,"[2, 1, 0, 3]",600,134.25421714782715,False,20.136129710583916,25,0.00244140625
0110100001,8199,"[2, 1, 0, 3]",600,134.26709175109863,True,20.136129710583916,25,0.00244140625
0110100001,8200,"[2, 1, 0, 3]",600,134.28473472595215,False,20.136129710583916,25,0.00244140625
0110100001,8201,"[2, 1, 0, 3]",600,134.29975509643555,True,20.136129710583916,25,0.00244140625
0110100001,8202,"[2, 1, 0, 3]",600,134.31787490844727,False,20.136129710583916,25,0.00244140625
0110100001,8203,"[2, 1, 0, 3]",600,134.33098793029785,True,20.136129710583916,25,0.00244140625
0110100001,8204,"[2, 1, 0, 3]",600,134.34863090515137,False,20.136129710583916,25,0.00244140625
0110100001,8205,"[2, 1, 0, 3]",600,134.36198234558105,True,20.136129710583916,25,0.00244140625
0110100001,8206,"[2, 1, 0, 3]",600,134.37914848327637,False,20.136129710583916,25,0.00244140625
0110100001,8207,"[2, 1, 0, 3]",600,134.39416885375977,True,20.136129710583916,25,0.00244140625
0110100001,8208,"[2, 1, 0, 3]",600,134.41181182861328,False,20.136129710583916,25,0.00244140625
0110100001,8209,"[2, 1, 0, 3]",600,134.42587852478027,True,20.136129710583916,25,0.00244140625
0110100001,8210,"[2, 1, 0, 3]",600,134.4449520111084,False,20.136129710583916,25,0.00244140625
0110100001,8211,"[2, 1, 0, 3]",600,134.4587802886963,True,20.136129710583916,25,0.00244140625
0110100001,8212,"[2, 1, 0, 3]",600,134.4761848449707,False,20.136129710583916,25,0.00244140625
0110100001,8213,"[2, 1, 0, 3]",600,134.4892978668213,True,20.136129710583916,25,0.00244140625
0110100001,8214,"[2, 1, 0, 3]",600,134.5067024230957,False,20.136129710583916,25,0.00244140625
0110100001,8215,"[2, 1, 0, 3]",600,134.5198154449463,True,20.136129710583916,25,0.00244140625
0110100001,8216,"[2, 1, 0, 3]",600,134.5372200012207,False,20.136129710583916,25,0.00244140625
0110100001,8217,"[2, 1, 0, 3]",600,134.5667839050293,True,20.136129710583916,25,0.00244140625
0110100001,8218,"[2, 1, 0, 3]",600,134.58490371704102,False,20.136129710583916,25,0.00244140625
0110100001,8219,"[2, 1, 0, 3]",600,134.5987319946289,True,20.136129710583916,25,0.00244140625
0110100001,8220,"[2, 1, 0, 3]",600,134.61661338806152,False,20.136129710583916,25,0.00244140625
0110100001,8221,"[2, 1, 0, 3]",600,134.6302032470703,True,20.136129710583916,25,0.00244140625
0110100001,8222,"[2, 1, 0, 3]",600,134.64832305908203,False,20.136129710583916,25,0.00244140625
0110100001,8223,"[2, 1, 0, 3]",600,134.66191291809082,True,20.136129710583916,25,0.00244140625
0110100001,8224,"[2, 1, 0, 3]",600,134.68003273010254,False,20.136129710583916,25,0.00244140625
0110100001,8225,"[2, 1, 0, 3]",600,134.69386100769043,True,20.136129710583916,25,0.00244140625
0110100001,8226,"[2, 1, 0, 3]",600,134.71221923828125,False,20.136129710583916,25,0.00244140625
0110100001,8227,"[2, 1, 0, 3]",600,134.72557067871094,True,20.136129710583916,25,0.00244140625
0110100001,8228,"[2, 1, 0, 3]",600,134.74392890930176,False,20.136129710583916,25,0.00244140625
0110100001,8229,"[2, 1, 0, 3]",600,134.75799560546875,True,20.136129710583916,25,0.00244140625
0110100001,8230,"[2, 1, 0, 3]",600,134.77754592895508,False,20.136129710583916,25,0.00244140625
0110100001,8231,"[2, 1, 0, 3]",600,134.79161262512207,True,20.136129710583916,25,0.00244140625
0110100001,8232,"[2, 1, 0, 3]",600,134.8104476928711,False,20.136129710583916,25,0.00244140625
0110100001,8233,"[2, 1, 0, 3]",600,134.82427597045898,True,20.136129710583916,25,0.00244140625
0010111101,8234,"[3, 2, 1, 0]",9600,134.8423957824707,False,28.797855692697922,25,0.00244140625
0010111101,8235,"[3, 2, 1, 0]",9600,134.8564624786377,True,28.797855692697922,25,0.00244140625
0010111101,8236,"[3, 2, 1, 0]",9600,134.8743438720703,False,28.797855692697922,25,0.00244140625
0010111101,8237,"[3, 2, 1, 0]",9600,134.8879337310791,True,28.797855692697922,25,0.00244140625
0010111101,8238,"[3, 2, 1, 0]",9600,134.90581512451172,False,28.797855692697922,25,0.00244140625
0010111101,8239,"[3, 2, 1, 0]",9600,134.92941856384277,True,28.797855692697922,25,0.00244140625
0010111101,8240,"[3, 2, 1, 0]",9600,134.9468231201172,False,28.797855692697922,25,0.00244140625
0010111101,8241,"[3, 2, 1, 0]",9600,134.95945930480957,True,28.797855692697922,25,0.00244140625
0010111101,8242,"[3, 2, 1, 0]",9600,134.9771022796631,False,28.797855692697922,25,0.00244140625
0010111101,8243,"[3, 2, 1, 0]",9600,134.98950004577637,True,28.797855692697922,25,0.00244140625
0010111101,8244,"[3, 2, 1, 0]",9600,135.00690460205078,False,28.797855692697922,25,0.00244140625
0010111101,8245,"[3, 2, 1, 0]",9600,135.01954078674316,True,28.797855692697922,25,0.00244140625
0010111101,8246,"[3, 2, 1, 0]",9600,135.03718376159668,False,28.797855692697922,25,0.00244140625
0010111101,8247,"[3, 2, 1, 0]",9600,135.05005836486816,True,28.797855692697922,25,0.00244140625
0010111101,8248,"[3, 2, 1, 0]",9600,135.06746292114258,False,28.797855692697922,25,0.00244140625
0010111101,8249,"[3, 2, 1, 0]",9600,135.07962226867676,True,28.797855692697922,25,0.00244140625
0010111101,8250,"[3, 2, 1, 0]",9600,135.09678840637207,False,28.797855692697922,25,0.00244140625
0010111101,8251,"[3, 2, 1, 0]",9600,135.11157035827637,True,28.797855692697922,25,0.00244140625
0010111101,8252,"[3, 2, 1, 0]",9600,135.1311206817627,False,28.797855692697922,25,0.00244140625
0010111101,8253,"[3, 2, 1, 0]",9600,135.14447212219238,True,28.797855692697922,25,0.00244140625
0010111101,8254,"[3, 2, 1, 0]",9600,135.162353515625,False,28.797855692697922,25,0.00244140625
0010111101,8255,"[3, 2, 1, 0]",9600,135.1754665374756,True,28.797855692697922,25,0.00244140625
0010111101,8256,"[3, 2, 1, 0]",9600,135.19287109375,False,28.797855692697922,25,0.00244140625
0010111101,8257,"[3, 2, 1, 0]",9600,135.2062225341797,True,28.797855692697922,25,0.00244140625
0010111101,8258,"[3, 2, 1, 0]",9600,135.223388671875,False,28.797855692697922,25,0.00244140625
0010111101,8259,"[3, 2, 1, 0]",9600,135.2365016937256,True,28.797855692697922,25,0.00244140625
0010111101,8260,"[3, 2, 1, 0]",9600,135.2534294128418,False,28.797855692697922,25,0.00244140625
0010111101,8261,"[3, 2, 1, 0]",9600,135.26630401611328,True,28.797855692697922,25,0.00244140625
0010111101,8262,"[3, 2, 1, 0]",9600,135.2837085723877,False,28.797855692697922,25,0.00244140625
0010111101,8263,"[3, 2, 1, 0]",9600,135.29658317565918,True,28.797855692697922,25,0.00244140625
0010111101,8264,"[3, 2, 1, 0]",9600,135.3135108947754,False,28.797855692697922,25,0.00244140625
0010111101,8265,"[3, 2, 1, 0]",9600,135.32614707946777,True,28.797855692697922,25,0.00244140625
0010111101,8266,"[3, 2, 1, 0]",9600,135.3435516357422,False,28.797855692697922,25,0.00244140625
0010111101,8267,"[3, 2, 1, 0]",9600,135.35618782043457,True,28.797855692697922,25,0.00244140625
0010111101,8268,"[3, 2, 1, 0]",9600,135.3738307952881,False,28.797855692697922,25,0.00244140625
0010111101,8269,"[3, 2, 1, 0]",9600,135.38646697998047,True,28.797855692697922,25,0.00244140625
0010111101,8270,"[3, 2, 1, 0]",9600,135.40363311767578,False,28.797855692697922,25,0.00244140625
0010111101,8271,"[3, 2, 1, 0]",9600,135.41603088378906,True,28.797855692697922,25,0.00244140625
0010111101,8272,"[3, 2, 1, 0]",9600,135.4351043701172,False,28.797855692697922,25,0.00244140625
0010111101,8273,"[3, 2, 1, 0]",9600,135.44821739196777,True,28.797855692697922,25,0.00244140625
0010111101,8274,"[3, 2, 1, 0]",9600,135.4658603668213,False,28.797855692697922,25,0.00244140625
0010111101,8275,"[3, 2, 1, 0]",9600,135.47825813293457,True,28.797855692697922,25,0.00244140625
0010111101,8276,"[3, 2, 1, 0]",9600,135.49566268920898,False,28.797855692697922,25,0.00244140625
0010111101,8277,"[3, 2, 1, 0]",9600,135.50829887390137,True,28.797855692697922,25,0.00244140625
0010111101,8278,"[3, 2, 1, 0]",9600,135.52546501159668,False,28.797855692697922,25,0.00244140625
0010111101,8279,"[3, 2, 1, 0]",9600,135.53810119628906,True,28.797855692697922,25,0.00244140625
0010111101,8280,"[3, 2, 1, 0]",9600,135.55526733398438,False,28.797855692697922,25,0.00244140625
0010111101,8281,"[3, 2, 1, 0]",9600,135.56790351867676,True,28.797855692697922,25,0.00244140625
0010111101,8282,"[3, 2, 1, 0]",9600,135.58530807495117,False,28.797855692697922,25,0.00244140625
0010111101,8283,"[3, 2, 1, 0]",9600,135.59818267822266,True,28.797855692697922,25,0.00244140625
1010101000,8284,"[3, 2, 1, 0]",9600,135.61511039733887,False,58.54451884233566,24,0.00234375
1010101000,8285,"[3, 2, 1, 0]",9600,135.62774658203125,True,58.54451884233566,24,0.00234375
1010101000,8286,"[3, 2, 1, 0]",9600,135.64491271972656,False,58.54451884233566,24,0.00234375
1010101000,8287,"[3, 2, 1, 0]",9600,135.65778732299805,True,58.54451884233566,24,0.00234375
1010101000,8288,"[3, 2, 1, 0]",9600,135.67471504211426,False,58.54451884233566,24,0.00234375
1010101000,8289,"[3, 2, 1, 0]",9600,135.68735122680664,True,58.54451884233566,24,0.00234375
1010101000,8290,"[3, 2, 1, 0]",9600,135.70499420166016,False,58.54451884233566,24,0.00234375
1010101000,8291,"[3, 2, 1, 0]",9600,135.71739196777344,True,58.54451884233566,24,0.00234375
1010101000,8292,"[3, 2, 1, 0]",9600,135.73455810546875,False,58.54451884233566,24,0.00234375
1010101000,8293,"[3, 2, 1, 0]",9600,135.74862480163574,True,58.54451884233566,24,0.00234375
1010101000,8294,"[3, 2, 1, 0]",9600,135.76626777648926,False,58.54451884233566,24,0.00234375
1010101000,8295,"[3, 2, 1, 0]",9600,135.77914237976074,True,58.54451884233566,24,0.00234375
1010101000,8296,"[3, 2, 1, 0]",9600,135.79630851745605,False,58.54451884233566,24,0.00234375
1010101000,8297,"[3, 2, 1, 0]",9600,135.80918312072754,True,58.54451884233566,24,0.00234375
1010101000,8298,"[3, 2, 1, 0]",9600,135.82611083984375,False,58.54451884233566,24,0.00234375
1010101000,8299,"[3, 2, 1, 0]",9600,135.83827018737793,True,58.54451884233566,24,0.00234375
1010101000,8300,"[3, 2, 1, 0]",9600,135.85567474365234,False,58.54451884233566,24,0.00234375
1010101000,8301,"[3, 2, 1, 0]",9600,135.86831092834473,True,58.54451884233566,24,0.00234375
1010101000,8302,"[3, 2, 1, 0]",9600,135.88690757751465,False,58.54451884233566,24,0.00234375
1010101000,8303,"[3, 2, 1, 0]",9600,135.90025901794434,True,58.54451884233566,24,0.00234375
1010101000,8304,"[3, 2, 1, 0]",9600,135.91790199279785,False,58.54451884233566,24,0.00234375
1010101000,8305,"[3, 2, 1, 0]",9600,135.93125343322754,True,58.54451884233566,24,0.00234375
1010101000,8306,"[3, 2, 1, 0]",9600,135.94889640808105,False,58.54451884233566,24,0.00234375
1010101000,8307,"[3, 2, 1, 0]",9600,135.96129417419434,True,58.54451884233566,24,0.00234375
1010101000,8308,"[3, 2, 1, 0]",9600,135.97869873046875,False,58.54451884233566,24,0.00234375
1010101000,8309,"[3, 2, 1, 0]",9600,135.99157333374023,True,58.54451884233566,24,0.00234375
1010101000,8310,"[3, 2, 1, 0]",9600,136.00873947143555,False,58.54451884233566,24,0.00234375
1010101000,8311,"[3, 2, 1, 0]",9600,136.02161407470703,True,58.54451884233566,24,0.00234375
1010101000,8312,"[3, 2, 1, 0]",9600,136.03878021240234,False,58.54451884233566,24,0.00234375
1010101000,8313,"[3, 2, 1, 0]",9600,136.05141639709473,True,58.54451884233566,24,0.00234375
1010101000,8314,"[3, 2, 1, 0]",9600,136.07025146484375,False,58.54451884233566,24,0.00234375
1010101000,8315,"[3, 2, 1, 0]",9600,136.08312606811523,True,58.54451884233566,24,0.00234375
1010101000,8316,"[3, 2, 1, 0]",9600,136.10100746154785,False,58.54451884233566,24,0.00234375
1010101000,8317,"[3, 2, 1, 0]",9600,136.11340522766113,True,58.54451884233566,24,0.00234375
1010101000,8318,"[3, 2, 1, 0]",9600,136.13104820251465,False,58.54451884233566,24,0.00234375
1010101000,8319,"[3, 2, 1, 0]",9600,136.14368438720703,True,58.54451884233566,24,0.00234375
1010101000,8320,"[3, 2, 1, 0]",9600,136.16108894348145,False,58.54451884233566,24,0.00234375
1010101000,8321,"[3, 2, 1, 0]",9600,136.17324829101562,True,58.54451884233566,24,0.00234375
1010101000,8322,"[3, 2, 1, 0]",9600,136.19065284729004,False,58.54451884233566,24,0.00234375
1010101000,8323,"[3, 2, 1, 0]",9600,136.20305061340332,True,58.54451884233566,24,0.00234375
1010101000,8324,"[3, 2, 1, 0]",9600,136.22069358825684,False,58.54451884233566,24,0.00234375
1010101000,8325,"[3, 2, 1, 0]",9600,136.23332977294922,True,58.54451884233566,24,0.00234375
1010101000,8326,"[3, 2, 1, 0]",9600,136.25073432922363,False,58.54451884233566,24,0.00234375
1010101000,8327,"[3, 2, 1, 0]",9600,136.26337051391602,True,58.54451884233566,24,0.00234375
1010101000,8328,"[3, 2, 1, 0]",9600,136.28077507019043,False,58.54451884233566,24,0.00234375
1010101000,8329,"[3, 2, 1, 0]",9600,136.2936496734619,True,58.54451884233566,24,0.00234375
1010101000,8330,"[3, 2, 1, 0]",9600,136.31129264831543,False,58.54451884233566,24,0.00234375
1010101000,8331,"[3, 2, 1, 0]",9600,136.3241672515869,True,58.54451884233566,24,0.00234375
1010010011,8332,"[1, 0, 2, 3]",315,136.34181022644043,False,17.473809707916633,24,0.00234375
1010010011,8333,"[1, 0, 2, 3]",315,136.35563850402832,True,17.473809707916633,24,0.00234375
1010010011,8334,"[1, 0, 2, 3]",315,136.37304306030273,False,17.473809707916633,24,0.00234375
1010010011,8335,"[1, 0, 2, 3]",315,136.38758659362793,True,17.473809707916633,24,0.00234375
1010010011,8336,"[1, 0, 2, 3]",315,136.40522956848145,False,17.473809707916633,24,0.00234375
1010010011,8337,"[1, 0, 2, 3]",315,136.41834259033203,True,17.473809707916633,24,0.00234375
1010010011,8338,"[1, 0, 2, 3]",315,136.43574714660645,False,17.473809707916633,24,0.00234375
1010010011,8339,"[1, 0, 2, 3]",315,136.44862174987793,True,17.473809707916633,24,0.00234375
1010010011,8340,"[1, 0, 2, 3]",315,136.46578788757324,False,17.473809707916633,24,0.00234375
1010010011,8341,"[1, 0, 2, 3]",315,136.47842407226562,True,17.473809707916633,24,0.00234375
1010010011,8342,"[1, 0, 2, 3]",315,136.49559020996094,False,17.473809707916633,24,0.00234375
1010010011,8343,"[1, 0, 2, 3]",315,136.50846481323242,True,17.473809707916633,24,0.00234375
1010010011,8344,"[1, 0, 2, 3]",315,136.52563095092773,False,17.473809707916633,24,0.00234375
1010010011,8345,"[1, 0, 2, 3]",315,136.53826713562012,True,17.473809707916633,24,0.00234375
1010010011,8346,"[1, 0, 2, 3]",315,136.55519485473633,False,17.473809707916633,24,0.00234375
1010010011,8347,"[1, 0, 2, 3]",315,136.5675926208496,True,17.473809707916633,24,0.00234375
1010010011,8348,"[1, 0, 2, 3]",315,136.58475875854492,False,17.473809707916633,24,0.00234375
1010010011,8349,"[1, 0, 2, 3]",315,136.5973949432373,True,17.473809707916633,24,0.00234375
1010010011,8350,"[1, 0, 2, 3]",315,136.6140842437744,False,17.473809707916633,24,0.00234375
1010010011,8351,"[1, 0, 2, 3]",315,136.6269588470459,True,17.473809707916633,24,0.00234375
1010010011,8352,"[1, 0, 2, 3]",315,136.64674758911133,False,17.473809707916633,24,0.00234375
1010010011,8353,"[1, 0, 2, 3]",315,136.66057586669922,True,17.473809707916633,24,0.00234375
1010010011,8354,"[1, 0, 2, 3]",315,136.67821884155273,False,17.473809707916633,24,0.00234375
1010010011,8355,"[1, 0, 2, 3]",315,136.69157028198242,True,17.473809707916633,24,0.00234375
1010010011,8356,"[1, 0, 2, 3]",315,136.71112060546875,False,17.473809707916633,24,0.00234375
1010010011,8357,"[1, 0, 2, 3]",315,136.72471046447754,True,17.473809707916633,24,0.00234375
1010010011,8358,"[1, 0, 2, 3]",315,136.74211502075195,False,17.473809707916633,24,0.00234375
1010010011,8359,"[1, 0, 2, 3]",315,136.75546646118164,True,17.473809707916633,24,0.00234375
1010010011,8360,"[1, 0, 2, 3]",315,136.77239418029785,False,17.473809707916633,24,0.00234375
1010010011,8361,"[1, 0, 2, 3]",315,136.78574562072754,True,17.473809707916633,24,0.00234375
1010010011,8362,"[1, 0, 2, 3]",315,136.80267333984375,False,17.473809707916633,24,0.00234375
1010010011,8363,"[1, 0, 2, 3]",315,136.81554794311523,True,17.473809707916633,24,0.00234375
1010010011,8364,"[1, 0, 2, 3]",315,136.83271408081055,False,17.473809707916633,24,0.00234375
1010010011,8365,"[1, 0, 2, 3]",315,136.84558868408203,True,17.473809707916633,24,0.00234375
1010010011,8366,"[1, 0, 2, 3]",315,136.86299324035645,False,17.473809707916633,24,0.00234375
1010010011,8367,"[1, 0, 2, 3]",315,136.87586784362793,True,17.473809707916633,24,0.00234375
1010010011,8368,"[1, 0, 2, 3]",315,136.89303398132324,False,17.473809707916633,24,0.00234375
1010010011,8369,"[1, 0, 2, 3]",315,136.90590858459473,True,17.473809707916633,24,0.00234375
1010010011,8370,"[1, 0, 2, 3]",315,136.92307472229004,False,17.473809707916633,24,0.00234375
1010010011,8371,"[1, 0, 2, 3]",315,136.93618774414062,True,17.473809707916633,24,0.00234375
1010010011,8372,"[1, 0, 2, 3]",315,136.95335388183594,False,17.473809707916633,24,0.00234375
1010010011,8373,"[1, 0, 2, 3]",315,136.96646690368652,True,17.473809707916633,24,0.00234375
1010010011,8374,"[1, 0, 2, 3]",315,136.98387145996094,False,17.473809707916633,24,0.00234375
1010010011,8375,"[1, 0, 2, 3]",315,136.99889183044434,True,17.473809707916633,24,0.00234375
1010010011,8376,"[1, 0, 2, 3]",315,137.01653480529785,False,17.473809707916633,24,0.00234375
1010010011,8377,"[1, 0, 2, 3]",315,137.03036308288574,True,17.473809707916633,24,0.00234375
1010010011,8378,"[1, 0, 2, 3]",315,137.04967498779297,False,17.473809707916633,24,0.00234375
1010010011,8379,"[1, 0, 2, 3]",315,137.06302642822266,True,17.473809707916633,24,0.00234375
1110010101,8380,"[0, 1, 3, 2]",465,137.08090782165527,False,16.453497537746742,24,0.00234375
1110010101,8381,"[0, 1, 3, 2]",465,137.09402084350586,True,16.453497537746742,24,0.00234375
1110010101,8382,"[0, 1, 3, 2]",465,137.11142539978027,False,16.453497537746742,24,0.00234375
1110010101,8383,"[0, 1, 3, 2]",465,137.12430000305176,True,16.453497537746742,24,0.00234375
1110010101,8384,"[0, 1, 3, 2]",465,137.14170455932617,False,16.453497537746742,24,0.00234375
1110010101,8385,"[0, 1, 3, 2]",465,137.15481758117676,True,16.453497537746742,24,0.00234375
1110010101,8386,"[0, 1, 3, 2]",465,137.17222213745117,False,16.453497537746742,24,0.00234375
1110010101,8387,"[0, 1, 3, 2]",465,137.18533515930176,True,16.453497537746742,24,0.00234375
1110010101,8388,"[0, 1, 3, 2]",465,137.20250129699707,False,16.453497537746742,24,0.00234375
1110010101,8389,"[0, 1, 3, 2]",465,137.21561431884766,True,16.453497537746742,24,0.00234375
1110010101,8390,"[0, 1, 3, 2]",465,137.23254203796387,False,16.453497537746742,24,0.00234375
1110010101,8391,"[0, 1, 3, 2]",465,137.24517822265625,True,16.453497537746742,24,0.00234375
1110010101,8392,"[0, 1, 3, 2]",465,137.26234436035156,False,16.453497537746742,24,0.00234375
1110010101,8393,"[0, 1, 3, 2]",465,137.27521896362305,True,16.453497537746742,24,0.00234375
1110010101,8394,"[0, 1, 3, 2]",465,137.29262351989746,False,16.453497537746742,24,0.00234375
1110010101,8395,"[0, 1, 3, 2]",465,137.30573654174805,True,16.453497537746742,24,0.00234375
1110010101,8396,"[0, 1, 3, 2]",465,137.32290267944336,False,16.453497537746742,24,0.00234375
1110010101,8397,"[0, 1, 3, 2]",465,137.33553886413574,True,16.453497537746742,24,0.00234375
1110010101,8398,"[0, 1, 3, 2]",465,137.35437393188477,False,16.453497537746742,24,0.00234375
1110010101,8399,"[0, 1, 3, 2]",465,137.36724853515625,True,16.453497537746742,24,0.00234375
1110010101,8400,"[0, 1, 3, 2]",465,137.38465309143066,False,16.453497537746742,24,0.00234375
1110010101,8401,"[0, 1, 3, 2]",465,137.39752769470215,True,16.453497537746742,24,0.00234375
1110010101,8402,"[0, 1, 3, 2]",465,137.41612434387207,False,16.453497537746742,24,0.00234375
1110010101,8403,"[0, 1, 3, 2]",465,137.42995262145996,True,16.453497537746742,24,0.00234375
1110010101,8404,"[0, 1, 3, 2]",465,137.44807243347168,False,16.453497537746742,24,0.00234375
1110010101,8405,"[0, 1, 3, 2]",465,137.46070861816406,True,16.453497537746742,24,0.00234375
1110010101,8406,"[0, 1, 3, 2]",465,137.47787475585938,False,16.453497537746742,24,0.00234375
1110010101,8407,"[0, 1, 3, 2]",465,137.4948024749756,True,16.453497537746742,24,0.00234375
1110010101,8408,"[0, 1, 3, 2]",465,137.5126838684082,False,16.453497537746742,24,0.00234375
1110010101,8409,"[0, 1, 3, 2]",465,137.5255584716797,True,16.453497537746742,24,0.00234375
1110010101,8410,"[0, 1, 3, 2]",465,137.542724609375,False,16.453497537746742,24,0.00234375
1110010101,8411,"[0, 1, 3, 2]",465,137.5558376312256,True,16.453497537746742,24,0.00234375
1110010101,8412,"[0, 1, 3, 2]",465,137.5730037689209,False,16.453497537746742,24,0.00234375
1110010101,8413,"[0, 1, 3, 2]",465,137.58563995361328,True,16.453497537746742,24,0.00234375
1110010101,8414,"[0, 1, 3, 2]",465,137.6025676727295,False,16.453497537746742,24,0.00234375
1110010101,8415,"[0, 1, 3, 2]",465,137.61568069458008,True,16.453497537746742,24,0.00234375
1110010101,8416,"[0, 1, 3, 2]",465,137.6328468322754,False,16.453497537746742,24,0.00234375
1110010101,8417,"[0, 1, 3, 2]",465,137.64572143554688,True,16.453497537746742,24,0.00234375
1110010101,8418,"[0, 1, 3, 2]",465,137.66241073608398,False,16.453497537746742,24,0.00234375
1110010101,8419,"[0, 1, 3, 2]",465,137.68839836120605,True,16.453497537746742,24,0.00234375
1110010101,8420,"[0, 1, 3, 2]",465,137.71605491638184,False,16.453497537746742,24,0.00234375
1110010101,8421,"[0, 1, 3, 2]",465,137.72940635681152,True,16.453497537746742,24,0.00234375
1110010101,8422,"[0, 1, 3, 2]",465,137.74681091308594,False,16.453497537746742,24,0.00234375
1110010101,8423,"[0, 1, 3, 2]",465,137.75968551635742,True,16.453497537746742,24,0.00234375
1110010101,8424,"[0, 1, 3, 2]",465,137.77709007263184,False,16.453497537746742,24,0.00234375
1110010101,8425,"[0, 1, 3, 2]",465,137.78972625732422,True,16.453497537746742,24,0.00234375
1110010101,8426,"[0, 1, 3, 2]",465,137.80689239501953,False,16.453497537746742,24,0.00234375
1110010101,8427,"[0, 1, 3, 2]",465,137.81976699829102,True,16.453497537746742,24,0.00234375
1000111110,8428,"[3, 2, 0, 1]",6600,137.83740997314453,False,23.43624874001641,24,0.00234375
1000111110,8429,"[3, 2, 0, 1]",6600,137.85099983215332,True,23.43624874001641,24,0.00234375
1000111110,8430,"[3, 2, 0, 1]",6600,137.86864280700684,False,23.43624874001641,24,0.00234375
1000111110,8431,"[3, 2, 0, 1]",6600,137.90488243103027,True,23.43624874001641,24,0.00234375
1000111110,8432,"[3, 2, 0, 1]",6600,137.923002243042,False,23.43624874001641,24,0.00234375
1000111110,8433,"[3, 2, 0, 1]",6600,137.93611526489258,True,23.43624874001641,24,0.00234375
1000111110,8434,"[3, 2, 0, 1]",6600,137.953519821167,False,23.43624874001641,24,0.00234375
1000111110,8435,"[3, 2, 0, 1]",6600,137.96639442443848,True,23.43624874001641,24,0.00234375
1000111110,8436,"[3, 2, 0, 1]",6600,137.9837989807129,False,23.43624874001641,24,0.00234375
1000111110,8437,"[3, 2, 0, 1]",6600,137.99691200256348,True,23.43624874001641,24,0.00234375
1000111110,8438,"[3, 2, 0, 1]",6600,138.0143165588379,False,23.43624874001641,24,0.00234375
1000111110,8439,"[3, 2, 0, 1]",6600,138.02719116210938,True,23.43624874001641,24,0.00234375
1000111110,8440,"[3, 2, 0, 1]",6600,138.0462646484375,False,23.43624874001641,24,0.00234375
1000111110,8441,"[3, 2, 0, 1]",6600,138.0593776702881,True,23.43624874001641,24,0.00234375
1000111110,8442,"[3, 2, 0, 1]",6600,138.0770206451416,False,23.43624874001641,24,0.00234375
1000111110,8443,"[3, 2, 0, 1]",6600,138.08965682983398,True,23.43624874001641,24,0.00234375
1000111110,8444,"[3, 2, 0, 1]",6600,138.1065845489502,False,23.43624874001641,24,0.00234375
1000111110,8445,"[3, 2, 0, 1]",6600,138.11945915222168,True,23.43624874001641,24,0.00234375
1000111110,8446,"[3, 2, 0, 1]",6600,138.136625289917,False,23.43624874001641,24,0.00234375
1000111110,8447,"[3, 2, 0, 1]",6600,138.14926147460938,True,23.43624874001641,24,0.00234375
1000111110,8448,"[3, 2, 0, 1]",6600,138.1664276123047,False,23.43624874001641,24,0.00234375
1000111110,8449,"[3, 2, 0, 1]",6600,138.17906379699707,True,23.43624874001641,24,0.00234375
1000111110,8450,"[3, 2, 0, 1]",6600,138.19646835327148,False,23.43624874001641,24,0.00234375
1000111110,8451,"[3, 2, 0, 1]",6600,138.20934295654297,True,23.43624874001641,24,0.00234375
1000111110,8452,"[3, 2, 0, 1]",6600,138.22650909423828,False,23.43624874001641,24,0.00234375
1000111110,8453,"[3, 2, 0, 1]",6600,138.24081420898438,True,23.43624874001641,24,0.00234375
1000111110,8454,"[3, 2, 0, 1]",6600,138.258695602417,False,23.43624874001641,24,0.00234375
1000111110,8455,"[3, 2, 0, 1]",6600,138.27157020568848,True,23.43624874001641,24,0.00234375
1000111110,8456,"[3, 2, 0, 1]",6600,138.2887363433838,False,23.43624874001641,24,0.00234375
1000111110,8457,"[3, 2, 0, 1]",6600,138.30113410949707,True,23.43624874001641,24,0.00234375
1000111110,8458,"[3, 2, 0, 1]",6600,138.31853866577148,False,23.43624874001641,24,0.00234375
1000111110,8459,"[3, 2, 0, 1]",6600,138.33117485046387,True,23.43624874001641,24,0.00234375
1000111110,8460,"[3, 2, 0, 1]",6600,138.34834098815918,False,23.43624874001641,24,0.00234375
1000111110,8461,"[3, 2, 0, 1]",6600,138.36240768432617,True,23.43624874001641,24,0.00234375
1000111110,8462,"[3, 2, 0, 1]",6600,138.3802890777588,False,23.43624874001641,24,0.00234375
1000111110,8463,"[3, 2, 0, 1]",6600,138.39340209960938,True,23.43624874001641,24,0.00234375
1000111110,8464,"[3, 2, 0, 1]",6600,138.4108066558838,False,23.43624874001641,24,0.00234375
1000111110,8465,"[3, 2, 0, 1]",6600,138.42368125915527,True,23.43624874001641,24,0.00234375
1000111110,8466,"[3, 2, 0, 1]",6600,138.4408473968506,False,23.43624874001641,24,0.00234375
1000111110,8467,"[3, 2, 0, 1]",6600,138.45324516296387,True,23.43624874001641,24,0.00234375
1000111110,8468,"[3, 2, 0, 1]",6600,138.47041130065918,False,23.43624874001641,24,0.00234375
1000111110,8469,"[3, 2, 0, 1]",6600,138.48328590393066,True,23.43624874001641,24,0.00234375
1000111110,8470,"[3, 2, 0, 1]",6600,138.50021362304688,False,23.43624874001641,24,0.00234375
1000111110,8471,"[3, 2, 0, 1]",6600,138.51261138916016,True,23.43624874001641,24,0.00234375
1000111110,8472,"[3, 2, 0, 1]",6600,138.52977752685547,False,23.43624874001641,24,0.00234375
1000111110,8473,"[3, 2, 0, 1]",6600,138.54241371154785,True,23.43624874001641,24,0.00234375
1000111110,8474,"[3, 2, 0, 1]",6600,138.55981826782227,False,23.43624874001641,24,0.00234375
1000111110,8475,"[3, 2, 0, 1]",6600,138.57221603393555,True,23.43624874001641,24,0.00234375
0100111110,8476,"[3, 2, 0, 1]",6600,138.58962059020996,False,21.43624874001641,24,0.00234375
0100111110,8477,"[3, 2, 0, 1]",6600,138.60225677490234,True,21.43624874001641,24,0.00234375
0100111110,8478,"[3, 2, 0, 1]",6600,138.61942291259766,False,21.43624874001641,24,0.00234375
0100111110,8479,"[3, 2, 0, 1]",6600,138.63205909729004,True,21.43624874001641,24,0.00234375
0100111110,8480,"[3, 2, 0, 1]",6600,138.64946365356445,False,21.43624874001641,24,0.00234375
0100111110,8481,"[3, 2, 0, 1]",6600,138.66186141967773,True,21.43624874001641,24,0.00234375
0100111110,8482,"[3, 2, 0, 1]",6600,138.68045806884766,False,21.43624874001641,24,0.00234375
0100111110,8483,"[3, 2, 0, 1]",6600,138.69333267211914,True,21.43624874001641,24,0.00234375
0100111110,8484,"[3, 2, 0, 1]",6600,138.71097564697266,False,21.43624874001641,24,0.00234375
0100111110,8485,"[3, 2, 0, 1]",6600,138.72361183166504,True,21.43624874001641,24,0.00234375
0100111110,8486,"[3, 2, 0, 1]",6600,138.74101638793945,False,21.43624874001641,24,0.00234375
0100111110,8487,"[3, 2, 0, 1]",6600,138.75412940979004,True,21.43624874001641,24,0.00234375
0100111110,8488,"[3, 2, 0, 1]",6600,138.77153396606445,False,21.43624874001641,24,0.00234375
0100111110,8489,"[3, 2, 0, 1]",6600,138.78440856933594,True,21.43624874001641,24,0.00234375
0100111110,8490,"[3, 2, 0, 1]",6600,138.80181312561035,False,21.43624874001641,24,0.00234375
0100111110,8491,"[3, 2, 0, 1]",6600,138.81421089172363,True,21.43624874001641,24,0.00234375
0100111110,8492,"[3, 2, 0, 1]",6600,138.83137702941895,False,21.43624874001641,24,0.00234375
0100111110,8493,"[3, 2, 0, 1]",6600,138.84425163269043,True,21.43624874001641,24,0.00234375
0100111110,8494,"[3, 2, 0, 1]",6600,138.86141777038574,False,21.43624874001641,24,0.00234375
0100111110,8495,"[3, 2, 0, 1]",6600,138.87405395507812,True,21.43624874001641,24,0.00234375
0100111110,8496,"[3, 2, 0, 1]",6600,138.89098167419434,False,21.43624874001641,24,0.00234375
0100111110,8497,"[3, 2, 0, 1]",6600,138.90361785888672,True,21.43624874001641,24,0.00234375
0100111110,8498,"[3, 2, 0, 1]",6600,138.92126083374023,False,21.43624874001641,24,0.00234375
0100111110,8499,"[3, 2, 0, 1]",6600,138.93389701843262,True,21.43624874001641,24,0.00234375
0100111110,8500,"[3, 2, 0, 1]",6600,138.95153999328613,False,21.43624874001641,24,0.00234375
0100111110,8501,"[3, 2, 0, 1]",6600,138.9639377593994,True,21.43624874001641,24,0.00234375
0100111110,8502,"[3, 2, 0, 1]",6600,138.98134231567383,False,21.43624874001641,24,0.00234375
0100111110,8503,"[3, 2, 0, 1]",6600,138.99564743041992,True,21.43624874001641,24,0.00234375
0100111110,8504,"[3, 2, 0, 1]",6600,139.01519775390625,False,21.43624874001641,24,0.00234375
0100111110,8505,"[3, 2, 0, 1]",6600,139.02831077575684,True,21.43624874001641,24,0.00234375
0100111110,8506,"[3, 2, 0, 1]",6600,139.04595375061035,False,21.43624874001641,24,0.00234375
0100111110,8507,"[3, 2, 0, 1]",6600,139.05882835388184,True,21.43624874001641,24,0.00234375
0100111110,8508,"[3, 2, 0, 1]",6600,139.07599449157715,False,21.43624874001641,24,0.00234375
0100111110,8509,"[3, 2, 0, 1]",6600,139.08886909484863,True,21.43624874001641,24,0.00234375
0100111110,8510,"[3, 2, 0, 1]",6600,139.10603523254395,False,21.43624874001641,24,0.00234375
0100111110,8511,"[3, 2, 0, 1]",6600,139.11890983581543,True,21.43624874001641,24,0.00234375
0100111110,8512,"[3, 2, 0, 1]",6600,139.13631439208984,False,21.43624874001641,24,0.00234375
0100111110,8513,"[3, 2, 0, 1]",6600,139.14942741394043,True,21.43624874001641,24,0.00234375
0100111110,8514,"[3, 2, 0, 1]",6600,139.16683197021484,False,21.43624874001641,24,0.00234375
0100111110,8515,"[3, 2, 0, 1]",6600,139.17922973632812,True,21.43624874001641,24,0.00234375
0100111110,8516,"[3, 2, 0, 1]",6600,139.19663429260254,False,21.43624874001641,24,0.00234375
0100111110,8517,"[3, 2, 0, 1]",6600,139.20927047729492,True,21.43624874001641,24,0.00234375
0100111110,8518,"[3, 2, 0, 1]",6600,139.22667503356934,False,21.43624874001641,24,0.00234375
0100111110,8519,"[3, 2, 0, 1]",6600,139.23954963684082,True,21.43624874001641,24,0.00234375
0100111110,8520,"[3, 2, 0, 1]",6600,139.25671577453613,False,21.43624874001641,24,0.00234375
0100111110,8521,"[3, 2, 0, 1]",6600,139.2691135406494,True,21.43624874001641,24,0.00234375
0100111110,8522,"[3, 2, 0, 1]",6600,139.28651809692383,False,21.43624874001641,24,0.00234375
0100111110,8523,"[3, 2, 0, 1]",6600,139.2989158630371,True,21.43624874001641,24,0.00234375
0001001111,8524,"[3, 1, 2, 0]",9450,139.31822776794434,False,12.960756307408655,24,0.00234375
0001001111,8525,"[3, 1, 0, 2]",900,139.33181762695312,True,12.960756307408655,24,0.00234375
0001001111,8526,"[3, 1, 2, 0]",9450,139.34969902038574,False,12.960756307408655,24,0.00234375
0001001111,8527,"[3, 1, 0, 2]",900,139.36281204223633,True,12.960756307408655,24,0.00234375
0001001111,8528,"[3, 1, 2, 0]",9450,139.38021659851074,False,12.960756307408655,24,0.00234375
0001001111,8529,"[3, 1, 0, 2]",900,139.39356803894043,True,12.960756307408655,24,0.00234375
0001001111,8530,"[3, 1, 2, 0]",9450,139.41073417663574,False,12.960756307408655,24,0.00234375
0001001111,8531,"[3, 1, 0, 2]",900,139.42408561706543,True,12.960756307408655,24,0.00234375
0001001111,8532,"[3, 1, 2, 0]",9450,139.44149017333984,False,12.960756307408655,24,0.00234375
0001001111,8533,"[3, 1, 0, 2]",900,139.45460319519043,True,12.960756307408655,24,0.00234375
0001001111,8534,"[3, 1, 2, 0]",9450,139.47176933288574,False,12.960756307408655,24,0.00234375
0001001111,8535,"[3, 1, 0, 2]",900,139.48488235473633,True,12.960756307408655,24,0.00234375
0001001111,8536,"[3, 1, 2, 0]",9450,139.50204849243164,False,12.960756307408655,24,0.00234375
0001001111,8537,"[3, 1, 0, 2]",900,139.51516151428223,True,12.960756307408655,24,0.00234375
0001001111,8538,"[3, 1, 2, 0]",9450,139.53232765197754,False,12.960756307408655,24,0.00234375
0001001111,8539,"[3, 1, 0, 2]",900,139.54567909240723,True,12.960756307408655,24,0.00234375
0001001111,8540,"[3, 1, 2, 0]",9450,139.56308364868164,False,12.960756307408655,24,0.00234375
0001001111,8541,"[3, 1, 0, 2]",900,139.57643508911133,True,12.960756307408655,24,0.00234375
0001001111,8542,"[3, 1, 2, 0]",9450,139.59383964538574,False,12.960756307408655,24,0.00234375
0001001111,8543,"[3, 1, 0, 2]",900,139.60909843444824,True,12.960756307408655,24,0.00234375
0001001111,8544,"[3, 1, 2, 0]",9450,139.62674140930176,False,12.960756307408655,24,0.00234375
0001001111,8545,"[3, 1, 0, 2]",900,139.64080810546875,True,12.960756307408655,24,0.00234375
0001001111,8546,"[3, 1, 2, 0]",9450,139.66012001037598,False,12.960756307408655,24,0.00234375
0001001111,8547,"[3, 1, 0, 2]",900,139.67418670654297,True,12.960756307408655,24,0.00234375
0001001111,8548,"[3, 1, 2, 0]",9450,139.69159126281738,False,12.960756307408655,24,0.00234375
0001001111,8549,"[3, 1, 0, 2]",900,139.70494270324707,True,12.960756307408655,24,0.00234375
0001001111,8550,"[3, 1, 2, 0]",9450,139.72234725952148,False,12.960756307408655,24,0.00234375
0001001111,8551,"[3, 1, 0, 2]",900,139.73569869995117,True,12.960756307408655,24,0.00234375
0001001111,8552,"[3, 1, 2, 0]",9450,139.7531032562256,False,12.960756307408655,24,0.00234375
0001001111,8553,"[3, 1, 0, 2]",900,139.76621627807617,True,12.960756307408655,24,0.00234375
0001001111,8554,"[3, 1, 2, 0]",9450,139.7855281829834,False,12.960756307408655,24,0.00234375
0001001111,8555,"[3, 1, 0, 2]",900,139.7993564605713,True,12.960756307408655,24,0.00234375
0001001111,8556,"[3, 1, 2, 0]",9450,139.8169994354248,False,12.960756307408655,24,0.00234375
0001001111,8557,"[3, 1, 0, 2]",900,139.8303508758545,True,12.960756307408655,24,0.00234375
0001001111,8558,"[3, 1, 2, 0]",9450,139.8477554321289,False,12.960756307408655,24,0.00234375
0001001111,8559,"[3, 1, 0, 2]",900,139.8611068725586,True,12.960756307408655,24,0.00234375
0001001111,8560,"[3, 1, 2, 0]",9450,139.8787498474121,False,12.960756307408655,24,0.00234375
0001001111,8561,"[3, 1, 0, 2]",900,139.8921012878418,True,12.960756307408655,24,0.00234375
0001001111,8562,"[3, 1, 2, 0]",9450,139.9095058441162,False,12.960756307408655,24,0.00234375
0001001111,8563,"[3, 1, 0, 2]",900,139.9223804473877,True,12.960756307408655,24,0.00234375
0001001111,8564,"[3, 1, 2, 0]",9450,139.9397850036621,False,12.960756307408655,24,0.00234375
0001001111,8565,"[3, 1, 0, 2]",900,139.9528980255127,True,12.960756307408655,24,0.00234375
0001001111,8566,"[3, 1, 2, 0]",9450,139.97244834899902,False,12.960756307408655,24,0.00234375
0001001111,8567,"[3, 1, 0, 2]",900,139.9862766265869,True,12.960756307408655,24,0.00234375
0001001111,8568,"[3, 1, 2, 0]",9450,140.00391960144043,False,12.960756307408655,24,0.00234375
0001001111,8569,"[3, 1, 0, 2]",900,140.01727104187012,True,12.960756307408655,24,0.00234375
0001001111,8570,"[3, 1, 2, 0]",9450,140.03491401672363,False,12.960756307408655,24,0.00234375
0001001111,8571,"[3, 1, 0, 2]",900,140.04826545715332,True,12.960756307408655,24,0.00234375
0111011001,8572,"[1, 3, 2, 0]",9450,140.06567001342773,False,15.175666353837997,24,0.00234375
0111011001,8573,"[1, 0, 3, 2]",465,140.07949829101562,True,15.175666353837997,24,0.00234375
0111011001,8574,"[1, 3, 2, 0]",9450,140.09666442871094,False,15.175666353837997,24,0.00234375
0111011001,8575,"[1, 0, 3, 2]",465,140.10977745056152,True,15.175666353837997,24,0.00234375
0111011001,8576,"[1, 3, 2, 0]",9450,140.12718200683594,False,15.175666353837997,24,0.00234375
0111011001,8577,"[1, 0, 3, 2]",465,140.14053344726562,True,15.175666353837997,24,0.00234375
0111011001,8578,"[1, 3, 2, 0]",9450,140.15793800354004,False,15.175666353837997,24,0.00234375
0111011001,8579,"[1, 0, 3, 2]",465,140.17105102539062,True,15.175666353837997,24,0.00234375
0111011001,8580,"[1, 3, 2, 0]",9450,140.18845558166504,False,15.175666353837997,24,0.00234375
0111011001,8581,"[1, 0, 3, 2]",465,140.20133018493652,True,15.175666353837997,24,0.00234375
0111011001,8582,"[1, 3, 2, 0]",9450,140.21873474121094,False,15.175666353837997,24,0.00234375
0111011001,8583,"[1, 0, 3, 2]",465,140.23137092590332,True,15.175666353837997,24,0.00234375
0111011001,8584,"[1, 3, 2, 0]",9450,140.24877548217773,False,15.175666353837997,24,0.00234375
0111011001,8585,"[1, 0, 3, 2]",465,140.26165008544922,True,15.175666353837997,24,0.00234375
0111011001,8586,"[1, 3, 2, 0]",9450,140.27881622314453,False,15.175666353837997,24,0.00234375
0111011001,8587,"[1, 0, 3, 2]",465,140.29312133789062,True,15.175666353837997,24,0.00234375
0111011001,8588,"[1, 3, 2, 0]",9450,140.31100273132324,False,15.175666353837997,24,0.00234375
0111011001,8589,"[1, 0, 3, 2]",465,140.32411575317383,True,15.175666353837997,24,0.00234375
0111011001,8590,"[1, 3, 2, 0]",9450,140.34152030944824,False,15.175666353837997,24,0.00234375
0111011001,8591,"[1, 0, 3, 2]",465,140.35439491271973,True,15.175666353837997,24,0.00234375
0111011001,8592,"[1, 3, 2, 0]",9450,140.37156105041504,False,15.175666353837997,24,0.00234375
0111011001,8593,"[1, 0, 3, 2]",465,140.38491249084473,True,15.175666353837997,24,0.00234375
0111011001,8594,"[1, 3, 2, 0]",9450,140.40231704711914,False,15.175666353837997,24,0.00234375
0111011001,8595,"[1, 0, 3, 2]",465,140.41519165039062,True,15.175666353837997,24,0.00234375
0111011001,8596,"[1, 3, 2, 0]",9450,140.43235778808594,False,15.175666353837997,24,0.00234375
0111011001,8597,"[1, 0, 3, 2]",465,140.44547080993652,True,15.175666353837997,24,0.00234375
0111011001,8598,"[1, 3, 2, 0]",9450,140.46263694763184,False,15.175666353837997,24,0.00234375
0111011001,8599,"[1, 0, 3, 2]",465,140.47574996948242,True,15.175666353837997,24,0.00234375
0111011001,8600,"[1, 3, 2, 0]",9450,140.49315452575684,False,15.175666353837997,24,0.00234375
0111011001,8601,"[1, 0, 3, 2]",465,140.50579071044922,True,15.175666353837997,24,0.00234375
0111011001,8602,"[1, 3, 2, 0]",9450,140.52319526672363,False,15.175666353837997,24,0.00234375
0111011001,8603,"[1, 0, 3, 2]",465,140.53606986999512,True,15.175666353837997,24,0.00234375
0111011001,8604,"[1, 3, 2, 0]",9450,140.55514335632324,False,15.175666353837997,24,0.00234375
0111011001,8605,"[1, 0, 3, 2]",465,140.56897163391113,True,15.175666353837997,24,0.00234375
0111011001,8606,"[1, 3, 2, 0]",9450,140.58685302734375,False,15.175666353837997,24,0.00234375
0111011001,8607,"[1, 0, 3, 2]",465,140.59996604919434,True,15.175666353837997,24,0.00234375
0111011001,8608,"[1, 3, 2, 0]",9450,140.61951637268066,False,15.175666353837997,24,0.00234375
0111011001,8609,"[1, 0, 3, 2]",465,140.63286781311035,True,15.175666353837997,24,0.00234375
0111011001,8610,"[1, 3, 2, 0]",9450,140.65074920654297,False,15.175666353837997,24,0.00234375
0111011001,8611,"[1, 0, 3, 2]",465,140.66386222839355,True,15.175666353837997,24,0.00234375
0111011001,8612,"[1, 3, 2, 0]",9450,140.68126678466797,False,15.175666353837997,24,0.00234375
0111011001,8613,"[1, 0, 3, 2]",465,140.69437980651855,True,15.175666353837997,24,0.00234375
0111011001,8614,"[1, 3, 2, 0]",9450,140.71154594421387,False,15.175666353837997,24,0.00234375
0111011001,8615,"[1, 0, 3, 2]",465,140.72442054748535,True,15.175666353837997,24,0.00234375
0111011001,8616,"[1, 3, 2, 0]",9450,140.74158668518066,False,15.175666353837997,24,0.00234375
0111011001,8617,"[1, 0, 3, 2]",465,140.75493812561035,True,15.175666353837997,24,0.00234375
0111011001,8618,"[1, 3, 2, 0]",9450,140.77210426330566,False,15.175666353837997,24,0.00234375
0111011001,8619,"[1, 0, 3, 2]",465,140.78497886657715,True,15.175666353837997,24,0.00234375
0011110011,8620,"[2, 1, 3, 0]",9300,140.80262184143066,False,10.363774402289181,24,0.00234375
0011110011,8621,"[2, 1, 0, 3]",600,140.81621170043945,True,10.363774402289181,24,0.00234375
0011110011,8622,"[2, 1, 3, 0]",9300,140.83361625671387,False,10.363774402289181,24,0.00234375
0011110011,8623,"[2, 1, 0, 3]",600,140.84720611572266,True,10.363774402289181,24,0.00234375
0011110011,8624,"[2, 1, 3, 0]",9300,140.86461067199707,False,10.363774402289181,24,0.00234375
0011110011,8625,"[2, 1, 0, 3]",600,140.87772369384766,True,10.363774402289181,24,0.00234375
0011110011,8626,"[2, 1, 3, 0]",9300,140.89512825012207,False,10.363774402289181,24,0.00234375
0011110011,8627,"[2, 1, 0, 3]",600,140.90800285339355,True,10.363774402289181,24,0.00234375
0011110011,8628,"[2, 1, 3, 0]",9300,140.92516899108887,False,10.363774402289181,24,0.00234375
0011110011,8629,"[2, 1, 0, 3]",600,140.94018936157227,True,10.363774402289181,24,0.00234375
0011110011,8630,"[2, 1, 3, 0]",9300,140.95830917358398,False,10.363774402289181,24,0.00234375
0011110011,8631,"[2, 1, 0, 3]",600,140.97142219543457,True,10.363774402289181,24,0.00234375
0011110011,8632,"[2, 1, 3, 0]",9300,140.98882675170898,False,10.363774402289181,24,0.00234375
0011110011,8633,"[2, 1, 0, 3]",600,141.00170135498047,True,10.363774402289181,24,0.00234375
0011110011,8634,"[2, 1, 3, 0]",9300,141.01910591125488,False,10.363774402289181,24,0.00234375
0011110011,8635,"[2, 1, 0, 3]",600,141.03221893310547,True,10.363774402289181,24,0.00234375
0011110011,8636,"[2, 1, 3, 0]",9300,141.04986190795898,False,10.363774402289181,24,0.00234375
0011110011,8637,"[2, 1, 0, 3]",600,141.06297492980957,True,10.363774402289181,24,0.00234375
0011110011,8638,"[2, 1, 3, 0]",9300,141.0808563232422,False,10.363774402289181,24,0.00234375
0011110011,8639,"[2, 1, 0, 3]",600,141.09373092651367,True,10.363774402289181,24,0.00234375
0011110011,8640,"[2, 1, 3, 0]",9300,141.1111354827881,False,10.363774402289181,24,0.00234375
0011110011,8641,"[2, 1, 0, 3]",600,141.12377166748047,True,10.363774402289181,24,0.00234375
0011110011,8642,"[2, 1, 3, 0]",9300,141.14117622375488,False,10.363774402289181,24,0.00234375
0011110011,8643,"[2, 1, 0, 3]",600,141.15405082702637,True,10.363774402289181,24,0.00234375
0011110011,8644,"[2, 1, 3, 0]",9300,141.17145538330078,False,10.363774402289181,24,0.00234375
0011110011,8645,"[2, 1, 0, 3]",600,141.18456840515137,True,10.363774402289181,24,0.00234375
0011110011,8646,"[2, 1, 3, 0]",9300,141.20197296142578,False,10.363774402289181,24,0.00234375
0011110011,8647,"[2, 1, 0, 3]",600,141.21508598327637,True,10.363774402289181,24,0.00234375
0011110011,8648,"[2, 1, 3, 0]",9300,141.23272895812988,False,10.363774402289181,24,0.00234375
0011110011,8649,"[2, 1, 0, 3]",600,141.24584197998047,True,10.363774402289181,24,0.00234375
0011110011,8650,"[2, 1, 3, 0]",9300,141.2646770477295,False,10.363774402289181,24,0.00234375
0011110011,8651,"[2, 1, 0, 3]",600,141.27850532531738,True,10.363774402289181,24,0.00234375
0011110011,8652,"[2, 1, 3, 0]",9300,141.2961483001709,False,10.363774402289181,24,0.00234375
0011110011,8653,"[2, 1, 0, 3]",600,141.3097381591797,True,10.363774402289181,24,0.00234375
0011110011,8654,"[2, 1, 3, 0]",9300,141.3283348083496,False,10.363774402289181,24,0.00234375
0011110011,8655,"[2, 1, 0, 3]",600,141.3421630859375,True,10.363774402289181,24,0.00234375
0011110011,8656,"[2, 1, 3, 0]",9300,141.36028289794922,False,10.363774402289181,24,0.00234375
0011110011,8657,"[2, 1, 0, 3]",600,141.3731575012207,True,10.363774402289181,24,0.00234375
0011110011,8658,"[2, 1, 3, 0]",9300,141.39080047607422,False,10.363774402289181,24,0.00234375
0011110011,8659,"[2, 1, 0, 3]",600,141.4039134979248,True,10.363774402289181,24,0.00234375
0011110011,8660,"[2, 1, 3, 0]",9300,141.42131805419922,False,10.363774402289181,24,0.00234375
0011110011,8661,"[2, 1, 0, 3]",600,141.4344310760498,True,10.363774402289181,24,0.00234375
0011110011,8662,"[2, 1, 3, 0]",9300,141.45159721374512,False,10.363774402289181,24,0.00234375
0011110011,8663,"[2, 1, 0, 3]",600,141.4647102355957,True,10.363774402289181,24,0.00234375
0011110011,8664,"[2, 1, 3, 0]",9300,141.48592948913574,False,10.363774402289181,24,0.00234375
0011110011,8665,"[2, 1, 0, 3]",600,141.49928092956543,True,10.363774402289181,24,0.00234375
0011110011,8666,"[2, 1, 3, 0]",9300,141.51716232299805,False,10.363774402289181,24,0.00234375
0011110011,8667,"[2, 1, 0, 3]",600,141.52979850769043,True,10.363774402289181,24,0.00234375
1010000111,8668,"[1, 0, 3, 2]",465,141.54767990112305,False,17.610835341332443,24,0.00234375
1010000111,8669,"[1, 0, 3, 2]",465,141.56079292297363,True,17.610835341332443,24,0.00234375
1010000111,8670,"[1, 0, 3, 2]",465,141.57819747924805,False,17.610835341332443,24,0.00234375
1010000111,8671,"[1, 0, 3, 2]",465,141.59297943115234,True,17.610835341332443,24,0.00234375
1010000111,8672,"[1, 0, 3, 2]",465,141.61086082458496,False,17.610835341332443,24,0.00234375
1010000111,8673,"[1, 0, 3, 2]",465,141.62349700927734,True,17.610835341332443,24,0.00234375
1010000111,8674,"[1, 0, 3, 2]",465,141.64090156555176,False,17.610835341332443,24,0.00234375
1010000111,8675,"[1, 0, 3, 2]",465,141.65377616882324,True,17.610835341332443,24,0.00234375
1010000111,8676,"[1, 0, 3, 2]",465,141.67118072509766,False,17.610835341332443,24,0.00234375
1010000111,8677,"[1, 0, 3, 2]",465,141.68429374694824,True,17.610835341332443,24,0.00234375
1010000111,8678,"[1, 0, 3, 2]",465,141.70169830322266,False,17.610835341332443,24,0.00234375
1010000111,8679,"[1, 0, 3, 2]",465,141.71457290649414,True,17.610835341332443,24,0.00234375
1010000111,8680,"[1, 0, 3, 2]",465,141.73197746276855,False,17.610835341332443,24,0.00234375
1010000111,8681,"[1, 0, 3, 2]",465,141.74461364746094,True,17.610835341332443,24,0.00234375
1010000111,8682,"[1, 0, 3, 2]",465,141.76177978515625,False,17.610835341332443,24,0.00234375
1010000111,8683,"[1, 0, 3, 2]",465,141.77489280700684,True,17.610835341332443,24,0.00234375
1010000111,8684,"[1, 0, 3, 2]",465,141.79182052612305,False,17.610835341332443,24,0.00234375
1010000111,8685,"[1, 0, 3, 2]",465,141.80493354797363,True,17.610835341332443,24,0.00234375
1010000111,8686,"[1, 0, 3, 2]",465,141.82209968566895,False,17.610835341332443,24,0.00234375
1010000111,8687,"[1, 0, 3, 2]",465,141.83473587036133,True,17.610835341332443,24,0.00234375
1010000111,8688,"[1, 0, 3, 2]",465,141.85190200805664,False,17.610835341332443,24,0.00234375
1010000111,8689,"[1, 0, 3, 2]",465,141.86477661132812,True,17.610835341332443,24,0.00234375
1010000111,8690,"[1, 0, 3, 2]",465,141.88194274902344,False,17.610835341332443,24,0.00234375
1010000111,8691,"[1, 0, 3, 2]",465,141.89505577087402,True,17.610835341332443,24,0.00234375
1010000111,8692,"[1, 0, 3, 2]",465,141.91365242004395,False,17.610835341332443,24,0.00234375
1010000111,8693,"[1, 0, 3, 2]",465,141.92700386047363,True,17.610835341332443,24,0.00234375
1010000111,8694,"[1, 0, 3, 2]",465,141.94464683532715,False,17.610835341332443,24,0.00234375
1010000111,8695,"[1, 0, 3, 2]",465,141.95775985717773,True,17.610835341332443,24,0.00234375
1010000111,8696,"[1, 0, 3, 2]",465,141.97516441345215,False,17.610835341332443,24,0.00234375
1010000111,8697,"[1, 0, 3, 2]",465,141.98780059814453,True,17.610835341332443,24,0.00234375
1010000111,8698,"[1, 0, 3, 2]",465,142.00520515441895,False,17.610835341332443,24,0.00234375
1010000111,8699,"[1, 0, 3, 2]",465,142.01807975769043,True,17.610835341332443,24,0.00234375
1010000111,8700,"[1, 0, 3, 2]",465,142.03548431396484,False,17.610835341332443,24,0.00234375
1010000111,8701,"[1, 0, 3, 2]",465,142.04835891723633,True,17.610835341332443,24,0.00234375
1010000111,8702,"[1, 0, 3, 2]",465,142.06552505493164,False,17.610835341332443,24,0.00234375
1010000111,8703,"[1, 0, 3, 2]",465,142.07839965820312,True,17.610835341332443,24,0.00234375
1010000111,8704,"[1, 0, 3, 2]",465,142.09628105163574,False,17.610835341332443,24,0.00234375
1010000111,8705,"[1, 0, 3, 2]",465,142.11106300354004,True,17.610835341332443,24,0.00234375
1010000111,8706,"[1, 0, 3, 2]",465,142.12918281555176,False,17.610835341332443,24,0.00234375
1010000111,8707,"[1, 0, 3, 2]",465,142.14277267456055,True,17.610835341332443,24,0.00234375
1010000111,8708,"[1, 0, 3, 2]",465,142.16017723083496,False,17.610835341332443,24,0.00234375
1010000111,8709,"[1, 0, 3, 2]",465,142.17400550842285,True,17.610835341332443,24,0.00234375
1010000111,8710,"[1, 0, 3, 2]",465,142.19141006469727,False,17.610835341332443,24,0.00234375
1010000111,8711,"[1, 0, 3, 2]",465,142.20643043518066,True,17.610835341332443,24,0.00234375
1010000111,8712,"[1, 0, 3, 2]",465,142.22407341003418,False,17.610835341332443,24,0.00234375
1010000111,8713,"[1, 0, 3, 2]",465,142.23814010620117,True,17.610835341332443,24,0.00234375
1010000111,8714,"[1, 0, 3, 2]",465,142.2572135925293,False,17.610835341332443,24,0.00234375
1010000111,8715,"[1, 0, 3, 2]",465,142.2708034515381,True,17.610835341332443,24,0.00234375
0001110011,8716,"[2, 1, 3, 0]",9300,142.2884464263916,False,12.272506259434047,24,0.00234375
0001110011,8717,"[2, 1, 0, 3]",600,142.3020362854004,True,12.272506259434047,24,0.00234375
0001110011,8718,"[2, 1, 3, 0]",9300,142.3196792602539,False,12.272506259434047,24,0.00234375
0001110011,8719,"[2, 1, 0, 3]",600,142.3330307006836,True,12.272506259434047,24,0.00234375
0001110011,8720,"[2, 1, 3, 0]",9300,142.3506736755371,False,12.272506259434047,24,0.00234375
0001110011,8721,"[2, 1, 0, 3]",600,142.3637866973877,True,12.272506259434047,24,0.00234375
0001110011,8722,"[2, 1, 3, 0]",9300,142.3811912536621,False,12.272506259434047,24,0.00234375
0001110011,8723,"[2, 1, 0, 3]",600,142.3940658569336,True,12.272506259434047,24,0.00234375
0001110011,8724,"[2, 1, 3, 0]",9300,142.411470413208,False,12.272506259434047,24,0.00234375
0001110011,8725,"[2, 1, 0, 3]",600,142.4245834350586,True,12.272506259434047,24,0.00234375
0001110011,8726,"[2, 1, 3, 0]",9300,142.441987991333,False,12.272506259434047,24,0.00234375
0001110011,8727,"[2, 1, 0, 3]",600,142.4548625946045,True,12.272506259434047,24,0.00234375
0001110011,8728,"[2, 1, 3, 0]",9300,142.4720287322998,False,12.272506259434047,24,0.00234375
0001110011,8729,"[2, 1, 0, 3]",600,142.4851417541504,True,12.272506259434047,24,0.00234375
0001110011,8730,"[2, 1, 3, 0]",9300,142.5025463104248,False,12.272506259434047,24,0.00234375
0001110011,8731,"[2, 1, 0, 3]",600,142.5154209136963,True,12.272506259434047,24,0.00234375
0001110011,8732,"[2, 1, 3, 0]",9300,142.5325870513916,False,12.272506259434047,24,0.00234375
0001110011,8733,"[2, 1, 0, 3]",600,142.5459384918213,True,12.272506259434047,24,0.00234375
0001110011,8734,"[2, 1, 3, 0]",9300,142.5642967224121,False,12.272506259434047,24,0.00234375
0001110011,8735,"[2, 1, 0, 3]",600,142.578125,True,12.272506259434047,24,0.00234375
0001110011,8736,"[2, 1, 3, 0]",9300,142.59576797485352,False,12.272506259434047,24,0.00234375
0001110011,8737,"[2, 1, 0, 3]",600,142.6091194152832,True,12.272506259434047,24,0.00234375
0001110011,8738,"[2, 1, 3, 0]",9300,142.62652397155762,False,12.272506259434047,24,0.00234375
0001110011,8739,"[2, 1, 0, 3]",600,142.6396369934082,True,12.272506259434047,24,0.00234375
0001110011,8740,"[2, 1, 3, 0]",9300,142.65704154968262,False,12.272506259434047,24,0.00234375
0001110011,8741,"[2, 1, 0, 3]",600,142.6701545715332,True,12.272506259434047,24,0.00234375
0001110011,8742,"[2, 1, 3, 0]",9300,142.68755912780762,False,12.272506259434047,24,0.00234375
0001110011,8743,"[2, 1, 0, 3]",600,142.7006721496582,True,12.272506259434047,24,0.00234375
0001110011,8744,"[2, 1, 3, 0]",9300,142.71783828735352,False,12.272506259434047,24,0.00234375
0001110011,8745,"[2, 1, 0, 3]",600,142.730712890625,True,12.272506259434047,24,0.00234375
0001110011,8746,"[2, 1, 3, 0]",9300,142.7481174468994,False,12.272506259434047,24,0.00234375
0001110011,8747,"[2, 1, 0, 3]",600,142.76123046875,True,12.272506259434047,24,0.00234375
0001110011,8748,"[2, 1, 3, 0]",9300,142.7786350250244,False,12.272506259434047,24,0.00234375
0001110011,8749,"[2, 1, 0, 3]",600,142.7919864654541,True,12.272506259434047,24,0.00234375
0001110011,8750,"[2, 1, 3, 0]",9300,142.80939102172852,False,12.272506259434047,24,0.00234375
0001110011,8751,"[2, 1, 0, 3]",600,142.8225040435791,True,12.272506259434047,24,0.00234375
0001110011,8752,"[2, 1, 3, 0]",9300,142.83990859985352,False,12.272506259434047,24,0.00234375
0001110011,8753,"[2, 1, 0, 3]",600,142.8530216217041,True,12.272506259434047,24,0.00234375
0001110011,8754,"[2, 1, 3, 0]",9300,142.87042617797852,False,12.272506259434047,24,0.00234375
0001110011,8755,"[2, 1, 0, 3]",600,142.8849697113037,True,12.272506259434047,24,0.00234375
0001110011,8756,"[2, 1, 3, 0]",9300,142.90428161621094,False,12.272506259434047,24,0.00234375
0001110011,8757,"[2, 1, 0, 3]",600,142.91787147521973,True,12.272506259434047,24,0.00234375
0001110011,8758,"[2, 1, 3, 0]",9300,142.93551445007324,False,12.272506259434047,24,0.00234375
0001110011,8759,"[2, 1, 0, 3]",600,142.94910430908203,True,12.272506259434047,24,0.00234375
0001110011,8760,"[2, 1, 3, 0]",9300,142.96650886535645,False,12.272506259434047,24,0.00234375
0001110011,8761,"[2, 1, 0, 3]",600,142.97986030578613,True,12.272506259434047,24,0.00234375
0001110011,8762,"[2, 1, 3, 0]",9300,142.99750328063965,False,12.272506259434047,24,0.00234375
0001110011,8763,"[2, 1, 0, 3]",600,143.01061630249023,True,12.272506259434047,24,0.00234375
1100010000,8764,"[0, 2, 3, 1]",6200,143.02825927734375,False,10.294739040945382,23,0.00224609375
1100010000,8765,"[0, 1, 2, 3]",315,143.04208755493164,True,10.294739040945382,23,0.00224609375
1100010000,8766,"[0, 2, 3, 1]",6200,143.05949211120605,False,10.294739040945382,23,0.00224609375
1100010000,8767,"[0, 1, 2, 3]",315,143.07284355163574,True,10.294739040945382,23,0.00224609375
1100010000,8768,"[0, 2, 3, 1]",6200,143.09000968933105,False,10.294739040945382,23,0.00224609375
1100010000,8769,"[0, 1, 2, 3]",315,143.10264587402344,True,10.294739040945382,23,0.00224609375
1100010000,8770,"[0, 2, 3, 1]",6200,143.11957359313965,False,10.294739040945382,23,0.00224609375
1100010000,8771,"[0, 1, 2, 3]",315,143.13244819641113,True,10.294739040945382,23,0.00224609375
1100010000,8772,"[0, 2, 3, 1]",6200,143.14961433410645,False,10.294739040945382,23,0.00224609375
1100010000,8773,"[0, 1, 2, 3]",315,143.16248893737793,True,10.294739040945382,23,0.00224609375
1100010000,8774,"[0, 2, 3, 1]",6200,143.17965507507324,False,10.294739040945382,23,0.00224609375
1100010000,8775,"[0, 1, 2, 3]",315,143.19205284118652,True,10.294739040945382,23,0.00224609375
1100010000,8776,"[0, 2, 3, 1]",6200,143.21088790893555,False,10.294739040945382,23,0.00224609375
1100010000,8777,"[0, 1, 2, 3]",315,143.22400093078613,True,10.294739040945382,23,0.00224609375
1100010000,8778,"[0, 2, 3, 1]",6200,143.24140548706055,False,10.294739040945382,23,0.00224609375
1100010000,8779,"[0, 1, 2, 3]",315,143.27526092529297,True,10.294739040945382,23,0.00224609375
1100010000,8780,"[0, 2, 3, 1]",6200,143.2933807373047,False,10.294739040945382,23,0.00224609375
1100010000,8781,"[0, 1, 2, 3]",315,143.30673217773438,True,10.294739040945382,23,0.00224609375
1100010000,8782,"[0, 2, 3, 1]",6200,143.3241367340088,False,10.294739040945382,23,0.00224609375
1100010000,8783,"[0, 1, 2, 3]",315,143.33724975585938,True,10.294739040945382,23,0.00224609375
1100010000,8784,"[0, 2, 3, 1]",6200,143.3546543121338,False,10.294739040945382,23,0.00224609375
1100010000,8785,"[0, 1, 2, 3]",315,143.36776733398438,True,10.294739040945382,23,0.00224609375
1100010000,8786,"[0, 2, 3, 1]",6200,143.3849334716797,False,10.294739040945382,23,0.00224609375
1100010000,8787,"[0, 1, 2, 3]",315,143.39804649353027,True,10.294739040945382,23,0.00224609375
1100010000,8788,"[0, 2, 3, 1]",6200,143.4154510498047,False,10.294739040945382,23,0.00224609375
1100010000,8789,"[0, 1, 2, 3]",315,143.42856407165527,True,10.294739040945382,23,0.00224609375
1100010000,8790,"[0, 2, 3, 1]",6200,143.4457302093506,False,10.294739040945382,23,0.00224609375
1100010000,8791,"[0, 1, 2, 3]",315,143.45884323120117,True,10.294739040945382,23,0.00224609375
1100010000,8792,"[0, 2, 3, 1]",6200,143.4762477874756,False,10.294739040945382,23,0.00224609375
1100010000,8793,"[0, 1, 2, 3]",315,143.48959922790527,True,10.294739040945382,23,0.00224609375
1100010000,8794,"[0, 2, 3, 1]",6200,143.5067653656006,False,10.294739040945382,23,0.00224609375
1100010000,8795,"[0, 1, 2, 3]",315,143.51987838745117,True,10.294739040945382,23,0.00224609375
1100010000,8796,"[0, 2, 3, 1]",6200,143.53656768798828,False,10.294739040945382,23,0.00224609375
1100010000,8797,"[0, 1, 2, 3]",315,143.55111122131348,True,10.294739040945382,23,0.00224609375
1100010000,8798,"[0, 2, 3, 1]",6200,143.5689926147461,False,10.294739040945382,23,0.00224609375
1100010000,8799,"[0, 1, 2, 3]",315,143.58234405517578,True,10.294739040945382,23,0.00224609375
1100010000,8800,"[0, 2, 3, 1]",6200,143.5997486114502,False,10.294739040945382,23,0.00224609375
1100010000,8801,"[0, 1, 2, 3]",315,143.61238479614258,True,10.294739040945382,23,0.00224609375
1100010000,8802,"[0, 2, 3, 1]",6200,143.629789352417,False,10.294739040945382,23,0.00224609375
1100010000,8803,"[0, 1, 2, 3]",315,143.64266395568848,True,10.294739040945382,23,0.00224609375
1100010000,8804,"[0, 2, 3, 1]",6200,143.6600685119629,False,10.294739040945382,23,0.00224609375
1100010000,8805,"[0, 1, 2, 3]",315,143.67294311523438,True,10.294739040945382,23,0.00224609375
1100010000,8806,"[0, 2, 3, 1]",6200,143.6920166015625,False,10.294739040945382,23,0.00224609375
1100010000,8807,"[0, 1, 2, 3]",315,143.7053680419922,True,10.294739040945382,23,0.00224609375
1100010000,8808,"[0, 2, 3, 1]",6200,143.7230110168457,False,10.294739040945382,23,0.00224609375
1100010000,8809,"[0, 1, 2, 3]",315,143.7358856201172,True,10.294739040945382,23,0.00224609375
0111100100,8810,"[1, 2, 3, 0]",9300,143.7535285949707,False,21.482091381388685,23,0.00224609375
0111100100,8811,"[1, 0, 2, 3]",315,143.7668800354004,True,21.482091381388685,23,0.00224609375
0111100100,8812,"[1, 2, 3, 0]",9300,143.7840461730957,False,21.482091381388685,23,0.00224609375
0111100100,8813,"[1, 0, 2, 3]",315,143.7973976135254,True,21.482091381388685,23,0.00224609375
0111100100,8814,"[1, 2, 3, 0]",9300,143.8148021697998,False,21.482091381388685,23,0.00224609375
0111100100,8815,"[1, 0, 2, 3]",315,143.8286304473877,True,21.482091381388685,23,0.00224609375
0111100100,8816,"[1, 2, 3, 0]",9300,143.8455581665039,False,21.482091381388685,23,0.00224609375
0111100100,8817,"[1, 0, 2, 3]",315,143.8593864440918,True,21.482091381388685,23,0.00224609375
0111100100,8818,"[1, 2, 3, 0]",9300,143.87869834899902,False,21.482091381388685,23,0.00224609375
0111100100,8819,"[1, 0, 2, 3]",315,143.89276504516602,True,21.482091381388685,23,0.00224609375
0111100100,8820,"[1, 2, 3, 0]",9300,143.91016960144043,False,21.482091381388685,23,0.00224609375
0111100100,8821,"[1, 0, 2, 3]",315,143.92352104187012,True,21.482091381388685,23,0.00224609375
0111100100,8822,"[1, 2, 3, 0]",9300,143.94068717956543,False,21.482091381388685,23,0.00224609375
0111100100,8823,"[1, 0, 2, 3]",315,143.95380020141602,True,21.482091381388685,23,0.00224609375
0111100100,8824,"[1, 2, 3, 0]",9300,143.97048950195312,False,21.482091381388685,23,0.00224609375
0111100100,8825,"[1, 0, 2, 3]",315,143.9836025238037,True,21.482091381388685,23,0.00224609375
0111100100,8826,"[1, 2, 3, 0]",9300,144.00076866149902,False,21.482091381388685,23,0.00224609375
0111100100,8827,"[1, 0, 2, 3]",315,144.0138816833496,True,21.482091381388685,23,0.00224609375
0111100100,8828,"[1, 2, 3, 0]",9300,144.03128623962402,False,21.482091381388685,23,0.00224609375
0111100100,8829,"[1, 0, 2, 3]",315,144.0443992614746,True,21.482091381388685,23,0.00224609375
0111100100,8830,"[1, 2, 3, 0]",9300,144.06156539916992,False,21.482091381388685,23,0.00224609375
0111100100,8831,"[1, 0, 2, 3]",315,144.0742015838623,True,21.482091381388685,23,0.00224609375
0111100100,8832,"[1, 2, 3, 0]",9300,144.09136772155762,False,21.482091381388685,23,0.00224609375
0111100100,8833,"[1, 0, 2, 3]",315,144.1044807434082,True,21.482091381388685,23,0.00224609375
0111100100,8834,"[1, 2, 3, 0]",9300,144.12188529968262,False,21.482091381388685,23,0.00224609375
0111100100,8835,"[1, 0, 2, 3]",315,144.1347599029541,True,21.482091381388685,23,0.00224609375
0111100100,8836,"[1, 2, 3, 0]",9300,144.1519260406494,False,21.482091381388685,23,0.00224609375
0111100100,8837,"[1, 0, 2, 3]",315,144.1648006439209,True,21.482091381388685,23,0.00224609375
0111100100,8838,"[1, 2, 3, 0]",9300,144.1817283630371,False,21.482091381388685,23,0.00224609375
0111100100,8839,"[1, 0, 2, 3]",315,144.1967487335205,True,21.482091381388685,23,0.00224609375
0111100100,8840,"[1, 2, 3, 0]",9300,144.21463012695312,False,21.482091381388685,23,0.00224609375
0111100100,8841,"[1, 0, 2, 3]",315,144.2282199859619,True,21.482091381388685,23,0.00224609375
0111100100,8842,"[1, 2, 3, 0]",9300,144.24562454223633,False,21.482091381388685,23,0.00224609375
0111100100,8843,"[1, 0, 2, 3]",315,144.25897598266602,True,21.482091381388685,23,0.00224609375
0111100100,8844,"[1, 2, 3, 0]",9300,144.27638053894043,False,21.482091381388685,23,0.00224609375
0111100100,8845,"[1, 0, 2, 3]",315,144.2892551422119,True,21.482091381388685,23,0.00224609375
0111100100,8846,"[1, 2, 3, 0]",9300,144.30642127990723,False,21.482091381388685,23,0.00224609375
0111100100,8847,"[1, 0, 2, 3]",315,144.3197727203369,True,21.482091381388685,23,0.00224609375
0111100100,8848,"[1, 2, 3, 0]",9300,144.33693885803223,False,21.482091381388685,23,0.00224609375
0111100100,8849,"[1, 0, 2, 3]",315,144.3498134613037,True,21.482091381388685,23,0.00224609375
0111100100,8850,"[1, 2, 3, 0]",9300,144.36674118041992,False,21.482091381388685,23,0.00224609375
0111100100,8851,"[1, 0, 2, 3]",315,144.3796157836914,True,21.482091381388685,23,0.00224609375
0111100100,8852,"[1, 2, 3, 0]",9300,144.39654350280762,False,21.482091381388685,23,0.00224609375
0111100100,8853,"[1, 0, 2, 3]",315,144.4096565246582,True,21.482091381388685,23,0.00224609375
0111100100,8854,"[1, 2, 3, 0]",9300,144.42706108093262,False,21.482091381388685,23,0.00224609375
0111100100,8855,"[1, 0, 2, 3]",315,144.4404125213623,True,21.482091381388685,23,0.00224609375
1101001000,8856,"[0, 3, 1, 2]",750,144.45900917053223,False,14.871502878322456,23,0.00224609375
1101001000,8857,"[0, 1, 3, 2]",465,144.47259902954102,True,14.871502878322456,23,0.00224609375
1101001000,8858,"[0, 3, 1, 2]",750,144.49024200439453,False,14.871502878322456,23,0.00224609375
1101001000,8859,"[0, 1, 3, 2]",465,144.50335502624512,True,14.871502878322456,23,0.00224609375
1101001000,8860,"[0, 3, 1, 2]",750,144.52195167541504,False,14.871502878322456,23,0.00224609375
1101001000,8861,"[0, 1, 3, 2]",465,144.53530311584473,True,14.871502878322456,23,0.00224609375
1101001000,8862,"[0, 3, 1, 2]",750,144.55270767211914,False,14.871502878322456,23,0.00224609375
1101001000,8863,"[0, 1, 3, 2]",465,144.56582069396973,True,14.871502878322456,23,0.00224609375
1101001000,8864,"[0, 3, 1, 2]",750,144.58298683166504,False,14.871502878322456,23,0.00224609375
1101001000,8865,"[0, 1, 3, 2]",465,144.59609985351562,True,14.871502878322456,23,0.00224609375
1101001000,8866,"[0, 3, 1, 2]",750,144.61278915405273,False,14.871502878322456,23,0.00224609375
1101001000,8867,"[0, 1, 3, 2]",465,144.62590217590332,True,14.871502878322456,23,0.00224609375
1101001000,8868,"[0, 3, 1, 2]",750,144.64306831359863,False,14.871502878322456,23,0.00224609375
1101001000,8869,"[0, 1, 3, 2]",465,144.65618133544922,True,14.871502878322456,23,0.00224609375
1101001000,8870,"[0, 3, 1, 2]",750,144.67334747314453,False,14.871502878322456,23,0.00224609375
1101001000,8871,"[0, 1, 3, 2]",465,144.68646049499512,True,14.871502878322456,23,0.00224609375
1101001000,8872,"[0, 3, 1, 2]",750,144.70362663269043,False,14.871502878322456,23,0.00224609375
1101001000,8873,"[0, 1, 3, 2]",465,144.7165012359619,True,14.871502878322456,23,0.00224609375
1101001000,8874,"[0, 3, 1, 2]",750,144.73342895507812,False,14.871502878322456,23,0.00224609375
1101001000,8875,"[0, 1, 3, 2]",465,144.7460651397705,True,14.871502878322456,23,0.00224609375
1101001000,8876,"[0, 3, 1, 2]",750,144.76299285888672,False,14.871502878322456,23,0.00224609375
1101001000,8877,"[0, 1, 3, 2]",465,144.7756290435791,True,14.871502878322456,23,0.00224609375
1101001000,8878,"[0, 3, 1, 2]",750,144.7925567626953,False,14.871502878322456,23,0.00224609375
1101001000,8879,"[0, 1, 3, 2]",465,144.8071002960205,True,14.871502878322456,23,0.00224609375
1101001000,8880,"[0, 3, 1, 2]",750,144.82498168945312,False,14.871502878322456,23,0.00224609375
1101001000,8881,"[0, 1, 3, 2]",465,144.8383331298828,True,14.871502878322456,23,0.00224609375
1101001000,8882,"[0, 3, 1, 2]",750,144.85740661621094,False,14.871502878322456,23,0.00224609375
1101001000,8883,"[0, 1, 3, 2]",465,144.87075805664062,True,14.871502878322456,23,0.00224609375
1101001000,8884,"[0, 3, 1, 2]",750,144.88792419433594,False,14.871502878322456,23,0.00224609375
1101001000,8885,"[0, 1, 3, 2]",465,144.90056037902832,True,14.871502878322456,23,0.00224609375
1101001000,8886,"[0, 3, 1, 2]",750,144.91772651672363,False,14.871502878322456,23,0.00224609375
1101001000,8887,"[0, 1, 3, 2]",465,144.93036270141602,True,14.871502878322456,23,0.00224609375
1101001000,8888,"[0, 3, 1, 2]",750,144.94729042053223,False,14.871502878322456,23,0.00224609375
1101001000,8889,"[0, 1, 3, 2]",465,144.9596881866455,True,14.871502878322456,23,0.00224609375
1101001000,8890,"[0, 3, 1, 2]",750,144.97685432434082,False,14.871502878322456,23,0.00224609375
1101001000,8891,"[0, 1, 3, 2]",465,144.9897289276123,True,14.871502878322456,23,0.00224609375
1101001000,8892,"[0, 3, 1, 2]",750,145.00665664672852,False,14.871502878322456,23,0.00224609375
1101001000,8893,"[0, 1, 3, 2]",465,145.0192928314209,True,14.871502878322456,23,0.00224609375
1101001000,8894,"[0, 3, 1, 2]",750,145.0362205505371,False,14.871502878322456,23,0.00224609375
1101001000,8895,"[0, 1, 3, 2]",465,145.0493335723877,True,14.871502878322456,23,0.00224609375
1101001000,8896,"[0, 3, 1, 2]",750,145.066499710083,False,14.871502878322456,23,0.00224609375
1101001000,8897,"[0, 1, 3, 2]",465,145.0796127319336,True,14.871502878322456,23,0.00224609375
1101001000,8898,"[0, 3, 1, 2]",750,145.0967788696289,False,14.871502878322456,23,0.00224609375
1101001000,8899,"[0, 1, 3, 2]",465,145.1098918914795,True,14.871502878322456,23,0.00224609375
1101001000,8900,"[0, 3, 1, 2]",750,145.1265811920166,False,14.871502878322456,23,0.00224609375
1101001000,8901,"[0, 1, 3, 2]",465,145.1394557952881,True,14.871502878322456,23,0.00224609375
1010010110,8902,"[1, 0, 3, 2]",465,145.1578140258789,False,15.10131501963538,23,0.00224609375
1010010110,8903,"[1, 0, 3, 2]",465,145.1711654663086,True,15.10131501963538,23,0.00224609375
1010010110,8904,"[1, 0, 3, 2]",465,145.188570022583,False,15.10131501963538,23,0.00224609375
1010010110,8905,"[1, 0, 3, 2]",465,145.2014446258545,True,15.10131501963538,23,0.00224609375
1010010110,8906,"[1, 0, 3, 2]",465,145.2200412750244,False,15.10131501963538,23,0.00224609375
1010010110,8907,"[1, 0, 3, 2]",465,145.2338695526123,True,15.10131501963538,23,0.00224609375
1010010110,8908,"[1, 0, 3, 2]",465,145.25151252746582,False,15.10131501963538,23,0.00224609375
1010010110,8909,"[1, 0, 3, 2]",465,145.2646255493164,True,15.10131501963538,23,0.00224609375
1010010110,8910,"[1, 0, 3, 2]",465,145.28179168701172,False,15.10131501963538,23,0.00224609375
1010010110,8911,"[1, 0, 3, 2]",465,145.2946662902832,True,15.10131501963538,23,0.00224609375
1010010110,8912,"[1, 0, 3, 2]",465,145.31183242797852,False,15.10131501963538,23,0.00224609375
1010010110,8913,"[1, 0, 3, 2]",465,145.3244686126709,True,15.10131501963538,23,0.00224609375
1010010110,8914,"[1, 0, 3, 2]",465,145.3413963317871,False,15.10131501963538,23,0.00224609375
1010010110,8915,"[1, 0, 3, 2]",465,145.3542709350586,True,15.10131501963538,23,0.00224609375
1010010110,8916,"[1, 0, 3, 2]",465,145.3711986541748,False,15.10131501963538,23,0.00224609375
1010010110,8917,"[1, 0, 3, 2]",465,145.3840732574463,True,15.10131501963538,23,0.00224609375
1010010110,8918,"[1, 0, 3, 2]",465,145.4012393951416,False,15.10131501963538,23,0.00224609375
1010010110,8919,"[1, 0, 3, 2]",465,145.41363716125488,True,15.10131501963538,23,0.00224609375
1010010110,8920,"[1, 0, 3, 2]",465,145.4308032989502,False,15.10131501963538,23,0.00224609375
1010010110,8921,"[1, 0, 3, 2]",465,145.44367790222168,True,15.10131501963538,23,0.00224609375
1010010110,8922,"[1, 0, 3, 2]",465,145.460844039917,False,15.10131501963538,23,0.00224609375
1010010110,8923,"[1, 0, 3, 2]",465,145.4753875732422,True,15.10131501963538,23,0.00224609375
1010010110,8924,"[1, 0, 3, 2]",465,145.49684524536133,False,15.10131501963538,23,0.00224609375
1010010110,8925,"[1, 0, 3, 2]",465,145.51019668579102,True,15.10131501963538,23,0.00224609375
1010010110,8926,"[1, 0, 3, 2]",465,145.52736282348633,False,15.10131501963538,23,0.00224609375
1010010110,8927,"[1, 0, 3, 2]",465,145.54071426391602,True,15.10131501963538,23,0.00224609375
1010010110,8928,"[1, 0, 3, 2]",465,145.55788040161133,False,15.10131501963538,23,0.00224609375
1010010110,8929,"[1, 0, 3, 2]",465,145.5707550048828,True,15.10131501963538,23,0.00224609375
1010010110,8930,"[1, 0, 3, 2]",465,145.58792114257812,False,15.10131501963538,23,0.00224609375
1010010110,8931,"[1, 0, 3, 2]",465,145.61724662780762,True,15.10131501963538,23,0.00224609375
1010010110,8932,"[1, 0, 3, 2]",465,145.63512802124023,False,15.10131501963538,23,0.00224609375
1010010110,8933,"[1, 0, 3, 2]",465,145.64847946166992,True,15.10131501963538,23,0.00224609375
1010010110,8934,"[1, 0, 3, 2]",465,145.66636085510254,False,15.10131501963538,23,0.00224609375
1010010110,8935,"[1, 0, 3, 2]",465,145.67971229553223,True,15.10131501963538,23,0.00224609375
1010010110,8936,"[1, 0, 3, 2]",465,145.69735527038574,False,15.10131501963538,23,0.00224609375
1010010110,8937,"[1, 0, 3, 2]",465,145.71070671081543,True,15.10131501963538,23,0.00224609375
1010010110,8938,"[1, 0, 3, 2]",465,145.72834968566895,False,15.10131501963538,23,0.00224609375
1010010110,8939,"[1, 0, 3, 2]",465,145.74170112609863,True,15.10131501963538,23,0.00224609375
1010010110,8940,"[1, 0, 3, 2]",465,145.75982093811035,False,15.10131501963538,23,0.00224609375
1010010110,8941,"[1, 0, 3, 2]",465,145.77293395996094,True,15.10131501963538,23,0.00224609375
1010010110,8942,"[1, 0, 3, 2]",465,145.79105377197266,False,15.10131501963538,23,0.00224609375
1010010110,8943,"[1, 0, 3, 2]",465,145.80440521240234,True,15.10131501963538,23,0.00224609375
1010010110,8944,"[1, 0, 3, 2]",465,145.82371711730957,False,15.10131501963538,23,0.00224609375
1010010110,8945,"[1, 0, 3, 2]",465,145.83754539489746,True,15.10131501963538,23,0.00224609375
1010010110,8946,"[1, 0, 3, 2]",465,145.85614204406738,False,15.10131501963538,23,0.00224609375
1010010110,8947,"[1, 0, 3, 2]",465,145.86925506591797,True,15.10131501963538,23,0.00224609375
0011111011,8948,"[2, 1, 3, 0]",9300,145.8878517150879,False,20.909436005722952,23,0.00224609375
0011111011,8949,"[2, 1, 0, 3]",600,145.9023952484131,True,20.909436005722952,23,0.00224609375
0011111011,8950,"[2, 1, 3, 0]",9300,145.9205150604248,False,20.909436005722952,23,0.00224609375
0011111011,8951,"[2, 1, 0, 3]",600,145.9348201751709,True,20.909436005722952,23,0.00224609375
0011111011,8952,"[2, 1, 3, 0]",9300,145.95341682434082,False,20.909436005722952,23,0.00224609375
0011111011,8953,"[2, 1, 0, 3]",600,145.9677219390869,True,20.909436005722952,23,0.00224609375
0011111011,8954,"[2, 1, 3, 0]",9300,145.98608016967773,False,20.909436005722952,23,0.00224609375
0011111011,8955,"[2, 1, 0, 3]",600,146.00014686584473,True,20.909436005722952,23,0.00224609375
0011111011,8956,"[2, 1, 3, 0]",9300,146.01850509643555,False,20.909436005722952,23,0.00224609375
0011111011,8957,"[2, 1, 0, 3]",600,146.03471755981445,True,20.909436005722952,23,0.00224609375
0011111011,8958,"[2, 1, 3, 0]",9300,146.05379104614258,False,20.909436005722952,23,0.00224609375
0011111011,8959,"[2, 1, 0, 3]",600,146.06809616088867,True,20.909436005722952,23,0.00224609375
0011111011,8960,"[2, 1, 3, 0]",9300,146.0862159729004,False,20.909436005722952,23,0.00224609375
0011111011,8961,"[2, 1, 0, 3]",600,146.10028266906738,True,20.909436005722952,23,0.00224609375
0011111011,8962,"[2, 1, 3, 0]",9300,146.1181640625,False,20.909436005722952,23,0.00224609375
0011111011,8963,"[2, 1, 0, 3]",600,146.132230758667,True,20.909436005722952,23,0.00224609375
0011111011,8964,"[2, 1, 3, 0]",9300,146.1503505706787,False,20.909436005722952,23,0.00224609375
0011111011,8965,"[2, 1, 0, 3]",600,146.1660861968994,True,20.909436005722952,23,0.00224609375
0011111011,8966,"[2, 1, 3, 0]",9300,146.18468284606934,False,20.909436005722952,23,0.00224609375
0011111011,8967,"[2, 1, 0, 3]",600,146.19851112365723,True,20.909436005722952,23,0.00224609375
0011111011,8968,"[2, 1, 3, 0]",9300,146.21663093566895,False,20.909436005722952,23,0.00224609375
0011111011,8969,"[2, 1, 0, 3]",600,146.23022079467773,True,20.909436005722952,23,0.00224609375
0011111011,8970,"[2, 1, 3, 0]",9300,146.24857902526855,False,20.909436005722952,23,0.00224609375
0011111011,8971,"[2, 1, 0, 3]",600,146.26240730285645,True,20.909436005722952,23,0.00224609375
0011111011,8972,"[2, 1, 3, 0]",9300,146.28052711486816,False,20.909436005722952,23,0.00224609375
0011111011,8973,"[2, 1, 0, 3]",600,146.29411697387695,True,20.909436005722952,23,0.00224609375
0011111011,8974,"[2, 1, 3, 0]",9300,146.31223678588867,False,20.909436005722952,23,0.00224609375
0011111011,8975,"[2, 1, 0, 3]",600,146.32606506347656,True,20.909436005722952,23,0.00224609375
0011111011,8976,"[2, 1, 3, 0]",9300,146.34418487548828,False,20.909436005722952,23,0.00224609375
0011111011,8977,"[2, 1, 0, 3]",600,146.35801315307617,True,20.909436005722952,23,0.00224609375
0011111011,8978,"[2, 1, 3, 0]",9300,146.3761329650879,False,20.909436005722952,23,0.00224609375
0011111011,8979,"[2, 1, 0, 3]",600,146.38972282409668,True,20.909436005722952,23,0.00224609375
0011111011,8980,"[2, 1, 3, 0]",9300,146.4080810546875,False,20.909436005722952,23,0.00224609375
0011111011,8981,"[2, 1, 0, 3]",600,146.4221477508545,True,20.909436005722952,23,0.00224609375
0011111011,8982,"[2, 1, 3, 0]",9300,146.4400291442871,False,20.909436005722952,23,0.00224609375
0011111011,8983,"[2, 1, 0, 3]",600,146.453857421875,True,20.909436005722952,23,0.00224609375
0011111011,8984,"[2, 1, 3, 0]",9300,146.47173881530762,False,20.909436005722952,23,0.00224609375
0011111011,8985,"[2, 1, 0, 3]",600,146.4855670928955,True,20.909436005722952,23,0.00224609375
0011111011,8986,"[2, 1, 3, 0]",9300,146.50511741638184,False,20.909436005722952,23,0.00224609375
0011111011,8987,"[2, 1, 0, 3]",600,146.51894569396973,True,20.909436005722952,23,0.00224609375
0011111011,8988,"[2, 1, 3, 0]",9300,146.53730392456055,False,20.909436005722952,23,0.00224609375
0011111011,8989,"[2, 1, 0, 3]",600,146.55089378356934,True,20.909436005722952,23,0.00224609375
0011111011,8990,"[2, 1, 3, 0]",9300,146.56877517700195,False,20.909436005722952,23,0.00224609375
0011111011,8991,"[2, 1, 0, 3]",600,146.58260345458984,True,20.909436005722952,23,0.00224609375
0011111011,8992,"[2, 1, 3, 0]",9300,146.60072326660156,False,20.909436005722952,23,0.00224609375
0011111011,8993,"[2, 1, 0, 3]",600,146.61431312561035,True,20.909436005722952,23,0.00224609375
1110001101,8994,"[3, 0, 1, 2]",750,146.63267135620117,False,23.52784887194936,22,0.0021484375
1110001101,8995,"[3, 0, 1, 2]",750,146.64649963378906,True,23.52784887194936,22,0.0021484375
1110001101,8996,"[3, 0, 1, 2]",750,146.66485786437988,False,23.52784887194936,22,0.0021484375
1110001101,8997,"[3, 0, 1, 2]",750,146.67868614196777,True,23.52784887194936,22,0.0021484375
1110001101,8998,"[3, 0, 1, 2]",750,146.6965675354004,False,23.52784887194936,22,0.0021484375
1110001101,8999,"[3, 0, 1, 2]",750,146.70991897583008,True,23.52784887194936,22,0.0021484375
1110001101,9000,"[3, 0, 1, 2]",750,146.7280387878418,False,23.52784887194936,22,0.0021484375
1110001101,9001,"[3, 0, 1, 2]",750,146.74139022827148,True,23.52784887194936,22,0.0021484375
1110001101,9002,"[3, 0, 1, 2]",750,146.7595100402832,False,23.52784887194936,22,0.0021484375
1110001101,9003,"[3, 0, 1, 2]",750,146.7733383178711,True,23.52784887194936,22,0.0021484375
1110001101,9004,"[3, 0, 1, 2]",750,146.7914581298828,False,23.52784887194936,22,0.0021484375
1110001101,9005,"[3, 0, 1, 2]",750,146.8050479888916,True,23.52784887194936,22,0.0021484375
1110001101,9006,"[3, 0, 1, 2]",750,146.8331813812256,False,23.52784887194936,22,0.0021484375
1110001101,9007,"[3, 0, 1, 2]",750,146.8496322631836,True,23.52784887194936,22,0.0021484375
1110001101,9008,"[3, 0, 1, 2]",750,146.8677520751953,False,23.52784887194936,22,0.0021484375
1110001101,9009,"[3, 0, 1, 2]",750,146.881103515625,True,23.52784887194936,22,0.0021484375
1110001101,9010,"[3, 0, 1, 2]",750,146.8985080718994,False,23.52784887194936,22,0.0021484375
1110001101,9011,"[3, 0, 1, 2]",750,146.91162109375,True,23.52784887194936,22,0.0021484375
1110001101,9012,"[3, 0, 1, 2]",750,146.9290256500244,False,23.52784887194936,22,0.0021484375
1110001101,9013,"[3, 0, 1, 2]",750,146.9416618347168,True,23.52784887194936,22,0.0021484375
1110001101,9014,"[3, 0, 1, 2]",750,146.9588279724121,False,23.52784887194936,22,0.0021484375
1110001101,9015,"[3, 0, 1, 2]",750,146.9717025756836,True,23.52784887194936,22,0.0021484375
1110001101,9016,"[3, 0, 1, 2]",750,146.989107131958,False,23.52784887194936,22,0.0021484375
1110001101,9017,"[3, 0, 1, 2]",750,147.0019817352295,True,23.52784887194936,22,0.0021484375
1110001101,9018,"[3, 0, 1, 2]",750,147.0191478729248,False,23.52784887194936,22,0.0021484375
1110001101,9019,"[3, 0, 1, 2]",750,147.0320224761963,True,23.52784887194936,22,0.0021484375
1110001101,9020,"[3, 0, 1, 2]",750,147.0496654510498,False,23.52784887194936,22,0.0021484375
1110001101,9021,"[3, 0, 1, 2]",750,147.0623016357422,True,23.52784887194936,22,0.0021484375
1110001101,9022,"[3, 0, 1, 2]",750,147.0797061920166,False,23.52784887194936,22,0.0021484375
1110001101,9023,"[3, 0, 1, 2]",750,147.0925807952881,True,23.52784887194936,22,0.0021484375
1110001101,9024,"[3, 0, 1, 2]",750,147.1099853515625,False,23.52784887194936,22,0.0021484375
1110001101,9025,"[3, 0, 1, 2]",750,147.12262153625488,True,23.52784887194936,22,0.0021484375
1110001101,9026,"[3, 0, 1, 2]",750,147.1397876739502,False,23.52784887194936,22,0.0021484375
1110001101,9027,"[3, 0, 1, 2]",750,147.15266227722168,True,23.52784887194936,22,0.0021484375
1110001101,9028,"[3, 0, 1, 2]",750,147.1726894378662,False,23.52784887194936,22,0.0021484375
1110001101,9029,"[3, 0, 1, 2]",750,147.1860408782959,True,23.52784887194936,22,0.0021484375
1110001101,9030,"[3, 0, 1, 2]",750,147.2036838531494,False,23.52784887194936,22,0.0021484375
1110001101,9031,"[3, 0, 1, 2]",750,147.216796875,True,23.52784887194936,22,0.0021484375
1110001101,9032,"[3, 0, 1, 2]",750,147.2337245941162,False,23.52784887194936,22,0.0021484375
1110001101,9033,"[3, 0, 1, 2]",750,147.2468376159668,True,23.52784887194936,22,0.0021484375
1110001101,9034,"[3, 0, 1, 2]",750,147.2640037536621,False,23.52784887194936,22,0.0021484375
1110001101,9035,"[3, 0, 1, 2]",750,147.2773551940918,True,23.52784887194936,22,0.0021484375
1110001101,9036,"[3, 0, 1, 2]",750,147.2945213317871,False,23.52784887194936,22,0.0021484375
1110001101,9037,"[3, 0, 1, 2]",750,147.3076343536377,True,23.52784887194936,22,0.0021484375
0100010100,9038,"[3, 2, 0, 1]",6600,147.324800491333,False,22.274426870775493,22,0.0021484375
0100010100,9039,"[3, 2, 0, 1]",6600,147.3383903503418,True,22.274426870775493,22,0.0021484375
0100010100,9040,"[3, 2, 0, 1]",6600,147.355318069458,False,22.274426870775493,22,0.0021484375
0100010100,9041,"[3, 2, 0, 1]",6600,147.3684310913086,True,22.274426870775493,22,0.0021484375
0100010100,9042,"[3, 2, 0, 1]",6600,147.3853588104248,False,22.274426870775493,22,0.0021484375
0100010100,9043,"[3, 2, 0, 1]",6600,147.3982334136963,True,22.274426870775493,22,0.0021484375
0100010100,9044,"[3, 2, 0, 1]",6600,147.4156379699707,False,22.274426870775493,22,0.0021484375
0100010100,9045,"[3, 2, 0, 1]",6600,147.4287509918213,True,22.274426870775493,22,0.0021484375
0100010100,9046,"[3, 2, 0, 1]",6600,147.4459171295166,False,22.274426870775493,22,0.0021484375
0100010100,9047,"[3, 2, 0, 1]",6600,147.4606990814209,True,22.274426870775493,22,0.0021484375
0100010100,9048,"[3, 2, 0, 1]",6600,147.4781036376953,False,22.274426870775493,22,0.0021484375
0100010100,9049,"[3, 2, 0, 1]",6600,147.4919319152832,True,22.274426870775493,22,0.0021484375
0100010100,9050,"[3, 2, 0, 1]",6600,147.51076698303223,False,22.274426870775493,22,0.0021484375
0100010100,9051,"[3, 2, 0, 1]",6600,147.52435684204102,True,22.274426870775493,22,0.0021484375
0100010100,9052,"[3, 2, 0, 1]",6600,147.54176139831543,False,22.274426870775493,22,0.0021484375
0100010100,9053,"[3, 2, 0, 1]",6600,147.55487442016602,True,22.274426870775493,22,0.0021484375
0100010100,9054,"[3, 2, 0, 1]",6600,147.57204055786133,False,22.274426870775493,22,0.0021484375
0100010100,9055,"[3, 2, 0, 1]",6600,147.5849151611328,True,22.274426870775493,22,0.0021484375
0100010100,9056,"[3, 2, 0, 1]",6600,147.60208129882812,False,22.274426870775493,22,0.0021484375
0100010100,9057,"[3, 2, 0, 1]",6600,147.6147174835205,True,22.274426870775493,22,0.0021484375
0100010100,9058,"[3, 2, 0, 1]",6600,147.63355255126953,False,22.274426870775493,22,0.0021484375
0100010100,9059,"[3, 2, 0, 1]",6600,147.64690399169922,True,22.274426870775493,22,0.0021484375
0100010100,9060,"[3, 2, 0, 1]",6600,147.66502380371094,False,22.274426870775493,22,0.0021484375
0100010100,9061,"[3, 2, 0, 1]",6600,147.67765998840332,True,22.274426870775493,22,0.0021484375
0100010100,9062,"[3, 2, 0, 1]",6600,147.69482612609863,False,22.274426870775493,22,0.0021484375
0100010100,9063,"[3, 2, 0, 1]",6600,147.70770072937012,True,22.274426870775493,22,0.0021484375
0100010100,9064,"[3, 2, 0, 1]",6600,147.74107933044434,False,22.274426870775493,22,0.0021484375
0100010100,9065,"[3, 2, 0, 1]",6600,147.75395393371582,True,22.274426870775493,22,0.0021484375
0100010100,9066,"[3, 2, 0, 1]",6600,147.77159690856934,False,22.274426870775493,22,0.0021484375
0100010100,9067,"[3, 2, 0, 1]",6600,147.78494834899902,True,22.274426870775493,22,0.0021484375
0100010100,9068,"[3, 2, 0, 1]",6600,147.80306816101074,False,22.274426870775493,22,0.0021484375
0100010100,9069,"[3, 2, 0, 1]",6600,147.81641960144043,True,22.274426870775493,22,0.0021484375
0100010100,9070,"[3, 2, 0, 1]",6600,147.84622192382812,False,22.274426870775493,22,0.0021484375
0100010100,9071,"[3, 2, 0, 1]",6600,147.8593349456787,True,22.274426870775493,22,0.0021484375
0100010100,9072,"[3, 2, 0, 1]",6600,147.87697792053223,False,22.274426870775493,22,0.0021484375
0100010100,9073,"[3, 2, 0, 1]",6600,147.8896141052246,True,22.274426870775493,22,0.0021484375
0100010100,9074,"[3, 2, 0, 1]",6600,147.90678024291992,False,22.274426870775493,22,0.0021484375
0100010100,9075,"[3, 2, 0, 1]",6600,147.9194164276123,True,22.274426870775493,22,0.0021484375
0100010100,9076,"[3, 2, 0, 1]",6600,147.93682098388672,False,22.274426870775493,22,0.0021484375
0100010100,9077,"[3, 2, 0, 1]",6600,147.9494571685791,True,22.274426870775493,22,0.0021484375
0100010100,9078,"[3, 2, 0, 1]",6600,147.96686172485352,False,22.274426870775493,22,0.0021484375
0100010100,9079,"[3, 2, 0, 1]",6600,147.9792594909668,True,22.274426870775493,22,0.0021484375
0100010100,9080,"[3, 2, 0, 1]",6600,147.9966640472412,False,22.274426870775493,22,0.0021484375
0100010100,9081,"[3, 2, 0, 1]",6600,148.0095386505127,True,22.274426870775493,22,0.0021484375
1011000010,9082,"[1, 0, 3, 2]",465,148.0269432067871,False,12.766381299254355,22,0.0021484375
1011000010,9083,"[1, 0, 3, 2]",465,148.0410099029541,True,12.766381299254355,22,0.0021484375
1011000010,9084,"[1, 0, 3, 2]",465,148.05865287780762,False,12.766381299254355,22,0.0021484375
1011000010,9085,"[1, 0, 3, 2]",465,148.0722427368164,True,12.766381299254355,22,0.0021484375
1011000010,9086,"[1, 0, 3, 2]",465,148.08940887451172,False,12.766381299254355,22,0.0021484375
1011000010,9087,"[1, 0, 3, 2]",465,148.1027603149414,True,12.766381299254355,22,0.0021484375
1011000010,9088,"[1, 0, 3, 2]",465,148.11992645263672,False,12.766381299254355,22,0.0021484375
1011000010,9089,"[1, 0, 3, 2]",465,148.1328010559082,True,12.766381299254355,22,0.0021484375
1011000010,9090,"[1, 0, 3, 2]",465,148.1497287750244,False,12.766381299254355,22,0.0021484375
1011000010,9091,"[1, 0, 3, 2]",465,148.1640338897705,True,12.766381299254355,22,0.0021484375
1011000010,9092,"[1, 0, 3, 2]",465,148.18215370178223,False,12.766381299254355,22,0.0021484375
1011000010,9093,"[1, 0, 3, 2]",465,148.1950283050537,True,12.766381299254355,22,0.0021484375
1011000010,9094,"[1, 0, 3, 2]",465,148.21219444274902,False,12.766381299254355,22,0.0021484375
1011000010,9095,"[1, 0, 3, 2]",465,148.2250690460205,True,12.766381299254355,22,0.0021484375
1011000010,9096,"[1, 0, 3, 2]",465,148.24247360229492,False,12.766381299254355,22,0.0021484375
1011000010,9097,"[1, 0, 3, 2]",465,148.2553482055664,True,12.766381299254355,22,0.0021484375
1011000010,9098,"[1, 0, 3, 2]",465,148.27251434326172,False,12.766381299254355,22,0.0021484375
1011000010,9099,"[1, 0, 3, 2]",465,148.2851505279541,True,12.766381299254355,22,0.0021484375
1011000010,9100,"[1, 0, 3, 2]",465,148.3023166656494,False,12.766381299254355,22,0.0021484375
1011000010,9101,"[1, 0, 3, 2]",465,148.3151912689209,True,12.766381299254355,22,0.0021484375
1011000010,9102,"[1, 0, 3, 2]",465,148.3323574066162,False,12.766381299254355,22,0.0021484375
1011000010,9103,"[1, 0, 3, 2]",465,148.3452320098877,True,12.766381299254355,22,0.0021484375
1011000010,9104,"[1, 0, 3, 2]",465,148.362398147583,False,12.766381299254355,22,0.0021484375
1011000010,9105,"[1, 0, 3, 2]",465,148.3747959136963,True,12.766381299254355,22,0.0021484375
1011000010,9106,"[1, 0, 3, 2]",465,148.3919620513916,False,12.766381299254355,22,0.0021484375
1011000010,9107,"[1, 0, 3, 2]",465,148.4048366546631,True,12.766381299254355,22,0.0021484375
1011000010,9108,"[1, 0, 3, 2]",465,148.4236717224121,False,12.766381299254355,22,0.0021484375
1011000010,9109,"[1, 0, 3, 2]",465,148.4370231628418,True,12.766381299254355,22,0.0021484375
1011000010,9110,"[1, 0, 3, 2]",465,148.4546661376953,False,12.766381299254355,22,0.0021484375
1011000010,9111,"[1, 0, 3, 2]",465,148.468017578125,True,12.766381299254355,22,0.0021484375
1011000010,9112,"[1, 0, 3, 2]",465,148.48685264587402,False,12.766381299254355,22,0.0021484375
1011000010,9113,"[1, 0, 3, 2]",465,148.5006809234619,True,12.766381299254355,22,0.0021484375
1011000010,9114,"[1, 0, 3, 2]",465,148.51808547973633,False,12.766381299254355,22,0.0021484375
1011000010,9115,"[1, 0, 3, 2]",465,148.53143692016602,True,12.766381299254355,22,0.0021484375
1011000010,9116,"[1, 0, 3, 2]",465,148.54860305786133,False,12.766381299254355,22,0.0021484375
1011000010,9117,"[1, 0, 3, 2]",465,148.5614776611328,True,12.766381299254355,22,0.0021484375
1011000010,9118,"[1, 0, 3, 2]",465,148.57840538024902,False,12.766381299254355,22,0.0021484375
1011000010,9119,"[1, 0, 3, 2]",465,148.5917568206787,True,12.766381299254355,22,0.0021484375
1011000010,9120,"[1, 0, 3, 2]",465,148.60844612121582,False,12.766381299254355,22,0.0021484375
1011000010,9121,"[1, 0, 3, 2]",465,148.6213207244873,True,12.766381299254355,22,0.0021484375
1011000010,9122,"[1, 0, 3, 2]",465,148.63824844360352,False,12.766381299254355,22,0.0021484375
1011000010,9123,"[1, 0, 3, 2]",465,148.651123046875,True,12.766381299254355,22,0.0021484375
1011000010,9124,"[1, 0, 3, 2]",465,148.6682891845703,False,12.766381299254355,22,0.0021484375
1011000010,9125,"[1, 0, 3, 2]",465,148.6806869506836,True,12.766381299254355,22,0.0021484375
1100000101,9126,"[0, 3, 2, 1]",6300,148.6976146697998,False,9.18188720114459,22,0.0021484375
1100000101,9127,"[0, 1, 3, 2]",465,148.73290061950684,True,9.18188720114459,22,0.0021484375
1100000101,9128,"[0, 3, 2, 1]",6300,148.75054359436035,False,9.18188720114459,22,0.0021484375
1100000101,9129,"[0, 1, 3, 2]",465,148.76437187194824,True,9.18188720114459,22,0.0021484375
1100000101,9130,"[0, 3, 2, 1]",6300,148.78177642822266,False,9.18188720114459,22,0.0021484375
1100000101,9131,"[0, 1, 3, 2]",465,148.79488945007324,True,9.18188720114459,22,0.0021484375
1100000101,9132,"[0, 3, 2, 1]",6300,148.81205558776855,False,9.18188720114459,22,0.0021484375
1100000101,9133,"[0, 1, 3, 2]",465,148.82683753967285,True,9.18188720114459,22,0.0021484375
1100000101,9134,"[0, 3, 2, 1]",6300,148.84448051452637,False,9.18188720114459,22,0.0021484375
1100000101,9135,"[0, 1, 3, 2]",465,148.85759353637695,True,9.18188720114459,22,0.0021484375
1100000101,9136,"[0, 3, 2, 1]",6300,148.87475967407227,False,9.18188720114459,22,0.0021484375
1100000101,9137,"[0, 1, 3, 2]",465,148.88763427734375,True,9.18188720114459,22,0.0021484375
1100000101,9138,"[0, 3, 2, 1]",6300,148.90456199645996,False,9.18188720114459,22,0.0021484375
1100000101,9139,"[0, 1, 3, 2]",465,148.91719818115234,True,9.18188720114459,22,0.0021484375
1100000101,9140,"[0, 3, 2, 1]",6300,148.93436431884766,False,9.18188720114459,22,0.0021484375
1100000101,9141,"[0, 1, 3, 2]",465,148.94723892211914,True,9.18188720114459,22,0.0021484375
1100000101,9142,"[0, 3, 2, 1]",6300,148.96464347839355,False,9.18188720114459,22,0.0021484375
1100000101,9143,"[0, 1, 3, 2]",465,148.97751808166504,True,9.18188720114459,22,0.0021484375
1100000101,9144,"[0, 3, 2, 1]",6300,148.99468421936035,False,9.18188720114459,22,0.0021484375
1100000101,9145,"[0, 1, 3, 2]",465,149.00732040405273,True,9.18188720114459,22,0.0021484375
1100000101,9146,"[0, 3, 2, 1]",6300,149.02424812316895,False,9.18188720114459,22,0.0021484375
1100000101,9147,"[0, 1, 3, 2]",465,149.03736114501953,True,9.18188720114459,22,0.0021484375
1100000101,9148,"[0, 3, 2, 1]",6300,149.05428886413574,False,9.18188720114459,22,0.0021484375
1100000101,9149,"[0, 1, 3, 2]",465,149.06716346740723,True,9.18188720114459,22,0.0021484375
1100000101,9150,"[0, 3, 2, 1]",6300,149.08409118652344,False,9.18188720114459,22,0.0021484375
1100000101,9151,"[0, 1, 3, 2]",465,149.09672737121582,True,9.18188720114459,22,0.0021484375
1100000101,9152,"[0, 3, 2, 1]",6300,149.11413192749023,False,9.18188720114459,22,0.0021484375
1100000101,9153,"[0, 1, 3, 2]",465,149.12700653076172,True,9.18188720114459,22,0.0021484375
1100000101,9154,"[0, 3, 2, 1]",6300,149.14560317993164,False,9.18188720114459,22,0.0021484375
1100000101,9155,"[0, 1, 3, 2]",465,149.15895462036133,True,9.18188720114459,22,0.0021484375
1100000101,9156,"[0, 3, 2, 1]",6300,149.17659759521484,False,9.18188720114459,22,0.0021484375
1100000101,9157,"[0, 1, 3, 2]",465,149.18947219848633,True,9.18188720114459,22,0.0021484375
1100000101,9158,"[0, 3, 2, 1]",6300,149.20783042907715,False,9.18188720114459,22,0.0021484375
1100000101,9159,"[0, 1, 3, 2]",465,149.22142028808594,True,9.18188720114459,22,0.0021484375
1100000101,9160,"[0, 3, 2, 1]",6300,149.23906326293945,False,9.18188720114459,22,0.0021484375
1100000101,9161,"[0, 1, 3, 2]",465,149.25193786621094,True,9.18188720114459,22,0.0021484375
1100000101,9162,"[0, 3, 2, 1]",6300,149.26910400390625,False,9.18188720114459,22,0.0021484375
1100000101,9163,"[0, 1, 3, 2]",465,149.28150177001953,True,9.18188720114459,22,0.0021484375
1100000101,9164,"[0, 3, 2, 1]",6300,149.29866790771484,False,9.18188720114459,22,0.0021484375
1100000101,9165,"[0, 1, 3, 2]",465,149.31178092956543,True,9.18188720114459,22,0.0021484375
1100000101,9166,"[0, 3, 2, 1]",6300,149.32870864868164,False,9.18188720114459,22,0.0021484375
1100000101,9167,"[0, 1, 3, 2]",465,149.34158325195312,True,9.18188720114459,22,0.0021484375
1100000101,9168,"[0, 3, 2, 1]",6300,149.35898780822754,False,9.18188720114459,22,0.0021484375
1100000101,9169,"[0, 1, 3, 2]",465,149.37186241149902,True,9.18188720114459,22,0.0021484375
1100101011,9170,"[0, 3, 2, 1]",6300,149.38902854919434,False,25.718124370008205,22,0.0021484375
1100101011,9171,"[0, 1, 3, 2]",465,149.40214157104492,True,25.718124370008205,22,0.0021484375
1100101011,9172,"[0, 3, 2, 1]",6300,149.41906929016113,False,25.718124370008205,22,0.0021484375
1100101011,9173,"[0, 1, 3, 2]",465,149.43194389343262,True,25.718124370008205,22,0.0021484375
1100101011,9174,"[0, 3, 2, 1]",6300,149.44911003112793,False,25.718124370008205,22,0.0021484375
1100101011,9175,"[0, 1, 3, 2]",465,149.46341514587402,True,25.718124370008205,22,0.0021484375
1100101011,9176,"[0, 3, 2, 1]",6300,149.5189666748047,False,25.718124370008205,22,0.0021484375
1100101011,9177,"[0, 1, 3, 2]",465,149.53374862670898,True,25.718124370008205,22,0.0021484375
1100101011,9178,"[0, 3, 2, 1]",6300,149.5532989501953,False,25.718124370008205,22,0.0021484375
1100101011,9179,"[0, 1, 3, 2]",465,149.5664119720459,True,25.718124370008205,22,0.0021484375
1100101011,9180,"[0, 3, 2, 1]",6300,149.5840549468994,False,25.718124370008205,22,0.0021484375
1100101011,9181,"[0, 1, 3, 2]",465,149.5966911315918,True,25.718124370008205,22,0.0021484375
1100101011,9182,"[0, 3, 2, 1]",6300,149.6140956878662,False,25.718124370008205,22,0.0021484375
1100101011,9183,"[0, 1, 3, 2]",465,149.6269702911377,True,25.718124370008205,22,0.0021484375
1100101011,9184,"[0, 3, 2, 1]",6300,149.644136428833,False,25.718124370008205,22,0.0021484375
1100101011,9185,"[0, 1, 3, 2]",465,149.6567726135254,True,25.718124370008205,22,0.0021484375
1100101011,9186,"[0, 3, 2, 1]",6300,149.6739387512207,False,25.718124370008205,22,0.0021484375
1100101011,9187,"[0, 1, 3, 2]",465,149.6865749359131,True,25.718124370008205,22,0.0021484375
1100101011,9188,"[0, 3, 2, 1]",6300,149.7035026550293,False,25.718124370008205,22,0.0021484375
1100101011,9189,"[0, 1, 3, 2]",465,149.71637725830078,True,25.718124370008205,22,0.0021484375
1100101011,9190,"[0, 3, 2, 1]",6300,149.7337818145752,False,25.718124370008205,22,0.0021484375
1100101011,9191,"[0, 1, 3, 2]",465,149.74641799926758,True,25.718124370008205,22,0.0021484375
1100101011,9192,"[0, 3, 2, 1]",6300,149.7635841369629,False,25.718124370008205,22,0.0021484375
1100101011,9193,"[0, 1, 3, 2]",465,149.77645874023438,True,25.718124370008205,22,0.0021484375
1100101011,9194,"[0, 3, 2, 1]",6300,149.7938632965088,False,25.718124370008205,22,0.0021484375
1100101011,9195,"[0, 1, 3, 2]",465,149.80626106262207,True,25.718124370008205,22,0.0021484375
1100101011,9196,"[0, 3, 2, 1]",6300,149.8255729675293,False,25.718124370008205,22,0.0021484375
1100101011,9197,"[0, 1, 3, 2]",465,149.83868598937988,True,25.718124370008205,22,0.0021484375
1100101011,9198,"[0, 3, 2, 1]",6300,149.8560905456543,False,25.718124370008205,22,0.0021484375
1100101011,9199,"[0, 1, 3, 2]",465,149.86872673034668,True,25.718124370008205,22,0.0021484375
1100101011,9200,"[0, 3, 2, 1]",6300,149.885892868042,False,25.718124370008205,22,0.0021484375
1100101011,9201,"[0, 1, 3, 2]",465,149.89852905273438,True,25.718124370008205,22,0.0021484375
1100101011,9202,"[0, 3, 2, 1]",6300,149.9156951904297,False,25.718124370008205,22,0.0021484375
1100101011,9203,"[0, 1, 3, 2]",465,149.92809295654297,True,25.718124370008205,22,0.0021484375
1100101011,9204,"[0, 3, 2, 1]",6300,149.94549751281738,False,25.718124370008205,22,0.0021484375
1100101011,9205,"[0, 1, 3, 2]",465,149.95813369750977,True,25.718124370008205,22,0.0021484375
1100101011,9206,"[0, 3, 2, 1]",6300,149.97553825378418,False,25.718124370008205,22,0.0021484375
1100101011,9207,"[0, 1, 3, 2]",465,149.98817443847656,True,25.718124370008205,22,0.0021484375
1100101011,9208,"[0, 3, 2, 1]",6300,150.00557899475098,False,25.718124370008205,22,0.0021484375
1100101011,9209,"[0, 1, 3, 2]",465,150.02083778381348,True,25.718124370008205,22,0.0021484375
1100101011,9210,"[0, 3, 2, 1]",6300,150.038480758667,False,25.718124370008205,22,0.0021484375
1100101011,9211,"[0, 1, 3, 2]",465,150.05159378051758,True,25.718124370008205,22,0.0021484375
1100101011,9212,"[0, 3, 2, 1]",6300,150.068998336792,False,25.718124370008205,22,0.0021484375
1100101011,9213,"[0, 1, 3, 2]",465,150.08163452148438,True,25.718124370008205,22,0.0021484375
0001110111,9214,"[2, 3, 1, 0]",9600,150.0992774963379,False,16.818167862867817,22,0.0021484375
0001110111,9215,"[2, 3, 1, 0]",9600,150.1142978668213,True,16.818167862867817,22,0.0021484375
0001110111,9216,"[2, 3, 1, 0]",9600,150.1317024230957,False,16.818167862867817,22,0.0021484375
0001110111,9217,"[2, 3, 1, 0]",9600,150.1457691192627,True,16.818167862867817,22,0.0021484375
0001110111,9218,"[2, 3, 1, 0]",9600,150.16531944274902,False,16.818167862867817,22,0.0021484375
0001110111,9219,"[2, 3, 1, 0]",9600,150.1791477203369,True,16.818167862867817,22,0.0021484375
0001110111,9220,"[2, 3, 1, 0]",9600,150.19655227661133,False,16.818167862867817,22,0.0021484375
0001110111,9221,"[2, 3, 1, 0]",9600,150.20990371704102,True,16.818167862867817,22,0.0021484375
0001110111,9222,"[2, 3, 1, 0]",9600,150.22706985473633,False,16.818167862867817,22,0.0021484375
0001110111,9223,"[2, 3, 1, 0]",9600,150.2397060394287,True,16.818167862867817,22,0.0021484375
0001110111,9224,"[2, 3, 1, 0]",9600,150.25687217712402,False,16.818167862867817,22,0.0021484375
0001110111,9225,"[2, 3, 1, 0]",9600,150.2697467803955,True,16.818167862867817,22,0.0021484375
0001110111,9226,"[2, 3, 1, 0]",9600,150.28667449951172,False,16.818167862867817,22,0.0021484375
0001110111,9227,"[2, 3, 1, 0]",9600,150.299072265625,True,16.818167862867817,22,0.0021484375
0001110111,9228,"[2, 3, 1, 0]",9600,150.3162384033203,False,16.818167862867817,22,0.0021484375
0001110111,9229,"[2, 3, 1, 0]",9600,150.3291130065918,True,16.818167862867817,22,0.0021484375
0001110111,9230,"[2, 3, 1, 0]",9600,150.346040725708,False,16.818167862867817,22,0.0021484375
0001110111,9231,"[2, 3, 1, 0]",9600,150.3589153289795,True,16.818167862867817,22,0.0021484375
0001110111,9232,"[2, 3, 1, 0]",9600,150.3760814666748,False,16.818167862867817,22,0.0021484375
0001110111,9233,"[2, 3, 1, 0]",9600,150.3887176513672,True,16.818167862867817,22,0.0021484375
0001110111,9234,"[2, 3, 1, 0]",9600,150.4056453704834,False,16.818167862867817,22,0.0021484375
0001110111,9235,"[2, 3, 1, 0]",9600,150.41851997375488,True,16.818167862867817,22,0.0021484375
0001110111,9236,"[2, 3, 1, 0]",9600,150.4356861114502,False,16.818167862867817,22,0.0021484375
0001110111,9237,"[2, 3, 1, 0]",9600,150.44784545898438,True,16.818167862867817,22,0.0021484375
0001110111,9238,"[2, 3, 1, 0]",9600,150.4664421081543,False,16.818167862867817,22,0.0021484375
0001110111,9239,"[2, 3, 1, 0]",9600,150.47931671142578,True,16.818167862867817,22,0.0021484375
0001110111,9240,"[2, 3, 1, 0]",9600,150.4969596862793,False,16.818167862867817,22,0.0021484375
0001110111,9241,"[2, 3, 1, 0]",9600,150.50983428955078,True,16.818167862867817,22,0.0021484375
0001110111,9242,"[2, 3, 1, 0]",9600,150.5270004272461,False,16.818167862867817,22,0.0021484375
0001110111,9243,"[2, 3, 1, 0]",9600,150.53987503051758,True,16.818167862867817,22,0.0021484375
0001110111,9244,"[2, 3, 1, 0]",9600,150.5568027496338,False,16.818167862867817,22,0.0021484375
0001110111,9245,"[2, 3, 1, 0]",9600,150.56943893432617,True,16.818167862867817,22,0.0021484375
0001110111,9246,"[2, 3, 1, 0]",9600,150.58636665344238,False,16.818167862867817,22,0.0021484375
0001110111,9247,"[2, 3, 1, 0]",9600,150.59900283813477,True,16.818167862867817,22,0.0021484375
0001110111,9248,"[2, 3, 1, 0]",9600,150.61616897583008,False,16.818167862867817,22,0.0021484375
0001110111,9249,"[2, 3, 1, 0]",9600,150.62832832336426,True,16.818167862867817,22,0.0021484375
0001110111,9250,"[2, 3, 1, 0]",9600,150.64549446105957,False,16.818167862867817,22,0.0021484375
0001110111,9251,"[2, 3, 1, 0]",9600,150.65813064575195,True,16.818167862867817,22,0.0021484375
0001110111,9252,"[2, 3, 1, 0]",9600,150.67553520202637,False,16.818167862867817,22,0.0021484375
0001110111,9253,"[2, 3, 1, 0]",9600,150.68840980529785,True,16.818167862867817,22,0.0021484375
0001110111,9254,"[2, 3, 1, 0]",9600,150.70533752441406,False,16.818167862867817,22,0.0021484375
0001110111,9255,"[2, 3, 1, 0]",9600,150.71797370910645,True,16.818167862867817,22,0.0021484375
0001110111,9256,"[2, 3, 1, 0]",9600,150.73490142822266,False,16.818167862867817,22,0.0021484375
0001110111,9257,"[2, 3, 1, 0]",9600,150.74777603149414,True,16.818167862867817,22,0.0021484375
0110111110,9258,"[3, 2, 1, 0]",9600,150.76518058776855,False,29.001975675353847,22,0.0021484375
0110111110,9259,"[3, 2, 1, 0]",9600,150.77972412109375,True,29.001975675353847,22,0.0021484375
0110111110,9260,"[3, 2, 1, 0]",9600,150.79903602600098,False,29.001975675353847,22,0.0021484375
0110111110,9261,"[3, 2, 1, 0]",9600,150.81262588500977,True,29.001975675353847,22,0.0021484375
0110111110,9262,"[3, 2, 1, 0]",9600,150.83026885986328,False,29.001975675353847,22,0.0021484375
0110111110,9263,"[3, 2, 1, 0]",9600,150.84314346313477,True,29.001975675353847,22,0.0021484375
0110111110,9264,"[3, 2, 1, 0]",9600,150.86054801940918,False,29.001975675353847,22,0.0021484375
0110111110,9265,"[3, 2, 1, 0]",9600,150.87366104125977,True,29.001975675353847,22,0.0021484375
0110111110,9266,"[3, 2, 1, 0]",9600,150.89106559753418,False,29.001975675353847,22,0.0021484375
0110111110,9267,"[3, 2, 1, 0]",9600,150.90417861938477,True,29.001975675353847,22,0.0021484375
0110111110,9268,"[3, 2, 1, 0]",9600,150.92134475708008,False,29.001975675353847,22,0.0021484375
0110111110,9269,"[3, 2, 1, 0]",9600,150.93421936035156,True,29.001975675353847,22,0.0021484375
0110111110,9270,"[3, 2, 1, 0]",9600,150.95162391662598,False,29.001975675353847,22,0.0021484375
0110111110,9271,"[3, 2, 1, 0]",9600,150.96449851989746,True,29.001975675353847,22,0.0021484375
0110111110,9272,"[3, 2, 1, 0]",9600,150.98166465759277,False,29.001975675353847,22,0.0021484375
0110111110,9273,"[3, 2, 1, 0]",9600,150.99477767944336,True,29.001975675353847,22,0.0021484375
0110111110,9274,"[3, 2, 1, 0]",9600,151.01170539855957,False,29.001975675353847,22,0.0021484375
0110111110,9275,"[3, 2, 1, 0]",9600,151.02458000183105,True,29.001975675353847,22,0.0021484375
0110111110,9276,"[3, 2, 1, 0]",9600,151.04174613952637,False,29.001975675353847,22,0.0021484375
0110111110,9277,"[3, 2, 1, 0]",9600,151.05438232421875,True,29.001975675353847,22,0.0021484375
0110111110,9278,"[3, 2, 1, 0]",9600,151.07178688049316,False,29.001975675353847,22,0.0021484375
0110111110,9279,"[3, 2, 1, 0]",9600,151.08466148376465,True,29.001975675353847,22,0.0021484375
0110111110,9280,"[3, 2, 1, 0]",9600,151.10301971435547,False,29.001975675353847,22,0.0021484375
0110111110,9281,"[3, 2, 1, 0]",9600,151.11613273620605,True,29.001975675353847,22,0.0021484375
0110111110,9282,"[3, 2, 1, 0]",9600,151.13353729248047,False,29.001975675353847,22,0.0021484375
0110111110,9283,"[3, 2, 1, 0]",9600,151.14617347717285,True,29.001975675353847,22,0.0021484375
0110111110,9284,"[3, 2, 1, 0]",9600,151.16357803344727,False,29.001975675353847,22,0.0021484375
0110111110,9285,"[3, 2, 1, 0]",9600,151.17621421813965,True,29.001975675353847,22,0.0021484375
0110111110,9286,"[3, 2, 1, 0]",9600,151.19338035583496,False,29.001975675353847,22,0.0021484375
0110111110,9287,"[3, 2, 1, 0]",9600,151.20601654052734,True,29.001975675353847,22,0.0021484375
0110111110,9288,"[3, 2, 1, 0]",9600,151.22318267822266,False,29.001975675353847,22,0.0021484375
0110111110,9289,"[3, 2, 1, 0]",9600,151.23605728149414,True,29.001975675353847,22,0.0021484375
0110111110,9290,"[3, 2, 1, 0]",9600,151.25322341918945,False,29.001975675353847,22,0.0021484375
0110111110,9291,"[3, 2, 1, 0]",9600,151.26633644104004,True,29.001975675353847,22,0.0021484375
0110111110,9292,"[3, 2, 1, 0]",9600,151.28326416015625,False,29.001975675353847,22,0.0021484375
0110111110,9293,"[3, 2, 1, 0]",9600,151.29637718200684,True,29.001975675353847,22,0.0021484375
0110111110,9294,"[3, 2, 1, 0]",9600,151.31330490112305,False,29.001975675353847,22,0.0021484375
0110111110,9295,"[3, 2, 1, 0]",9600,151.32570266723633,True,29.001975675353847,22,0.0021484375
0110111110,9296,"[3, 2, 1, 0]",9600,151.34286880493164,False,29.001975675353847,22,0.0021484375
0110111110,9297,"[3, 2, 1, 0]",9600,151.35550498962402,True,29.001975675353847,22,0.0021484375
0110111110,9298,"[3, 2, 1, 0]",9600,151.37243270874023,False,29.001975675353847,22,0.0021484375
0110111110,9299,"[3, 2, 1, 0]",9600,151.38506889343262,True,29.001975675353847,22,0.0021484375
0110111110,9300,"[3, 2, 1, 0]",9600,151.40175819396973,False,29.001975675353847,22,0.0021484375
0110111110,9301,"[3, 2, 1, 0]",9600,151.42822265625,True,29.001975675353847,22,0.0021484375
1101100111,9302,"[0, 2, 3, 1]",6200,151.4568328857422,False,12.732215692871499,22,0.0021484375
1101100111,9303,"[0, 1, 2, 3]",315,151.47089958190918,True,12.732215692871499,22,0.0021484375
1101100111,9304,"[0, 2, 3, 1]",6200,151.4887809753418,False,12.732215692871499,22,0.0021484375
1101100111,9305,"[0, 1, 2, 3]",315,151.50189399719238,True,12.732215692871499,22,0.0021484375
1101100111,9306,"[0, 2, 3, 1]",6200,151.5192985534668,False,12.732215692871499,22,0.0021484375
1101100111,9307,"[0, 1, 2, 3]",315,151.53217315673828,True,12.732215692871499,22,0.0021484375
1101100111,9308,"[0, 2, 3, 1]",6200,151.5495777130127,False,12.732215692871499,22,0.0021484375
1101100111,9309,"[0, 1, 2, 3]",315,151.56245231628418,True,12.732215692871499,22,0.0021484375
1101100111,9310,"[0, 2, 3, 1]",6200,151.5820026397705,False,12.732215692871499,22,0.0021484375
1101100111,9311,"[0, 1, 2, 3]",315,151.5955924987793,True,12.732215692871499,22,0.0021484375
1101100111,9312,"[0, 2, 3, 1]",6200,151.6132354736328,False,12.732215692871499,22,0.0021484375
1101100111,9313,"[0, 1, 2, 3]",315,151.6263484954834,True,12.732215692871499,22,0.0021484375
1101100111,9314,"[0, 2, 3, 1]",6200,151.6435146331787,False,12.732215692871499,22,0.0021484375
1101100111,9315,"[0, 1, 2, 3]",315,151.6563892364502,True,12.732215692871499,22,0.0021484375
1101100111,9316,"[0, 2, 3, 1]",6200,151.6737937927246,False,12.732215692871499,22,0.0021484375
1101100111,9317,"[0, 1, 2, 3]",315,151.6871452331543,True,12.732215692871499,22,0.0021484375
1101100111,9318,"[0, 2, 3, 1]",6200,151.7043113708496,False,12.732215692871499,22,0.0021484375
1101100111,9319,"[0, 1, 2, 3]",315,151.7176628112793,True,12.732215692871499,22,0.0021484375
1101100111,9320,"[0, 2, 3, 1]",6200,151.7348289489746,False,12.732215692871499,22,0.0021484375
1101100111,9321,"[0, 1, 2, 3]",315,151.7479419708252,True,12.732215692871499,22,0.0021484375
1101100111,9322,"[0, 2, 3, 1]",6200,151.76677703857422,False,12.732215692871499,22,0.0021484375
1101100111,9323,"[0, 1, 2, 3]",315,151.7801284790039,True,12.732215692871499,22,0.0021484375
1101100111,9324,"[0, 2, 3, 1]",6200,151.79777145385742,False,12.732215692871499,22,0.0021484375
1101100111,9325,"[0, 1, 2, 3]",315,151.8106460571289,True,12.732215692871499,22,0.0021484375
1101100111,9326,"[0, 2, 3, 1]",6200,151.82781219482422,False,12.732215692871499,22,0.0021484375
1101100111,9327,"[0, 1, 2, 3]",315,151.8404483795166,True,12.732215692871499,22,0.0021484375
1101100111,9328,"[0, 2, 3, 1]",6200,151.8576145172119,False,12.732215692871499,22,0.0021484375
1101100111,9329,"[0, 1, 2, 3]",315,151.8704891204834,True,12.732215692871499,22,0.0021484375
1101100111,9330,"[0, 2, 3, 1]",6200,151.8874168395996,False,12.732215692871499,22,0.0021484375
1101100111,9331,"[0, 1, 2, 3]",315,151.9002914428711,True,12.732215692871499,22,0.0021484375
1101100111,9332,"[0, 2, 3, 1]",6200,151.9169807434082,False,12.732215692871499,22,0.0021484375
1101100111,9333,"[0, 1, 2, 3]",315,151.9296169281006,True,12.732215692871499,22,0.0021484375
1101100111,9334,"[0, 2, 3, 1]",6200,151.9465446472168,False,12.732215692871499,22,0.0021484375
1101100111,9335,"[0, 1, 2, 3]",315,151.95941925048828,True,12.732215692871499,22,0.0021484375
1101100111,9336,"[0, 2, 3, 1]",6200,151.9765853881836,False,12.732215692871499,22,0.0021484375
1101100111,9337,"[0, 1, 2, 3]",315,151.98898315429688,True,12.732215692871499,22,0.0021484375
1101100111,9338,"[0, 2, 3, 1]",6200,152.0061492919922,False,12.732215692871499,22,0.0021484375
1101100111,9339,"[0, 1, 2, 3]",315,152.01878547668457,True,12.732215692871499,22,0.0021484375
1101100111,9340,"[0, 2, 3, 1]",6200,152.03595161437988,False,12.732215692871499,22,0.0021484375
1101100111,9341,"[0, 1, 2, 3]",315,152.04834938049316,True,12.732215692871499,22,0.0021484375
1101100111,9342,"[0, 2, 3, 1]",6200,152.06551551818848,False,12.732215692871499,22,0.0021484375
1101100111,9343,"[0, 1, 2, 3]",315,152.07982063293457,True,12.732215692871499,22,0.0021484375
1101100111,9344,"[0, 2, 3, 1]",6200,152.0984172821045,False,12.732215692871499,22,0.0021484375
1101100111,9345,"[0, 1, 2, 3]",315,152.11129188537598,True,12.732215692871499,22,0.0021484375
1000011011,9346,"[3, 0, 2, 1]",6300,152.1291732788086,False,20.272506259434046,22,0.0021484375
1000011011,9347,"[3, 0, 1, 2]",750,152.14252471923828,True,20.272506259434046,22,0.0021484375
1000011011,9348,"[3, 0, 2, 1]",6300,152.1604061126709,False,20.272506259434046,22,0.0021484375
1000011011,9349,"[3, 0, 1, 2]",750,152.17328071594238,True,20.272506259434046,22,0.0021484375
1000011011,9350,"[3, 0, 2, 1]",6300,152.1906852722168,False,20.272506259434046,22,0.0021484375
1000011011,9351,"[3, 0, 1, 2]",750,152.20379829406738,True,20.272506259434046,22,0.0021484375
1000011011,9352,"[3, 0, 2, 1]",6300,152.2212028503418,False,20.272506259434046,22,0.0021484375
1000011011,9353,"[3, 0, 1, 2]",750,152.23431587219238,True,20.272506259434046,22,0.0021484375
1000011011,9354,"[3, 0, 2, 1]",6300,152.2519588470459,False,20.272506259434046,22,0.0021484375
1000011011,9355,"[3, 0, 1, 2]",750,152.26507186889648,True,20.272506259434046,22,0.0021484375
1000011011,9356,"[3, 0, 2, 1]",6300,152.28271484375,False,20.272506259434046,22,0.0021484375
1000011011,9357,"[3, 0, 1, 2]",750,152.2960662841797,True,20.272506259434046,22,0.0021484375
1000011011,9358,"[3, 0, 2, 1]",6300,152.3137092590332,False,20.272506259434046,22,0.0021484375
1000011011,9359,"[3, 0, 1, 2]",750,152.3265838623047,True,20.272506259434046,22,0.0021484375
1000011011,9360,"[3, 0, 2, 1]",6300,152.3458957672119,False,20.272506259434046,22,0.0021484375
1000011011,9361,"[3, 0, 1, 2]",750,152.3594856262207,True,20.272506259434046,22,0.0021484375
1000011011,9362,"[3, 0, 2, 1]",6300,152.37736701965332,False,20.272506259434046,22,0.0021484375
1000011011,9363,"[3, 0, 1, 2]",750,152.3904800415039,True,20.272506259434046,22,0.0021484375
1000011011,9364,"[3, 0, 2, 1]",6300,152.40931510925293,False,20.272506259434046,22,0.0021484375
1000011011,9365,"[3, 0, 1, 2]",750,152.42266654968262,True,20.272506259434046,22,0.0021484375
1000011011,9366,"[3, 0, 2, 1]",6300,152.44030952453613,False,20.272506259434046,22,0.0021484375
1000011011,9367,"[3, 0, 1, 2]",750,152.45342254638672,True,20.272506259434046,22,0.0021484375
1000011011,9368,"[3, 0, 2, 1]",6300,152.47082710266113,False,20.272506259434046,22,0.0021484375
1000011011,9369,"[3, 0, 1, 2]",750,152.48394012451172,True,20.272506259434046,22,0.0021484375
1000011011,9370,"[3, 0, 2, 1]",6300,152.50158309936523,False,20.272506259434046,22,0.0021484375
1000011011,9371,"[3, 0, 1, 2]",750,152.51493453979492,True,20.272506259434046,22,0.0021484375
1000011011,9372,"[3, 0, 2, 1]",6300,152.53233909606934,False,20.272506259434046,22,0.0021484375
1000011011,9373,"[3, 0, 1, 2]",750,152.54569053649902,True,20.272506259434046,22,0.0021484375
1000011011,9374,"[3, 0, 2, 1]",6300,152.56309509277344,False,20.272506259434046,22,0.0021484375
1000011011,9375,"[3, 0, 1, 2]",750,152.57596969604492,True,20.272506259434046,22,0.0021484375
1000011011,9376,"[3, 0, 2, 1]",6300,152.59313583374023,False,20.272506259434046,22,0.0021484375
1000011011,9377,"[3, 0, 1, 2]",750,152.60648727416992,True,20.272506259434046,22,0.0021484375
1000011011,9378,"[3, 0, 2, 1]",6300,152.62365341186523,False,20.272506259434046,22,0.0021484375
1000011011,9379,"[3, 0, 1, 2]",750,152.63676643371582,True,20.272506259434046,22,0.0021484375
1000011011,9380,"[3, 0, 2, 1]",6300,152.65393257141113,False,20.272506259434046,22,0.0021484375
1000011011,9381,"[3, 0, 1, 2]",750,152.66680717468262,True,20.272506259434046,22,0.0021484375
1000011011,9382,"[3, 0, 2, 1]",6300,152.68397331237793,False,20.272506259434046,22,0.0021484375
1000011011,9383,"[3, 0, 1, 2]",750,152.69923210144043,True,20.272506259434046,22,0.0021484375
1000011011,9384,"[3, 0, 2, 1]",6300,152.71711349487305,False,20.272506259434046,22,0.0021484375
1000011011,9385,"[3, 0, 1, 2]",750,152.73094177246094,True,20.272506259434046,22,0.0021484375
1000011011,9386,"[3, 0, 2, 1]",6300,152.74977684020996,False,20.272506259434046,22,0.0021484375
1000011011,9387,"[3, 0, 1, 2]",750,152.76336669921875,True,20.272506259434046,22,0.0021484375
1000011011,9388,"[3, 0, 2, 1]",6300,152.78077125549316,False,20.272506259434046,22,0.0021484375
1000011011,9389,"[3, 0, 1, 2]",750,152.79412269592285,True,20.272506259434046,22,0.0021484375
0000111111,9390,"[3, 2, 1, 0]",9600,152.81128883361816,False,16.32364373848183,22,0.0021484375
0000111111,9391,"[3, 2, 1, 0]",9600,152.82464027404785,True,16.32364373848183,22,0.0021484375
0000111111,9392,"[3, 2, 1, 0]",9600,152.84180641174316,False,16.32364373848183,22,0.0021484375
0000111111,9393,"[3, 2, 1, 0]",9600,152.85468101501465,True,16.32364373848183,22,0.0021484375
0000111111,9394,"[3, 2, 1, 0]",9600,152.87160873413086,False,16.32364373848183,22,0.0021484375
0000111111,9395,"[3, 2, 1, 0]",9600,152.88424491882324,True,16.32364373848183,22,0.0021484375
0000111111,9396,"[3, 2, 1, 0]",9600,152.90164947509766,False,16.32364373848183,22,0.0021484375
0000111111,9397,"[3, 2, 1, 0]",9600,152.91452407836914,True,16.32364373848183,22,0.0021484375
0000111111,9398,"[3, 2, 1, 0]",9600,152.93216705322266,False,16.32364373848183,22,0.0021484375
0000111111,9399,"[3, 2, 1, 0]",9600,152.94504165649414,True,16.32364373848183,22,0.0021484375
0000111111,9400,"[3, 2, 1, 0]",9600,152.96220779418945,False,16.32364373848183,22,0.0021484375
0000111111,9401,"[3, 2, 1, 0]",9600,152.97508239746094,True,16.32364373848183,22,0.0021484375
0000111111,9402,"[3, 2, 1, 0]",9600,152.99224853515625,False,16.32364373848183,22,0.0021484375
0000111111,9403,"[3, 2, 1, 0]",9600,153.00512313842773,True,16.32364373848183,22,0.0021484375
0000111111,9404,"[3, 2, 1, 0]",9600,153.02228927612305,False,16.32364373848183,22,0.0021484375
0000111111,9405,"[3, 2, 1, 0]",9600,153.03444862365723,True,16.32364373848183,22,0.0021484375
0000111111,9406,"[3, 2, 1, 0]",9600,153.05304527282715,False,16.32364373848183,22,0.0021484375
0000111111,9407,"[3, 2, 1, 0]",9600,153.06591987609863,True,16.32364373848183,22,0.0021484375
0000111111,9408,"[3, 2, 1, 0]",9600,153.08380126953125,False,16.32364373848183,22,0.0021484375
0000111111,9409,"[3, 2, 1, 0]",9600,153.09619903564453,True,16.32364373848183,22,0.0021484375
0000111111,9410,"[3, 2, 1, 0]",9600,153.11384201049805,False,16.32364373848183,22,0.0021484375
0000111111,9411,"[3, 2, 1, 0]",9600,153.12814712524414,True,16.32364373848183,22,0.0021484375
0000111111,9412,"[3, 2, 1, 0]",9600,153.14626693725586,False,16.32364373848183,22,0.0021484375
0000111111,9413,"[3, 2, 1, 0]",9600,153.15866470336914,True,16.32364373848183,22,0.0021484375
0000111111,9414,"[3, 2, 1, 0]",9600,153.17630767822266,False,16.32364373848183,22,0.0021484375
0000111111,9415,"[3, 2, 1, 0]",9600,153.18870544433594,True,16.32364373848183,22,0.0021484375
0000111111,9416,"[3, 2, 1, 0]",9600,153.20587158203125,False,16.32364373848183,22,0.0021484375
0000111111,9417,"[3, 2, 1, 0]",9600,153.21826934814453,True,16.32364373848183,22,0.0021484375
0000111111,9418,"[3, 2, 1, 0]",9600,153.23543548583984,False,16.32364373848183,22,0.0021484375
0000111111,9419,"[3, 2, 1, 0]",9600,153.24783325195312,True,16.32364373848183,22,0.0021484375
0000111111,9420,"[3, 2, 1, 0]",9600,153.26523780822754,False,16.32364373848183,22,0.0021484375
0000111111,9421,"[3, 2, 1, 0]",9600,153.27763557434082,True,16.32364373848183,22,0.0021484375
0000111111,9422,"[3, 2, 1, 0]",9600,153.29480171203613,False,16.32364373848183,22,0.0021484375
0000111111,9423,"[3, 2, 1, 0]",9600,153.30767631530762,True,16.32364373848183,22,0.0021484375
0000111111,9424,"[3, 2, 1, 0]",9600,153.32484245300293,False,16.32364373848183,22,0.0021484375
0000111111,9425,"[3, 2, 1, 0]",9600,153.3377170562744,True,16.32364373848183,22,0.0021484375
0000111111,9426,"[3, 2, 1, 0]",9600,153.35464477539062,False,16.32364373848183,22,0.0021484375
0000111111,9427,"[3, 2, 1, 0]",9600,153.36847305297852,True,16.32364373848183,22,0.0021484375
0000111111,9428,"[3, 2, 1, 0]",9600,153.38611602783203,False,16.32364373848183,22,0.0021484375
0000111111,9429,"[3, 2, 1, 0]",9600,153.3982753753662,True,16.32364373848183,22,0.0021484375
0000111111,9430,"[3, 2, 1, 0]",9600,153.41544151306152,False,16.32364373848183,22,0.0021484375
0000111111,9431,"[3, 2, 1, 0]",9600,153.4278392791748,True,16.32364373848183,22,0.0021484375
0000111111,9432,"[3, 2, 1, 0]",9600,153.44476699829102,False,16.32364373848183,22,0.0021484375
0000111111,9433,"[3, 2, 1, 0]",9600,153.4569263458252,True,16.32364373848183,22,0.0021484375
0010011010,9434,"[3, 1, 2, 0]",9450,153.4743309020996,False,18.42579066532081,21,0.00205078125
0010011010,9435,"[3, 1, 0, 2]",900,153.49388122558594,True,18.42579066532081,21,0.00205078125
0010011010,9436,"[3, 1, 2, 0]",9450,153.51200103759766,False,18.42579066532081,21,0.00205078125
0010011010,9437,"[3, 1, 0, 2]",900,153.52511405944824,True,18.42579066532081,21,0.00205078125
0010011010,9438,"[3, 1, 2, 0]",9450,153.54251861572266,False,18.42579066532081,21,0.00205078125
0010011010,9439,"[3, 1, 0, 2]",900,153.55539321899414,True,18.42579066532081,21,0.00205078125
0010011010,9440,"[3, 1, 2, 0]",9450,153.57279777526855,False,18.42579066532081,21,0.00205078125
0010011010,9441,"[3, 1, 0, 2]",900,153.58567237854004,True,18.42579066532081,21,0.00205078125
0010011010,9442,"[3, 1, 2, 0]",9450,153.60331535339355,False,18.42579066532081,21,0.00205078125
0010011010,9443,"[3, 1, 0, 2]",900,153.61642837524414,True,18.42579066532081,21,0.00205078125
0010011010,9444,"[3, 1, 2, 0]",9450,153.63383293151855,False,18.42579066532081,21,0.00205078125
0010011010,9445,"[3, 1, 0, 2]",900,153.64694595336914,True,18.42579066532081,21,0.00205078125
0010011010,9446,"[3, 1, 2, 0]",9450,153.66435050964355,False,18.42579066532081,21,0.00205078125
0010011010,9447,"[3, 1, 0, 2]",900,153.67746353149414,True,18.42579066532081,21,0.00205078125
0010011010,9448,"[3, 1, 2, 0]",9450,153.69629859924316,False,18.42579066532081,21,0.00205078125
0010011010,9449,"[3, 1, 0, 2]",900,153.70988845825195,True,18.42579066532081,21,0.00205078125
0010011010,9450,"[3, 1, 2, 0]",9450,153.72753143310547,False,18.42579066532081,21,0.00205078125
0010011010,9451,"[3, 1, 0, 2]",900,153.74088287353516,True,18.42579066532081,21,0.00205078125
0010011010,9452,"[3, 1, 2, 0]",9450,153.75828742980957,False,18.42579066532081,21,0.00205078125
0010011010,9453,"[3, 1, 0, 2]",900,153.77140045166016,True,18.42579066532081,21,0.00205078125
0010011010,9454,"[3, 1, 2, 0]",9450,153.78856658935547,False,18.42579066532081,21,0.00205078125
0010011010,9455,"[3, 1, 0, 2]",900,153.80167961120605,True,18.42579066532081,21,0.00205078125
0010011010,9456,"[3, 1, 2, 0]",9450,153.81884574890137,False,18.42579066532081,21,0.00205078125
0010011010,9457,"[3, 1, 0, 2]",900,153.83172035217285,True,18.42579066532081,21,0.00205078125
0010011010,9458,"[3, 1, 2, 0]",9450,153.84912490844727,False,18.42579066532081,21,0.00205078125
0010011010,9459,"[3, 1, 0, 2]",900,153.86199951171875,True,18.42579066532081,21,0.00205078125
0010011010,9460,"[3, 1, 2, 0]",9450,153.87964248657227,False,18.42579066532081,21,0.00205078125
0010011010,9461,"[3, 1, 0, 2]",900,153.89418601989746,True,18.42579066532081,21,0.00205078125
0010011010,9462,"[3, 1, 2, 0]",9450,153.91206741333008,False,18.42579066532081,21,0.00205078125
0010011010,9463,"[3, 1, 0, 2]",900,153.92518043518066,True,18.42579066532081,21,0.00205078125
0010011010,9464,"[3, 1, 2, 0]",9450,153.94282341003418,False,18.42579066532081,21,0.00205078125
0010011010,9465,"[3, 1, 0, 2]",900,153.95569801330566,True,18.42579066532081,21,0.00205078125
0010011010,9466,"[3, 1, 2, 0]",9450,153.97310256958008,False,18.42579066532081,21,0.00205078125
0010011010,9467,"[3, 1, 0, 2]",900,153.98645401000977,True,18.42579066532081,21,0.00205078125
0010011010,9468,"[3, 1, 2, 0]",9450,154.00385856628418,False,18.42579066532081,21,0.00205078125
0010011010,9469,"[3, 1, 0, 2]",900,154.01840209960938,True,18.42579066532081,21,0.00205078125
0010011010,9470,"[3, 1, 2, 0]",9450,154.0365219116211,False,18.42579066532081,21,0.00205078125
0010011010,9471,"[3, 1, 0, 2]",900,154.04963493347168,True,18.42579066532081,21,0.00205078125
0010011010,9472,"[3, 1, 2, 0]",9450,154.0672779083252,False,18.42579066532081,21,0.00205078125
0010011010,9473,"[3, 1, 0, 2]",900,154.08039093017578,True,18.42579066532081,21,0.00205078125
0010011010,9474,"[3, 1, 2, 0]",9450,154.0977954864502,False,18.42579066532081,21,0.00205078125
0010011010,9475,"[3, 1, 0, 2]",900,154.13522720336914,True,18.42579066532081,21,0.00205078125
0110000011,9476,"[1, 0, 3, 2]",465,154.15382385253906,False,16.031008131515815,21,0.00205078125
0110000011,9477,"[1, 0, 3, 2]",465,154.16765213012695,True,16.031008131515815,21,0.00205078125
0110000011,9478,"[1, 0, 3, 2]",465,154.18529510498047,False,16.031008131515815,21,0.00205078125
0110000011,9479,"[1, 0, 3, 2]",465,154.19888496398926,True,16.031008131515815,21,0.00205078125
0110000011,9480,"[1, 0, 3, 2]",465,154.21652793884277,False,16.031008131515815,21,0.00205078125
0110000011,9481,"[1, 0, 3, 2]",465,154.22964096069336,True,16.031008131515815,21,0.00205078125
0110000011,9482,"[1, 0, 3, 2]",465,154.24704551696777,False,16.031008131515815,21,0.00205078125
0110000011,9483,"[1, 0, 3, 2]",465,154.26015853881836,True,16.031008131515815,21,0.00205078125
0110000011,9484,"[1, 0, 3, 2]",465,154.27732467651367,False,16.031008131515815,21,0.00205078125
0110000011,9485,"[1, 0, 3, 2]",465,154.29091453552246,True,16.031008131515815,21,0.00205078125
0110000011,9486,"[1, 0, 3, 2]",465,154.30784225463867,False,16.031008131515815,21,0.00205078125
0110000011,9487,"[1, 0, 3, 2]",465,154.32095527648926,True,16.031008131515815,21,0.00205078125
0110000011,9488,"[1, 0, 3, 2]",465,154.33788299560547,False,16.031008131515815,21,0.00205078125
0110000011,9489,"[1, 0, 3, 2]",465,154.35099601745605,True,16.031008131515815,21,0.00205078125
0110000011,9490,"[1, 0, 3, 2]",465,154.37030792236328,False,16.031008131515815,21,0.00205078125
0110000011,9491,"[1, 0, 3, 2]",465,154.38389778137207,True,16.031008131515815,21,0.00205078125
0110000011,9492,"[1, 0, 3, 2]",465,154.4015407562256,False,16.031008131515815,21,0.00205078125
0110000011,9493,"[1, 0, 3, 2]",465,154.41465377807617,True,16.031008131515815,21,0.00205078125
0110000011,9494,"[1, 0, 3, 2]",465,154.4320583343506,False,16.031008131515815,21,0.00205078125
0110000011,9495,"[1, 0, 3, 2]",465,154.44517135620117,True,16.031008131515815,21,0.00205078125
0110000011,9496,"[1, 0, 3, 2]",465,154.46233749389648,False,16.031008131515815,21,0.00205078125
0110000011,9497,"[1, 0, 3, 2]",465,154.47521209716797,True,16.031008131515815,21,0.00205078125
0110000011,9498,"[1, 0, 3, 2]",465,154.49237823486328,False,16.031008131515815,21,0.00205078125
0110000011,9499,"[1, 0, 3, 2]",465,154.50549125671387,True,16.031008131515815,21,0.00205078125
0110000011,9500,"[1, 0, 3, 2]",465,154.52289581298828,False,16.031008131515815,21,0.00205078125
0110000011,9501,"[1, 0, 3, 2]",465,154.53600883483887,True,16.031008131515815,21,0.00205078125
0110000011,9502,"[1, 0, 3, 2]",465,154.55365180969238,False,16.031008131515815,21,0.00205078125
0110000011,9503,"[1, 0, 3, 2]",465,154.56676483154297,True,16.031008131515815,21,0.00205078125
0110000011,9504,"[1, 0, 3, 2]",465,154.58416938781738,False,16.031008131515815,21,0.00205078125
0110000011,9505,"[1, 0, 3, 2]",465,154.59704399108887,True,16.031008131515815,21,0.00205078125
0110000011,9506,"[1, 0, 3, 2]",465,154.61468696594238,False,16.031008131515815,21,0.00205078125
0110000011,9507,"[1, 0, 3, 2]",465,154.62756156921387,True,16.031008131515815,21,0.00205078125
0110000011,9508,"[1, 0, 3, 2]",465,154.64496612548828,False,16.031008131515815,21,0.00205078125
0110000011,9509,"[1, 0, 3, 2]",465,154.65831756591797,True,16.031008131515815,21,0.00205078125
0110000011,9510,"[1, 0, 3, 2]",465,154.67572212219238,False,16.031008131515815,21,0.00205078125
0110000011,9511,"[1, 0, 3, 2]",465,154.6921730041504,True,16.031008131515815,21,0.00205078125
0110000011,9512,"[1, 0, 3, 2]",465,154.7105312347412,False,16.031008131515815,21,0.00205078125
0110000011,9513,"[1, 0, 3, 2]",465,154.7238826751709,True,16.031008131515815,21,0.00205078125
0110000011,9514,"[1, 0, 3, 2]",465,154.7412872314453,False,16.031008131515815,21,0.00205078125
0110000011,9515,"[1, 0, 3, 2]",465,154.754638671875,True,16.031008131515815,21,0.00205078125
0110000011,9516,"[1, 0, 3, 2]",465,154.7720432281494,False,16.031008131515815,21,0.00205078125
0110000011,9517,"[1, 0, 3, 2]",465,154.7849178314209,True,16.031008131515815,21,0.00205078125
0100010011,9518,"[2, 0, 3, 1]",6200,154.8023223876953,False,18.692679049617418,21,0.00205078125
0100010011,9519,"[2, 0, 1, 3]",500,154.8161506652832,True,18.692679049617418,21,0.00205078125
0100010011,9520,"[2, 0, 3, 1]",6200,154.83379364013672,False,18.692679049617418,21,0.00205078125
0100010011,9521,"[2, 0, 1, 3]",500,154.8473834991455,True,18.692679049617418,21,0.00205078125
0100010011,9522,"[2, 0, 3, 1]",6200,154.86502647399902,False,18.692679049617418,21,0.00205078125
0100010011,9523,"[2, 0, 1, 3]",500,154.8786163330078,True,18.692679049617418,21,0.00205078125
0100010011,9524,"[2, 0, 3, 1]",6200,154.89625930786133,False,18.692679049617418,21,0.00205078125
0100010011,9525,"[2, 0, 1, 3]",500,154.9093723297119,True,18.692679049617418,21,0.00205078125
0100010011,9526,"[2, 0, 3, 1]",6200,154.92677688598633,False,18.692679049617418,21,0.00205078125
0100010011,9527,"[2, 0, 1, 3]",500,154.94012832641602,True,18.692679049617418,21,0.00205078125
0100010011,9528,"[2, 0, 3, 1]",6200,154.95729446411133,False,18.692679049617418,21,0.00205078125
0100010011,9529,"[2, 0, 1, 3]",500,154.9704074859619,True,18.692679049617418,21,0.00205078125
0100010011,9530,"[2, 0, 3, 1]",6200,154.98781204223633,False,18.692679049617418,21,0.00205078125
0100010011,9531,"[2, 0, 1, 3]",500,155.0009250640869,True,18.692679049617418,21,0.00205078125
0100010011,9532,"[2, 0, 3, 1]",6200,155.01952171325684,False,18.692679049617418,21,0.00205078125
0100010011,9533,"[2, 0, 1, 3]",500,155.03287315368652,True,18.692679049617418,21,0.00205078125
0100010011,9534,"[2, 0, 3, 1]",6200,155.05075454711914,False,18.692679049617418,21,0.00205078125
0100010011,9535,"[2, 0, 1, 3]",500,155.06410598754883,True,18.692679049617418,21,0.00205078125
0100010011,9536,"[2, 0, 3, 1]",6200,155.08151054382324,False,18.692679049617418,21,0.00205078125
0100010011,9537,"[2, 0, 1, 3]",500,155.09462356567383,True,18.692679049617418,21,0.00205078125
0100010011,9538,"[2, 0, 3, 1]",6200,155.11226654052734,False,18.692679049617418,21,0.00205078125
0100010011,9539,"[2, 0, 1, 3]",500,155.12561798095703,True,18.692679049617418,21,0.00205078125
0100010011,9540,"[2, 0, 3, 1]",6200,155.14302253723145,False,18.692679049617418,21,0.00205078125
0100010011,9541,"[2, 0, 1, 3]",500,155.15637397766113,True,18.692679049617418,21,0.00205078125
0100010011,9542,"[2, 0, 3, 1]",6200,155.17377853393555,False,18.692679049617418,21,0.00205078125
0100010011,9543,"[2, 0, 1, 3]",500,155.18689155578613,True,18.692679049617418,21,0.00205078125
0100010011,9544,"[2, 0, 3, 1]",6200,155.20429611206055,False,18.692679049617418,21,0.00205078125
0100010011,9545,"[2, 0, 1, 3]",500,155.21717071533203,True,18.692679049617418,21,0.00205078125
0100010011,9546,"[2, 0, 3, 1]",6200,155.23457527160645,False,18.692679049617418,21,0.00205078125
0100010011,9547,"[2, 0, 1, 3]",500,155.24744987487793,True,18.692679049617418,21,0.00205078125
0100010011,9548,"[2, 0, 3, 1]",6200,155.26485443115234,False,18.692679049617418,21,0.00205078125
0100010011,9549,"[2, 0, 1, 3]",500,155.27820587158203,True,18.692679049617418,21,0.00205078125
0100010011,9550,"[2, 0, 3, 1]",6200,155.29561042785645,False,18.692679049617418,21,0.00205078125
0100010011,9551,"[2, 0, 1, 3]",500,155.31039237976074,True,18.692679049617418,21,0.00205078125
0100010011,9552,"[2, 0, 3, 1]",6200,155.32803535461426,False,18.692679049617418,21,0.00205078125
0100010011,9553,"[2, 0, 1, 3]",500,155.34210205078125,True,18.692679049617418,21,0.00205078125
0100010011,9554,"[2, 0, 3, 1]",6200,155.36141395568848,False,18.692679049617418,21,0.00205078125
0100010011,9555,"[2, 0, 1, 3]",500,155.37500381469727,True,18.692679049617418,21,0.00205078125
0100010011,9556,"[2, 0, 3, 1]",6200,155.39240837097168,False,18.692679049617418,21,0.00205078125
0100010011,9557,"[2, 0, 1, 3]",500,155.40552139282227,True,18.692679049617418,21,0.00205078125
0100010011,9558,"[2, 0, 3, 1]",6200,155.42268753051758,False,18.692679049617418,21,0.00205078125
0100010011,9559,"[2, 0, 1, 3]",500,155.43580055236816,True,18.692679049617418,21,0.00205078125
0110011011,9560,"[3, 1, 2, 0]",9450,155.45320510864258,False,14.425790665320811,21,0.00205078125
0110011011,9561,"[3, 1, 0, 2]",900,155.46679496765137,True,14.425790665320811,21,0.00205078125
0110011011,9562,"[3, 1, 2, 0]",9450,155.4863452911377,False,14.425790665320811,21,0.00205078125
0110011011,9563,"[3, 1, 0, 2]",900,155.5001735687256,True,14.425790665320811,21,0.00205078125
0110011011,9564,"[3, 1, 2, 0]",9450,155.5185317993164,False,14.425790665320811,21,0.00205078125
0110011011,9565,"[3, 1, 0, 2]",900,155.5318832397461,True,14.425790665320811,21,0.00205078125
0110011011,9566,"[3, 1, 2, 0]",9450,155.5495262145996,False,14.425790665320811,21,0.00205078125
0110011011,9567,"[3, 1, 0, 2]",900,155.5631160736084,True,14.425790665320811,21,0.00205078125
0110011011,9568,"[3, 1, 2, 0]",9450,155.5805206298828,False,14.425790665320811,21,0.00205078125
0110011011,9569,"[3, 1, 0, 2]",900,155.5941104888916,True,14.425790665320811,21,0.00205078125
0110011011,9570,"[3, 1, 2, 0]",9450,155.61151504516602,False,14.425790665320811,21,0.00205078125
0110011011,9571,"[3, 1, 0, 2]",900,155.6246280670166,True,14.425790665320811,21,0.00205078125
0110011011,9572,"[3, 1, 2, 0]",9450,155.6417942047119,False,14.425790665320811,21,0.00205078125
0110011011,9573,"[3, 1, 0, 2]",900,155.6551456451416,True,14.425790665320811,21,0.00205078125
0110011011,9574,"[3, 1, 2, 0]",9450,155.67374229431152,False,14.425790665320811,21,0.00205078125
0110011011,9575,"[3, 1, 0, 2]",900,155.6870937347412,True,14.425790665320811,21,0.00205078125
0110011011,9576,"[3, 1, 2, 0]",9450,155.70497512817383,False,14.425790665320811,21,0.00205078125
0110011011,9577,"[3, 1, 0, 2]",900,155.7178497314453,True,14.425790665320811,21,0.00205078125
0110011011,9578,"[3, 1, 2, 0]",9450,155.73501586914062,False,14.425790665320811,21,0.00205078125
0110011011,9579,"[3, 1, 0, 2]",900,155.7481288909912,True,14.425790665320811,21,0.00205078125
0110011011,9580,"[3, 1, 2, 0]",9450,155.76553344726562,False,14.425790665320811,21,0.00205078125
0110011011,9581,"[3, 1, 0, 2]",900,155.7786464691162,True,14.425790665320811,21,0.00205078125
0110011011,9582,"[3, 1, 2, 0]",9450,155.79605102539062,False,14.425790665320811,21,0.00205078125
0110011011,9583,"[3, 1, 0, 2]",900,155.8091640472412,True,14.425790665320811,21,0.00205078125
0110011011,9584,"[3, 1, 2, 0]",9450,155.82656860351562,False,14.425790665320811,21,0.00205078125
0110011011,9585,"[3, 1, 0, 2]",900,155.8396816253662,True,14.425790665320811,21,0.00205078125
0110011011,9586,"[3, 1, 2, 0]",9450,155.85708618164062,False,14.425790665320811,21,0.00205078125
0110011011,9587,"[3, 1, 0, 2]",900,155.8701992034912,True,14.425790665320811,21,0.00205078125
0110011011,9588,"[3, 1, 2, 0]",9450,155.88736534118652,False,14.425790665320811,21,0.00205078125
0110011011,9589,"[3, 1, 0, 2]",900,155.9007167816162,True,14.425790665320811,21,0.00205078125
0110011011,9590,"[3, 1, 2, 0]",9450,155.91788291931152,False,14.425790665320811,21,0.00205078125
0110011011,9591,"[3, 1, 0, 2]",900,155.9312343597412,True,14.425790665320811,21,0.00205078125
0110011011,9592,"[3, 1, 2, 0]",9450,155.94840049743652,False,14.425790665320811,21,0.00205078125
0110011011,9593,"[3, 1, 0, 2]",900,155.9617519378662,True,14.425790665320811,21,0.00205078125
0110011011,9594,"[3, 1, 2, 0]",9450,155.97915649414062,False,14.425790665320811,21,0.00205078125
0110011011,9595,"[3, 1, 0, 2]",900,155.99393844604492,True,14.425790665320811,21,0.00205078125
0110011011,9596,"[3, 1, 2, 0]",9450,156.01181983947754,False,14.425790665320811,21,0.00205078125
0110011011,9597,"[3, 1, 0, 2]",900,156.02564811706543,True,14.425790665320811,21,0.00205078125
0110011011,9598,"[3, 1, 2, 0]",9450,156.04281425476074,False,14.425790665320811,21,0.00205078125
0110011011,9599,"[3, 1, 0, 2]",900,156.05616569519043,True,14.425790665320811,21,0.00205078125
0110011011,9600,"[3, 1, 2, 0]",9450,156.07333183288574,False,14.425790665320811,21,0.00205078125
0110011011,9601,"[3, 1, 0, 2]",900,156.08668327331543,True,14.425790665320811,21,0.00205078125
0100010101,9602,"[3, 2, 0, 1]",6600,156.10408782958984,False,17.718124370008205,21,0.00205078125
0100010101,9603,"[3, 2, 0, 1]",6600,156.11720085144043,True,17.718124370008205,21,0.00205078125
0100010101,9604,"[3, 2, 0, 1]",6600,156.13460540771484,False,17.718124370008205,21,0.00205078125
0100010101,9605,"[3, 2, 0, 1]",6600,156.14771842956543,True,17.718124370008205,21,0.00205078125
0100010101,9606,"[3, 2, 0, 1]",6600,156.16536140441895,False,17.718124370008205,21,0.00205078125
0100010101,9607,"[3, 2, 0, 1]",6600,156.17823600769043,True,17.718124370008205,21,0.00205078125
0100010101,9608,"[3, 2, 0, 1]",6600,156.19540214538574,False,17.718124370008205,21,0.00205078125
0100010101,9609,"[3, 2, 0, 1]",6600,156.20779991149902,True,17.718124370008205,21,0.00205078125
0100010101,9610,"[3, 2, 0, 1]",6600,156.22568130493164,False,17.718124370008205,21,0.00205078125
0100010101,9611,"[3, 2, 0, 1]",6600,156.23831748962402,True,17.718124370008205,21,0.00205078125
0100010101,9612,"[3, 2, 0, 1]",6600,156.25715255737305,False,17.718124370008205,21,0.00205078125
0100010101,9613,"[3, 2, 0, 1]",6600,156.27098083496094,True,17.718124370008205,21,0.00205078125
0100010101,9614,"[3, 2, 0, 1]",6600,156.28886222839355,False,17.718124370008205,21,0.00205078125
0100010101,9615,"[3, 2, 0, 1]",6600,156.30149841308594,True,17.718124370008205,21,0.00205078125
0100010101,9616,"[3, 2, 0, 1]",6600,156.32081031799316,False,17.718124370008205,21,0.00205078125
0100010101,9617,"[3, 2, 0, 1]",6600,156.33416175842285,True,17.718124370008205,21,0.00205078125
0100010101,9618,"[3, 2, 0, 1]",6600,156.35204315185547,False,17.718124370008205,21,0.00205078125
0100010101,9619,"[3, 2, 0, 1]",6600,156.36491775512695,True,17.718124370008205,21,0.00205078125
0100010101,9620,"[3, 2, 0, 1]",6600,156.38232231140137,False,17.718124370008205,21,0.00205078125
0100010101,9621,"[3, 2, 0, 1]",6600,156.39472007751465,True,17.718124370008205,21,0.00205078125
0100010101,9622,"[3, 2, 0, 1]",6600,156.41188621520996,False,17.718124370008205,21,0.00205078125
0100010101,9623,"[3, 2, 0, 1]",6600,156.42476081848145,True,17.718124370008205,21,0.00205078125
0100010101,9624,"[3, 2, 0, 1]",6600,156.44168853759766,False,17.718124370008205,21,0.00205078125
0100010101,9625,"[3, 2, 0, 1]",6600,156.45432472229004,True,17.718124370008205,21,0.00205078125
0100010101,9626,"[3, 2, 0, 1]",6600,156.47149085998535,False,17.718124370008205,21,0.00205078125
0100010101,9627,"[3, 2, 0, 1]",6600,156.48436546325684,True,17.718124370008205,21,0.00205078125
0100010101,9628,"[3, 2, 0, 1]",6600,156.50177001953125,False,17.718124370008205,21,0.00205078125
0100010101,9629,"[3, 2, 0, 1]",6600,156.51440620422363,True,17.718124370008205,21,0.00205078125
0100010101,9630,"[3, 2, 0, 1]",6600,156.53157234191895,False,17.718124370008205,21,0.00205078125
0100010101,9631,"[3, 2, 0, 1]",6600,156.54397010803223,True,17.718124370008205,21,0.00205078125
0100010101,9632,"[3, 2, 0, 1]",6600,156.56113624572754,False,17.718124370008205,21,0.00205078125
0100010101,9633,"[3, 2, 0, 1]",6600,156.57353401184082,True,17.718124370008205,21,0.00205078125
0100010101,9634,"[3, 2, 0, 1]",6600,156.59070014953613,False,17.718124370008205,21,0.00205078125
0100010101,9635,"[3, 2, 0, 1]",6600,156.6028594970703,True,17.718124370008205,21,0.00205078125
0100010101,9636,"[3, 2, 0, 1]",6600,156.62026405334473,False,17.718124370008205,21,0.00205078125
0100010101,9637,"[3, 2, 0, 1]",6600,156.63456916809082,True,17.718124370008205,21,0.00205078125
0100010101,9638,"[3, 2, 0, 1]",6600,156.65268898010254,False,17.718124370008205,21,0.00205078125
0100010101,9639,"[3, 2, 0, 1]",6600,156.66508674621582,True,17.718124370008205,21,0.00205078125
0100010101,9640,"[3, 2, 0, 1]",6600,156.68225288391113,False,17.718124370008205,21,0.00205078125
0100010101,9641,"[3, 2, 0, 1]",6600,156.69512748718262,True,17.718124370008205,21,0.00205078125
0100010101,9642,"[3, 2, 0, 1]",6600,156.71253204345703,False,17.718124370008205,21,0.00205078125
0100010101,9643,"[3, 2, 0, 1]",6600,156.72564506530762,True,17.718124370008205,21,0.00205078125
0110101100,9644,"[3, 2, 1, 0]",9600,156.74281120300293,False,29.772163534040928,21,0.00205078125
0110101100,9645,"[3, 2, 1, 0]",9600,156.7556858062744,True,29.772163534040928,21,0.00205078125
0110101100,9646,"[3, 2, 1, 0]",9600,156.77285194396973,False,29.772163534040928,21,0.00205078125
0110101100,9647,"[3, 2, 1, 0]",9600,156.7859649658203,True,29.772163534040928,21,0.00205078125
0110101100,9648,"[3, 2, 1, 0]",9600,156.80313110351562,False,29.772163534040928,21,0.00205078125
0110101100,9649,"[3, 2, 1, 0]",9600,156.8160057067871,True,29.772163534040928,21,0.00205078125
0110101100,9650,"[3, 2, 1, 0]",9600,156.83317184448242,False,29.772163534040928,21,0.00205078125
0110101100,9651,"[3, 2, 1, 0]",9600,156.8460464477539,True,29.772163534040928,21,0.00205078125
0110101100,9652,"[3, 2, 1, 0]",9600,156.86297416687012,False,29.772163534040928,21,0.00205078125
0110101100,9653,"[3, 2, 1, 0]",9600,156.8756103515625,True,29.772163534040928,21,0.00205078125
0110101100,9654,"[3, 2, 1, 0]",9600,156.8930149078369,False,29.772163534040928,21,0.00205078125
0110101100,9655,"[3, 2, 1, 0]",9600,156.9054126739502,True,29.772163534040928,21,0.00205078125
0110101100,9656,"[3, 2, 1, 0]",9600,156.9228172302246,False,29.772163534040928,21,0.00205078125
0110101100,9657,"[3, 2, 1, 0]",9600,156.935453414917,True,29.772163534040928,21,0.00205078125
0110101100,9658,"[3, 2, 1, 0]",9600,156.9540500640869,False,29.772163534040928,21,0.00205078125
0110101100,9659,"[3, 2, 1, 0]",9600,156.9669246673584,True,29.772163534040928,21,0.00205078125
0110101100,9660,"[3, 2, 1, 0]",9600,156.9843292236328,False,29.772163534040928,21,0.00205078125
0110101100,9661,"[3, 2, 1, 0]",9600,156.9969654083252,True,29.772163534040928,21,0.00205078125
0110101100,9662,"[3, 2, 1, 0]",9600,157.0141315460205,False,29.772163534040928,21,0.00205078125
0110101100,9663,"[3, 2, 1, 0]",9600,157.0281982421875,True,29.772163534040928,21,0.00205078125
0110101100,9664,"[3, 2, 1, 0]",9600,157.04584121704102,False,29.772163534040928,21,0.00205078125
0110101100,9665,"[3, 2, 1, 0]",9600,157.0589542388916,True,29.772163534040928,21,0.00205078125
0110101100,9666,"[3, 2, 1, 0]",9600,157.09257125854492,False,29.772163534040928,21,0.00205078125
0110101100,9667,"[3, 2, 1, 0]",9600,157.1061611175537,True,29.772163534040928,21,0.00205078125
0110101100,9668,"[3, 2, 1, 0]",9600,157.12428092956543,False,29.772163534040928,21,0.00205078125
0110101100,9669,"[3, 2, 1, 0]",9600,157.13787078857422,True,29.772163534040928,21,0.00205078125
0110101100,9670,"[3, 2, 1, 0]",9600,157.15622901916504,False,29.772163534040928,21,0.00205078125
0110101100,9671,"[3, 2, 1, 0]",9600,157.16981887817383,True,29.772163534040928,21,0.00205078125
0110101100,9672,"[3, 2, 1, 0]",9600,157.18770027160645,False,29.772163534040928,21,0.00205078125
0110101100,9673,"[3, 2, 1, 0]",9600,157.20057487487793,True,29.772163534040928,21,0.00205078125
0110101100,9674,"[3, 2, 1, 0]",9600,157.21869468688965,False,29.772163534040928,21,0.00205078125
0110101100,9675,"[3, 2, 1, 0]",9600,157.23156929016113,True,29.772163534040928,21,0.00205078125
0110101100,9676,"[3, 2, 1, 0]",9600,157.26518630981445,False,29.772163534040928,21,0.00205078125
0110101100,9677,"[3, 2, 1, 0]",9600,157.27877616882324,True,29.772163534040928,21,0.00205078125
0110101100,9678,"[3, 2, 1, 0]",9600,157.29713439941406,False,29.772163534040928,21,0.00205078125
0110101100,9679,"[3, 2, 1, 0]",9600,157.31239318847656,True,29.772163534040928,21,0.00205078125
0110101100,9680,"[3, 2, 1, 0]",9600,157.3317050933838,False,29.772163534040928,21,0.00205078125
0110101100,9681,"[3, 2, 1, 0]",9600,157.34529495239258,True,29.772163534040928,21,0.00205078125
0110101100,9682,"[3, 2, 1, 0]",9600,157.3641300201416,False,29.772163534040928,21,0.00205078125
0110101100,9683,"[3, 2, 1, 0]",9600,157.3772430419922,True,29.772163534040928,21,0.00205078125
0110101100,9684,"[3, 2, 1, 0]",9600,157.3958396911621,False,29.772163534040928,21,0.00205078125
0110101100,9685,"[3, 2, 1, 0]",9600,157.4094295501709,True,29.772163534040928,21,0.00205078125
0001001101,9686,"[3, 1, 2, 0]",9450,157.42778778076172,False,10.91499881684798,21,0.00205078125
0001001101,9687,"[3, 1, 0, 2]",900,157.4420928955078,True,10.91499881684798,21,0.00205078125
0001001101,9688,"[3, 1, 2, 0]",9450,157.46092796325684,False,10.91499881684798,21,0.00205078125
0001001101,9689,"[3, 1, 0, 2]",900,157.47523307800293,True,10.91499881684798,21,0.00205078125
0001001101,9690,"[3, 1, 2, 0]",9450,157.49788284301758,False,10.91499881684798,21,0.00205078125
0001001101,9691,"[3, 1, 0, 2]",900,157.51218795776367,True,10.91499881684798,21,0.00205078125
0001001101,9692,"[3, 1, 2, 0]",9450,157.5312614440918,False,10.91499881684798,21,0.00205078125
0001001101,9693,"[3, 1, 0, 2]",900,157.5455665588379,True,10.91499881684798,21,0.00205078125
0001001101,9694,"[3, 1, 2, 0]",9450,157.5641632080078,False,10.91499881684798,21,0.00205078125
0001001101,9695,"[3, 1, 0, 2]",900,157.5784683227539,True,10.91499881684798,21,0.00205078125
0001001101,9696,"[3, 1, 2, 0]",9450,157.59706497192383,False,10.91499881684798,21,0.00205078125
0001001101,9697,"[3, 1, 0, 2]",900,157.61137008666992,True,10.91499881684798,21,0.00205078125
0001001101,9698,"[3, 1, 2, 0]",9450,157.62972831726074,False,10.91499881684798,21,0.00205078125
0001001101,9699,"[3, 1, 0, 2]",900,157.64403343200684,True,10.91499881684798,21,0.00205078125
0001001101,9700,"[3, 1, 2, 0]",9450,157.66525268554688,False,10.91499881684798,21,0.00205078125
0001001101,9701,"[3, 1, 0, 2]",900,157.67979621887207,True,10.91499881684798,21,0.00205078125
0001001101,9702,"[3, 1, 2, 0]",9450,157.6986312866211,False,10.91499881684798,21,0.00205078125
0001001101,9703,"[3, 1, 0, 2]",900,157.7126979827881,True,10.91499881684798,21,0.00205078125
0001001101,9704,"[3, 1, 2, 0]",9450,157.7315330505371,False,10.91499881684798,21,0.00205078125
0001001101,9705,"[3, 1, 0, 2]",900,157.745361328125,True,10.91499881684798,21,0.00205078125
0001001101,9706,"[3, 1, 2, 0]",9450,157.76395797729492,False,10.91499881684798,21,0.00205078125
0001001101,9707,"[3, 1, 0, 2]",900,157.7780246734619,True,10.91499881684798,21,0.00205078125
0001001101,9708,"[3, 1, 2, 0]",9450,157.79638290405273,False,10.91499881684798,21,0.00205078125
0001001101,9709,"[3, 1, 0, 2]",900,157.81068801879883,True,10.91499881684798,21,0.00205078125
0001001101,9710,"[3, 1, 2, 0]",9450,157.82904624938965,False,10.91499881684798,21,0.00205078125
0001001101,9711,"[3, 1, 0, 2]",900,157.84287452697754,True,10.91499881684798,21,0.00205078125
0001001101,9712,"[3, 1, 2, 0]",9450,157.86170959472656,False,10.91499881684798,21,0.00205078125
0001001101,9713,"[3, 1, 0, 2]",900,157.87792205810547,True,10.91499881684798,21,0.00205078125
0001001101,9714,"[3, 1, 2, 0]",9450,157.8972339630127,False,10.91499881684798,21,0.00205078125
0001001101,9715,"[3, 1, 0, 2]",900,157.9113006591797,True,10.91499881684798,21,0.00205078125
0001001101,9716,"[3, 1, 2, 0]",9450,157.9301357269287,False,10.91499881684798,21,0.00205078125
0001001101,9717,"[3, 1, 0, 2]",900,157.9444408416748,True,10.91499881684798,21,0.00205078125
0001001101,9718,"[3, 1, 2, 0]",9450,157.96303749084473,False,10.91499881684798,21,0.00205078125
0001001101,9719,"[3, 1, 0, 2]",900,157.97972679138184,True,10.91499881684798,21,0.00205078125
0001001101,9720,"[3, 1, 2, 0]",9450,157.99832344055176,False,10.91499881684798,21,0.00205078125
0001001101,9721,"[3, 1, 0, 2]",900,158.01382064819336,True,10.91499881684798,21,0.00205078125
0001001101,9722,"[3, 1, 2, 0]",9450,158.0338478088379,False,10.91499881684798,21,0.00205078125
0001001101,9723,"[3, 1, 0, 2]",900,158.0486297607422,True,10.91499881684798,21,0.00205078125
0001001101,9724,"[3, 1, 2, 0]",9450,158.0677032470703,False,10.91499881684798,21,0.00205078125
0001001101,9725,"[3, 1, 0, 2]",900,158.0817699432373,True,10.91499881684798,21,0.00205078125
0001001101,9726,"[3, 1, 2, 0]",9450,158.10060501098633,False,10.91499881684798,21,0.00205078125
0001001101,9727,"[3, 1, 0, 2]",900,158.11467170715332,True,10.91499881684798,21,0.00205078125
1100110001,9728,"[2, 0, 3, 1]",6200,158.13302993774414,False,10.987418090562802,21,0.00205078125
1100110001,9729,"[2, 0, 1, 3]",500,158.14733505249023,True,10.987418090562802,21,0.00205078125
1100110001,9730,"[2, 0, 3, 1]",6200,158.16640853881836,False,10.987418090562802,21,0.00205078125
1100110001,9731,"[2, 0, 1, 3]",500,158.18023681640625,True,10.987418090562802,21,0.00205078125
1100110001,9732,"[2, 0, 3, 1]",6200,158.19907188415527,False,10.987418090562802,21,0.00205078125
1100110001,9733,"[2, 0, 1, 3]",500,158.21313858032227,True,10.987418090562802,21,0.00205078125
1100110001,9734,"[2, 0, 3, 1]",6200,158.2322120666504,False,10.987418090562802,21,0.00205078125
1100110001,9735,"[2, 0, 1, 3]",500,158.24651718139648,True,10.987418090562802,21,0.00205078125
1100110001,9736,"[2, 0, 3, 1]",6200,158.2648754119873,False,10.987418090562802,21,0.00205078125
1100110001,9737,"[2, 0, 1, 3]",500,158.2789421081543,True,10.987418090562802,21,0.00205078125
1100110001,9738,"[2, 0, 3, 1]",6200,158.29730033874512,False,10.987418090562802,21,0.00205078125
1100110001,9739,"[2, 0, 1, 3]",500,158.311128616333,True,10.987418090562802,21,0.00205078125
1100110001,9740,"[2, 0, 3, 1]",6200,158.32972526550293,False,10.987418090562802,21,0.00205078125
1100110001,9741,"[2, 0, 1, 3]",500,158.34379196166992,True,10.987418090562802,21,0.00205078125
1100110001,9742,"[2, 0, 3, 1]",6200,158.36453437805176,False,10.987418090562802,21,0.00205078125
1100110001,9743,"[2, 0, 1, 3]",500,158.37883949279785,True,10.987418090562802,21,0.00205078125
1100110001,9744,"[2, 0, 3, 1]",6200,158.39791297912598,False,10.987418090562802,21,0.00205078125
1100110001,9745,"[2, 0, 1, 3]",500,158.41197967529297,True,10.987418090562802,21,0.00205078125
1100110001,9746,"[2, 0, 3, 1]",6200,158.4305763244629,False,10.987418090562802,21,0.00205078125
1100110001,9747,"[2, 0, 1, 3]",500,158.44464302062988,True,10.987418090562802,21,0.00205078125
1100110001,9748,"[2, 0, 3, 1]",6200,158.4632396697998,False,10.987418090562802,21,0.00205078125
1100110001,9749,"[2, 0, 1, 3]",500,158.4773063659668,True,10.987418090562802,21,0.00205078125
1100110001,9750,"[2, 0, 3, 1]",6200,158.49614143371582,False,10.987418090562802,21,0.00205078125
1100110001,9751,"[2, 0, 1, 3]",500,158.5099697113037,True,10.987418090562802,21,0.00205078125
1100110001,9752,"[2, 0, 3, 1]",6200,158.52832794189453,False,10.987418090562802,21,0.00205078125
1100110001,9753,"[2, 0, 1, 3]",500,158.54239463806152,True,10.987418090562802,21,0.00205078125
1100110001,9754,"[2, 0, 3, 1]",6200,158.56075286865234,False,10.987418090562802,21,0.00205078125
1100110001,9755,"[2, 0, 1, 3]",500,158.57458114624023,True,10.987418090562802,21,0.00205078125
1100110001,9756,"[2, 0, 3, 1]",6200,158.59341621398926,False,10.987418090562802,21,0.00205078125
1100110001,9757,"[2, 0, 1, 3]",500,158.60724449157715,True,10.987418090562802,21,0.00205078125
1100110001,9758,"[2, 0, 3, 1]",6200,158.62584114074707,False,10.987418090562802,21,0.00205078125
1100110001,9759,"[2, 0, 1, 3]",500,158.63966941833496,True,10.987418090562802,21,0.00205078125
1100110001,9760,"[2, 0, 3, 1]",6200,158.65850448608398,False,10.987418090562802,21,0.00205078125
1100110001,9761,"[2, 0, 1, 3]",500,158.67233276367188,True,10.987418090562802,21,0.00205078125
1100110001,9762,"[2, 0, 3, 1]",6200,158.70165824890137,False,10.987418090562802,21,0.00205078125
1100110001,9763,"[2, 0, 1, 3]",500,158.71715545654297,True,10.987418090562802,21,0.00205078125
1100110001,9764,"[2, 0, 3, 1]",6200,158.7378978729248,False,10.987418090562802,21,0.00205078125
1100110001,9765,"[2, 0, 1, 3]",500,158.7514877319336,True,10.987418090562802,21,0.00205078125
1100110001,9766,"[2, 0, 3, 1]",6200,158.7698459625244,False,10.987418090562802,21,0.00205078125
1100110001,9767,"[2, 0, 1, 3]",500,158.7834358215332,True,10.987418090562802,21,0.00205078125
1100110001,9768,"[2, 0, 3, 1]",6200,158.80179405212402,False,10.987418090562802,21,0.00205078125
1100110001,9769,"[2, 0, 1, 3]",500,158.8153839111328,True,10.987418090562802,21,0.00205078125
0000011101,9770,"[3, 2, 1, 0]",9600,158.83326530456543,False,13.343709070385504,21,0.00205078125
0000011101,9771,"[3, 2, 1, 0]",9600,158.84685516357422,True,13.343709070385504,21,0.00205078125
0000011101,9772,"[3, 2, 1, 0]",9600,158.86497497558594,False,13.343709070385504,21,0.00205078125
0000011101,9773,"[3, 2, 1, 0]",9600,158.87856483459473,True,13.343709070385504,21,0.00205078125
0000011101,9774,"[3, 2, 1, 0]",9600,158.89668464660645,False,13.343709070385504,21,0.00205078125
0000011101,9775,"[3, 2, 1, 0]",9600,158.91027450561523,True,13.343709070385504,21,0.00205078125
0000011101,9776,"[3, 2, 1, 0]",9600,158.92815589904785,False,13.343709070385504,21,0.00205078125
0000011101,9777,"[3, 2, 1, 0]",9600,158.94174575805664,True,13.343709070385504,21,0.00205078125
0000011101,9778,"[3, 2, 1, 0]",9600,158.95938873291016,False,13.343709070385504,21,0.00205078125
0000011101,9779,"[3, 2, 1, 0]",9600,158.97274017333984,True,13.343709070385504,21,0.00205078125
0000011101,9780,"[3, 2, 1, 0]",9600,158.99062156677246,False,13.343709070385504,21,0.00205078125
0000011101,9781,"[3, 2, 1, 0]",9600,159.00397300720215,True,13.343709070385504,21,0.00205078125
0000011101,9782,"[3, 2, 1, 0]",9600,159.02137756347656,False,13.343709070385504,21,0.00205078125
0000011101,9783,"[3, 2, 1, 0]",9600,159.03449058532715,True,13.343709070385504,21,0.00205078125
0000011101,9784,"[3, 2, 1, 0]",9600,159.05380249023438,False,13.343709070385504,21,0.00205078125
0000011101,9785,"[3, 2, 1, 0]",9600,159.06739234924316,True,13.343709070385504,21,0.00205078125
0000011101,9786,"[3, 2, 1, 0]",9600,159.08551216125488,False,13.343709070385504,21,0.00205078125
0000011101,9787,"[3, 2, 1, 0]",9600,159.09862518310547,True,13.343709070385504,21,0.00205078125
0000011101,9788,"[3, 2, 1, 0]",9600,159.1167449951172,False,13.343709070385504,21,0.00205078125
0000011101,9789,"[3, 2, 1, 0]",9600,159.12985801696777,True,13.343709070385504,21,0.00205078125
0000011101,9790,"[3, 2, 1, 0]",9600,159.1477394104004,False,13.343709070385504,21,0.00205078125
0000011101,9791,"[3, 2, 1, 0]",9600,159.16085243225098,True,13.343709070385504,21,0.00205078125
0000011101,9792,"[3, 2, 1, 0]",9600,159.1787338256836,False,13.343709070385504,21,0.00205078125
0000011101,9793,"[3, 2, 1, 0]",9600,159.19208526611328,True,13.343709070385504,21,0.00205078125
0000011101,9794,"[3, 2, 1, 0]",9600,159.2097282409668,False,13.343709070385504,21,0.00205078125
0000011101,9795,"[3, 2, 1, 0]",9600,159.23309326171875,True,13.343709070385504,21,0.00205078125
0000011101,9796,"[3, 2, 1, 0]",9600,159.25002098083496,False,13.343709070385504,21,0.00205078125
0000011101,9797,"[3, 2, 1, 0]",9600,159.26241874694824,True,13.343709070385504,21,0.00205078125
0000011101,9798,"[3, 2, 1, 0]",9600,159.27958488464355,False,13.343709070385504,21,0.00205078125
0000011101,9799,"[3, 2, 1, 0]",9600,159.29222106933594,True,13.343709070385504,21,0.00205078125
0000011101,9800,"[3, 2, 1, 0]",9600,159.30962562561035,False,13.343709070385504,21,0.00205078125
0000011101,9801,"[3, 2, 1, 0]",9600,159.32250022888184,True,13.343709070385504,21,0.00205078125
0000011101,9802,"[3, 2, 1, 0]",9600,159.33966636657715,False,13.343709070385504,21,0.00205078125
0000011101,9803,"[3, 2, 1, 0]",9600,159.35254096984863,True,13.343709070385504,21,0.00205078125
0000011101,9804,"[3, 2, 1, 0]",9600,159.36946868896484,False,13.343709070385504,21,0.00205078125
0000011101,9805,"[3, 2, 1, 0]",9600,159.38377380371094,True,13.343709070385504,21,0.00205078125
0000011101,9806,"[3, 2, 1, 0]",9600,159.40165519714355,False,13.343709070385504,21,0.00205078125
0000011101,9807,"[3, 2, 1, 0]",9600,159.41452980041504,True,13.343709070385504,21,0.00205078125
0000011101,9808,"[3, 2, 1, 0]",9600,159.43169593811035,False,13.343709070385504,21,0.00205078125
0000011101,9809,"[3, 2, 1, 0]",9600,159.44457054138184,True,13.343709070385504,21,0.00205078125
0000011101,9810,"[3, 2, 1, 0]",9600,159.46197509765625,False,13.343709070385504,21,0.00205078125
0000011101,9811,"[3, 2, 1, 0]",9600,159.47437286376953,True,13.343709070385504,21,0.00205078125
0011000010,9812,"[1, 3, 2, 0]",9450,159.49177742004395,False,13.414198781142993,21,0.00205078125
0011000010,9813,"[1, 0, 3, 2]",465,159.50560569763184,True,13.414198781142993,21,0.00205078125
0011000010,9814,"[1, 3, 2, 0]",9450,159.52491760253906,False,13.414198781142993,21,0.00205078125
0011000010,9815,"[1, 0, 3, 2]",465,159.53898429870605,True,13.414198781142993,21,0.00205078125
0011000010,9816,"[1, 3, 2, 0]",9450,159.55662727355957,False,13.414198781142993,21,0.00205078125
0011000010,9817,"[1, 0, 3, 2]",465,159.56997871398926,True,13.414198781142993,21,0.00205078125
0011000010,9818,"[1, 3, 2, 0]",9450,159.58738327026367,False,13.414198781142993,21,0.00205078125
0011000010,9819,"[1, 0, 3, 2]",465,159.60049629211426,True,13.414198781142993,21,0.00205078125
0011000010,9820,"[1, 3, 2, 0]",9450,159.61790084838867,False,13.414198781142993,21,0.00205078125
0011000010,9821,"[1, 0, 3, 2]",465,159.63077545166016,True,13.414198781142993,21,0.00205078125
0011000010,9822,"[1, 3, 2, 0]",9450,159.64794158935547,False,13.414198781142993,21,0.00205078125
0011000010,9823,"[1, 0, 3, 2]",465,159.6834659576416,True,13.414198781142993,21,0.00205078125
0011000010,9824,"[1, 3, 2, 0]",9450,159.70110893249512,False,13.414198781142993,21,0.00205078125
0011000010,9825,"[1, 0, 3, 2]",465,159.714937210083,True,13.414198781142993,21,0.00205078125
0011000010,9826,"[1, 3, 2, 0]",9450,159.73377227783203,False,13.414198781142993,21,0.00205078125
0011000010,9827,"[1, 0, 3, 2]",465,159.74760055541992,True,13.414198781142993,21,0.00205078125
0011000010,9828,"[1, 3, 2, 0]",9450,159.76548194885254,False,13.414198781142993,21,0.00205078125
0011000010,9829,"[1, 0, 3, 2]",465,159.77907180786133,True,13.414198781142993,21,0.00205078125
0011000010,9830,"[1, 3, 2, 0]",9450,159.79671478271484,False,13.414198781142993,21,0.00205078125
0011000010,9831,"[1, 0, 3, 2]",465,159.81006622314453,True,13.414198781142993,21,0.00205078125
0011000010,9832,"[1, 3, 2, 0]",9450,159.82747077941895,False,13.414198781142993,21,0.00205078125
0011000010,9833,"[1, 0, 3, 2]",465,159.84058380126953,True,13.414198781142993,21,0.00205078125
0011000010,9834,"[1, 3, 2, 0]",9450,159.85751152038574,False,13.414198781142993,21,0.00205078125
0011000010,9835,"[1, 0, 3, 2]",465,159.87086296081543,True,13.414198781142993,21,0.00205078125
0011000010,9836,"[1, 3, 2, 0]",9450,159.88755226135254,False,13.414198781142993,21,0.00205078125
0011000010,9837,"[1, 0, 3, 2]",465,159.90066528320312,True,13.414198781142993,21,0.00205078125
0011000010,9838,"[1, 3, 2, 0]",9450,159.91759300231934,False,13.414198781142993,21,0.00205078125
0011000010,9839,"[1, 0, 3, 2]",465,159.93070602416992,True,13.414198781142993,21,0.00205078125
0011000010,9840,"[1, 3, 2, 0]",9450,159.94834899902344,False,13.414198781142993,21,0.00205078125
0011000010,9841,"[1, 0, 3, 2]",465,159.96122360229492,True,13.414198781142993,21,0.00205078125
0011000010,9842,"[1, 3, 2, 0]",9450,159.97886657714844,False,13.414198781142993,21,0.00205078125
0011000010,9843,"[1, 0, 3, 2]",465,159.99150276184082,True,13.414198781142993,21,0.00205078125
0011000010,9844,"[1, 3, 2, 0]",9450,160.00890731811523,False,13.414198781142993,21,0.00205078125
0011000010,9845,"[1, 0, 3, 2]",465,160.02202033996582,True,13.414198781142993,21,0.00205078125
0011000010,9846,"[1, 3, 2, 0]",9450,160.03894805908203,False,13.414198781142993,21,0.00205078125
0011000010,9847,"[1, 0, 3, 2]",465,160.05349159240723,True,13.414198781142993,21,0.00205078125
0011000010,9848,"[1, 3, 2, 0]",9450,160.07137298583984,False,13.414198781142993,21,0.00205078125
0011000010,9849,"[1, 0, 3, 2]",465,160.08448600769043,True,13.414198781142993,21,0.00205078125
0011000010,9850,"[1, 3, 2, 0]",9450,160.10189056396484,False,13.414198781142993,21,0.00205078125
0011000010,9851,"[1, 0, 3, 2]",465,160.11500358581543,True,13.414198781142993,21,0.00205078125
0011000010,9852,"[1, 3, 2, 0]",9450,160.13193130493164,False,13.414198781142993,21,0.00205078125
0011000010,9853,"[1, 0, 3, 2]",465,160.14528274536133,True,13.414198781142993,21,0.00205078125
1101001001,9854,"[0, 3, 1, 2]",750,160.16292572021484,False,11.519320360211093,20,0.001953125
1101001001,9855,"[0, 1, 3, 2]",465,160.17627716064453,True,11.519320360211093,20,0.001953125
1101001001,9856,"[0, 3, 1, 2]",750,160.19320487976074,False,11.519320360211093,20,0.001953125
1101001001,9857,"[0, 1, 3, 2]",465,160.20655632019043,True,11.519320360211093,20,0.001953125
1101001001,9858,"[0, 3, 1, 2]",750,160.22396087646484,False,11.519320360211093,20,0.001953125
1101001001,9859,"[0, 1, 3, 2]",465,160.23707389831543,True,11.519320360211093,20,0.001953125
1101001001,9860,"[0, 3, 1, 2]",750,160.25424003601074,False,11.519320360211093,20,0.001953125
1101001001,9861,"[0, 1, 3, 2]",465,160.26735305786133,True,11.519320360211093,20,0.001953125
1101001001,9862,"[0, 3, 1, 2]",750,160.28451919555664,False,11.519320360211093,20,0.001953125
1101001001,9863,"[0, 1, 3, 2]",465,160.29715538024902,True,11.519320360211093,20,0.001953125
1101001001,9864,"[0, 3, 1, 2]",750,160.31599044799805,False,11.519320360211093,20,0.001953125
1101001001,9865,"[0, 1, 3, 2]",465,160.32934188842773,True,11.519320360211093,20,0.001953125
1101001001,9866,"[0, 3, 1, 2]",750,160.34722328186035,False,11.519320360211093,20,0.001953125
1101001001,9867,"[0, 1, 3, 2]",465,160.36009788513184,True,11.519320360211093,20,0.001953125
1101001001,9868,"[0, 3, 1, 2]",750,160.37869453430176,False,11.519320360211093,20,0.001953125
1101001001,9869,"[0, 1, 3, 2]",465,160.39180755615234,True,11.519320360211093,20,0.001953125
1101001001,9870,"[0, 3, 1, 2]",750,160.40968894958496,False,11.519320360211093,20,0.001953125
1101001001,9871,"[0, 1, 3, 2]",465,160.42208671569824,True,11.519320360211093,20,0.001953125
1101001001,9872,"[0, 3, 1, 2]",750,160.43949127197266,False,11.519320360211093,20,0.001953125
1101001001,9873,"[0, 1, 3, 2]",465,160.45212745666504,True,11.519320360211093,20,0.001953125
1101001001,9874,"[0, 3, 1, 2]",750,160.46929359436035,False,11.519320360211093,20,0.001953125
1101001001,9875,"[0, 1, 3, 2]",465,160.48192977905273,True,11.519320360211093,20,0.001953125
1101001001,9876,"[0, 3, 1, 2]",750,160.49933433532715,False,11.519320360211093,20,0.001953125
1101001001,9877,"[0, 1, 3, 2]",465,160.51197052001953,True,11.519320360211093,20,0.001953125
1101001001,9878,"[0, 3, 1, 2]",750,160.52889823913574,False,11.519320360211093,20,0.001953125
1101001001,9879,"[0, 1, 3, 2]",465,160.54201126098633,True,11.519320360211093,20,0.001953125
1101001001,9880,"[0, 3, 1, 2]",750,160.55917739868164,False,11.519320360211093,20,0.001953125
1101001001,9881,"[0, 1, 3, 2]",465,160.57205200195312,True,11.519320360211093,20,0.001953125
1101001001,9882,"[0, 3, 1, 2]",750,160.58921813964844,False,11.519320360211093,20,0.001953125
1101001001,9883,"[0, 1, 3, 2]",465,160.60209274291992,True,11.519320360211093,20,0.001953125
1101001001,9884,"[0, 3, 1, 2]",750,160.61925888061523,False,11.519320360211093,20,0.001953125
1101001001,9885,"[0, 1, 3, 2]",465,160.63237190246582,True,11.519320360211093,20,0.001953125
1101001001,9886,"[0, 3, 1, 2]",750,160.64953804016113,False,11.519320360211093,20,0.001953125
1101001001,9887,"[0, 1, 3, 2]",465,160.66431999206543,True,11.519320360211093,20,0.001953125
1101001001,9888,"[0, 3, 1, 2]",750,160.68172454833984,False,11.519320360211093,20,0.001953125
1101001001,9889,"[0, 1, 3, 2]",465,160.69555282592773,True,11.519320360211093,20,0.001953125
1101001001,9890,"[0, 3, 1, 2]",750,160.71534156799316,False,11.519320360211093,20,0.001953125
1101001001,9891,"[0, 1, 3, 2]",465,160.72893142700195,True,11.519320360211093,20,0.001953125
1101001001,9892,"[0, 3, 1, 2]",750,160.74633598327637,False,11.519320360211093,20,0.001953125
1101001001,9893,"[0, 1, 3, 2]",465,160.75897216796875,True,11.519320360211093,20,0.001953125
0110011110,9894,"[3, 1, 2, 0]",9450,160.77685356140137,False,21.00753848647888,20,0.001953125
0110011110,9895,"[3, 1, 0, 2]",900,160.79068183898926,True,21.00753848647888,20,0.001953125
0110011110,9896,"[3, 1, 2, 0]",9450,160.80832481384277,False,21.00753848647888,20,0.001953125
0110011110,9897,"[3, 1, 0, 2]",900,160.82143783569336,True,21.00753848647888,20,0.001953125
0110011110,9898,"[3, 1, 2, 0]",9450,160.83884239196777,False,21.00753848647888,20,0.001953125
0110011110,9899,"[3, 1, 0, 2]",900,160.85195541381836,True,21.00753848647888,20,0.001953125
0110011110,9900,"[3, 1, 2, 0]",9450,160.86935997009277,False,21.00753848647888,20,0.001953125
0110011110,9901,"[3, 1, 0, 2]",900,160.88247299194336,True,21.00753848647888,20,0.001953125
0110011110,9902,"[3, 1, 2, 0]",9450,160.89987754821777,False,21.00753848647888,20,0.001953125
0110011110,9903,"[3, 1, 0, 2]",900,160.91299057006836,True,21.00753848647888,20,0.001953125
0110011110,9904,"[3, 1, 2, 0]",9450,160.93039512634277,False,21.00753848647888,20,0.001953125
0110011110,9905,"[3, 1, 0, 2]",900,160.94350814819336,True,21.00753848647888,20,0.001953125
0110011110,9906,"[3, 1, 2, 0]",9450,160.96115112304688,False,21.00753848647888,20,0.001953125
0110011110,9907,"[3, 1, 0, 2]",900,160.97402572631836,True,21.00753848647888,20,0.001953125
0110011110,9908,"[3, 1, 2, 0]",9450,160.99166870117188,False,21.00753848647888,20,0.001953125
0110011110,9909,"[3, 1, 0, 2]",900,161.00478172302246,True,21.00753848647888,20,0.001953125
0110011110,9910,"[3, 1, 2, 0]",9450,161.0238552093506,False,21.00753848647888,20,0.001953125
0110011110,9911,"[3, 1, 0, 2]",900,161.03768348693848,True,21.00753848647888,20,0.001953125
0110011110,9912,"[3, 1, 2, 0]",9450,161.055326461792,False,21.00753848647888,20,0.001953125
0110011110,9913,"[3, 1, 0, 2]",900,161.06843948364258,True,21.00753848647888,20,0.001953125
0110011110,9914,"[3, 1, 2, 0]",9450,161.0870361328125,False,21.00753848647888,20,0.001953125
0110011110,9915,"[3, 1, 0, 2]",900,161.1008644104004,True,21.00753848647888,20,0.001953125
0110011110,9916,"[3, 1, 2, 0]",9450,161.1185073852539,False,21.00753848647888,20,0.001953125
0110011110,9917,"[3, 1, 0, 2]",900,161.1318588256836,True,21.00753848647888,20,0.001953125
0110011110,9918,"[3, 1, 2, 0]",9450,161.149263381958,False,21.00753848647888,20,0.001953125
0110011110,9919,"[3, 1, 0, 2]",900,161.1623764038086,True,21.00753848647888,20,0.001953125
0110011110,9920,"[3, 1, 2, 0]",9450,161.179780960083,False,21.00753848647888,20,0.001953125
0110011110,9921,"[3, 1, 0, 2]",900,161.1926555633545,True,21.00753848647888,20,0.001953125
0110011110,9922,"[3, 1, 2, 0]",9450,161.2100601196289,False,21.00753848647888,20,0.001953125
0110011110,9923,"[3, 1, 0, 2]",900,161.2231731414795,True,21.00753848647888,20,0.001953125
0110011110,9924,"[3, 1, 2, 0]",9450,161.2403392791748,False,21.00753848647888,20,0.001953125
0110011110,9925,"[3, 1, 0, 2]",900,161.2532138824463,True,21.00753848647888,20,0.001953125
0110011110,9926,"[3, 1, 2, 0]",9450,161.2703800201416,False,21.00753848647888,20,0.001953125
0110011110,9927,"[3, 1, 0, 2]",900,161.2832546234131,True,21.00753848647888,20,0.001953125
0110011110,9928,"[3, 1, 2, 0]",9450,161.3008975982666,False,21.00753848647888,20,0.001953125
0110011110,9929,"[3, 1, 0, 2]",900,161.3137722015381,True,21.00753848647888,20,0.001953125
0110011110,9930,"[3, 1, 2, 0]",9450,161.3309383392334,False,21.00753848647888,20,0.001953125
0110011110,9931,"[3, 1, 0, 2]",900,161.3461971282959,True,21.00753848647888,20,0.001953125
0110011110,9932,"[3, 1, 2, 0]",9450,161.36431694030762,False,21.00753848647888,20,0.001953125
0110011110,9933,"[3, 1, 0, 2]",900,161.3779067993164,True,21.00753848647888,20,0.001953125
0110100010,9934,"[2, 1, 0, 3]",600,161.39531135559082,False,17.18188720114459,20,0.001953125
0110100010,9935,"[2, 1, 0, 3]",600,161.4089012145996,True,17.18188720114459,20,0.001953125
0110100010,9936,"[2, 1, 0, 3]",600,161.42630577087402,False,17.18188720114459,20,0.001953125
0110100010,9937,"[2, 1, 0, 3]",600,161.4398956298828,True,17.18188720114459,20,0.001953125
0110100010,9938,"[2, 1, 0, 3]",600,161.45682334899902,False,17.18188720114459,20,0.001953125
0110100010,9939,"[2, 1, 0, 3]",600,161.4701747894287,True,17.18188720114459,20,0.001953125
0110100010,9940,"[2, 1, 0, 3]",600,161.49139404296875,False,17.18188720114459,20,0.001953125
0110100010,9941,"[2, 1, 0, 3]",600,161.50474548339844,True,17.18188720114459,20,0.001953125
0110100010,9942,"[2, 1, 0, 3]",600,161.53931617736816,False,17.18188720114459,20,0.001953125
0110100010,9943,"[2, 1, 0, 3]",600,161.55338287353516,True,17.18188720114459,20,0.001953125
0110100010,9944,"[2, 1, 0, 3]",600,161.57174110412598,False,17.18188720114459,20,0.001953125
0110100010,9945,"[2, 1, 0, 3]",600,161.58556938171387,True,17.18188720114459,20,0.001953125
0110100010,9946,"[2, 1, 0, 3]",600,161.6039276123047,False,17.18188720114459,20,0.001953125
0110100010,9947,"[2, 1, 0, 3]",600,161.61775588989258,True,17.18188720114459,20,0.001953125
0110100010,9948,"[2, 1, 0, 3]",600,161.6361141204834,False,17.18188720114459,20,0.001953125
0110100010,9949,"[2, 1, 0, 3]",600,161.6501808166504,True,17.18188720114459,20,0.001953125
0110100010,9950,"[2, 1, 0, 3]",600,161.6690158843994,False,17.18188720114459,20,0.001953125
0110100010,9951,"[2, 1, 0, 3]",600,161.6830825805664,True,17.18188720114459,20,0.001953125
0110100010,9952,"[2, 1, 0, 3]",600,161.70263290405273,False,17.18188720114459,20,0.001953125
0110100010,9953,"[2, 1, 0, 3]",600,161.71669960021973,True,17.18188720114459,20,0.001953125
0110100010,9954,"[2, 1, 0, 3]",600,161.73553466796875,False,17.18188720114459,20,0.001953125
0110100010,9955,"[2, 1, 0, 3]",600,161.74936294555664,True,17.18188720114459,20,0.001953125
0110100010,9956,"[2, 1, 0, 3]",600,161.76772117614746,False,17.18188720114459,20,0.001953125
0110100010,9957,"[2, 1, 0, 3]",600,161.78131103515625,True,17.18188720114459,20,0.001953125
0110100010,9958,"[2, 1, 0, 3]",600,161.79966926574707,False,17.18188720114459,20,0.001953125
0110100010,9959,"[2, 1, 0, 3]",600,161.81349754333496,True,17.18188720114459,20,0.001953125
0110100010,9960,"[2, 1, 0, 3]",600,161.83209419250488,False,17.18188720114459,20,0.001953125
0110100010,9961,"[2, 1, 0, 3]",600,161.84568405151367,True,17.18188720114459,20,0.001953125
0110100010,9962,"[2, 1, 0, 3]",600,161.8642807006836,False,17.18188720114459,20,0.001953125
0110100010,9963,"[2, 1, 0, 3]",600,161.87810897827148,True,17.18188720114459,20,0.001953125
0110100010,9964,"[2, 1, 0, 3]",600,161.8967056274414,False,17.18188720114459,20,0.001953125
0110100010,9965,"[2, 1, 0, 3]",600,161.912202835083,True,17.18188720114459,20,0.001953125
0110100010,9966,"[2, 1, 0, 3]",600,161.93103790283203,False,17.18188720114459,20,0.001953125
0110100010,9967,"[2, 1, 0, 3]",600,161.94510459899902,True,17.18188720114459,20,0.001953125
0110100010,9968,"[2, 1, 0, 3]",600,161.96370124816895,False,17.18188720114459,20,0.001953125
0110100010,9969,"[2, 1, 0, 3]",600,161.97824478149414,True,17.18188720114459,20,0.001953125
0110100010,9970,"[2, 1, 0, 3]",600,161.99684143066406,False,17.18188720114459,20,0.001953125
0110100010,9971,"[2, 1, 0, 3]",600,162.01066970825195,True,17.18188720114459,20,0.001953125
0110100010,9972,"[2, 1, 0, 3]",600,162.02902793884277,False,17.18188720114459,20,0.001953125
0110100010,9973,"[2, 1, 0, 3]",600,162.04476356506348,True,17.18188720114459,20,0.001953125
0011001101,9974,"[3, 1, 2, 0]",9450,162.0638370513916,False,13.772648258957467,20,0.001953125
0011001101,9975,"[3, 1, 0, 2]",900,162.0781421661377,True,13.772648258957467,20,0.001953125
0011001101,9976,"[3, 1, 2, 0]",9450,162.09697723388672,False,13.772648258957467,20,0.001953125
0011001101,9977,"[3, 1, 0, 2]",900,162.1110439300537,True,13.772648258957467,20,0.001953125
0011001101,9978,"[3, 1, 2, 0]",9450,162.12964057922363,False,13.772648258957467,20,0.001953125
0011001101,9979,"[3, 1, 0, 2]",900,162.14346885681152,True,13.772648258957467,20,0.001953125
0011001101,9980,"[3, 1, 2, 0]",9450,162.16230392456055,False,13.772648258957467,20,0.001953125
0011001101,9981,"[3, 1, 0, 2]",900,162.17613220214844,True,13.772648258957467,20,0.001953125
0011001101,9982,"[3, 1, 2, 0]",9450,162.19425201416016,False,13.772648258957467,20,0.001953125
0011001101,9983,"[3, 1, 0, 2]",900,162.20831871032715,True,13.772648258957467,20,0.001953125
0011001101,9984,"[3, 1, 2, 0]",9450,162.22643852233887,False,13.772648258957467,20,0.001953125
0011001101,9985,"[3, 1, 0, 2]",900,162.24026679992676,True,13.772648258957467,20,0.001953125
0011001101,9986,"[3, 1, 2, 0]",9450,162.25862503051758,False,13.772648258957467,20,0.001953125
0011001101,9987,"[3, 1, 0, 2]",900,162.27293014526367,True,13.772648258957467,20,0.001953125
0011001101,9988,"[3, 1, 2, 0]",9450,162.2915267944336,False,13.772648258957467,20,0.001953125
0011001101,9989,"[3, 1, 0, 2]",900,162.30535507202148,True,13.772648258957467,20,0.001953125
0011001101,9990,"[3, 1, 2, 0]",9450,162.3239517211914,False,13.772648258957467,20,0.001953125
0011001101,9991,"[3, 1, 0, 2]",900,162.3377799987793,True,13.772648258957467,20,0.001953125
0011001101,9992,"[3, 1, 2, 0]",9450,162.35661506652832,False,13.772648258957467,20,0.001953125
0011001101,9993,"[3, 1, 0, 2]",900,162.3704433441162,True,13.772648258957467,20,0.001953125
0011001101,9994,"[3, 1, 2, 0]",9450,162.39023208618164,False,13.772648258957467,20,0.001953125
0011001101,9995,"[3, 1, 0, 2]",900,162.40453720092773,True,13.772648258957467,20,0.001953125
0011001101,9996,"[3, 1, 2, 0]",9450,162.42337226867676,False,13.772648258957467,20,0.001953125
0011001101,9997,"[3, 1, 0, 2]",900,162.43743896484375,True,13.772648258957467,20,0.001953125
0011001101,9998,"[3, 1, 2, 0]",9450,162.45603561401367,False,13.772648258957467,20,0.001953125
0011001101,9999,"[3, 1, 0, 2]",900,162.46986389160156,True,13.772648258957467,20,0.001953125
0011001101,10000,"[3, 1, 2, 0]",9450,162.4886989593506,False,13.772648258957467,20,0.001953125
0011001101,10001,"[3, 1, 0, 2]",900,162.50276565551758,True,13.772648258957467,20,0.001953125
0011001101,10002,"[3, 1, 2, 0]",9450,162.5213623046875,False,13.772648258957467,20,0.001953125
0011001101,10003,"[3, 1, 0, 2]",900,162.5351905822754,True,13.772648258957467,20,0.001953125
0011001101,10004,"[3, 1, 2, 0]",9450,162.5535488128662,False,13.772648258957467,20,0.001953125
0011001101,10005,"[3, 1, 0, 2]",900,162.5673770904541,True,13.772648258957467,20,0.001953125
0011001101,10006,"[3, 1, 2, 0]",9450,162.58597373962402,False,13.772648258957467,20,0.001953125
0011001101,10007,"[3, 1, 0, 2]",900,162.5998020172119,True,13.772648258957467,20,0.001953125
0011001101,10008,"[3, 1, 2, 0]",9450,162.61816024780273,False,13.772648258957467,20,0.001953125
0011001101,10009,"[3, 1, 0, 2]",900,162.63222694396973,True,13.772648258957467,20,0.001953125
0011001101,10010,"[3, 1, 2, 0]",9450,162.65058517456055,False,13.772648258957467,20,0.001953125
0011001101,10011,"[3, 1, 0, 2]",900,162.66465187072754,True,13.772648258957467,20,0.001953125
0011001101,10012,"[3, 1, 2, 0]",9450,162.68301010131836,False,13.772648258957467,20,0.001953125
0011001101,10013,"[3, 1, 0, 2]",900,162.69707679748535,True,13.772648258957467,20,0.001953125
1001001110,10014,"[3, 0, 1, 2]",750,162.71567344665527,False,15.221423844398668,20,0.001953125
1001001110,10015,"[3, 0, 1, 2]",750,162.74380683898926,True,15.221423844398668,20,0.001953125
1001001110,10016,"[3, 0, 1, 2]",750,162.76311874389648,False,15.221423844398668,20,0.001953125
1001001110,10017,"[3, 0, 1, 2]",750,162.77742385864258,True,15.221423844398668,20,0.001953125
1001001110,10018,"[3, 0, 1, 2]",750,162.80603408813477,False,15.221423844398668,20,0.001953125
1001001110,10019,"[3, 0, 1, 2]",750,162.81914710998535,True,15.221423844398668,20,0.001953125
1001001110,10020,"[3, 0, 1, 2]",750,162.83655166625977,False,15.221423844398668,20,0.001953125
1001001110,10021,"[3, 0, 1, 2]",750,162.84942626953125,True,15.221423844398668,20,0.001953125
1001001110,10022,"[3, 0, 1, 2]",750,162.86659240722656,False,15.221423844398668,20,0.001953125
1001001110,10023,"[3, 0, 1, 2]",750,162.87946701049805,True,15.221423844398668,20,0.001953125
1001001110,10024,"[3, 0, 1, 2]",750,162.89663314819336,False,15.221423844398668,20,0.001953125
1001001110,10025,"[3, 0, 1, 2]",750,162.90950775146484,True,15.221423844398668,20,0.001953125
1001001110,10026,"[3, 0, 1, 2]",750,162.92667388916016,False,15.221423844398668,20,0.001953125
1001001110,10027,"[3, 0, 1, 2]",750,162.93978691101074,True,15.221423844398668,20,0.001953125
1001001110,10028,"[3, 0, 1, 2]",750,162.95695304870605,False,15.221423844398668,20,0.001953125
1001001110,10029,"[3, 0, 1, 2]",750,162.96958923339844,True,15.221423844398668,20,0.001953125
1001001110,10030,"[3, 0, 1, 2]",750,162.98675537109375,False,15.221423844398668,20,0.001953125
1001001110,10031,"[3, 0, 1, 2]",750,162.99986839294434,True,15.221423844398668,20,0.001953125
1001001110,10032,"[3, 0, 1, 2]",750,163.01703453063965,False,15.221423844398668,20,0.001953125
1001001110,10033,"[3, 0, 1, 2]",750,163.02990913391113,True,15.221423844398668,20,0.001953125
1001001110,10034,"[3, 0, 1, 2]",750,163.04683685302734,False,15.221423844398668,20,0.001953125
1001001110,10035,"[3, 0, 1, 2]",750,163.05971145629883,True,15.221423844398668,20,0.001953125
1001001110,10036,"[3, 0, 1, 2]",750,163.07854652404785,False,15.221423844398668,20,0.001953125
1001001110,10037,"[3, 0, 1, 2]",750,163.09189796447754,True,15.221423844398668,20,0.001953125
1001001110,10038,"[3, 0, 1, 2]",750,163.10930252075195,False,15.221423844398668,20,0.001953125
1001001110,10039,"[3, 0, 1, 2]",750,163.12241554260254,True,15.221423844398668,20,0.001953125
1001001110,10040,"[3, 0, 1, 2]",750,163.13958168029785,False,15.221423844398668,20,0.001953125
1001001110,10041,"[3, 0, 1, 2]",750,163.15293312072754,True,15.221423844398668,20,0.001953125
1001001110,10042,"[3, 0, 1, 2]",750,163.17009925842285,False,15.221423844398668,20,0.001953125
1001001110,10043,"[3, 0, 1, 2]",750,163.18321228027344,True,15.221423844398668,20,0.001953125
1001001110,10044,"[3, 0, 1, 2]",750,163.20085525512695,False,15.221423844398668,20,0.001953125
1001001110,10045,"[3, 0, 1, 2]",750,163.21396827697754,True,15.221423844398668,20,0.001953125
1001001110,10046,"[3, 0, 1, 2]",750,163.23113441467285,False,15.221423844398668,20,0.001953125
1001001110,10047,"[3, 0, 1, 2]",750,163.24400901794434,True,15.221423844398668,20,0.001953125
1001001110,10048,"[3, 0, 1, 2]",750,163.26117515563965,False,15.221423844398668,20,0.001953125
1001001110,10049,"[3, 0, 1, 2]",750,163.27428817749023,True,15.221423844398668,20,0.001953125
1001001110,10050,"[3, 0, 1, 2]",750,163.29145431518555,False,15.221423844398668,20,0.001953125
1001001110,10051,"[3, 0, 1, 2]",750,163.30432891845703,True,15.221423844398668,20,0.001953125
1001001110,10052,"[3, 0, 1, 2]",750,163.32173347473145,False,15.221423844398668,20,0.001953125
1001001110,10053,"[3, 0, 1, 2]",750,163.33436965942383,True,15.221423844398668,20,0.001953125
0111101000,10054,"[1, 3, 2, 0]",9450,163.35201263427734,False,28.37140699119555,20,0.001953125
0111101000,10055,"[1, 0, 3, 2]",465,163.36774826049805,True,28.37140699119555,20,0.001953125
0111101000,10056,"[1, 3, 2, 0]",9450,163.38539123535156,False,28.37140699119555,20,0.001953125
0111101000,10057,"[1, 0, 3, 2]",465,163.39945793151855,True,28.37140699119555,20,0.001953125
0111101000,10058,"[1, 3, 2, 0]",9450,163.4204387664795,False,28.37140699119555,20,0.001953125
0111101000,10059,"[1, 0, 3, 2]",465,163.43402862548828,True,28.37140699119555,20,0.001953125
0111101000,10060,"[1, 3, 2, 0]",9450,163.4514331817627,False,28.37140699119555,20,0.001953125
0111101000,10061,"[1, 0, 3, 2]",465,163.46478462219238,True,28.37140699119555,20,0.001953125
0111101000,10062,"[1, 3, 2, 0]",9450,163.4819507598877,False,28.37140699119555,20,0.001953125
0111101000,10063,"[1, 0, 3, 2]",465,163.49530220031738,True,28.37140699119555,20,0.001953125
0111101000,10064,"[1, 3, 2, 0]",9450,163.5286808013916,False,28.37140699119555,20,0.001953125
0111101000,10065,"[1, 0, 3, 2]",465,163.5422706604004,True,28.37140699119555,20,0.001953125
0111101000,10066,"[1, 3, 2, 0]",9450,163.56253623962402,False,28.37140699119555,20,0.001953125
0111101000,10067,"[1, 0, 3, 2]",465,163.57684135437012,True,28.37140699119555,20,0.001953125
0111101000,10068,"[1, 3, 2, 0]",9450,163.59519958496094,False,28.37140699119555,20,0.001953125
0111101000,10069,"[1, 0, 3, 2]",465,163.60950469970703,True,28.37140699119555,20,0.001953125
0111101000,10070,"[1, 3, 2, 0]",9450,163.62738609313965,False,28.37140699119555,20,0.001953125
0111101000,10071,"[1, 0, 3, 2]",465,163.64121437072754,True,28.37140699119555,20,0.001953125
0111101000,10072,"[1, 3, 2, 0]",9450,163.65933418273926,False,28.37140699119555,20,0.001953125
0111101000,10073,"[1, 0, 3, 2]",465,163.67292404174805,True,28.37140699119555,20,0.001953125
0111101000,10074,"[1, 3, 2, 0]",9450,163.69080543518066,False,28.37140699119555,20,0.001953125
0111101000,10075,"[1, 0, 3, 2]",465,163.70439529418945,True,28.37140699119555,20,0.001953125
0111101000,10076,"[1, 3, 2, 0]",9450,163.72227668762207,False,28.37140699119555,20,0.001953125
0111101000,10077,"[1, 0, 3, 2]",465,163.73562812805176,True,28.37140699119555,20,0.001953125
0111101000,10078,"[1, 3, 2, 0]",9450,163.75470161437988,False,28.37140699119555,20,0.001953125
0111101000,10079,"[1, 0, 3, 2]",465,163.76852989196777,True,28.37140699119555,20,0.001953125
0111101000,10080,"[1, 3, 2, 0]",9450,163.7873649597168,False,28.37140699119555,20,0.001953125
0111101000,10081,"[1, 0, 3, 2]",465,163.80071640014648,True,28.37140699119555,20,0.001953125
0111101000,10082,"[1, 3, 2, 0]",9450,163.8188362121582,False,28.37140699119555,20,0.001953125
0111101000,10083,"[1, 0, 3, 2]",465,163.8321876525879,True,28.37140699119555,20,0.001953125
0111101000,10084,"[1, 3, 2, 0]",9450,163.8503074645996,False,28.37140699119555,20,0.001953125
0111101000,10085,"[1, 0, 3, 2]",465,163.8638973236084,True,28.37140699119555,20,0.001953125
0111101000,10086,"[1, 3, 2, 0]",9450,163.88177871704102,False,28.37140699119555,20,0.001953125
0111101000,10087,"[1, 0, 3, 2]",465,163.8951301574707,True,28.37140699119555,20,0.001953125
0111101000,10088,"[1, 3, 2, 0]",9450,163.91324996948242,False,28.37140699119555,20,0.001953125
0111101000,10089,"[1, 0, 3, 2]",465,163.9268398284912,True,28.37140699119555,20,0.001953125
0111101000,10090,"[1, 3, 2, 0]",9450,163.94472122192383,False,28.37140699119555,20,0.001953125
0111101000,10091,"[1, 0, 3, 2]",465,163.95831108093262,True,28.37140699119555,20,0.001953125
0111101000,10092,"[1, 3, 2, 0]",9450,163.97643089294434,False,28.37140699119555,20,0.001953125
0111101000,10093,"[1, 0, 3, 2]",465,163.99002075195312,True,28.37140699119555,20,0.001953125
1110010100,10094,"[0, 1, 3, 2]",465,164.00790214538574,False,21.00980003851403,20,0.001953125
1110010100,10095,"[0, 1, 3, 2]",465,164.02173042297363,True,21.00980003851403,20,0.001953125
1110010100,10096,"[0, 1, 3, 2]",465,164.04008865356445,False,21.00980003851403,20,0.001953125
1110010100,10097,"[0, 1, 3, 2]",465,164.05391693115234,True,21.00980003851403,20,0.001953125
1110010100,10098,"[0, 1, 3, 2]",465,164.07203674316406,False,21.00980003851403,20,0.001953125
1110010100,10099,"[0, 1, 3, 2]",465,164.08801078796387,True,21.00980003851403,20,0.001953125
1110010100,10100,"[0, 1, 3, 2]",465,164.107084274292,False,21.00980003851403,20,0.001953125
1110010100,10101,"[0, 1, 3, 2]",465,164.12067413330078,True,21.00980003851403,20,0.001953125
1110010100,10102,"[0, 1, 3, 2]",465,164.1387939453125,False,21.00980003851403,20,0.001953125
1110010100,10103,"[0, 1, 3, 2]",465,164.1521453857422,True,21.00980003851403,20,0.001953125
1110010100,10104,"[0, 1, 3, 2]",465,164.1700267791748,False,21.00980003851403,20,0.001953125
1110010100,10105,"[0, 1, 3, 2]",465,164.1836166381836,True,21.00980003851403,20,0.001953125
1110010100,10106,"[0, 1, 3, 2]",465,164.2014980316162,False,21.00980003851403,20,0.001953125
1110010100,10107,"[0, 1, 3, 2]",465,164.2148494720459,True,21.00980003851403,20,0.001953125
1110010100,10108,"[0, 1, 3, 2]",465,164.23273086547852,False,21.00980003851403,20,0.001953125
1110010100,10109,"[0, 1, 3, 2]",465,164.2460823059082,True,21.00980003851403,20,0.001953125
1110010100,10110,"[0, 1, 3, 2]",465,164.26396369934082,False,21.00980003851403,20,0.001953125
1110010100,10111,"[0, 1, 3, 2]",465,164.2775535583496,True,21.00980003851403,20,0.001953125
1110010100,10112,"[0, 1, 3, 2]",465,164.29543495178223,False,21.00980003851403,20,0.001953125
1110010100,10113,"[0, 1, 3, 2]",465,164.3085479736328,True,21.00980003851403,20,0.001953125
1110010100,10114,"[0, 1, 3, 2]",465,164.32642936706543,False,21.00980003851403,20,0.001953125
1110010100,10115,"[0, 1, 3, 2]",465,164.34001922607422,True,21.00980003851403,20,0.001953125
1110010100,10116,"[0, 1, 3, 2]",465,164.35956954956055,False,21.00980003851403,20,0.001953125
1110010100,10117,"[0, 1, 3, 2]",465,164.37363624572754,True,21.00980003851403,20,0.001953125
1110010100,10118,"[0, 1, 3, 2]",465,164.39199447631836,False,21.00980003851403,20,0.001953125
1110010100,10119,"[0, 1, 3, 2]",465,164.40534591674805,True,21.00980003851403,20,0.001953125
1110010100,10120,"[0, 1, 3, 2]",465,164.42489624023438,False,21.00980003851403,20,0.001953125
1110010100,10121,"[0, 1, 3, 2]",465,164.43872451782227,True,21.00980003851403,20,0.001953125
1110010100,10122,"[0, 1, 3, 2]",465,164.4570827484131,False,21.00980003851403,20,0.001953125
1110010100,10123,"[0, 1, 3, 2]",465,164.47067260742188,True,21.00980003851403,20,0.001953125
1110010100,10124,"[0, 1, 3, 2]",465,164.4887924194336,False,21.00980003851403,20,0.001953125
1110010100,10125,"[0, 1, 3, 2]",465,164.50238227844238,True,21.00980003851403,20,0.001953125
1110010100,10126,"[0, 1, 3, 2]",465,164.520263671875,False,21.00980003851403,20,0.001953125
1110010100,10127,"[0, 1, 3, 2]",465,164.5338535308838,True,21.00980003851403,20,0.001953125
1110010100,10128,"[0, 1, 3, 2]",465,164.5517349243164,False,21.00980003851403,20,0.001953125
1110010100,10129,"[0, 1, 3, 2]",465,164.5650863647461,True,21.00980003851403,20,0.001953125
1110010100,10130,"[0, 1, 3, 2]",465,164.5829677581787,False,21.00980003851403,20,0.001953125
1110010100,10131,"[0, 1, 3, 2]",465,164.5963191986084,True,21.00980003851403,20,0.001953125
1110010100,10132,"[0, 1, 3, 2]",465,164.61443901062012,False,21.00980003851403,20,0.001953125
1110010100,10133,"[0, 1, 3, 2]",465,164.6280288696289,True,21.00980003851403,20,0.001953125
0101010000,10134,"[2, 1, 0, 3]",600,164.64614868164062,False,20.09037222002324,20,0.001953125
0101010000,10135,"[2, 1, 0, 3]",600,164.66045379638672,True,20.09037222002324,20,0.001953125
0101010000,10136,"[2, 1, 0, 3]",600,164.67881202697754,False,20.09037222002324,20,0.001953125
0101010000,10137,"[2, 1, 0, 3]",600,164.69264030456543,True,20.09037222002324,20,0.001953125
0101010000,10138,"[2, 1, 0, 3]",600,164.72125053405762,False,20.09037222002324,20,0.001953125
0101010000,10139,"[2, 1, 0, 3]",600,164.7343635559082,True,20.09037222002324,20,0.001953125
0101010000,10140,"[2, 1, 0, 3]",600,164.75176811218262,False,20.09037222002324,20,0.001953125
0101010000,10141,"[2, 1, 0, 3]",600,164.7665500640869,True,20.09037222002324,20,0.001953125
0101010000,10142,"[2, 1, 0, 3]",600,164.78466987609863,False,20.09037222002324,20,0.001953125
0101010000,10143,"[2, 1, 0, 3]",600,164.79802131652832,True,20.09037222002324,20,0.001953125
0101010000,10144,"[2, 1, 0, 3]",600,164.81542587280273,False,20.09037222002324,20,0.001953125
0101010000,10145,"[2, 1, 0, 3]",600,164.82853889465332,True,20.09037222002324,20,0.001953125
0101010000,10146,"[2, 1, 0, 3]",600,164.84594345092773,False,20.09037222002324,20,0.001953125
0101010000,10147,"[2, 1, 0, 3]",600,164.85881805419922,True,20.09037222002324,20,0.001953125
0101010000,10148,"[2, 1, 0, 3]",600,164.87622261047363,False,20.09037222002324,20,0.001953125
0101010000,10149,"[2, 1, 0, 3]",600,164.88957405090332,True,20.09037222002324,20,0.001953125
0101010000,10150,"[2, 1, 0, 3]",600,164.90721702575684,False,20.09037222002324,20,0.001953125
0101010000,10151,"[2, 1, 0, 3]",600,164.92033004760742,True,20.09037222002324,20,0.001953125
0101010000,10152,"[2, 1, 0, 3]",600,164.93773460388184,False,20.09037222002324,20,0.001953125
0101010000,10153,"[2, 1, 0, 3]",600,164.95108604431152,True,20.09037222002324,20,0.001953125
0101010000,10154,"[2, 1, 0, 3]",600,164.98494148254395,False,20.09037222002324,20,0.001953125
0101010000,10155,"[2, 1, 0, 3]",600,164.99876976013184,True,20.09037222002324,20,0.001953125
0101010000,10156,"[2, 1, 0, 3]",600,165.01665115356445,False,20.09037222002324,20,0.001953125
0101010000,10157,"[2, 1, 0, 3]",600,165.03024101257324,True,20.09037222002324,20,0.001953125
0101010000,10158,"[2, 1, 0, 3]",600,165.04836082458496,False,20.09037222002324,20,0.001953125
0101010000,10159,"[2, 1, 0, 3]",600,165.06171226501465,True,20.09037222002324,20,0.001953125
0101010000,10160,"[2, 1, 0, 3]",600,165.08984565734863,False,20.09037222002324,20,0.001953125
0101010000,10161,"[2, 1, 0, 3]",600,165.10272026062012,True,20.09037222002324,20,0.001953125
0101010000,10162,"[2, 1, 0, 3]",600,165.12155532836914,False,20.09037222002324,20,0.001953125
0101010000,10163,"[2, 1, 0, 3]",600,165.13490676879883,True,20.09037222002324,20,0.001953125
0101010000,10164,"[2, 1, 0, 3]",600,165.15278816223145,False,20.09037222002324,20,0.001953125
0101010000,10165,"[2, 1, 0, 3]",600,165.16590118408203,True,20.09037222002324,20,0.001953125
0101010000,10166,"[2, 1, 0, 3]",600,165.19618034362793,False,20.09037222002324,20,0.001953125
0101010000,10167,"[2, 1, 0, 3]",600,165.22526741027832,True,20.09037222002324,20,0.001953125
0101010000,10168,"[2, 1, 0, 3]",600,165.24600982666016,False,20.09037222002324,20,0.001953125
0101010000,10169,"[2, 1, 0, 3]",600,165.25936126708984,True,20.09037222002324,20,0.001953125
0101010000,10170,"[2, 1, 0, 3]",600,165.27700424194336,False,20.09037222002324,20,0.001953125
0101010000,10171,"[2, 1, 0, 3]",600,165.3122901916504,True,20.09037222002324,20,0.001953125
0101010000,10172,"[2, 1, 0, 3]",600,165.3306484222412,False,20.09037222002324,20,0.001953125
0101010000,10173,"[2, 1, 0, 3]",600,165.3439998626709,True,20.09037222002324,20,0.001953125
1000011010,10174,"[3, 0, 2, 1]",6300,165.3616428375244,False,17.87456625076201,20,0.001953125
1000011010,10175,"[3, 0, 1, 2]",750,165.3752326965332,True,17.87456625076201,20,0.001953125
1000011010,10176,"[3, 0, 2, 1]",6300,165.39263725280762,False,17.87456625076201,20,0.001953125
1000011010,10177,"[3, 0, 1, 2]",750,165.4059886932373,True,17.87456625076201,20,0.001953125
1000011010,10178,"[3, 0, 2, 1]",6300,165.42363166809082,False,17.87456625076201,20,0.001953125
1000011010,10179,"[3, 0, 1, 2]",750,165.4369831085205,True,17.87456625076201,20,0.001953125
1000011010,10180,"[3, 0, 2, 1]",6300,165.45438766479492,False,17.87456625076201,20,0.001953125
1000011010,10181,"[3, 0, 1, 2]",750,165.4677391052246,True,17.87456625076201,20,0.001953125
1000011010,10182,"[3, 0, 2, 1]",6300,165.48919677734375,False,17.87456625076201,20,0.001953125
1000011010,10183,"[3, 0, 1, 2]",750,165.50445556640625,True,17.87456625076201,20,0.001953125
1000011010,10184,"[3, 0, 2, 1]",6300,165.5404567718506,False,17.87456625076201,20,0.001953125
1000011010,10185,"[3, 0, 1, 2]",750,165.55476188659668,True,17.87456625076201,20,0.001953125
1000011010,10186,"[3, 0, 2, 1]",6300,165.5733585357666,False,17.87456625076201,20,0.001953125
1000011010,10187,"[3, 0, 1, 2]",750,165.5876636505127,True,17.87456625076201,20,0.001953125
1000011010,10188,"[3, 0, 2, 1]",6300,165.60602188110352,False,17.87456625076201,20,0.001953125
1000011010,10189,"[3, 0, 1, 2]",750,165.6200885772705,True,17.87456625076201,20,0.001953125
1000011010,10190,"[3, 0, 2, 1]",6300,165.63820838928223,False,17.87456625076201,20,0.001953125
1000011010,10191,"[3, 0, 1, 2]",750,165.65227508544922,True,17.87456625076201,20,0.001953125
1000011010,10192,"[3, 0, 2, 1]",6300,165.67063331604004,False,17.87456625076201,20,0.001953125
1000011010,10193,"[3, 0, 1, 2]",750,165.68470001220703,True,17.87456625076201,20,0.001953125
1000011010,10194,"[3, 0, 2, 1]",6300,165.70353507995605,False,17.87456625076201,20,0.001953125
1000011010,10195,"[3, 0, 1, 2]",750,165.71736335754395,True,17.87456625076201,20,0.001953125
1000011010,10196,"[3, 0, 2, 1]",6300,165.73572158813477,False,17.87456625076201,20,0.001953125
1000011010,10197,"[3, 0, 1, 2]",750,165.74931144714355,True,17.87456625076201,20,0.001953125
1000011010,10198,"[3, 0, 2, 1]",6300,165.76766967773438,False,17.87456625076201,20,0.001953125
1000011010,10199,"[3, 0, 1, 2]",750,165.78149795532227,True,17.87456625076201,20,0.001953125
1000011010,10200,"[3, 0, 2, 1]",6300,165.8000946044922,False,17.87456625076201,20,0.001953125
1000011010,10201,"[3, 0, 1, 2]",750,165.81344604492188,True,17.87456625076201,20,0.001953125
1000011010,10202,"[3, 0, 2, 1]",6300,165.8320426940918,False,17.87456625076201,20,0.001953125
1000011010,10203,"[3, 0, 1, 2]",750,165.8458709716797,True,17.87456625076201,20,0.001953125
1000011010,10204,"[3, 0, 2, 1]",6300,165.86565971374512,False,17.87456625076201,20,0.001953125
1000011010,10205,"[3, 0, 1, 2]",750,165.8802032470703,True,17.87456625076201,20,0.001953125
1000011010,10206,"[3, 0, 2, 1]",6300,165.89927673339844,False,17.87456625076201,20,0.001953125
1000011010,10207,"[3, 0, 1, 2]",750,165.91310501098633,True,17.87456625076201,20,0.001953125
1000011010,10208,"[3, 0, 2, 1]",6300,165.93217849731445,False,17.87456625076201,20,0.001953125
1000011010,10209,"[3, 0, 1, 2]",750,165.94648361206055,True,17.87456625076201,20,0.001953125
1000011010,10210,"[3, 0, 2, 1]",6300,165.96508026123047,False,17.87456625076201,20,0.001953125
1000011010,10211,"[3, 0, 1, 2]",750,165.97938537597656,True,17.87456625076201,20,0.001953125
1000011010,10212,"[3, 0, 2, 1]",6300,165.9982204437256,False,17.87456625076201,20,0.001953125
1000011010,10213,"[3, 0, 1, 2]",750,166.01228713989258,True,17.87456625076201,20,0.001953125
1000001001,10214,"[3, 0, 2, 1]",6300,166.0308837890625,False,33.136129710583916,20,0.001953125
1000001001,10215,"[3, 0, 1, 2]",750,166.0449504852295,True,33.136129710583916,20,0.001953125
1000001001,10216,"[3, 0, 2, 1]",6300,166.0635471343994,False,33.136129710583916,20,0.001953125
1000001001,10217,"[3, 0, 1, 2]",750,166.07975959777832,True,33.136129710583916,20,0.001953125
1000001001,10218,"[3, 0, 2, 1]",6300,166.09907150268555,False,33.136129710583916,20,0.001953125
1000001001,10219,"[3, 0, 1, 2]",750,166.11313819885254,True,33.136129710583916,20,0.001953125
1000001001,10220,"[3, 0, 2, 1]",6300,166.13197326660156,False,33.136129710583916,20,0.001953125
1000001001,10221,"[3, 0, 1, 2]",750,166.14603996276855,True,33.136129710583916,20,0.001953125
1000001001,10222,"[3, 0, 2, 1]",6300,166.16463661193848,False,33.136129710583916,20,0.001953125
1000001001,10223,"[3, 0, 1, 2]",750,166.18061065673828,True,33.136129710583916,20,0.001953125
1000001001,10224,"[3, 0, 2, 1]",6300,166.1999225616455,False,33.136129710583916,20,0.001953125
1000001001,10225,"[3, 0, 1, 2]",750,166.2149429321289,True,33.136129710583916,20,0.001953125
1000001001,10226,"[3, 0, 2, 1]",6300,166.23520851135254,False,33.136129710583916,20,0.001953125
1000001001,10227,"[3, 0, 1, 2]",750,166.24999046325684,True,33.136129710583916,20,0.001953125
1000001001,10228,"[3, 0, 2, 1]",6300,166.26906394958496,False,33.136129710583916,20,0.001953125
1000001001,10229,"[3, 0, 1, 2]",750,166.28336906433105,True,33.136129710583916,20,0.001953125
1000001001,10230,"[3, 0, 2, 1]",6300,166.30196571350098,False,33.136129710583916,20,0.001953125
1000001001,10231,"[3, 0, 1, 2]",750,166.31603240966797,True,33.136129710583916,20,0.001953125
1000001001,10232,"[3, 0, 2, 1]",6300,166.3343906402588,False,33.136129710583916,20,0.001953125
1000001001,10233,"[3, 0, 1, 2]",750,166.34798049926758,True,33.136129710583916,20,0.001953125
1000001001,10234,"[3, 0, 2, 1]",6300,166.3668155670166,False,33.136129710583916,20,0.001953125
1000001001,10235,"[3, 0, 1, 2]",750,166.3808822631836,True,33.136129710583916,20,0.001953125
1000001001,10236,"[3, 0, 2, 1]",6300,166.3992404937744,False,33.136129710583916,20,0.001953125
1000001001,10237,"[3, 0, 1, 2]",750,166.4133071899414,True,33.136129710583916,20,0.001953125
1000001001,10238,"[3, 0, 2, 1]",6300,166.43214225769043,False,33.136129710583916,20,0.001953125
1000001001,10239,"[3, 0, 1, 2]",750,166.44620895385742,True,33.136129710583916,20,0.001953125
1000001001,10240,"[3, 0, 2, 1]",6300,166.46480560302734,False,33.136129710583916,20,0.001953125
1000001001,10241,"[3, 0, 1, 2]",750,166.47863388061523,True,33.136129710583916,20,0.001953125
1000001001,10242,"[3, 0, 2, 1]",6300,166.49723052978516,False,33.136129710583916,20,0.001953125
1000001001,10243,"[3, 0, 1, 2]",750,166.51129722595215,True,33.136129710583916,20,0.001953125
1000001001,10244,"[3, 0, 2, 1]",6300,166.52989387512207,False,33.136129710583916,20,0.001953125
1000001001,10245,"[3, 0, 1, 2]",750,166.54372215270996,True,33.136129710583916,20,0.001953125
1000001001,10246,"[3, 0, 2, 1]",6300,166.5635108947754,False,33.136129710583916,20,0.001953125
1000001001,10247,"[3, 0, 1, 2]",750,166.5780544281006,True,33.136129710583916,20,0.001953125
1000001001,10248,"[3, 0, 2, 1]",6300,166.5971279144287,False,33.136129710583916,20,0.001953125
1000001001,10249,"[3, 0, 1, 2]",750,166.6107177734375,True,33.136129710583916,20,0.001953125
1000001001,10250,"[3, 0, 2, 1]",6300,166.62931442260742,False,33.136129710583916,20,0.001953125
1000001001,10251,"[3, 0, 1, 2]",750,166.6431427001953,True,33.136129710583916,20,0.001953125
1000001001,10252,"[3, 0, 2, 1]",6300,166.66197776794434,False,33.136129710583916,20,0.001953125
1000001001,10253,"[3, 0, 1, 2]",750,166.67604446411133,True,33.136129710583916,20,0.001953125
0110011100,10254,"[3, 1, 2, 0]",9450,166.69511795043945,False,23.313963514029567,19,0.00185546875
0110011100,10255,"[3, 1, 0, 2]",900,166.70918464660645,True,23.313963514029567,19,0.00185546875
0110011100,10256,"[3, 1, 2, 0]",9450,166.73874855041504,False,23.313963514029567,19,0.00185546875
0110011100,10257,"[3, 1, 0, 2]",900,166.75257682800293,True,23.313963514029567,19,0.00185546875
0110011100,10258,"[3, 1, 2, 0]",9450,166.78094863891602,False,23.313963514029567,19,0.00185546875
0110011100,10259,"[3, 1, 0, 2]",900,166.7940616607666,True,23.313963514029567,19,0.00185546875
0110011100,10260,"[3, 1, 2, 0]",9450,166.81146621704102,False,23.313963514029567,19,0.00185546875
0110011100,10261,"[3, 1, 0, 2]",900,166.8245792388916,True,23.313963514029567,19,0.00185546875
0110011100,10262,"[3, 1, 2, 0]",9450,166.84222221374512,False,23.313963514029567,19,0.00185546875
0110011100,10263,"[3, 1, 0, 2]",900,166.8555736541748,True,23.313963514029567,19,0.00185546875
0110011100,10264,"[3, 1, 2, 0]",9450,166.87297821044922,False,23.313963514029567,19,0.00185546875
0110011100,10265,"[3, 1, 0, 2]",900,166.8860912322998,True,23.313963514029567,19,0.00185546875
0110011100,10266,"[3, 1, 2, 0]",9450,166.90373420715332,False,23.313963514029567,19,0.00185546875
0110011100,10267,"[3, 1, 0, 2]",900,166.91875457763672,True,23.313963514029567,19,0.00185546875
0110011100,10268,"[3, 1, 2, 0]",9450,166.93830490112305,False,23.313963514029567,19,0.00185546875
0110011100,10269,"[3, 1, 0, 2]",900,166.95213317871094,True,23.313963514029567,19,0.00185546875
0110011100,10270,"[3, 1, 2, 0]",9450,166.97025299072266,False,23.313963514029567,19,0.00185546875
0110011100,10271,"[3, 1, 0, 2]",900,166.98336601257324,True,23.313963514029567,19,0.00185546875
0110011100,10272,"[3, 1, 2, 0]",9450,167.00077056884766,False,23.313963514029567,19,0.00185546875
0110011100,10273,"[3, 1, 0, 2]",900,167.01412200927734,True,23.313963514029567,19,0.00185546875
0110011100,10274,"[3, 1, 2, 0]",9450,167.03152656555176,False,23.313963514029567,19,0.00185546875
0110011100,10275,"[3, 1, 0, 2]",900,167.04463958740234,True,23.313963514029567,19,0.00185546875
0110011100,10276,"[3, 1, 2, 0]",9450,167.06204414367676,False,23.313963514029567,19,0.00185546875
0110011100,10277,"[3, 1, 0, 2]",900,167.07539558410645,True,23.313963514029567,19,0.00185546875
0110011100,10278,"[3, 1, 2, 0]",9450,167.09280014038086,False,23.313963514029567,19,0.00185546875
0110011100,10279,"[3, 1, 0, 2]",900,167.10615158081055,True,23.313963514029567,19,0.00185546875
0110011100,10280,"[3, 1, 2, 0]",9450,167.12379455566406,False,23.313963514029567,19,0.00185546875
0110011100,10281,"[3, 1, 0, 2]",900,167.13714599609375,True,23.313963514029567,19,0.00185546875
0110011100,10282,"[3, 1, 2, 0]",9450,167.15455055236816,False,23.313963514029567,19,0.00185546875
0110011100,10283,"[3, 1, 0, 2]",900,167.16742515563965,True,23.313963514029567,19,0.00185546875
0110011100,10284,"[3, 1, 2, 0]",9450,167.18482971191406,False,23.313963514029567,19,0.00185546875
0110011100,10285,"[3, 1, 0, 2]",900,167.19818115234375,True,23.313963514029567,19,0.00185546875
0110011100,10286,"[3, 1, 2, 0]",9450,167.21558570861816,False,23.313963514029567,19,0.00185546875
0110011100,10287,"[3, 1, 0, 2]",900,167.22869873046875,True,23.313963514029567,19,0.00185546875
0110011100,10288,"[3, 1, 2, 0]",9450,167.24729537963867,False,23.313963514029567,19,0.00185546875
0110011100,10289,"[3, 1, 0, 2]",900,167.26088523864746,True,23.313963514029567,19,0.00185546875
0110011100,10290,"[3, 1, 2, 0]",9450,167.27852821350098,False,23.313963514029567,19,0.00185546875
0110011100,10291,"[3, 1, 0, 2]",900,167.29187965393066,True,23.313963514029567,19,0.00185546875
0110000010,10292,"[1, 0, 3, 2]",465,167.30952262878418,False,15.031008131515815,19,0.00185546875
0110000010,10293,"[1, 0, 3, 2]",465,167.32358932495117,True,15.031008131515815,19,0.00185546875
0110000010,10294,"[1, 0, 3, 2]",465,167.3417091369629,False,15.031008131515815,19,0.00185546875
0110000010,10295,"[1, 0, 3, 2]",465,167.35506057739258,True,15.031008131515815,19,0.00185546875
0110000010,10296,"[1, 0, 3, 2]",465,167.3727035522461,False,15.031008131515815,19,0.00185546875
0110000010,10297,"[1, 0, 3, 2]",465,167.38581657409668,True,15.031008131515815,19,0.00185546875
0110000010,10298,"[1, 0, 3, 2]",465,167.402982711792,False,15.031008131515815,19,0.00185546875
0110000010,10299,"[1, 0, 3, 2]",465,167.41609573364258,True,15.031008131515815,19,0.00185546875
0110000010,10300,"[1, 0, 3, 2]",465,167.4332618713379,False,15.031008131515815,19,0.00185546875
0110000010,10301,"[1, 0, 3, 2]",465,167.44637489318848,True,15.031008131515815,19,0.00185546875
0110000010,10302,"[1, 0, 3, 2]",465,167.4635410308838,False,15.031008131515815,19,0.00185546875
0110000010,10303,"[1, 0, 3, 2]",465,167.47641563415527,True,15.031008131515815,19,0.00185546875
0110000010,10304,"[1, 0, 3, 2]",465,167.4935817718506,False,15.031008131515815,19,0.00185546875
0110000010,10305,"[1, 0, 3, 2]",465,167.50645637512207,True,15.031008131515815,19,0.00185546875
0110000010,10306,"[1, 0, 3, 2]",465,167.52386093139648,False,15.031008131515815,19,0.00185546875
0110000010,10307,"[1, 0, 3, 2]",465,167.53697395324707,True,15.031008131515815,19,0.00185546875
0110000010,10308,"[1, 0, 3, 2]",465,167.55414009094238,False,15.031008131515815,19,0.00185546875
0110000010,10309,"[1, 0, 3, 2]",465,167.56892204284668,True,15.031008131515815,19,0.00185546875
0110000010,10310,"[1, 0, 3, 2]",465,167.5870418548584,False,15.031008131515815,19,0.00185546875
0110000010,10311,"[1, 0, 3, 2]",465,167.59991645812988,True,15.031008131515815,19,0.00185546875
0110000010,10312,"[1, 0, 3, 2]",465,167.6173210144043,False,15.031008131515815,19,0.00185546875
0110000010,10313,"[1, 0, 3, 2]",465,167.63019561767578,True,15.031008131515815,19,0.00185546875
0110000010,10314,"[1, 0, 3, 2]",465,167.6476001739502,False,15.031008131515815,19,0.00185546875
0110000010,10315,"[1, 0, 3, 2]",465,167.66023635864258,True,15.031008131515815,19,0.00185546875
0110000010,10316,"[1, 0, 3, 2]",465,167.677640914917,False,15.031008131515815,19,0.00185546875
0110000010,10317,"[1, 0, 3, 2]",465,167.69051551818848,True,15.031008131515815,19,0.00185546875
0110000010,10318,"[1, 0, 3, 2]",465,167.7098274230957,False,15.031008131515815,19,0.00185546875
0110000010,10319,"[1, 0, 3, 2]",465,167.7229404449463,True,15.031008131515815,19,0.00185546875
0110000010,10320,"[1, 0, 3, 2]",465,167.741060256958,False,15.031008131515815,19,0.00185546875
0110000010,10321,"[1, 0, 3, 2]",465,167.7541732788086,True,15.031008131515815,19,0.00185546875
0110000010,10322,"[1, 0, 3, 2]",465,167.771577835083,False,15.031008131515815,19,0.00185546875
0110000010,10323,"[1, 0, 3, 2]",465,167.7849292755127,True,15.031008131515815,19,0.00185546875
0110000010,10324,"[1, 0, 3, 2]",465,167.8018569946289,False,15.031008131515815,19,0.00185546875
0110000010,10325,"[1, 0, 3, 2]",465,167.8149700164795,True,15.031008131515815,19,0.00185546875
0110000010,10326,"[1, 0, 3, 2]",465,167.8321361541748,False,15.031008131515815,19,0.00185546875
0110000010,10327,"[1, 0, 3, 2]",465,167.8450107574463,True,15.031008131515815,19,0.00185546875
0110000010,10328,"[1, 0, 3, 2]",465,167.8621768951416,False,15.031008131515815,19,0.00185546875
0110000010,10329,"[1, 0, 3, 2]",465,167.87481307983398,True,15.031008131515815,19,0.00185546875
0100100101,10330,"[2, 3, 0, 1]",6600,167.893648147583,False,11.874566250762008,19,0.00185546875
0100100101,10331,"[2, 3, 0, 1]",6600,167.90771484375,True,11.874566250762008,19,0.00185546875
0100100101,10332,"[2, 3, 0, 1]",6600,167.92535781860352,False,11.874566250762008,19,0.00185546875
0100100101,10333,"[2, 3, 0, 1]",6600,167.938232421875,True,11.874566250762008,19,0.00185546875
0100100101,10334,"[2, 3, 0, 1]",6600,167.9556369781494,False,11.874566250762008,19,0.00185546875
0100100101,10335,"[2, 3, 0, 1]",6600,167.9689884185791,True,11.874566250762008,19,0.00185546875
0100100101,10336,"[2, 3, 0, 1]",6600,167.98639297485352,False,11.874566250762008,19,0.00185546875
0100100101,10337,"[2, 3, 0, 1]",6600,167.999267578125,True,11.874566250762008,19,0.00185546875
0100100101,10338,"[2, 3, 0, 1]",6600,168.0166721343994,False,11.874566250762008,19,0.00185546875
0100100101,10339,"[2, 3, 0, 1]",6600,168.0295467376709,True,11.874566250762008,19,0.00185546875
0100100101,10340,"[2, 3, 0, 1]",6600,168.0467128753662,False,11.874566250762008,19,0.00185546875
0100100101,10341,"[2, 3, 0, 1]",6600,168.0593490600586,True,11.874566250762008,19,0.00185546875
0100100101,10342,"[2, 3, 0, 1]",6600,168.0765151977539,False,11.874566250762008,19,0.00185546875
0100100101,10343,"[2, 3, 0, 1]",6600,168.0896282196045,True,11.874566250762008,19,0.00185546875
0100100101,10344,"[2, 3, 0, 1]",6600,168.1067943572998,False,11.874566250762008,19,0.00185546875
0100100101,10345,"[2, 3, 0, 1]",6600,168.1196689605713,True,11.874566250762008,19,0.00185546875
0100100101,10346,"[2, 3, 0, 1]",6600,168.1368350982666,False,11.874566250762008,19,0.00185546875
0100100101,10347,"[2, 3, 0, 1]",6600,168.14923286437988,True,11.874566250762008,19,0.00185546875
0100100101,10348,"[2, 3, 0, 1]",6600,168.1661605834961,False,11.874566250762008,19,0.00185546875
0100100101,10349,"[2, 3, 0, 1]",6600,168.17903518676758,True,11.874566250762008,19,0.00185546875
0100100101,10350,"[2, 3, 0, 1]",6600,168.1962013244629,False,11.874566250762008,19,0.00185546875
0100100101,10351,"[2, 3, 0, 1]",6600,168.21002960205078,True,11.874566250762008,19,0.00185546875
0100100101,10352,"[2, 3, 0, 1]",6600,168.2279109954834,False,11.874566250762008,19,0.00185546875
0100100101,10353,"[2, 3, 0, 1]",6600,168.24030876159668,True,11.874566250762008,19,0.00185546875
0100100101,10354,"[2, 3, 0, 1]",6600,168.257474899292,False,11.874566250762008,19,0.00185546875
0100100101,10355,"[2, 3, 0, 1]",6600,168.27011108398438,True,11.874566250762008,19,0.00185546875
0100100101,10356,"[2, 3, 0, 1]",6600,168.2872772216797,False,11.874566250762008,19,0.00185546875
0100100101,10357,"[2, 3, 0, 1]",6600,168.29991340637207,True,11.874566250762008,19,0.00185546875
0100100101,10358,"[2, 3, 0, 1]",6600,168.31731796264648,False,11.874566250762008,19,0.00185546875
0100100101,10359,"[2, 3, 0, 1]",6600,168.32971572875977,True,11.874566250762008,19,0.00185546875
0100100101,10360,"[2, 3, 0, 1]",6600,168.34688186645508,False,11.874566250762008,19,0.00185546875
0100100101,10361,"[2, 3, 0, 1]",6600,168.35951805114746,True,11.874566250762008,19,0.00185546875
0100100101,10362,"[2, 3, 0, 1]",6600,168.37668418884277,False,11.874566250762008,19,0.00185546875
0100100101,10363,"[2, 3, 0, 1]",6600,168.38908195495605,True,11.874566250762008,19,0.00185546875
0100100101,10364,"[2, 3, 0, 1]",6600,168.40600967407227,False,11.874566250762008,19,0.00185546875
0100100101,10365,"[2, 3, 0, 1]",6600,168.41864585876465,True,11.874566250762008,19,0.00185546875
0100100101,10366,"[2, 3, 0, 1]",6600,168.43581199645996,False,11.874566250762008,19,0.00185546875
0100100101,10367,"[2, 3, 0, 1]",6600,168.44820976257324,True,11.874566250762008,19,0.00185546875
1100011100,10368,"[3, 0, 2, 1]",6300,168.46799850463867,False,20.4105565813594,19,0.00185546875
1100011100,10369,"[3, 0, 1, 2]",750,168.48230361938477,True,20.4105565813594,19,0.00185546875
1100011100,10370,"[3, 0, 2, 1]",6300,168.50042343139648,False,20.4105565813594,19,0.00185546875
1100011100,10371,"[3, 0, 1, 2]",750,168.51425170898438,True,20.4105565813594,19,0.00185546875
1100011100,10372,"[3, 0, 2, 1]",6300,168.5335636138916,False,20.4105565813594,19,0.00185546875
1100011100,10373,"[3, 0, 1, 2]",750,168.5471534729004,True,20.4105565813594,19,0.00185546875
1100011100,10374,"[3, 0, 2, 1]",6300,168.5647964477539,False,20.4105565813594,19,0.00185546875
1100011100,10375,"[3, 0, 1, 2]",750,168.5781478881836,True,20.4105565813594,19,0.00185546875
1100011100,10376,"[3, 0, 2, 1]",6300,168.595552444458,False,20.4105565813594,19,0.00185546875
1100011100,10377,"[3, 0, 1, 2]",750,168.6086654663086,True,20.4105565813594,19,0.00185546875
1100011100,10378,"[3, 0, 2, 1]",6300,168.626070022583,False,20.4105565813594,19,0.00185546875
1100011100,10379,"[3, 0, 1, 2]",750,168.6389446258545,True,20.4105565813594,19,0.00185546875
1100011100,10380,"[3, 0, 2, 1]",6300,168.656587600708,False,20.4105565813594,19,0.00185546875
1100011100,10381,"[3, 0, 1, 2]",750,168.6697006225586,True,20.4105565813594,19,0.00185546875
1100011100,10382,"[3, 0, 2, 1]",6300,168.6873435974121,False,20.4105565813594,19,0.00185546875
1100011100,10383,"[3, 0, 1, 2]",750,168.7006950378418,True,20.4105565813594,19,0.00185546875
1100011100,10384,"[3, 0, 2, 1]",6300,168.7180995941162,False,20.4105565813594,19,0.00185546875
1100011100,10385,"[3, 0, 1, 2]",750,168.7309741973877,True,20.4105565813594,19,0.00185546875
1100011100,10386,"[3, 0, 2, 1]",6300,168.7483787536621,False,20.4105565813594,19,0.00185546875
1100011100,10387,"[3, 0, 1, 2]",750,168.7614917755127,True,20.4105565813594,19,0.00185546875
1100011100,10388,"[3, 0, 2, 1]",6300,168.7788963317871,False,20.4105565813594,19,0.00185546875
1100011100,10389,"[3, 0, 1, 2]",750,168.7917709350586,True,20.4105565813594,19,0.00185546875
1100011100,10390,"[3, 0, 2, 1]",6300,168.809175491333,False,20.4105565813594,19,0.00185546875
1100011100,10391,"[3, 0, 1, 2]",750,168.8246726989746,True,20.4105565813594,19,0.00185546875
1100011100,10392,"[3, 0, 2, 1]",6300,168.84255409240723,False,20.4105565813594,19,0.00185546875
1100011100,10393,"[3, 0, 1, 2]",750,168.85638236999512,True,20.4105565813594,19,0.00185546875
1100011100,10394,"[3, 0, 2, 1]",6300,168.87593269348145,False,20.4105565813594,19,0.00185546875
1100011100,10395,"[3, 0, 1, 2]",750,168.88928413391113,True,20.4105565813594,19,0.00185546875
1100011100,10396,"[3, 0, 2, 1]",6300,168.90740394592285,False,20.4105565813594,19,0.00185546875
1100011100,10397,"[3, 0, 1, 2]",750,168.92051696777344,True,20.4105565813594,19,0.00185546875
1100011100,10398,"[3, 0, 2, 1]",6300,168.93839836120605,False,20.4105565813594,19,0.00185546875
1100011100,10399,"[3, 0, 1, 2]",750,168.95151138305664,True,20.4105565813594,19,0.00185546875
1100011100,10400,"[3, 0, 2, 1]",6300,168.96891593933105,False,20.4105565813594,19,0.00185546875
1100011100,10401,"[3, 0, 1, 2]",750,168.98202896118164,True,20.4105565813594,19,0.00185546875
1100011100,10402,"[3, 0, 2, 1]",6300,168.99943351745605,False,20.4105565813594,19,0.00185546875
1100011100,10403,"[3, 0, 1, 2]",750,169.01254653930664,True,20.4105565813594,19,0.00185546875
1100011100,10404,"[3, 0, 2, 1]",6300,169.02971267700195,False,20.4105565813594,19,0.00185546875
1100011100,10405,"[3, 0, 1, 2]",750,169.04282569885254,True,20.4105565813594,19,0.00185546875
0111010000,10406,"[1, 2, 0, 3]",600,169.05999183654785,False,15.473562869650419,19,0.00185546875
0111010000,10407,"[1, 0, 2, 3]",315,169.07334327697754,True,15.473562869650419,19,0.00185546875
0111010000,10408,"[1, 2, 0, 3]",600,169.09122467041016,False,15.473562869650419,19,0.00185546875
0111010000,10409,"[1, 0, 2, 3]",315,169.10457611083984,True,15.473562869650419,19,0.00185546875
0111010000,10410,"[1, 2, 0, 3]",600,169.12245750427246,False,15.473562869650419,19,0.00185546875
0111010000,10411,"[1, 0, 2, 3]",315,169.13533210754395,True,15.473562869650419,19,0.00185546875
0111010000,10412,"[1, 2, 0, 3]",600,169.15273666381836,False,15.473562869650419,19,0.00185546875
0111010000,10413,"[1, 0, 2, 3]",315,169.16608810424805,True,15.473562869650419,19,0.00185546875
0111010000,10414,"[1, 2, 0, 3]",600,169.18492317199707,False,15.473562869650419,19,0.00185546875
0111010000,10415,"[1, 0, 2, 3]",315,169.19779777526855,True,15.473562869650419,19,0.00185546875
0111010000,10416,"[1, 2, 0, 3]",600,169.21544075012207,False,15.473562869650419,19,0.00185546875
0111010000,10417,"[1, 0, 2, 3]",315,169.22855377197266,True,15.473562869650419,19,0.00185546875
0111010000,10418,"[1, 2, 0, 3]",600,169.24738883972168,False,15.473562869650419,19,0.00185546875
0111010000,10419,"[1, 0, 2, 3]",315,169.26074028015137,True,15.473562869650419,19,0.00185546875
0111010000,10420,"[1, 2, 0, 3]",600,169.2788600921631,False,15.473562869650419,19,0.00185546875
0111010000,10421,"[1, 0, 2, 3]",315,169.29173469543457,True,15.473562869650419,19,0.00185546875
0111010000,10422,"[1, 2, 0, 3]",600,169.3093776702881,False,15.473562869650419,19,0.00185546875
0111010000,10423,"[1, 0, 2, 3]",315,169.32249069213867,True,15.473562869650419,19,0.00185546875
0111010000,10424,"[1, 2, 0, 3]",600,169.3401336669922,False,15.473562869650419,19,0.00185546875
0111010000,10425,"[1, 0, 2, 3]",315,169.35348510742188,True,15.473562869650419,19,0.00185546875
0111010000,10426,"[1, 2, 0, 3]",600,169.3708896636963,False,15.473562869650419,19,0.00185546875
0111010000,10427,"[1, 0, 2, 3]",315,169.38424110412598,True,15.473562869650419,19,0.00185546875
0111010000,10428,"[1, 2, 0, 3]",600,169.4014072418213,False,15.473562869650419,19,0.00185546875
0111010000,10429,"[1, 0, 2, 3]",315,169.41452026367188,True,15.473562869650419,19,0.00185546875
0111010000,10430,"[1, 2, 0, 3]",600,169.4314479827881,False,15.473562869650419,19,0.00185546875
0111010000,10431,"[1, 0, 2, 3]",315,169.44408416748047,True,15.473562869650419,19,0.00185546875
0111010000,10432,"[1, 2, 0, 3]",600,169.46101188659668,False,15.473562869650419,19,0.00185546875
0111010000,10433,"[1, 0, 2, 3]",315,169.47412490844727,True,15.473562869650419,19,0.00185546875
0111010000,10434,"[1, 2, 0, 3]",600,169.4948673248291,False,15.473562869650419,19,0.00185546875
0111010000,10435,"[1, 0, 2, 3]",315,169.5094108581543,True,15.473562869650419,19,0.00185546875
0111010000,10436,"[1, 2, 0, 3]",600,169.52753067016602,False,15.473562869650419,19,0.00185546875
0111010000,10437,"[1, 0, 2, 3]",315,169.5404052734375,True,15.473562869650419,19,0.00185546875
0111010000,10438,"[1, 2, 0, 3]",600,169.57473754882812,False,15.473562869650419,19,0.00185546875
0111010000,10439,"[1, 0, 2, 3]",315,169.5883274078369,True,15.473562869650419,19,0.00185546875
0111010000,10440,"[1, 2, 0, 3]",600,169.60668563842773,False,15.473562869650419,19,0.00185546875
0111010000,10441,"[1, 0, 2, 3]",315,169.62027549743652,True,15.473562869650419,19,0.00185546875
0111010000,10442,"[1, 2, 0, 3]",600,169.63863372802734,False,15.473562869650419,19,0.00185546875
0111010000,10443,"[1, 0, 2, 3]",315,169.65222358703613,True,15.473562869650419,19,0.00185546875
0110110011,10444,"[2, 1, 0, 3]",600,169.67129707336426,False,11.874566250762008,19,0.00185546875
0110110011,10445,"[2, 1, 0, 3]",600,169.68560218811035,True,11.874566250762008,19,0.00185546875
0110110011,10446,"[2, 1, 0, 3]",600,169.70396041870117,False,11.874566250762008,19,0.00185546875
0110110011,10447,"[2, 1, 0, 3]",600,169.71826553344727,True,11.874566250762008,19,0.00185546875
0110110011,10448,"[2, 1, 0, 3]",600,169.7371006011963,False,11.874566250762008,19,0.00185546875
0110110011,10449,"[2, 1, 0, 3]",600,169.75140571594238,True,11.874566250762008,19,0.00185546875
0110110011,10450,"[2, 1, 0, 3]",600,169.7700023651123,False,11.874566250762008,19,0.00185546875
0110110011,10451,"[2, 1, 0, 3]",600,169.7845458984375,True,11.874566250762008,19,0.00185546875
0110110011,10452,"[2, 1, 0, 3]",600,169.80338096618652,False,11.874566250762008,19,0.00185546875
0110110011,10453,"[2, 1, 0, 3]",600,169.81744766235352,True,11.874566250762008,19,0.00185546875
0110110011,10454,"[2, 1, 0, 3]",600,169.83604431152344,False,11.874566250762008,19,0.00185546875
0110110011,10455,"[2, 1, 0, 3]",600,169.84987258911133,True,11.874566250762008,19,0.00185546875
0110110011,10456,"[2, 1, 0, 3]",600,169.86989974975586,False,11.874566250762008,19,0.00185546875
0110110011,10457,"[2, 1, 0, 3]",600,169.88420486450195,True,11.874566250762008,19,0.00185546875
0110110011,10458,"[2, 1, 0, 3]",600,169.90351676940918,False,11.874566250762008,19,0.00185546875
0110110011,10459,"[2, 1, 0, 3]",600,169.91686820983887,True,11.874566250762008,19,0.00185546875
0110110011,10460,"[2, 1, 0, 3]",600,169.935941696167,False,11.874566250762008,19,0.00185546875
0110110011,10461,"[2, 1, 0, 3]",600,169.94976997375488,True,11.874566250762008,19,0.00185546875
0110110011,10462,"[2, 1, 0, 3]",600,169.9683666229248,False,11.874566250762008,19,0.00185546875
0110110011,10463,"[2, 1, 0, 3]",600,169.9821949005127,True,11.874566250762008,19,0.00185546875
0110110011,10464,"[2, 1, 0, 3]",600,170.00102996826172,False,11.874566250762008,19,0.00185546875
0110110011,10465,"[2, 1, 0, 3]",600,170.0150966644287,True,11.874566250762008,19,0.00185546875
0110110011,10466,"[2, 1, 0, 3]",600,170.03369331359863,False,11.874566250762008,19,0.00185546875
0110110011,10467,"[2, 1, 0, 3]",600,170.04776000976562,True,11.874566250762008,19,0.00185546875
0110110011,10468,"[2, 1, 0, 3]",600,170.06611824035645,False,11.874566250762008,19,0.00185546875
0110110011,10469,"[2, 1, 0, 3]",600,170.08185386657715,True,11.874566250762008,19,0.00185546875
0110110011,10470,"[2, 1, 0, 3]",600,170.10068893432617,False,11.874566250762008,19,0.00185546875
0110110011,10471,"[2, 1, 0, 3]",600,170.11451721191406,True,11.874566250762008,19,0.00185546875
0110110011,10472,"[2, 1, 0, 3]",600,170.1333522796631,False,11.874566250762008,19,0.00185546875
0110110011,10473,"[2, 1, 0, 3]",600,170.14718055725098,True,11.874566250762008,19,0.00185546875
0110110011,10474,"[2, 1, 0, 3]",600,170.1655387878418,False,11.874566250762008,19,0.00185546875
0110110011,10475,"[2, 1, 0, 3]",600,170.1793670654297,True,11.874566250762008,19,0.00185546875
0110110011,10476,"[2, 1, 0, 3]",600,170.1979637145996,False,11.874566250762008,19,0.00185546875
0110110011,10477,"[2, 1, 0, 3]",600,170.2139377593994,True,11.874566250762008,19,0.00185546875
0110110011,10478,"[2, 1, 0, 3]",600,170.23324966430664,False,11.874566250762008,19,0.00185546875
0110110011,10479,"[2, 1, 0, 3]",600,170.24731636047363,True,11.874566250762008,19,0.00185546875
0110110011,10480,"[2, 1, 0, 3]",600,170.26591300964355,False,11.874566250762008,19,0.00185546875
0110110011,10481,"[2, 1, 0, 3]",600,170.27997970581055,True,11.874566250762008,19,0.00185546875
0110010011,10482,"[1, 2, 0, 3]",600,170.29881477355957,False,11.723687181133236,19,0.00185546875
0110010011,10483,"[1, 0, 2, 3]",315,170.31311988830566,True,11.723687181133236,19,0.00185546875
0110010011,10484,"[1, 2, 0, 3]",600,170.3317165374756,False,11.723687181133236,19,0.00185546875
0110010011,10485,"[1, 0, 2, 3]",315,170.34554481506348,True,11.723687181133236,19,0.00185546875
0110010011,10486,"[1, 2, 0, 3]",600,170.3641414642334,False,11.723687181133236,19,0.00185546875
0110010011,10487,"[1, 0, 2, 3]",315,170.3782081604004,True,11.723687181133236,19,0.00185546875
0110010011,10488,"[1, 2, 0, 3]",600,170.39728164672852,False,11.723687181133236,19,0.00185546875
0110010011,10489,"[1, 0, 2, 3]",315,170.4113483428955,True,11.723687181133236,19,0.00185546875
0110010011,10490,"[1, 2, 0, 3]",600,170.43018341064453,False,11.723687181133236,19,0.00185546875
0110010011,10491,"[1, 0, 2, 3]",315,170.44401168823242,True,11.723687181133236,19,0.00185546875
0110010011,10492,"[1, 2, 0, 3]",600,170.46284675598145,False,11.723687181133236,19,0.00185546875
0110010011,10493,"[1, 0, 2, 3]",315,170.47667503356934,True,11.723687181133236,19,0.00185546875
0110010011,10494,"[1, 2, 0, 3]",600,170.49527168273926,False,11.723687181133236,19,0.00185546875
0110010011,10495,"[1, 0, 2, 3]",315,170.50886154174805,True,11.723687181133236,19,0.00185546875
0110010011,10496,"[1, 2, 0, 3]",600,170.52745819091797,False,11.723687181133236,19,0.00185546875
0110010011,10497,"[1, 0, 2, 3]",315,170.54104804992676,True,11.723687181133236,19,0.00185546875
0110010011,10498,"[1, 2, 0, 3]",600,170.5610752105713,False,11.723687181133236,19,0.00185546875
0110010011,10499,"[1, 0, 2, 3]",315,170.57514190673828,True,11.723687181133236,19,0.00185546875
0110010011,10500,"[1, 2, 0, 3]",600,170.5939769744873,False,11.723687181133236,19,0.00185546875
0110010011,10501,"[1, 0, 2, 3]",315,170.6082820892334,True,11.723687181133236,19,0.00185546875
0110010011,10502,"[1, 2, 0, 3]",600,170.62664031982422,False,11.723687181133236,19,0.00185546875
0110010011,10503,"[1, 0, 2, 3]",315,170.6404685974121,True,11.723687181133236,19,0.00185546875
0110010011,10504,"[1, 2, 0, 3]",600,170.65930366516113,False,11.723687181133236,19,0.00185546875
0110010011,10505,"[1, 0, 2, 3]",315,170.67337036132812,True,11.723687181133236,19,0.00185546875
0110010011,10506,"[1, 2, 0, 3]",600,170.69220542907715,False,11.723687181133236,19,0.00185546875
0110010011,10507,"[1, 0, 2, 3]",315,170.70627212524414,True,11.723687181133236,19,0.00185546875
0110010011,10508,"[1, 2, 0, 3]",600,170.72463035583496,False,11.723687181133236,19,0.00185546875
0110010011,10509,"[1, 0, 2, 3]",315,170.74871063232422,True,11.723687181133236,19,0.00185546875
0110010011,10510,"[1, 2, 0, 3]",600,170.76683044433594,False,11.723687181133236,19,0.00185546875
0110010011,10511,"[1, 0, 2, 3]",315,170.790433883667,True,11.723687181133236,19,0.00185546875
0110010011,10512,"[1, 2, 0, 3]",600,170.8076000213623,False,11.723687181133236,19,0.00185546875
0110010011,10513,"[1, 0, 2, 3]",315,170.8207130432129,True,11.723687181133236,19,0.00185546875
0110010011,10514,"[1, 2, 0, 3]",600,170.8378791809082,False,11.723687181133236,19,0.00185546875
0110010011,10515,"[1, 0, 2, 3]",315,170.8505153656006,True,11.723687181133236,19,0.00185546875
0110010011,10516,"[1, 2, 0, 3]",600,170.8681583404541,False,11.723687181133236,19,0.00185546875
0110010011,10517,"[1, 0, 2, 3]",315,170.8810329437256,True,11.723687181133236,19,0.00185546875
0110010011,10518,"[1, 2, 0, 3]",600,170.8981990814209,False,11.723687181133236,19,0.00185546875
0110010011,10519,"[1, 0, 2, 3]",315,170.93610763549805,True,11.723687181133236,19,0.00185546875
1011101111,10520,"[3, 1, 2, 0]",9450,170.95541954040527,False,34.369145439160405,19,0.00185546875
1011101111,10521,"[3, 1, 0, 2]",900,170.96996307373047,True,34.369145439160405,19,0.00185546875
1011101111,10522,"[3, 1, 2, 0]",9450,170.9880828857422,False,34.369145439160405,19,0.00185546875
1011101111,10523,"[3, 1, 0, 2]",900,171.00191116333008,True,34.369145439160405,19,0.00185546875
1011101111,10524,"[3, 1, 2, 0]",9450,171.0193157196045,False,34.369145439160405,19,0.00185546875
1011101111,10525,"[3, 1, 0, 2]",900,171.03266716003418,True,34.369145439160405,19,0.00185546875
1011101111,10526,"[3, 1, 2, 0]",9450,171.0498332977295,False,34.369145439160405,19,0.00185546875
1011101111,10527,"[3, 1, 0, 2]",900,171.06294631958008,True,34.369145439160405,19,0.00185546875
1011101111,10528,"[3, 1, 2, 0]",9450,171.0798740386963,False,34.369145439160405,19,0.00185546875
1011101111,10529,"[3, 1, 0, 2]",900,171.09322547912598,True,34.369145439160405,19,0.00185546875
1011101111,10530,"[3, 1, 2, 0]",9450,171.1106300354004,False,34.369145439160405,19,0.00185546875
1011101111,10531,"[3, 1, 0, 2]",900,171.12374305725098,True,34.369145439160405,19,0.00185546875
1011101111,10532,"[3, 1, 2, 0]",9450,171.1413860321045,False,34.369145439160405,19,0.00185546875
1011101111,10533,"[3, 1, 0, 2]",900,171.15473747253418,True,34.369145439160405,19,0.00185546875
1011101111,10534,"[3, 1, 2, 0]",9450,171.1723804473877,False,34.369145439160405,19,0.00185546875
1011101111,10535,"[3, 1, 0, 2]",900,171.18573188781738,True,34.369145439160405,19,0.00185546875
1011101111,10536,"[3, 1, 2, 0]",9450,171.2028980255127,False,34.369145439160405,19,0.00185546875
1011101111,10537,"[3, 1, 0, 2]",900,171.21624946594238,True,34.369145439160405,19,0.00185546875
1011101111,10538,"[3, 1, 2, 0]",9450,171.2334156036377,False,34.369145439160405,19,0.00185546875
1011101111,10539,"[3, 1, 0, 2]",900,171.24652862548828,True,34.369145439160405,19,0.00185546875
1011101111,10540,"[3, 1, 2, 0]",9450,171.2656021118164,False,34.369145439160405,19,0.00185546875
1011101111,10541,"[3, 1, 0, 2]",900,171.2791919708252,True,34.369145439160405,19,0.00185546875
1011101111,10542,"[3, 1, 2, 0]",9450,171.2968349456787,False,34.369145439160405,19,0.00185546875
1011101111,10543,"[3, 1, 0, 2]",900,171.3099479675293,True,34.369145439160405,19,0.00185546875
1011101111,10544,"[3, 1, 2, 0]",9450,171.3275909423828,False,34.369145439160405,19,0.00185546875
1011101111,10545,"[3, 1, 0, 2]",900,171.3409423828125,True,34.369145439160405,19,0.00185546875
1011101111,10546,"[3, 1, 2, 0]",9450,171.35882377624512,False,34.369145439160405,19,0.00185546875
1011101111,10547,"[3, 1, 0, 2]",900,171.3724136352539,True,34.369145439160405,19,0.00185546875
1011101111,10548,"[3, 1, 2, 0]",9450,171.39005661010742,False,34.369145439160405,19,0.00185546875
1011101111,10549,"[3, 1, 0, 2]",900,171.4034080505371,True,34.369145439160405,19,0.00185546875
1011101111,10550,"[3, 1, 2, 0]",9450,171.42081260681152,False,34.369145439160405,19,0.00185546875
1011101111,10551,"[3, 1, 0, 2]",900,171.4339256286621,True,34.369145439160405,19,0.00185546875
1011101111,10552,"[3, 1, 2, 0]",9450,171.45133018493652,False,34.369145439160405,19,0.00185546875
1011101111,10553,"[3, 1, 0, 2]",900,171.4644432067871,True,34.369145439160405,19,0.00185546875
1011101111,10554,"[3, 1, 2, 0]",9450,171.48184776306152,False,34.369145439160405,19,0.00185546875
1011101111,10555,"[3, 1, 0, 2]",900,171.4949607849121,True,34.369145439160405,19,0.00185546875
1011101111,10556,"[3, 1, 2, 0]",9450,171.51236534118652,False,34.369145439160405,19,0.00185546875
1011101111,10557,"[3, 1, 0, 2]",900,171.5259552001953,True,34.369145439160405,19,0.00185546875
0010101100,10558,"[3, 2, 1, 0]",9600,171.54312133789062,False,31.817921024601603,19,0.00185546875
0010101100,10559,"[3, 2, 1, 0]",9600,171.55861854553223,True,31.817921024601603,19,0.00185546875
0010101100,10560,"[3, 2, 1, 0]",9600,171.57626152038574,False,31.817921024601603,19,0.00185546875
0010101100,10561,"[3, 2, 1, 0]",9600,171.59032821655273,True,31.817921024601603,19,0.00185546875
0010101100,10562,"[3, 2, 1, 0]",9600,171.61035537719727,False,31.817921024601603,19,0.00185546875
0010101100,10563,"[3, 2, 1, 0]",9600,171.62418365478516,True,31.817921024601603,19,0.00185546875
0010101100,10564,"[3, 2, 1, 0]",9600,171.64158821105957,False,31.817921024601603,19,0.00185546875
0010101100,10565,"[3, 2, 1, 0]",9600,171.65446281433105,True,31.817921024601603,19,0.00185546875
0010101100,10566,"[3, 2, 1, 0]",9600,171.67162895202637,False,31.817921024601603,19,0.00185546875
0010101100,10567,"[3, 2, 1, 0]",9600,171.68474197387695,True,31.817921024601603,19,0.00185546875
0010101100,10568,"[3, 2, 1, 0]",9600,171.70143127441406,False,31.817921024601603,19,0.00185546875
0010101100,10569,"[3, 2, 1, 0]",9600,171.71430587768555,True,31.817921024601603,19,0.00185546875
0010101100,10570,"[3, 2, 1, 0]",9600,171.73314094543457,False,31.817921024601603,19,0.00185546875
0010101100,10571,"[3, 2, 1, 0]",9600,171.74625396728516,True,31.817921024601603,19,0.00185546875
0010101100,10572,"[3, 2, 1, 0]",9600,171.76437377929688,False,31.817921024601603,19,0.00185546875
0010101100,10573,"[3, 2, 1, 0]",9600,171.77700996398926,True,31.817921024601603,19,0.00185546875
0010101100,10574,"[3, 2, 1, 0]",9600,171.79441452026367,False,31.817921024601603,19,0.00185546875
0010101100,10575,"[3, 2, 1, 0]",9600,171.80728912353516,True,31.817921024601603,19,0.00185546875
0010101100,10576,"[3, 2, 1, 0]",9600,171.82445526123047,False,31.817921024601603,19,0.00185546875
0010101100,10577,"[3, 2, 1, 0]",9600,171.83685302734375,True,31.817921024601603,19,0.00185546875
0010101100,10578,"[3, 2, 1, 0]",9600,171.85401916503906,False,31.817921024601603,19,0.00185546875
0010101100,10579,"[3, 2, 1, 0]",9600,171.86689376831055,True,31.817921024601603,19,0.00185546875
0010101100,10580,"[3, 2, 1, 0]",9600,171.88405990600586,False,31.817921024601603,19,0.00185546875
0010101100,10581,"[3, 2, 1, 0]",9600,171.89669609069824,True,31.817921024601603,19,0.00185546875
0010101100,10582,"[3, 2, 1, 0]",9600,171.91529273986816,False,31.817921024601603,19,0.00185546875
0010101100,10583,"[3, 2, 1, 0]",9600,171.92864418029785,True,31.817921024601603,19,0.00185546875
0010101100,10584,"[3, 2, 1, 0]",9600,171.94604873657227,False,31.817921024601603,19,0.00185546875
0010101100,10585,"[3, 2, 1, 0]",9600,171.95892333984375,True,31.817921024601603,19,0.00185546875
0010101100,10586,"[3, 2, 1, 0]",9600,171.97608947753906,False,31.817921024601603,19,0.00185546875
0010101100,10587,"[3, 2, 1, 0]",9600,171.98896408081055,True,31.817921024601603,19,0.00185546875
0010101100,10588,"[3, 2, 1, 0]",9600,172.00613021850586,False,31.817921024601603,19,0.00185546875
0010101100,10589,"[3, 2, 1, 0]",9600,172.01924324035645,True,31.817921024601603,19,0.00185546875
0010101100,10590,"[3, 2, 1, 0]",9600,172.03640937805176,False,31.817921024601603,19,0.00185546875
0010101100,10591,"[3, 2, 1, 0]",9600,172.04928398132324,True,31.817921024601603,19,0.00185546875
0010101100,10592,"[3, 2, 1, 0]",9600,172.06597328186035,False,31.817921024601603,19,0.00185546875
0010101100,10593,"[3, 2, 1, 0]",9600,172.07884788513184,True,31.817921024601603,19,0.00185546875
0010101100,10594,"[3, 2, 1, 0]",9600,172.09625244140625,False,31.817921024601603,19,0.00185546875
0010101100,10595,"[3, 2, 1, 0]",9600,172.10888862609863,True,31.817921024601603,19,0.00185546875
1001001111,10596,"[3, 0, 1, 2]",750,172.12653160095215,False,12.91499881684798,19,0.00185546875
1001001111,10597,"[3, 0, 1, 2]",750,172.14012145996094,True,12.91499881684798,19,0.00185546875
1001001111,10598,"[3, 0, 1, 2]",750,172.15752601623535,False,12.91499881684798,19,0.00185546875
1001001111,10599,"[3, 0, 1, 2]",750,172.17063903808594,True,12.91499881684798,19,0.00185546875
1001001111,10600,"[3, 0, 1, 2]",750,172.18780517578125,False,12.91499881684798,19,0.00185546875
1001001111,10601,"[3, 0, 1, 2]",750,172.20067977905273,True,12.91499881684798,19,0.00185546875
1001001111,10602,"[3, 0, 1, 2]",750,172.21784591674805,False,12.91499881684798,19,0.00185546875
1001001111,10603,"[3, 0, 1, 2]",750,172.23215103149414,True,12.91499881684798,19,0.00185546875
1001001111,10604,"[3, 0, 1, 2]",750,172.25027084350586,False,12.91499881684798,19,0.00185546875
1001001111,10605,"[3, 0, 1, 2]",750,172.26314544677734,True,12.91499881684798,19,0.00185546875
1001001111,10606,"[3, 0, 1, 2]",750,172.28031158447266,False,12.91499881684798,19,0.00185546875
1001001111,10607,"[3, 0, 1, 2]",750,172.29318618774414,True,12.91499881684798,19,0.00185546875
1001001111,10608,"[3, 0, 1, 2]",750,172.31035232543945,False,12.91499881684798,19,0.00185546875
1001001111,10609,"[3, 0, 1, 2]",750,172.32370376586914,True,12.91499881684798,19,0.00185546875
1001001111,10610,"[3, 0, 1, 2]",750,172.34086990356445,False,12.91499881684798,19,0.00185546875
1001001111,10611,"[3, 0, 1, 2]",750,172.35374450683594,True,12.91499881684798,19,0.00185546875
1001001111,10612,"[3, 0, 1, 2]",750,172.37091064453125,False,12.91499881684798,19,0.00185546875
1001001111,10613,"[3, 0, 1, 2]",750,172.38402366638184,True,12.91499881684798,19,0.00185546875
1001001111,10614,"[3, 0, 1, 2]",750,172.40118980407715,False,12.91499881684798,19,0.00185546875
1001001111,10615,"[3, 0, 1, 2]",750,172.41430282592773,True,12.91499881684798,19,0.00185546875
1001001111,10616,"[3, 0, 1, 2]",750,172.43146896362305,False,12.91499881684798,19,0.00185546875
1001001111,10617,"[3, 0, 1, 2]",750,172.44434356689453,True,12.91499881684798,19,0.00185546875
1001001111,10618,"[3, 0, 1, 2]",750,172.46150970458984,False,12.91499881684798,19,0.00185546875
1001001111,10619,"[3, 0, 1, 2]",750,172.47462272644043,True,12.91499881684798,19,0.00185546875
1001001111,10620,"[3, 0, 1, 2]",750,172.49298095703125,False,12.91499881684798,19,0.00185546875
1001001111,10621,"[3, 0, 1, 2]",750,172.50680923461914,True,12.91499881684798,19,0.00185546875
1001001111,10622,"[3, 0, 1, 2]",750,172.52492904663086,False,12.91499881684798,19,0.00185546875
1001001111,10623,"[3, 0, 1, 2]",750,172.53780364990234,True,12.91499881684798,19,0.00185546875
1001001111,10624,"[3, 0, 1, 2]",750,172.55687713623047,False,12.91499881684798,19,0.00185546875
1001001111,10625,"[3, 0, 1, 2]",750,172.57022857666016,True,12.91499881684798,19,0.00185546875
1001001111,10626,"[3, 0, 1, 2]",750,172.58787155151367,False,12.91499881684798,19,0.00185546875
1001001111,10627,"[3, 0, 1, 2]",750,172.60098457336426,True,12.91499881684798,19,0.00185546875
1001001111,10628,"[3, 0, 1, 2]",750,172.61791229248047,False,12.91499881684798,19,0.00185546875
1001001111,10629,"[3, 0, 1, 2]",750,172.63078689575195,True,12.91499881684798,19,0.00185546875
1001001111,10630,"[3, 0, 1, 2]",750,172.64795303344727,False,12.91499881684798,19,0.00185546875
1001001111,10631,"[3, 0, 1, 2]",750,172.66082763671875,True,12.91499881684798,19,0.00185546875
1001001111,10632,"[3, 0, 1, 2]",750,172.67823219299316,False,12.91499881684798,19,0.00185546875
1001001111,10633,"[3, 0, 1, 2]",750,172.69086837768555,True,12.91499881684798,19,0.00185546875
0111000000,10634,"[1, 0, 3, 2]",465,172.70803451538086,False,10.118563817365718,19,0.00185546875
0111000000,10635,"[1, 0, 3, 2]",465,172.72162437438965,True,10.118563817365718,19,0.00185546875
0111000000,10636,"[1, 0, 3, 2]",465,172.73902893066406,False,10.118563817365718,19,0.00185546875
0111000000,10637,"[1, 0, 3, 2]",465,172.75238037109375,True,10.118563817365718,19,0.00185546875
0111000000,10638,"[1, 0, 3, 2]",465,172.77002334594727,False,10.118563817365718,19,0.00185546875
0111000000,10639,"[1, 0, 3, 2]",465,172.78313636779785,True,10.118563817365718,19,0.00185546875
0111000000,10640,"[1, 0, 3, 2]",465,172.80054092407227,False,10.118563817365718,19,0.00185546875
0111000000,10641,"[1, 0, 3, 2]",465,172.81341552734375,True,10.118563817365718,19,0.00185546875
0111000000,10642,"[1, 0, 3, 2]",465,172.83058166503906,False,10.118563817365718,19,0.00185546875
0111000000,10643,"[1, 0, 3, 2]",465,172.84345626831055,True,10.118563817365718,19,0.00185546875
0111000000,10644,"[1, 0, 3, 2]",465,172.86062240600586,False,10.118563817365718,19,0.00185546875
0111000000,10645,"[1, 0, 3, 2]",465,172.87540435791016,True,10.118563817365718,19,0.00185546875
0111000000,10646,"[1, 0, 3, 2]",465,172.89304733276367,False,10.118563817365718,19,0.00185546875
0111000000,10647,"[1, 0, 3, 2]",465,172.90568351745605,True,10.118563817365718,19,0.00185546875
0111000000,10648,"[1, 0, 3, 2]",465,172.92332649230957,False,10.118563817365718,19,0.00185546875
0111000000,10649,"[1, 0, 3, 2]",465,172.93620109558105,True,10.118563817365718,19,0.00185546875
0111000000,10650,"[1, 0, 3, 2]",465,172.95360565185547,False,10.118563817365718,19,0.00185546875
0111000000,10651,"[1, 0, 3, 2]",465,172.96648025512695,True,10.118563817365718,19,0.00185546875
0111000000,10652,"[1, 0, 3, 2]",465,172.98364639282227,False,10.118563817365718,19,0.00185546875
0111000000,10653,"[1, 0, 3, 2]",465,172.99628257751465,True,10.118563817365718,19,0.00185546875
0111000000,10654,"[1, 0, 3, 2]",465,173.01344871520996,False,10.118563817365718,19,0.00185546875
0111000000,10655,"[1, 0, 3, 2]",465,173.02632331848145,True,10.118563817365718,19,0.00185546875
0111000000,10656,"[1, 0, 3, 2]",465,173.04348945617676,False,10.118563817365718,19,0.00185546875
0111000000,10657,"[1, 0, 3, 2]",465,173.05612564086914,True,10.118563817365718,19,0.00185546875
0111000000,10658,"[1, 0, 3, 2]",465,173.07305335998535,False,10.118563817365718,19,0.00185546875
0111000000,10659,"[1, 0, 3, 2]",465,173.08592796325684,True,10.118563817365718,19,0.00185546875
0111000000,10660,"[1, 0, 3, 2]",465,173.10309410095215,False,10.118563817365718,19,0.00185546875
0111000000,10661,"[1, 0, 3, 2]",465,173.11573028564453,True,10.118563817365718,19,0.00185546875
0111000000,10662,"[1, 0, 3, 2]",465,173.13313484191895,False,10.118563817365718,19,0.00185546875
0111000000,10663,"[1, 0, 3, 2]",465,173.14600944519043,True,10.118563817365718,19,0.00185546875
0111000000,10664,"[1, 0, 3, 2]",465,173.16293716430664,False,10.118563817365718,19,0.00185546875
0111000000,10665,"[1, 0, 3, 2]",465,173.17581176757812,True,10.118563817365718,19,0.00185546875
0111000000,10666,"[1, 0, 3, 2]",465,173.19464683532715,False,10.118563817365718,19,0.00185546875
0111000000,10667,"[1, 0, 3, 2]",465,173.20752143859863,True,10.118563817365718,19,0.00185546875
0111000000,10668,"[1, 0, 3, 2]",465,173.22492599487305,False,10.118563817365718,19,0.00185546875
0111000000,10669,"[1, 0, 3, 2]",465,173.23803901672363,True,10.118563817365718,19,0.00185546875
0111000000,10670,"[1, 0, 3, 2]",465,173.25663566589355,False,10.118563817365718,19,0.00185546875
0111000000,10671,"[1, 0, 3, 2]",465,173.27046394348145,True,10.118563817365718,19,0.00185546875
1011001001,10672,"[1, 3, 0, 2]",900,173.28834533691406,False,29.37696980232058,19,0.00185546875
1011001001,10673,"[1, 0, 3, 2]",465,173.30145835876465,True,29.37696980232058,19,0.00185546875
1011001001,10674,"[1, 3, 0, 2]",900,173.31862449645996,False,29.37696980232058,19,0.00185546875
1011001001,10675,"[1, 0, 3, 2]",465,173.33197593688965,True,29.37696980232058,19,0.00185546875
1011001001,10676,"[1, 3, 0, 2]",900,173.34914207458496,False,29.37696980232058,19,0.00185546875
1011001001,10677,"[1, 0, 3, 2]",465,173.36225509643555,True,29.37696980232058,19,0.00185546875
1011001001,10678,"[1, 3, 0, 2]",900,173.37965965270996,False,29.37696980232058,19,0.00185546875
1011001001,10679,"[1, 0, 3, 2]",465,173.39277267456055,True,29.37696980232058,19,0.00185546875
1011001001,10680,"[1, 3, 0, 2]",900,173.41017723083496,False,29.37696980232058,19,0.00185546875
1011001001,10681,"[1, 0, 3, 2]",465,173.42305183410645,True,29.37696980232058,19,0.00185546875
1011001001,10682,"[1, 3, 0, 2]",900,173.44021797180176,False,29.37696980232058,19,0.00185546875
1011001001,10683,"[1, 0, 3, 2]",465,173.45309257507324,True,29.37696980232058,19,0.00185546875
1011001001,10684,"[1, 3, 0, 2]",900,173.47025871276855,False,29.37696980232058,19,0.00185546875
1011001001,10685,"[1, 0, 3, 2]",465,173.48647117614746,True,29.37696980232058,19,0.00185546875
1011001001,10686,"[1, 3, 0, 2]",900,173.50411415100098,False,29.37696980232058,19,0.00185546875
1011001001,10687,"[1, 0, 3, 2]",465,173.53439331054688,True,29.37696980232058,19,0.00185546875
1011001001,10688,"[1, 3, 0, 2]",900,173.5687255859375,False,29.37696980232058,19,0.00185546875
1011001001,10689,"[1, 0, 3, 2]",465,173.5823154449463,True,29.37696980232058,19,0.00185546875
1011001001,10690,"[1, 3, 0, 2]",900,173.6009120941162,False,29.37696980232058,19,0.00185546875
1011001001,10691,"[1, 0, 3, 2]",465,173.6142635345459,True,29.37696980232058,19,0.00185546875
1011001001,10692,"[1, 3, 0, 2]",900,173.63286018371582,False,29.37696980232058,19,0.00185546875
1011001001,10693,"[1, 0, 3, 2]",465,173.6466884613037,True,29.37696980232058,19,0.00185546875
1011001001,10694,"[1, 3, 0, 2]",900,173.66504669189453,False,29.37696980232058,19,0.00185546875
1011001001,10695,"[1, 0, 3, 2]",465,173.67887496948242,True,29.37696980232058,19,0.00185546875
1011001001,10696,"[1, 3, 0, 2]",900,173.69723320007324,False,29.37696980232058,19,0.00185546875
1011001001,10697,"[1, 0, 3, 2]",465,173.71106147766113,True,29.37696980232058,19,0.00185546875
1011001001,10698,"[1, 3, 0, 2]",900,173.72941970825195,False,29.37696980232058,19,0.00185546875
1011001001,10699,"[1, 0, 3, 2]",465,173.74324798583984,True,29.37696980232058,19,0.00185546875
1011001001,10700,"[1, 3, 0, 2]",900,173.76160621643066,False,29.37696980232058,19,0.00185546875
1011001001,10701,"[1, 0, 3, 2]",465,173.77519607543945,True,29.37696980232058,19,0.00185546875
1011001001,10702,"[1, 3, 0, 2]",900,173.79331588745117,False,29.37696980232058,19,0.00185546875
1011001001,10703,"[1, 0, 3, 2]",465,173.80714416503906,True,29.37696980232058,19,0.00185546875
1011001001,10704,"[1, 3, 0, 2]",900,173.82550239562988,False,29.37696980232058,19,0.00185546875
1011001001,10705,"[1, 0, 3, 2]",465,173.83933067321777,True,29.37696980232058,19,0.00185546875
1011001001,10706,"[1, 3, 0, 2]",900,173.8579273223877,False,29.37696980232058,19,0.00185546875
1011001001,10707,"[1, 0, 3, 2]",465,173.8717555999756,True,29.37696980232058,19,0.00185546875
1011001001,10708,"[1, 3, 0, 2]",900,173.89178276062012,False,29.37696980232058,19,0.00185546875
1011001001,10709,"[1, 0, 3, 2]",465,173.9063262939453,True,29.37696980232058,19,0.00185546875
1110011100,10710,"[3, 0, 1, 2]",750,173.92539978027344,False,31.620388541580255,18,0.0017578125
1110011100,10711,"[3, 0, 1, 2]",750,173.93970489501953,True,31.620388541580255,18,0.0017578125
1110011100,10712,"[3, 0, 1, 2]",750,173.95782470703125,False,31.620388541580255,18,0.0017578125
1110011100,10713,"[3, 0, 1, 2]",750,173.97212982177734,True,31.620388541580255,18,0.0017578125
1110011100,10714,"[3, 0, 1, 2]",750,173.99048805236816,False,31.620388541580255,18,0.0017578125
1110011100,10715,"[3, 0, 1, 2]",750,174.00455474853516,True,31.620388541580255,18,0.0017578125
1110011100,10716,"[3, 0, 1, 2]",750,174.02291297912598,False,31.620388541580255,18,0.0017578125
1110011100,10717,"[3, 0, 1, 2]",750,174.03674125671387,True,31.620388541580255,18,0.0017578125
1110011100,10718,"[3, 0, 1, 2]",750,174.0550994873047,False,31.620388541580255,18,0.0017578125
1110011100,10719,"[3, 0, 1, 2]",750,174.06892776489258,True,31.620388541580255,18,0.0017578125
1110011100,10720,"[3, 0, 1, 2]",750,174.0872859954834,False,31.620388541580255,18,0.0017578125
1110011100,10721,"[3, 0, 1, 2]",750,174.1030216217041,True,31.620388541580255,18,0.0017578125
1110011100,10722,"[3, 0, 1, 2]",750,174.12209510803223,False,31.620388541580255,18,0.0017578125
1110011100,10723,"[3, 0, 1, 2]",750,174.13663864135742,True,31.620388541580255,18,0.0017578125
1110011100,10724,"[3, 0, 1, 2]",750,174.15523529052734,False,31.620388541580255,18,0.0017578125
1110011100,10725,"[3, 0, 1, 2]",750,174.16954040527344,True,31.620388541580255,18,0.0017578125
1110011100,10726,"[3, 0, 1, 2]",750,174.18837547302246,False,31.620388541580255,18,0.0017578125
1110011100,10727,"[3, 0, 1, 2]",750,174.20434951782227,True,31.620388541580255,18,0.0017578125
1110011100,10728,"[3, 0, 1, 2]",750,174.2229461669922,False,31.620388541580255,18,0.0017578125
1110011100,10729,"[3, 0, 1, 2]",750,174.23772811889648,True,31.620388541580255,18,0.0017578125
1110011100,10730,"[3, 0, 1, 2]",750,174.25799369812012,False,31.620388541580255,18,0.0017578125
1110011100,10731,"[3, 0, 1, 2]",750,174.2722988128662,True,31.620388541580255,18,0.0017578125
1110011100,10732,"[3, 0, 1, 2]",750,174.29089546203613,False,31.620388541580255,18,0.0017578125
1110011100,10733,"[3, 0, 1, 2]",750,174.30472373962402,True,31.620388541580255,18,0.0017578125
1110011100,10734,"[3, 0, 1, 2]",750,174.32355880737305,False,31.620388541580255,18,0.0017578125
1110011100,10735,"[3, 0, 1, 2]",750,174.33738708496094,True,31.620388541580255,18,0.0017578125
1110011100,10736,"[3, 0, 1, 2]",750,174.35574531555176,False,31.620388541580255,18,0.0017578125
1110011100,10737,"[3, 0, 1, 2]",750,174.36957359313965,True,31.620388541580255,18,0.0017578125
1110011100,10738,"[3, 0, 1, 2]",750,174.38793182373047,False,31.620388541580255,18,0.0017578125
1110011100,10739,"[3, 0, 1, 2]",750,174.40199851989746,True,31.620388541580255,18,0.0017578125
1110011100,10740,"[3, 0, 1, 2]",750,174.42035675048828,False,31.620388541580255,18,0.0017578125
1110011100,10741,"[3, 0, 1, 2]",750,174.43418502807617,True,31.620388541580255,18,0.0017578125
1110011100,10742,"[3, 0, 1, 2]",750,174.452543258667,False,31.620388541580255,18,0.0017578125
1110011100,10743,"[3, 0, 1, 2]",750,174.46613311767578,True,31.620388541580255,18,0.0017578125
1110011100,10744,"[3, 0, 1, 2]",750,174.4847297668457,False,31.620388541580255,18,0.0017578125
1110011100,10745,"[3, 0, 1, 2]",750,174.4983196258545,True,31.620388541580255,18,0.0017578125
1101111011,10746,"[2, 0, 3, 1]",6200,174.5169162750244,False,19.854254080592128,18,0.0017578125
1101111011,10747,"[2, 0, 1, 3]",500,174.5312213897705,True,19.854254080592128,18,0.0017578125
1101111011,10748,"[2, 0, 3, 1]",6200,174.55005645751953,False,19.854254080592128,18,0.0017578125
1101111011,10749,"[2, 0, 1, 3]",500,174.56436157226562,True,19.854254080592128,18,0.0017578125
1101111011,10750,"[2, 0, 3, 1]",6200,174.58486557006836,False,19.854254080592128,18,0.0017578125
1101111011,10751,"[2, 0, 1, 3]",500,174.59940910339355,True,19.854254080592128,18,0.0017578125
1101111011,10752,"[2, 0, 3, 1]",6200,174.61872100830078,False,19.854254080592128,18,0.0017578125
1101111011,10753,"[2, 0, 1, 3]",500,174.63254928588867,True,19.854254080592128,18,0.0017578125
1101111011,10754,"[2, 0, 3, 1]",6200,174.6511459350586,False,19.854254080592128,18,0.0017578125
1101111011,10755,"[2, 0, 1, 3]",500,174.66497421264648,True,19.854254080592128,18,0.0017578125
1101111011,10756,"[2, 0, 3, 1]",6200,174.6833324432373,False,19.854254080592128,18,0.0017578125
1101111011,10757,"[2, 0, 1, 3]",500,174.6969223022461,True,19.854254080592128,18,0.0017578125
1101111011,10758,"[2, 0, 3, 1]",6200,174.71551895141602,False,19.854254080592128,18,0.0017578125
1101111011,10759,"[2, 0, 1, 3]",500,174.7293472290039,True,19.854254080592128,18,0.0017578125
1101111011,10760,"[2, 0, 3, 1]",6200,174.74770545959473,False,19.854254080592128,18,0.0017578125
1101111011,10761,"[2, 0, 1, 3]",500,174.76153373718262,True,19.854254080592128,18,0.0017578125
1101111011,10762,"[2, 0, 3, 1]",6200,174.77989196777344,False,19.854254080592128,18,0.0017578125
1101111011,10763,"[2, 0, 1, 3]",500,174.79348182678223,True,19.854254080592128,18,0.0017578125
1101111011,10764,"[2, 0, 3, 1]",6200,174.81231689453125,False,19.854254080592128,18,0.0017578125
1101111011,10765,"[2, 0, 1, 3]",500,174.82614517211914,True,19.854254080592128,18,0.0017578125
1101111011,10766,"[2, 0, 3, 1]",6200,174.84450340270996,False,19.854254080592128,18,0.0017578125
1101111011,10767,"[2, 0, 1, 3]",500,174.85833168029785,True,19.854254080592128,18,0.0017578125
1101111011,10768,"[2, 0, 3, 1]",6200,174.87692832946777,False,19.854254080592128,18,0.0017578125
1101111011,10769,"[2, 0, 1, 3]",500,174.89075660705566,True,19.854254080592128,18,0.0017578125
1101111011,10770,"[2, 0, 3, 1]",6200,174.90911483764648,False,19.854254080592128,18,0.0017578125
1101111011,10771,"[2, 0, 1, 3]",500,174.9258041381836,True,19.854254080592128,18,0.0017578125
1101111011,10772,"[2, 0, 3, 1]",6200,174.94702339172363,False,19.854254080592128,18,0.0017578125
1101111011,10773,"[2, 0, 1, 3]",500,174.96109008789062,True,19.854254080592128,18,0.0017578125
1101111011,10774,"[2, 0, 3, 1]",6200,174.98040199279785,False,19.854254080592128,18,0.0017578125
1101111011,10775,"[2, 0, 1, 3]",500,174.99423027038574,True,19.854254080592128,18,0.0017578125
1101111011,10776,"[2, 0, 3, 1]",6200,175.01282691955566,False,19.854254080592128,18,0.0017578125
1101111011,10777,"[2, 0, 1, 3]",500,175.02713203430176,True,19.854254080592128,18,0.0017578125
1101111011,10778,"[2, 0, 3, 1]",6200,175.04596710205078,False,19.854254080592128,18,0.0017578125
1101111011,10779,"[2, 0, 1, 3]",500,175.06051063537598,True,19.854254080592128,18,0.0017578125
1101111011,10780,"[2, 0, 3, 1]",6200,175.0791072845459,False,19.854254080592128,18,0.0017578125
1101111011,10781,"[2, 0, 1, 3]",500,175.0936508178711,True,19.854254080592128,18,0.0017578125
1000101100,10782,"[3, 2, 0, 1]",6600,175.11224746704102,False,30.456314071920083,18,0.0017578125
1000101100,10783,"[3, 2, 0, 1]",6600,175.1265525817871,True,30.456314071920083,18,0.0017578125
1000101100,10784,"[3, 2, 0, 1]",6600,175.14491081237793,False,30.456314071920083,18,0.0017578125
1000101100,10785,"[3, 2, 0, 1]",6600,175.15897750854492,True,30.456314071920083,18,0.0017578125
1000101100,10786,"[3, 2, 0, 1]",6600,175.17757415771484,False,30.456314071920083,18,0.0017578125
1000101100,10787,"[3, 2, 0, 1]",6600,175.19164085388184,True,30.456314071920083,18,0.0017578125
1000101100,10788,"[3, 2, 0, 1]",6600,175.20976066589355,False,30.456314071920083,18,0.0017578125
1000101100,10789,"[3, 2, 0, 1]",6600,175.22382736206055,True,30.456314071920083,18,0.0017578125
1000101100,10790,"[3, 2, 0, 1]",6600,175.24218559265137,False,30.456314071920083,18,0.0017578125
1000101100,10791,"[3, 2, 0, 1]",6600,175.25601387023926,True,30.456314071920083,18,0.0017578125
1000101100,10792,"[3, 2, 0, 1]",6600,175.2760410308838,False,30.456314071920083,18,0.0017578125
1000101100,10793,"[3, 2, 0, 1]",6600,175.29010772705078,True,30.456314071920083,18,0.0017578125
1000101100,10794,"[3, 2, 0, 1]",6600,175.3091812133789,False,30.456314071920083,18,0.0017578125
1000101100,10795,"[3, 2, 0, 1]",6600,175.3230094909668,True,30.456314071920083,18,0.0017578125
1000101100,10796,"[3, 2, 0, 1]",6600,175.34136772155762,False,30.456314071920083,18,0.0017578125
1000101100,10797,"[3, 2, 0, 1]",6600,175.3551959991455,True,30.456314071920083,18,0.0017578125
1000101100,10798,"[3, 2, 0, 1]",6600,175.37355422973633,False,30.456314071920083,18,0.0017578125
1000101100,10799,"[3, 2, 0, 1]",6600,175.38714408874512,True,30.456314071920083,18,0.0017578125
1000101100,10800,"[3, 2, 0, 1]",6600,175.40550231933594,False,30.456314071920083,18,0.0017578125
1000101100,10801,"[3, 2, 0, 1]",6600,175.41909217834473,True,30.456314071920083,18,0.0017578125
1000101100,10802,"[3, 2, 0, 1]",6600,175.43792724609375,False,30.456314071920083,18,0.0017578125
1000101100,10803,"[3, 2, 0, 1]",6600,175.462007522583,True,30.456314071920083,18,0.0017578125
1000101100,10804,"[3, 2, 0, 1]",6600,175.48012733459473,False,30.456314071920083,18,0.0017578125
1000101100,10805,"[3, 2, 0, 1]",6600,175.49371719360352,True,30.456314071920083,18,0.0017578125
1000101100,10806,"[3, 2, 0, 1]",6600,175.51183700561523,False,30.456314071920083,18,0.0017578125
1000101100,10807,"[3, 2, 0, 1]",6600,175.52566528320312,True,30.456314071920083,18,0.0017578125
1000101100,10808,"[3, 2, 0, 1]",6600,175.54378509521484,False,30.456314071920083,18,0.0017578125
1000101100,10809,"[3, 2, 0, 1]",6600,175.55737495422363,True,30.456314071920083,18,0.0017578125
1000101100,10810,"[3, 2, 0, 1]",6600,175.57525634765625,False,30.456314071920083,18,0.0017578125
1000101100,10811,"[3, 2, 0, 1]",6600,175.58860778808594,True,30.456314071920083,18,0.0017578125
1000101100,10812,"[3, 2, 0, 1]",6600,175.60648918151855,False,30.456314071920083,18,0.0017578125
1000101100,10813,"[3, 2, 0, 1]",6600,175.62150955200195,True,30.456314071920083,18,0.0017578125
1000101100,10814,"[3, 2, 0, 1]",6600,175.64034461975098,False,30.456314071920083,18,0.0017578125
1000101100,10815,"[3, 2, 0, 1]",6600,175.65369606018066,True,30.456314071920083,18,0.0017578125
1000101100,10816,"[3, 2, 0, 1]",6600,175.67181587219238,False,30.456314071920083,18,0.0017578125
1000101100,10817,"[3, 2, 0, 1]",6600,175.68516731262207,True,30.456314071920083,18,0.0017578125
1000000000,10818,"[0, 3, 2, 1]",6300,175.7030487060547,False,23.0,18,0.0017578125
1000000000,10819,"[0, 1, 3, 2]",465,175.71759223937988,True,23.0,18,0.0017578125
1000000000,10820,"[0, 3, 2, 1]",6300,175.7361888885498,False,23.0,18,0.0017578125
1000000000,10821,"[0, 1, 3, 2]",465,175.7502555847168,True,23.0,18,0.0017578125
1000000000,10822,"[0, 3, 2, 1]",6300,175.77004432678223,False,23.0,18,0.0017578125
1000000000,10823,"[0, 1, 3, 2]",465,175.78482627868652,True,23.0,18,0.0017578125
1000000000,10824,"[0, 3, 2, 1]",6300,175.80318450927734,False,23.0,18,0.0017578125
1000000000,10825,"[0, 1, 3, 2]",465,175.81701278686523,True,23.0,18,0.0017578125
1000000000,10826,"[0, 3, 2, 1]",6300,175.83537101745605,False,23.0,18,0.0017578125
1000000000,10827,"[0, 1, 3, 2]",465,175.84896087646484,True,23.0,18,0.0017578125
1000000000,10828,"[0, 3, 2, 1]",6300,175.86708068847656,False,23.0,18,0.0017578125
1000000000,10829,"[0, 1, 3, 2]",465,175.88090896606445,True,23.0,18,0.0017578125
1000000000,10830,"[0, 3, 2, 1]",6300,175.89926719665527,False,23.0,18,0.0017578125
1000000000,10831,"[0, 1, 3, 2]",465,175.91333389282227,True,23.0,18,0.0017578125
1000000000,10832,"[0, 3, 2, 1]",6300,175.93073844909668,False,23.0,18,0.0017578125
1000000000,10833,"[0, 1, 3, 2]",465,175.94480514526367,True,23.0,18,0.0017578125
1000000000,10834,"[0, 3, 2, 1]",6300,175.9638786315918,False,23.0,18,0.0017578125
1000000000,10835,"[0, 1, 3, 2]",465,175.9779453277588,True,23.0,18,0.0017578125
1000000000,10836,"[0, 3, 2, 1]",6300,175.9967803955078,False,23.0,18,0.0017578125
1000000000,10837,"[0, 1, 3, 2]",465,176.0103702545166,True,23.0,18,0.0017578125
1000000000,10838,"[0, 3, 2, 1]",6300,176.02825164794922,False,23.0,18,0.0017578125
1000000000,10839,"[0, 1, 3, 2]",465,176.041841506958,True,23.0,18,0.0017578125
1000000000,10840,"[0, 3, 2, 1]",6300,176.05972290039062,False,23.0,18,0.0017578125
1000000000,10841,"[0, 1, 3, 2]",465,176.0730743408203,True,23.0,18,0.0017578125
1000000000,10842,"[0, 3, 2, 1]",6300,176.09095573425293,False,23.0,18,0.0017578125
1000000000,10843,"[0, 1, 3, 2]",465,176.10454559326172,True,23.0,18,0.0017578125
1000000000,10844,"[0, 3, 2, 1]",6300,176.12242698669434,False,23.0,18,0.0017578125
1000000000,10845,"[0, 1, 3, 2]",465,176.13554000854492,True,23.0,18,0.0017578125
1000000000,10846,"[0, 3, 2, 1]",6300,176.15342140197754,False,23.0,18,0.0017578125
1000000000,10847,"[0, 1, 3, 2]",465,176.16677284240723,True,23.0,18,0.0017578125
1000000000,10848,"[0, 3, 2, 1]",6300,176.18465423583984,False,23.0,18,0.0017578125
1000000000,10849,"[0, 1, 3, 2]",465,176.19776725769043,True,23.0,18,0.0017578125
1000000000,10850,"[0, 3, 2, 1]",6300,176.21564865112305,False,23.0,18,0.0017578125
1000000000,10851,"[0, 1, 3, 2]",465,176.22900009155273,True,23.0,18,0.0017578125
1000000000,10852,"[0, 3, 2, 1]",6300,176.24711990356445,False,23.0,18,0.0017578125
1000000000,10853,"[0, 1, 3, 2]",465,176.26070976257324,True,23.0,18,0.0017578125
1100111010,10854,"[2, 0, 3, 1]",6200,176.28931999206543,False,21.012863410953585,18,0.0017578125
1100111010,10855,"[2, 0, 1, 3]",500,176.30457878112793,True,21.012863410953585,18,0.0017578125
1100111010,10856,"[2, 0, 3, 1]",6200,176.32293701171875,False,21.012863410953585,18,0.0017578125
1100111010,10857,"[2, 0, 1, 3]",500,176.33676528930664,True,21.012863410953585,18,0.0017578125
1100111010,10858,"[2, 0, 3, 1]",6200,176.35416984558105,False,21.012863410953585,18,0.0017578125
1100111010,10859,"[2, 0, 1, 3]",500,176.36775970458984,True,21.012863410953585,18,0.0017578125
1100111010,10860,"[2, 0, 3, 1]",6200,176.38516426086426,False,21.012863410953585,18,0.0017578125
1100111010,10861,"[2, 0, 1, 3]",500,176.39827728271484,True,21.012863410953585,18,0.0017578125
1100111010,10862,"[2, 0, 3, 1]",6200,176.41568183898926,False,21.012863410953585,18,0.0017578125
1100111010,10863,"[2, 0, 1, 3]",500,176.42903327941895,True,21.012863410953585,18,0.0017578125
1100111010,10864,"[2, 0, 3, 1]",6200,176.44643783569336,False,21.012863410953585,18,0.0017578125
1100111010,10865,"[2, 0, 1, 3]",500,176.45955085754395,True,21.012863410953585,18,0.0017578125
1100111010,10866,"[2, 0, 3, 1]",6200,176.47719383239746,False,21.012863410953585,18,0.0017578125
1100111010,10867,"[2, 0, 1, 3]",500,176.5120029449463,True,21.012863410953585,18,0.0017578125
1100111010,10868,"[2, 0, 3, 1]",6200,176.530122756958,False,21.012863410953585,18,0.0017578125
1100111010,10869,"[2, 0, 1, 3]",500,176.5434741973877,True,21.012863410953585,18,0.0017578125
1100111010,10870,"[2, 0, 3, 1]",6200,176.5611171722412,False,21.012863410953585,18,0.0017578125
1100111010,10871,"[2, 0, 1, 3]",500,176.5742301940918,True,21.012863410953585,18,0.0017578125
1100111010,10872,"[2, 0, 3, 1]",6200,176.59282684326172,False,21.012863410953585,18,0.0017578125
1100111010,10873,"[2, 0, 1, 3]",500,176.6066551208496,True,21.012863410953585,18,0.0017578125
1100111010,10874,"[2, 0, 3, 1]",6200,176.62477493286133,False,21.012863410953585,18,0.0017578125
1100111010,10875,"[2, 0, 1, 3]",500,176.6376495361328,True,21.012863410953585,18,0.0017578125
1100111010,10876,"[2, 0, 3, 1]",6200,176.65696144104004,False,21.012863410953585,18,0.0017578125
1100111010,10877,"[2, 0, 1, 3]",500,176.67055130004883,True,21.012863410953585,18,0.0017578125
1100111010,10878,"[2, 0, 3, 1]",6200,176.68819427490234,False,21.012863410953585,18,0.0017578125
1100111010,10879,"[2, 0, 1, 3]",500,176.70130729675293,True,21.012863410953585,18,0.0017578125
1100111010,10880,"[2, 0, 3, 1]",6200,176.71895027160645,False,21.012863410953585,18,0.0017578125
1100111010,10881,"[2, 0, 1, 3]",500,176.73206329345703,True,21.012863410953585,18,0.0017578125
1100111010,10882,"[2, 0, 3, 1]",6200,176.74970626831055,False,21.012863410953585,18,0.0017578125
1100111010,10883,"[2, 0, 1, 3]",500,176.76258087158203,True,21.012863410953585,18,0.0017578125
1100111010,10884,"[2, 0, 3, 1]",6200,176.78022384643555,False,21.012863410953585,18,0.0017578125
1100111010,10885,"[2, 0, 1, 3]",500,176.79309844970703,True,21.012863410953585,18,0.0017578125
1100111010,10886,"[2, 0, 3, 1]",6200,176.81026458740234,False,21.012863410953585,18,0.0017578125
1100111010,10887,"[2, 0, 1, 3]",500,176.82337760925293,True,21.012863410953585,18,0.0017578125
1100111010,10888,"[2, 0, 3, 1]",6200,176.84054374694824,False,21.012863410953585,18,0.0017578125
1100111010,10889,"[2, 0, 1, 3]",500,176.85365676879883,True,21.012863410953585,18,0.0017578125
1100100000,10890,"[0, 2, 3, 1]",6200,176.87106132507324,False,16.29473904094538,18,0.0017578125
1100100000,10891,"[0, 1, 2, 3]",315,176.88393592834473,True,16.29473904094538,18,0.0017578125
1100100000,10892,"[0, 2, 3, 1]",6200,176.90157890319824,False,16.29473904094538,18,0.0017578125
1100100000,10893,"[0, 1, 2, 3]",315,176.91469192504883,True,16.29473904094538,18,0.0017578125
1100100000,10894,"[0, 2, 3, 1]",6200,176.93233489990234,False,16.29473904094538,18,0.0017578125
1100100000,10895,"[0, 1, 2, 3]",315,176.94735527038574,True,16.29473904094538,18,0.0017578125
1100100000,10896,"[0, 2, 3, 1]",6200,176.96499824523926,False,16.29473904094538,18,0.0017578125
1100100000,10897,"[0, 1, 2, 3]",315,176.97882652282715,True,16.29473904094538,18,0.0017578125
1100100000,10898,"[0, 2, 3, 1]",6200,176.99790000915527,False,16.29473904094538,18,0.0017578125
1100100000,10899,"[0, 1, 2, 3]",315,177.01148986816406,True,16.29473904094538,18,0.0017578125
1100100000,10900,"[0, 2, 3, 1]",6200,177.02913284301758,False,16.29473904094538,18,0.0017578125
1100100000,10901,"[0, 1, 2, 3]",315,177.04224586486816,True,16.29473904094538,18,0.0017578125
1100100000,10902,"[0, 2, 3, 1]",6200,177.05965042114258,False,16.29473904094538,18,0.0017578125
1100100000,10903,"[0, 1, 2, 3]",315,177.07252502441406,True,16.29473904094538,18,0.0017578125
1100100000,10904,"[0, 2, 3, 1]",6200,177.08969116210938,False,16.29473904094538,18,0.0017578125
1100100000,10905,"[0, 1, 2, 3]",315,177.10256576538086,True,16.29473904094538,18,0.0017578125
1100100000,10906,"[0, 2, 3, 1]",6200,177.11973190307617,False,16.29473904094538,18,0.0017578125
1100100000,10907,"[0, 1, 2, 3]",315,177.13284492492676,True,16.29473904094538,18,0.0017578125
1100100000,10908,"[0, 2, 3, 1]",6200,177.15001106262207,False,16.29473904094538,18,0.0017578125
1100100000,10909,"[0, 1, 2, 3]",315,177.16288566589355,True,16.29473904094538,18,0.0017578125
1100100000,10910,"[0, 2, 3, 1]",6200,177.18005180358887,False,16.29473904094538,18,0.0017578125
1100100000,10911,"[0, 1, 2, 3]",315,177.19268798828125,True,16.29473904094538,18,0.0017578125
1100100000,10912,"[0, 2, 3, 1]",6200,177.20961570739746,False,16.29473904094538,18,0.0017578125
1100100000,10913,"[0, 1, 2, 3]",315,177.22249031066895,True,16.29473904094538,18,0.0017578125
1100100000,10914,"[0, 2, 3, 1]",6200,177.23965644836426,False,16.29473904094538,18,0.0017578125
1100100000,10915,"[0, 1, 2, 3]",315,177.25229263305664,True,16.29473904094538,18,0.0017578125
1100100000,10916,"[0, 2, 3, 1]",6200,177.26945877075195,False,16.29473904094538,18,0.0017578125
1100100000,10917,"[0, 1, 2, 3]",315,177.28233337402344,True,16.29473904094538,18,0.0017578125
1100100000,10918,"[0, 2, 3, 1]",6200,177.30236053466797,False,16.29473904094538,18,0.0017578125
1100100000,10919,"[0, 1, 2, 3]",315,177.31571197509766,True,16.29473904094538,18,0.0017578125
1100100000,10920,"[0, 2, 3, 1]",6200,177.33359336853027,False,16.29473904094538,18,0.0017578125
1100100000,10921,"[0, 1, 2, 3]",315,177.34622955322266,True,16.29473904094538,18,0.0017578125
1100100000,10922,"[0, 2, 3, 1]",6200,177.36482620239258,False,16.29473904094538,18,0.0017578125
1100100000,10923,"[0, 1, 2, 3]",315,177.37841606140137,True,16.29473904094538,18,0.0017578125
1100100000,10924,"[0, 2, 3, 1]",6200,177.39605903625488,False,16.29473904094538,18,0.0017578125
1100100000,10925,"[0, 1, 2, 3]",315,177.40869522094727,True,16.29473904094538,18,0.0017578125
0111100111,10926,"[1, 2, 3, 0]",9300,177.42657661437988,False,13.221423844398672,18,0.0017578125
0111100111,10927,"[1, 0, 2, 3]",315,177.43992805480957,True,13.221423844398672,18,0.0017578125
0111100111,10928,"[1, 2, 3, 0]",9300,177.45709419250488,False,13.221423844398672,18,0.0017578125
0111100111,10929,"[1, 0, 2, 3]",315,177.47020721435547,True,13.221423844398672,18,0.0017578125
0111100111,10930,"[1, 2, 3, 0]",9300,177.4909496307373,False,13.221423844398672,18,0.0017578125
0111100111,10931,"[1, 0, 2, 3]",315,177.5040626525879,True,13.221423844398672,18,0.0017578125
0111100111,10932,"[1, 2, 3, 0]",9300,177.5381565093994,False,13.221423844398672,18,0.0017578125
0111100111,10933,"[1, 0, 2, 3]",315,177.5522232055664,True,13.221423844398672,18,0.0017578125
0111100111,10934,"[1, 2, 3, 0]",9300,177.57010459899902,False,13.221423844398672,18,0.0017578125
0111100111,10935,"[1, 0, 2, 3]",315,177.58417129516602,True,13.221423844398672,18,0.0017578125
0111100111,10936,"[1, 2, 3, 0]",9300,177.60181427001953,False,13.221423844398672,18,0.0017578125
0111100111,10937,"[1, 0, 2, 3]",315,177.61564254760742,True,13.221423844398672,18,0.0017578125
0111100111,10938,"[1, 2, 3, 0]",9300,177.63352394104004,False,13.221423844398672,18,0.0017578125
0111100111,10939,"[1, 0, 2, 3]",315,177.64902114868164,True,13.221423844398672,18,0.0017578125
0111100111,10940,"[1, 2, 3, 0]",9300,177.66761779785156,False,13.221423844398672,18,0.0017578125
0111100111,10941,"[1, 0, 2, 3]",315,177.68144607543945,True,13.221423844398672,18,0.0017578125
0111100111,10942,"[1, 2, 3, 0]",9300,177.69956588745117,False,13.221423844398672,18,0.0017578125
0111100111,10943,"[1, 0, 2, 3]",315,177.71315574645996,True,13.221423844398672,18,0.0017578125
0111100111,10944,"[1, 2, 3, 0]",9300,177.73127555847168,False,13.221423844398672,18,0.0017578125
0111100111,10945,"[1, 0, 2, 3]",315,177.74510383605957,True,13.221423844398672,18,0.0017578125
0111100111,10946,"[1, 2, 3, 0]",9300,177.7639389038086,False,13.221423844398672,18,0.0017578125
0111100111,10947,"[1, 0, 2, 3]",315,177.77776718139648,True,13.221423844398672,18,0.0017578125
0111100111,10948,"[1, 2, 3, 0]",9300,177.7958869934082,False,13.221423844398672,18,0.0017578125
0111100111,10949,"[1, 0, 2, 3]",315,177.8097152709961,True,13.221423844398672,18,0.0017578125
0111100111,10950,"[1, 2, 3, 0]",9300,177.8275966644287,False,13.221423844398672,18,0.0017578125
0111100111,10951,"[1, 0, 2, 3]",315,177.8411865234375,True,13.221423844398672,18,0.0017578125
0111100111,10952,"[1, 2, 3, 0]",9300,177.85930633544922,False,13.221423844398672,18,0.0017578125
0111100111,10953,"[1, 0, 2, 3]",315,177.8731346130371,True,13.221423844398672,18,0.0017578125
0111100111,10954,"[1, 2, 3, 0]",9300,177.89101600646973,False,13.221423844398672,18,0.0017578125
0111100111,10955,"[1, 0, 2, 3]",315,177.90460586547852,True,13.221423844398672,18,0.0017578125
0111100111,10956,"[1, 2, 3, 0]",9300,177.92248725891113,False,13.221423844398672,18,0.0017578125
0111100111,10957,"[1, 0, 2, 3]",315,177.93631553649902,True,13.221423844398672,18,0.0017578125
0111100111,10958,"[1, 2, 3, 0]",9300,177.95467376708984,False,13.221423844398672,18,0.0017578125
0111100111,10959,"[1, 0, 2, 3]",315,177.96850204467773,True,13.221423844398672,18,0.0017578125
0111100111,10960,"[1, 2, 3, 0]",9300,177.98781394958496,False,13.221423844398672,18,0.0017578125
0111100111,10961,"[1, 0, 2, 3]",315,178.00188064575195,True,13.221423844398672,18,0.0017578125
1000001100,10962,"[3, 0, 2, 1]",6300,178.02071571350098,False,18.318016911728506,18,0.0017578125
1000001100,10963,"[3, 0, 1, 2]",750,178.03502082824707,True,18.318016911728506,18,0.0017578125
1000001100,10964,"[3, 0, 2, 1]",6300,178.0531406402588,False,18.318016911728506,18,0.0017578125
1000001100,10965,"[3, 0, 1, 2]",750,178.06720733642578,True,18.318016911728506,18,0.0017578125
1000001100,10966,"[3, 0, 2, 1]",6300,178.0853271484375,False,18.318016911728506,18,0.0017578125
1000001100,10967,"[3, 0, 1, 2]",750,178.0993938446045,True,18.318016911728506,18,0.0017578125
1000001100,10968,"[3, 0, 2, 1]",6300,178.13396453857422,False,18.318016911728506,18,0.0017578125
1000001100,10969,"[3, 0, 1, 2]",750,178.1485080718994,True,18.318016911728506,18,0.0017578125
1000001100,10970,"[3, 0, 2, 1]",6300,178.16710472106934,False,18.318016911728506,18,0.0017578125
1000001100,10971,"[3, 0, 1, 2]",750,178.18093299865723,True,18.318016911728506,18,0.0017578125
1000001100,10972,"[3, 0, 2, 1]",6300,178.19952964782715,False,18.318016911728506,18,0.0017578125
1000001100,10973,"[3, 0, 1, 2]",750,178.21645736694336,True,18.318016911728506,18,0.0017578125
1000001100,10974,"[3, 0, 2, 1]",6300,178.2357692718506,False,18.318016911728506,18,0.0017578125
1000001100,10975,"[3, 0, 1, 2]",750,178.24983596801758,True,18.318016911728506,18,0.0017578125
1000001100,10976,"[3, 0, 2, 1]",6300,178.2686710357666,False,18.318016911728506,18,0.0017578125
1000001100,10977,"[3, 0, 1, 2]",750,178.2824993133545,True,18.318016911728506,18,0.0017578125
1000001100,10978,"[3, 0, 2, 1]",6300,178.30157279968262,False,18.318016911728506,18,0.0017578125
1000001100,10979,"[3, 0, 1, 2]",750,178.3156394958496,True,18.318016911728506,18,0.0017578125
1000001100,10980,"[3, 0, 2, 1]",6300,178.33399772644043,False,18.318016911728506,18,0.0017578125
1000001100,10981,"[3, 0, 1, 2]",750,178.34997177124023,True,18.318016911728506,18,0.0017578125
1000001100,10982,"[3, 0, 2, 1]",6300,178.36928367614746,False,18.318016911728506,18,0.0017578125
1000001100,10983,"[3, 0, 1, 2]",750,178.38335037231445,True,18.318016911728506,18,0.0017578125
1000001100,10984,"[3, 0, 2, 1]",6300,178.40218544006348,False,18.318016911728506,18,0.0017578125
1000001100,10985,"[3, 0, 1, 2]",750,178.41601371765137,True,18.318016911728506,18,0.0017578125
1000001100,10986,"[3, 0, 2, 1]",6300,178.4346103668213,False,18.318016911728506,18,0.0017578125
1000001100,10987,"[3, 0, 1, 2]",750,178.44867706298828,True,18.318016911728506,18,0.0017578125
1000001100,10988,"[3, 0, 2, 1]",6300,178.4672737121582,False,18.318016911728506,18,0.0017578125
1000001100,10989,"[3, 0, 1, 2]",750,178.4813404083252,True,18.318016911728506,18,0.0017578125
1000001100,10990,"[3, 0, 2, 1]",6300,178.50017547607422,False,18.318016911728506,18,0.0017578125
1000001100,10991,"[3, 0, 1, 2]",750,178.5144805908203,True,18.318016911728506,18,0.0017578125
1000001100,10992,"[3, 0, 2, 1]",6300,178.53307723999023,False,18.318016911728506,18,0.0017578125
1000001100,10993,"[3, 0, 1, 2]",750,178.54714393615723,True,18.318016911728506,18,0.0017578125
1000001100,10994,"[3, 0, 2, 1]",6300,178.56621742248535,False,18.318016911728506,18,0.0017578125
1000001100,10995,"[3, 0, 1, 2]",750,178.58052253723145,True,18.318016911728506,18,0.0017578125
1000001100,10996,"[3, 0, 2, 1]",6300,178.59888076782227,False,18.318016911728506,18,0.0017578125
1000001100,10997,"[3, 0, 1, 2]",750,178.61294746398926,True,18.318016911728506,18,0.0017578125
1001101100,10998,"[3, 2, 0, 1]",6600,178.63178253173828,False,29.313963514029567,18,0.0017578125
1001101100,10999,"[3, 2, 0, 1]",6600,178.64608764648438,True,29.313963514029567,18,0.0017578125
1001101100,11000,"[3, 2, 0, 1]",6600,178.6649227142334,False,29.313963514029567,18,0.0017578125
1001101100,11001,"[3, 2, 0, 1]",6600,178.6787509918213,True,29.313963514029567,18,0.0017578125
1001101100,11002,"[3, 2, 0, 1]",6600,178.7092685699463,False,29.313963514029567,18,0.0017578125
1001101100,11003,"[3, 2, 0, 1]",6600,178.72309684753418,True,29.313963514029567,18,0.0017578125
1001101100,11004,"[3, 2, 0, 1]",6600,178.75170707702637,False,29.313963514029567,18,0.0017578125
1001101100,11005,"[3, 2, 0, 1]",6600,178.76458168029785,True,29.313963514029567,18,0.0017578125
1001101100,11006,"[3, 2, 0, 1]",6600,178.78198623657227,False,29.313963514029567,18,0.0017578125
1001101100,11007,"[3, 2, 0, 1]",6600,178.79486083984375,True,29.313963514029567,18,0.0017578125
1001101100,11008,"[3, 2, 0, 1]",6600,178.81226539611816,False,29.313963514029567,18,0.0017578125
1001101100,11009,"[3, 2, 0, 1]",6600,178.82490158081055,True,29.313963514029567,18,0.0017578125
1001101100,11010,"[3, 2, 0, 1]",6600,178.84230613708496,False,29.313963514029567,18,0.0017578125
1001101100,11011,"[3, 2, 0, 1]",6600,178.85518074035645,True,29.313963514029567,18,0.0017578125
1001101100,11012,"[3, 2, 0, 1]",6600,178.87234687805176,False,29.313963514029567,18,0.0017578125
1001101100,11013,"[3, 2, 0, 1]",6600,178.88522148132324,True,29.313963514029567,18,0.0017578125
1001101100,11014,"[3, 2, 0, 1]",6600,178.90238761901855,False,29.313963514029567,18,0.0017578125
1001101100,11015,"[3, 2, 0, 1]",6600,178.91502380371094,True,29.313963514029567,18,0.0017578125
1001101100,11016,"[3, 2, 0, 1]",6600,178.93242835998535,False,29.313963514029567,18,0.0017578125
1001101100,11017,"[3, 2, 0, 1]",6600,178.94554138183594,True,29.313963514029567,18,0.0017578125
1001101100,11018,"[3, 2, 0, 1]",6600,178.96270751953125,False,29.313963514029567,18,0.0017578125
1001101100,11019,"[3, 2, 0, 1]",6600,178.97582054138184,True,29.313963514029567,18,0.0017578125
1001101100,11020,"[3, 2, 0, 1]",6600,178.99274826049805,False,29.313963514029567,18,0.0017578125
1001101100,11021,"[3, 2, 0, 1]",6600,179.00562286376953,True,29.313963514029567,18,0.0017578125
1001101100,11022,"[3, 2, 0, 1]",6600,179.02255058288574,False,29.313963514029567,18,0.0017578125
1001101100,11023,"[3, 2, 0, 1]",6600,179.03733253479004,True,29.313963514029567,18,0.0017578125
1001101100,11024,"[3, 2, 0, 1]",6600,179.05688285827637,False,29.313963514029567,18,0.0017578125
1001101100,11025,"[3, 2, 0, 1]",6600,179.07023429870605,True,29.313963514029567,18,0.0017578125
1001101100,11026,"[3, 2, 0, 1]",6600,179.08811569213867,False,29.313963514029567,18,0.0017578125
1001101100,11027,"[3, 2, 0, 1]",6600,179.10099029541016,True,29.313963514029567,18,0.0017578125
1001101100,11028,"[3, 2, 0, 1]",6600,179.11839485168457,False,29.313963514029567,18,0.0017578125
1001101100,11029,"[3, 2, 0, 1]",6600,179.13126945495605,True,29.313963514029567,18,0.0017578125
1001101100,11030,"[3, 2, 0, 1]",6600,179.14867401123047,False,29.313963514029567,18,0.0017578125
1001101100,11031,"[3, 2, 0, 1]",6600,179.16107177734375,True,29.313963514029567,18,0.0017578125
1001101100,11032,"[3, 2, 0, 1]",6600,179.17847633361816,False,29.313963514029567,18,0.0017578125
1001101100,11033,"[3, 2, 0, 1]",6600,179.19111251831055,True,29.313963514029567,18,0.0017578125
0001100110,11034,"[2, 3, 1, 0]",9600,179.20827865600586,False,17.130155701543536,18,0.0017578125
0001100110,11035,"[2, 3, 1, 0]",9600,179.22067642211914,True,17.130155701543536,18,0.0017578125
0001100110,11036,"[2, 3, 1, 0]",9600,179.23784255981445,False,17.130155701543536,18,0.0017578125
0001100110,11037,"[2, 3, 1, 0]",9600,179.25095558166504,True,17.130155701543536,18,0.0017578125
0001100110,11038,"[2, 3, 1, 0]",9600,179.26788330078125,False,17.130155701543536,18,0.0017578125
0001100110,11039,"[2, 3, 1, 0]",9600,179.28099632263184,True,17.130155701543536,18,0.0017578125
0001100110,11040,"[2, 3, 1, 0]",9600,179.29792404174805,False,17.130155701543536,18,0.0017578125
0001100110,11041,"[2, 3, 1, 0]",9600,179.31056022644043,True,17.130155701543536,18,0.0017578125
0001100110,11042,"[2, 3, 1, 0]",9600,179.32772636413574,False,17.130155701543536,18,0.0017578125
0001100110,11043,"[2, 3, 1, 0]",9600,179.34060096740723,True,17.130155701543536,18,0.0017578125
0001100110,11044,"[2, 3, 1, 0]",9600,179.37064170837402,False,17.130155701543536,18,0.0017578125
0001100110,11045,"[2, 3, 1, 0]",9600,179.38613891601562,True,17.130155701543536,18,0.0017578125
0001100110,11046,"[2, 3, 1, 0]",9600,179.40425872802734,False,17.130155701543536,18,0.0017578125
0001100110,11047,"[2, 3, 1, 0]",9600,179.41713333129883,True,17.130155701543536,18,0.0017578125
0001100110,11048,"[2, 3, 1, 0]",9600,179.43429946899414,False,17.130155701543536,18,0.0017578125
0001100110,11049,"[2, 3, 1, 0]",9600,179.44693565368652,True,17.130155701543536,18,0.0017578125
0001100110,11050,"[2, 3, 1, 0]",9600,179.46386337280273,False,17.130155701543536,18,0.0017578125
0001100110,11051,"[2, 3, 1, 0]",9600,179.47649955749512,True,17.130155701543536,18,0.0017578125
0001100110,11052,"[2, 3, 1, 0]",9600,179.49342727661133,False,17.130155701543536,18,0.0017578125
0001100110,11053,"[2, 3, 1, 0]",9600,179.5060634613037,True,17.130155701543536,18,0.0017578125
0001100110,11054,"[2, 3, 1, 0]",9600,179.52322959899902,False,17.130155701543536,18,0.0017578125
0001100110,11055,"[2, 3, 1, 0]",9600,179.5353889465332,True,17.130155701543536,18,0.0017578125
0001100110,11056,"[2, 3, 1, 0]",9600,179.5523166656494,False,17.130155701543536,18,0.0017578125
0001100110,11057,"[2, 3, 1, 0]",9600,179.5649528503418,True,17.130155701543536,18,0.0017578125
0001100110,11058,"[2, 3, 1, 0]",9600,179.5816421508789,False,17.130155701543536,18,0.0017578125
0001100110,11059,"[2, 3, 1, 0]",9600,179.5942783355713,True,17.130155701543536,18,0.0017578125
0001100110,11060,"[2, 3, 1, 0]",9600,179.6112060546875,False,17.130155701543536,18,0.0017578125
0001100110,11061,"[2, 3, 1, 0]",9600,179.62408065795898,True,17.130155701543536,18,0.0017578125
0001100110,11062,"[2, 3, 1, 0]",9600,179.6412467956543,False,17.130155701543536,18,0.0017578125
0001100110,11063,"[2, 3, 1, 0]",9600,179.6560287475586,True,17.130155701543536,18,0.0017578125
0001100110,11064,"[2, 3, 1, 0]",9600,179.673433303833,False,17.130155701543536,18,0.0017578125
0001100110,11065,"[2, 3, 1, 0]",9600,179.6872615814209,True,17.130155701543536,18,0.0017578125
0001100110,11066,"[2, 3, 1, 0]",9600,179.70585823059082,False,17.130155701543536,18,0.0017578125
0001100110,11067,"[2, 3, 1, 0]",9600,179.7192096710205,True,17.130155701543536,18,0.0017578125
0001100110,11068,"[2, 3, 1, 0]",9600,179.73613739013672,False,17.130155701543536,18,0.0017578125
0001100110,11069,"[2, 3, 1, 0]",9600,179.7490119934082,True,17.130155701543536,18,0.0017578125
1101101111,11070,"[3, 0, 2, 1]",6300,179.76617813110352,False,20.75766101326228,18,0.0017578125
1101101111,11071,"[3, 0, 1, 2]",750,179.7795295715332,True,20.75766101326228,18,0.0017578125
1101101111,11072,"[3, 0, 2, 1]",6300,179.79717254638672,False,20.75766101326228,18,0.0017578125
1101101111,11073,"[3, 0, 1, 2]",750,179.8105239868164,True,20.75766101326228,18,0.0017578125
1101101111,11074,"[3, 0, 2, 1]",6300,179.82983589172363,False,20.75766101326228,18,0.0017578125
1101101111,11075,"[3, 0, 1, 2]",750,179.84366416931152,True,20.75766101326228,18,0.0017578125
1101101111,11076,"[3, 0, 2, 1]",6300,179.86130714416504,False,20.75766101326228,18,0.0017578125
1101101111,11077,"[3, 0, 1, 2]",750,179.87442016601562,True,20.75766101326228,18,0.0017578125
1101101111,11078,"[3, 0, 2, 1]",6300,179.89206314086914,False,20.75766101326228,18,0.0017578125
1101101111,11079,"[3, 0, 1, 2]",750,179.90469932556152,True,20.75766101326228,18,0.0017578125
1101101111,11080,"[3, 0, 2, 1]",6300,179.92258071899414,False,20.75766101326228,18,0.0017578125
1101101111,11081,"[3, 0, 1, 2]",750,179.93521690368652,True,20.75766101326228,18,0.0017578125
1101101111,11082,"[3, 0, 2, 1]",6300,179.95262145996094,False,20.75766101326228,18,0.0017578125
1101101111,11083,"[3, 0, 1, 2]",750,179.96573448181152,True,20.75766101326228,18,0.0017578125
1101101111,11084,"[3, 0, 2, 1]",6300,179.98313903808594,False,20.75766101326228,18,0.0017578125
1101101111,11085,"[3, 0, 1, 2]",750,179.99625205993652,True,20.75766101326228,18,0.0017578125
1101101111,11086,"[3, 0, 2, 1]",6300,180.01532554626465,False,20.75766101326228,18,0.0017578125
1101101111,11087,"[3, 0, 1, 2]",750,180.02891540527344,True,20.75766101326228,18,0.0017578125
1101101111,11088,"[3, 0, 2, 1]",6300,180.04679679870605,False,20.75766101326228,18,0.0017578125
1101101111,11089,"[3, 0, 1, 2]",750,180.06014823913574,True,20.75766101326228,18,0.0017578125
1101101111,11090,"[3, 0, 2, 1]",6300,180.07755279541016,False,20.75766101326228,18,0.0017578125
1101101111,11091,"[3, 0, 1, 2]",750,180.09066581726074,True,20.75766101326228,18,0.0017578125
1101101111,11092,"[3, 0, 2, 1]",6300,180.10807037353516,False,20.75766101326228,18,0.0017578125
1101101111,11093,"[3, 0, 1, 2]",750,180.12118339538574,True,20.75766101326228,18,0.0017578125
1101101111,11094,"[3, 0, 2, 1]",6300,180.13858795166016,False,20.75766101326228,18,0.0017578125
1101101111,11095,"[3, 0, 1, 2]",750,180.15170097351074,True,20.75766101326228,18,0.0017578125
1101101111,11096,"[3, 0, 2, 1]",6300,180.16862869262695,False,20.75766101326228,18,0.0017578125
1101101111,11097,"[3, 0, 1, 2]",750,180.18174171447754,True,20.75766101326228,18,0.0017578125
1101101111,11098,"[3, 0, 2, 1]",6300,180.19914627075195,False,20.75766101326228,18,0.0017578125
1101101111,11099,"[3, 0, 1, 2]",750,180.21225929260254,True,20.75766101326228,18,0.0017578125
1101101111,11100,"[3, 0, 2, 1]",6300,180.22966384887695,False,20.75766101326228,18,0.0017578125
1101101111,11101,"[3, 0, 1, 2]",750,180.24301528930664,True,20.75766101326228,18,0.0017578125
1101101111,11102,"[3, 0, 2, 1]",6300,180.26018142700195,False,20.75766101326228,18,0.0017578125
1101101111,11103,"[3, 0, 1, 2]",750,180.27329444885254,True,20.75766101326228,18,0.0017578125
1101101111,11104,"[3, 0, 2, 1]",6300,180.29046058654785,False,20.75766101326228,18,0.0017578125
1101101111,11105,"[3, 0, 1, 2]",750,180.30309677124023,True,20.75766101326228,18,0.0017578125
1010101100,11106,"[3, 2, 1, 0]",9600,180.32050132751465,False,48.72640604348025,18,0.0017578125
1010101100,11107,"[3, 2, 1, 0]",9600,180.33504486083984,True,48.72640604348025,18,0.0017578125
1010101100,11108,"[3, 2, 1, 0]",9600,180.35316467285156,False,48.72640604348025,18,0.0017578125
1010101100,11109,"[3, 2, 1, 0]",9600,180.36627769470215,True,48.72640604348025,18,0.0017578125
1010101100,11110,"[3, 2, 1, 0]",9600,180.38344383239746,False,48.72640604348025,18,0.0017578125
1010101100,11111,"[3, 2, 1, 0]",9600,180.39631843566895,True,48.72640604348025,18,0.0017578125
1010101100,11112,"[3, 2, 1, 0]",9600,180.41372299194336,False,48.72640604348025,18,0.0017578125
1010101100,11113,"[3, 2, 1, 0]",9600,180.42683601379395,True,48.72640604348025,18,0.0017578125
1010101100,11114,"[3, 2, 1, 0]",9600,180.44424057006836,False,48.72640604348025,18,0.0017578125
1010101100,11115,"[3, 2, 1, 0]",9600,180.45735359191895,True,48.72640604348025,18,0.0017578125
1010101100,11116,"[3, 2, 1, 0]",9600,180.47451972961426,False,48.72640604348025,18,0.0017578125
1010101100,11117,"[3, 2, 1, 0]",9600,180.48739433288574,True,48.72640604348025,18,0.0017578125
1010101100,11118,"[3, 2, 1, 0]",9600,180.50456047058105,False,48.72640604348025,18,0.0017578125
1010101100,11119,"[3, 2, 1, 0]",9600,180.51743507385254,True,48.72640604348025,18,0.0017578125
1010101100,11120,"[3, 2, 1, 0]",9600,180.53460121154785,False,48.72640604348025,18,0.0017578125
1010101100,11121,"[3, 2, 1, 0]",9600,180.54747581481934,True,48.72640604348025,18,0.0017578125
1010101100,11122,"[3, 2, 1, 0]",9600,180.56464195251465,False,48.72640604348025,18,0.0017578125
1010101100,11123,"[3, 2, 1, 0]",9600,180.57703971862793,True,48.72640604348025,18,0.0017578125
1010101100,11124,"[3, 2, 1, 0]",9600,180.59563636779785,False,48.72640604348025,18,0.0017578125
1010101100,11125,"[3, 2, 1, 0]",9600,180.60946464538574,True,48.72640604348025,18,0.0017578125
1010101100,11126,"[3, 2, 1, 0]",9600,180.62758445739746,False,48.72640604348025,18,0.0017578125
1010101100,11127,"[3, 2, 1, 0]",9600,180.64022064208984,True,48.72640604348025,18,0.0017578125
1010101100,11128,"[3, 2, 1, 0]",9600,180.65929412841797,False,48.72640604348025,18,0.0017578125
1010101100,11129,"[3, 2, 1, 0]",9600,180.67240715026855,True,48.72640604348025,18,0.0017578125
1010101100,11130,"[3, 2, 1, 0]",9600,180.68981170654297,False,48.72640604348025,18,0.0017578125
1010101100,11131,"[3, 2, 1, 0]",9600,180.70244789123535,True,48.72640604348025,18,0.0017578125
1010101100,11132,"[3, 2, 1, 0]",9600,180.71985244750977,False,48.72640604348025,18,0.0017578125
1010101100,11133,"[3, 2, 1, 0]",9600,180.73248863220215,True,48.72640604348025,18,0.0017578125
1010101100,11134,"[3, 2, 1, 0]",9600,180.74965476989746,False,48.72640604348025,18,0.0017578125
1010101100,11135,"[3, 2, 1, 0]",9600,180.76252937316895,True,48.72640604348025,18,0.0017578125
1010101100,11136,"[3, 2, 1, 0]",9600,180.77921867370605,False,48.72640604348025,18,0.0017578125
1010101100,11137,"[3, 2, 1, 0]",9600,180.79209327697754,True,48.72640604348025,18,0.0017578125
1010101100,11138,"[3, 2, 1, 0]",9600,180.80949783325195,False,48.72640604348025,18,0.0017578125
1010101100,11139,"[3, 2, 1, 0]",9600,180.82261085510254,True,48.72640604348025,18,0.0017578125
1010101100,11140,"[3, 2, 1, 0]",9600,180.83977699279785,False,48.72640604348025,18,0.0017578125
1010101100,11141,"[3, 2, 1, 0]",9600,180.85241317749023,True,48.72640604348025,18,0.0017578125
1110111101,11142,"[3, 2, 0, 1]",6600,180.86957931518555,False,44.262643212343875,18,0.0017578125
1110111101,11143,"[3, 2, 0, 1]",6600,180.88269233703613,True,44.262643212343875,18,0.0017578125
1110111101,11144,"[3, 2, 0, 1]",6600,180.89985847473145,False,44.262643212343875,18,0.0017578125
1110111101,11145,"[3, 2, 0, 1]",6600,180.91273307800293,True,44.262643212343875,18,0.0017578125
1110111101,11146,"[3, 2, 0, 1]",6600,180.92989921569824,False,44.262643212343875,18,0.0017578125
1110111101,11147,"[3, 2, 0, 1]",6600,180.94229698181152,True,44.262643212343875,18,0.0017578125
1110111101,11148,"[3, 2, 0, 1]",6600,180.95946311950684,False,44.262643212343875,18,0.0017578125
1110111101,11149,"[3, 2, 0, 1]",6600,180.97400665283203,True,44.262643212343875,18,0.0017578125
1110111101,11150,"[3, 2, 0, 1]",6600,180.99212646484375,False,44.262643212343875,18,0.0017578125
1110111101,11151,"[3, 2, 0, 1]",6600,181.00476264953613,True,44.262643212343875,18,0.0017578125
1110111101,11152,"[3, 2, 0, 1]",6600,181.02192878723145,False,44.262643212343875,18,0.0017578125
1110111101,11153,"[3, 2, 0, 1]",6600,181.03456497192383,True,44.262643212343875,18,0.0017578125
1110111101,11154,"[3, 2, 0, 1]",6600,181.05196952819824,False,44.262643212343875,18,0.0017578125
1110111101,11155,"[3, 2, 0, 1]",6600,181.06460571289062,True,44.262643212343875,18,0.0017578125
1110111101,11156,"[3, 2, 0, 1]",6600,181.08153343200684,False,44.262643212343875,18,0.0017578125
1110111101,11157,"[3, 2, 0, 1]",6600,181.09416961669922,True,44.262643212343875,18,0.0017578125
1110111101,11158,"[3, 2, 0, 1]",6600,181.11157417297363,False,44.262643212343875,18,0.0017578125
1110111101,11159,"[3, 2, 0, 1]",6600,181.12421035766602,True,44.262643212343875,18,0.0017578125
1110111101,11160,"[3, 2, 0, 1]",6600,181.14137649536133,False,44.262643212343875,18,0.0017578125
1110111101,11161,"[3, 2, 0, 1]",6600,181.1540126800537,True,44.262643212343875,18,0.0017578125
1110111101,11162,"[3, 2, 0, 1]",6600,181.17117881774902,False,44.262643212343875,18,0.0017578125
1110111101,11163,"[3, 2, 0, 1]",6600,181.1840534210205,True,44.262643212343875,18,0.0017578125
1110111101,11164,"[3, 2, 0, 1]",6600,181.20169639587402,False,44.262643212343875,18,0.0017578125
1110111101,11165,"[3, 2, 0, 1]",6600,181.2145709991455,True,44.262643212343875,18,0.0017578125
1110111101,11166,"[3, 2, 0, 1]",6600,181.23173713684082,False,44.262643212343875,18,0.0017578125
1110111101,11167,"[3, 2, 0, 1]",6600,181.2443733215332,True,44.262643212343875,18,0.0017578125
1110111101,11168,"[3, 2, 0, 1]",6600,181.26153945922852,False,44.262643212343875,18,0.0017578125
1110111101,11169,"[3, 2, 0, 1]",6600,181.2741756439209,True,44.262643212343875,18,0.0017578125
1110111101,11170,"[3, 2, 0, 1]",6600,181.29253387451172,False,44.262643212343875,18,0.0017578125
1110111101,11171,"[3, 2, 0, 1]",6600,181.3054084777832,True,44.262643212343875,18,0.0017578125
1110111101,11172,"[3, 2, 0, 1]",6600,181.32281303405762,False,44.262643212343875,18,0.0017578125
1110111101,11173,"[3, 2, 0, 1]",6600,181.3349723815918,True,44.262643212343875,18,0.0017578125
1110111101,11174,"[3, 2, 0, 1]",6600,181.3523769378662,False,44.262643212343875,18,0.0017578125
1110111101,11175,"[3, 2, 0, 1]",6600,181.3669204711914,True,44.262643212343875,18,0.0017578125
1110111101,11176,"[3, 2, 0, 1]",6600,181.38456344604492,False,44.262643212343875,18,0.0017578125
1110111101,11177,"[3, 2, 0, 1]",6600,181.3969612121582,True,44.262643212343875,18,0.0017578125
1010001001,11178,"[3, 1, 0, 2]",900,181.41460418701172,False,44.34596167080477,18,0.0017578125
1010001001,11179,"[3, 1, 0, 2]",900,181.4281940460205,True,44.34596167080477,18,0.0017578125
1010001001,11180,"[3, 1, 0, 2]",900,181.44559860229492,False,44.34596167080477,18,0.0017578125
1010001001,11181,"[3, 1, 0, 2]",900,181.4587116241455,True,44.34596167080477,18,0.0017578125
1010001001,11182,"[3, 1, 0, 2]",900,181.47587776184082,False,44.34596167080477,18,0.0017578125
1010001001,11183,"[3, 1, 0, 2]",900,181.49256706237793,True,44.34596167080477,18,0.0017578125
1010001001,11184,"[3, 1, 0, 2]",900,181.52642250061035,False,44.34596167080477,18,0.0017578125
1010001001,11185,"[3, 1, 0, 2]",900,181.54025077819824,True,44.34596167080477,18,0.0017578125
1010001001,11186,"[3, 1, 0, 2]",900,181.55860900878906,False,44.34596167080477,18,0.0017578125
1010001001,11187,"[3, 1, 0, 2]",900,181.57243728637695,True,44.34596167080477,18,0.0017578125
1010001001,11188,"[3, 1, 0, 2]",900,181.59055709838867,False,44.34596167080477,18,0.0017578125
1010001001,11189,"[3, 1, 0, 2]",900,181.60486221313477,True,44.34596167080477,18,0.0017578125
1010001001,11190,"[3, 1, 0, 2]",900,181.62298202514648,False,44.34596167080477,18,0.0017578125
1010001001,11191,"[3, 1, 0, 2]",900,181.6391944885254,True,44.34596167080477,18,0.0017578125
1010001001,11192,"[3, 1, 0, 2]",900,181.65874481201172,False,44.34596167080477,18,0.0017578125
1010001001,11193,"[3, 1, 0, 2]",900,181.6730499267578,True,44.34596167080477,18,0.0017578125
1010001001,11194,"[3, 1, 0, 2]",900,181.69140815734863,False,44.34596167080477,18,0.0017578125
1010001001,11195,"[3, 1, 0, 2]",900,181.70547485351562,True,44.34596167080477,18,0.0017578125
1010001001,11196,"[3, 1, 0, 2]",900,181.72383308410645,False,44.34596167080477,18,0.0017578125
1010001001,11197,"[3, 1, 0, 2]",900,181.73742294311523,True,44.34596167080477,18,0.0017578125
1010001001,11198,"[3, 1, 0, 2]",900,181.75625801086426,False,44.34596167080477,18,0.0017578125
1010001001,11199,"[3, 1, 0, 2]",900,181.77008628845215,True,44.34596167080477,18,0.0017578125
1010001001,11200,"[3, 1, 0, 2]",900,181.78844451904297,False,44.34596167080477,18,0.0017578125
1010001001,11201,"[3, 1, 0, 2]",900,181.80179595947266,True,44.34596167080477,18,0.0017578125
1010001001,11202,"[3, 1, 0, 2]",900,181.82039260864258,False,44.34596167080477,18,0.0017578125
1010001001,11203,"[3, 1, 0, 2]",900,181.83398246765137,True,44.34596167080477,18,0.0017578125
1010001001,11204,"[3, 1, 0, 2]",900,181.8523406982422,False,44.34596167080477,18,0.0017578125
1010001001,11205,"[3, 1, 0, 2]",900,181.86616897583008,True,44.34596167080477,18,0.0017578125
1010001001,11206,"[3, 1, 0, 2]",900,181.8850040435791,False,44.34596167080477,18,0.0017578125
1010001001,11207,"[3, 1, 0, 2]",900,181.898832321167,True,44.34596167080477,18,0.0017578125
1010001001,11208,"[3, 1, 0, 2]",900,181.9174289703369,False,44.34596167080477,18,0.0017578125
1010001001,11209,"[3, 1, 0, 2]",900,181.9312572479248,True,44.34596167080477,18,0.0017578125
1010001001,11210,"[3, 1, 0, 2]",900,181.95009231567383,False,44.34596167080477,18,0.0017578125
1010001001,11211,"[3, 1, 0, 2]",900,181.96392059326172,True,44.34596167080477,18,0.0017578125
1010001001,11212,"[3, 1, 0, 2]",900,181.98347091674805,False,44.34596167080477,18,0.0017578125
1010001001,11213,"[3, 1, 0, 2]",900,181.99753761291504,True,44.34596167080477,18,0.0017578125
1010100000,11214,"[2, 1, 0, 3]",600,182.01661109924316,False,38.09037222002324,18,0.0017578125
1010100000,11215,"[2, 1, 0, 3]",600,182.05571174621582,True,38.09037222002324,18,0.0017578125
1010100000,11216,"[2, 1, 0, 3]",600,182.07478523254395,False,38.09037222002324,18,0.0017578125
1010100000,11217,"[2, 1, 0, 3]",600,182.08885192871094,True,38.09037222002324,18,0.0017578125
1010100000,11218,"[2, 1, 0, 3]",600,182.10744857788086,False,38.09037222002324,18,0.0017578125
1010100000,11219,"[2, 1, 0, 3]",600,182.12151527404785,True,38.09037222002324,18,0.0017578125
1010100000,11220,"[2, 1, 0, 3]",600,182.14011192321777,False,38.09037222002324,18,0.0017578125
1010100000,11221,"[2, 1, 0, 3]",600,182.15417861938477,True,38.09037222002324,18,0.0017578125
1010100000,11222,"[2, 1, 0, 3]",600,182.1732521057129,False,38.09037222002324,18,0.0017578125
1010100000,11223,"[2, 1, 0, 3]",600,182.18731880187988,True,38.09037222002324,18,0.0017578125
1010100000,11224,"[2, 1, 0, 3]",600,182.2059154510498,False,38.09037222002324,18,0.0017578125
1010100000,11225,"[2, 1, 0, 3]",600,182.2218894958496,True,38.09037222002324,18,0.0017578125
1010100000,11226,"[2, 1, 0, 3]",600,182.24143981933594,False,38.09037222002324,18,0.0017578125
1010100000,11227,"[2, 1, 0, 3]",600,182.25550651550293,True,38.09037222002324,18,0.0017578125
1010100000,11228,"[2, 1, 0, 3]",600,182.27410316467285,False,38.09037222002324,18,0.0017578125
1010100000,11229,"[2, 1, 0, 3]",600,182.28816986083984,True,38.09037222002324,18,0.0017578125
1010100000,11230,"[2, 1, 0, 3]",600,182.30652809143066,False,38.09037222002324,18,0.0017578125
1010100000,11231,"[2, 1, 0, 3]",600,182.32393264770508,True,38.09037222002324,18,0.0017578125
1010100000,11232,"[2, 1, 0, 3]",600,182.3430061340332,False,38.09037222002324,18,0.0017578125
1010100000,11233,"[2, 1, 0, 3]",600,182.3577880859375,True,38.09037222002324,18,0.0017578125
1010100000,11234,"[2, 1, 0, 3]",600,182.37829208374023,False,38.09037222002324,18,0.0017578125
1010100000,11235,"[2, 1, 0, 3]",600,182.39307403564453,True,38.09037222002324,18,0.0017578125
1010100000,11236,"[2, 1, 0, 3]",600,182.41190910339355,False,38.09037222002324,18,0.0017578125
1010100000,11237,"[2, 1, 0, 3]",600,182.42573738098145,True,38.09037222002324,18,0.0017578125
1010100000,11238,"[2, 1, 0, 3]",600,182.44433403015137,False,38.09037222002324,18,0.0017578125
1010100000,11239,"[2, 1, 0, 3]",600,182.45816230773926,True,38.09037222002324,18,0.0017578125
1010100000,11240,"[2, 1, 0, 3]",600,182.47652053833008,False,38.09037222002324,18,0.0017578125
1010100000,11241,"[2, 1, 0, 3]",600,182.49011039733887,True,38.09037222002324,18,0.0017578125
1010100000,11242,"[2, 1, 0, 3]",600,182.5089454650879,False,38.09037222002324,18,0.0017578125
1010100000,11243,"[2, 1, 0, 3]",600,182.52229690551758,True,38.09037222002324,18,0.0017578125
1010100000,11244,"[2, 1, 0, 3]",600,182.5408935546875,False,38.09037222002324,18,0.0017578125
1010100000,11245,"[2, 1, 0, 3]",600,182.5547218322754,True,38.09037222002324,18,0.0017578125
1010100000,11246,"[2, 1, 0, 3]",600,182.5733184814453,False,38.09037222002324,18,0.0017578125
1010100000,11247,"[2, 1, 0, 3]",600,182.5873851776123,True,38.09037222002324,18,0.0017578125
1010100000,11248,"[2, 1, 0, 3]",600,182.60622024536133,False,38.09037222002324,18,0.0017578125
1010100000,11249,"[2, 1, 0, 3]",600,182.62052536010742,True,38.09037222002324,18,0.0017578125
0100001110,11250,"[3, 0, 2, 1]",6300,182.63912200927734,False,14.363774402289181,17,0.00166015625
0100001110,11251,"[3, 0, 1, 2]",750,182.65366554260254,True,14.363774402289181,17,0.00166015625
0100001110,11252,"[3, 0, 2, 1]",6300,182.67250061035156,False,14.363774402289181,17,0.00166015625
0100001110,11253,"[3, 0, 1, 2]",750,182.68680572509766,True,14.363774402289181,17,0.00166015625
0100001110,11254,"[3, 0, 2, 1]",6300,182.71756172180176,False,14.363774402289181,17,0.00166015625
0100001110,11255,"[3, 0, 1, 2]",750,182.73162841796875,True,14.363774402289181,17,0.00166015625
0100001110,11256,"[3, 0, 2, 1]",6300,182.74998664855957,False,14.363774402289181,17,0.00166015625
0100001110,11257,"[3, 0, 1, 2]",750,182.76357650756836,True,14.363774402289181,17,0.00166015625
0100001110,11258,"[3, 0, 2, 1]",6300,182.78169631958008,False,14.363774402289181,17,0.00166015625
0100001110,11259,"[3, 0, 1, 2]",750,182.79552459716797,True,14.363774402289181,17,0.00166015625
0100001110,11260,"[3, 0, 2, 1]",6300,182.8136444091797,False,14.363774402289181,17,0.00166015625
0100001110,11261,"[3, 0, 1, 2]",750,182.82723426818848,True,14.363774402289181,17,0.00166015625
0100001110,11262,"[3, 0, 2, 1]",6300,182.85560607910156,False,14.363774402289181,17,0.00166015625
0100001110,11263,"[3, 0, 1, 2]",750,182.86871910095215,True,14.363774402289181,17,0.00166015625
0100001110,11264,"[3, 0, 2, 1]",6300,182.88612365722656,False,14.363774402289181,17,0.00166015625
0100001110,11265,"[3, 0, 1, 2]",750,182.89899826049805,True,14.363774402289181,17,0.00166015625
0100001110,11266,"[3, 0, 2, 1]",6300,182.91640281677246,False,14.363774402289181,17,0.00166015625
0100001110,11267,"[3, 0, 1, 2]",750,182.92951583862305,True,14.363774402289181,17,0.00166015625
0100001110,11268,"[3, 0, 2, 1]",6300,182.94668197631836,False,14.363774402289181,17,0.00166015625
0100001110,11269,"[3, 0, 1, 2]",750,182.95955657958984,True,14.363774402289181,17,0.00166015625
0100001110,11270,"[3, 0, 2, 1]",6300,182.97696113586426,False,14.363774402289181,17,0.00166015625
0100001110,11271,"[3, 0, 1, 2]",750,182.99031257629395,True,14.363774402289181,17,0.00166015625
0100001110,11272,"[3, 0, 2, 1]",6300,183.00747871398926,False,14.363774402289181,17,0.00166015625
0100001110,11273,"[3, 0, 1, 2]",750,183.02083015441895,True,14.363774402289181,17,0.00166015625
0100001110,11274,"[3, 0, 2, 1]",6300,183.03799629211426,False,14.363774402289181,17,0.00166015625
0100001110,11275,"[3, 0, 1, 2]",750,183.05277824401855,True,14.363774402289181,17,0.00166015625
0100001110,11276,"[3, 0, 2, 1]",6300,183.07232856750488,False,14.363774402289181,17,0.00166015625
0100001110,11277,"[3, 0, 1, 2]",750,183.08615684509277,True,14.363774402289181,17,0.00166015625
0100001110,11278,"[3, 0, 2, 1]",6300,183.1037998199463,False,14.363774402289181,17,0.00166015625
0100001110,11279,"[3, 0, 1, 2]",750,183.11715126037598,True,14.363774402289181,17,0.00166015625
0100001110,11280,"[3, 0, 2, 1]",6300,183.1343173980713,False,14.363774402289181,17,0.00166015625
0100001110,11281,"[3, 0, 1, 2]",750,183.14766883850098,True,14.363774402289181,17,0.00166015625
0100001110,11282,"[3, 0, 2, 1]",6300,183.1650733947754,False,14.363774402289181,17,0.00166015625
0100001110,11283,"[3, 0, 1, 2]",750,183.17794799804688,True,14.363774402289181,17,0.00166015625
1001110111,11284,"[2, 0, 3, 1]",6200,183.1953525543213,False,16.42022785419578,17,0.00166015625
1001110111,11285,"[2, 0, 1, 3]",500,183.20822715759277,True,16.42022785419578,17,0.00166015625
1001110111,11286,"[2, 0, 3, 1]",6200,183.2258701324463,False,16.42022785419578,17,0.00166015625
1001110111,11287,"[2, 0, 1, 3]",500,183.23898315429688,True,16.42022785419578,17,0.00166015625
1001110111,11288,"[2, 0, 3, 1]",6200,183.2566261291504,False,16.42022785419578,17,0.00166015625
1001110111,11289,"[2, 0, 1, 3]",500,183.26950073242188,True,16.42022785419578,17,0.00166015625
1001110111,11290,"[2, 0, 3, 1]",6200,183.2869052886963,False,16.42022785419578,17,0.00166015625
1001110111,11291,"[2, 0, 1, 3]",500,183.29954147338867,True,16.42022785419578,17,0.00166015625
1001110111,11292,"[2, 0, 3, 1]",6200,183.3169460296631,False,16.42022785419578,17,0.00166015625
1001110111,11293,"[2, 0, 1, 3]",500,183.33005905151367,True,16.42022785419578,17,0.00166015625
1001110111,11294,"[2, 0, 3, 1]",6200,183.34722518920898,False,16.42022785419578,17,0.00166015625
1001110111,11295,"[2, 0, 1, 3]",500,183.36033821105957,True,16.42022785419578,17,0.00166015625
1001110111,11296,"[2, 0, 3, 1]",6200,183.3789348602295,False,16.42022785419578,17,0.00166015625
1001110111,11297,"[2, 0, 1, 3]",500,183.39228630065918,True,16.42022785419578,17,0.00166015625
1001110111,11298,"[2, 0, 3, 1]",6200,183.4099292755127,False,16.42022785419578,17,0.00166015625
1001110111,11299,"[2, 0, 1, 3]",500,183.42280387878418,True,16.42022785419578,17,0.00166015625
1001110111,11300,"[2, 0, 3, 1]",6200,183.4402084350586,False,16.42022785419578,17,0.00166015625
1001110111,11301,"[2, 0, 1, 3]",500,183.45332145690918,True,16.42022785419578,17,0.00166015625
1001110111,11302,"[2, 0, 3, 1]",6200,183.4704875946045,False,16.42022785419578,17,0.00166015625
1001110111,11303,"[2, 0, 1, 3]",500,183.48336219787598,True,16.42022785419578,17,0.00166015625
1001110111,11304,"[2, 0, 3, 1]",6200,183.5007667541504,False,16.42022785419578,17,0.00166015625
1001110111,11305,"[2, 0, 1, 3]",500,183.51411819458008,True,16.42022785419578,17,0.00166015625
1001110111,11306,"[2, 0, 3, 1]",6200,183.5315227508545,False,16.42022785419578,17,0.00166015625
1001110111,11307,"[2, 0, 1, 3]",500,183.54463577270508,True,16.42022785419578,17,0.00166015625
1001110111,11308,"[2, 0, 3, 1]",6200,183.5618019104004,False,16.42022785419578,17,0.00166015625
1001110111,11309,"[2, 0, 1, 3]",500,183.57491493225098,True,16.42022785419578,17,0.00166015625
1001110111,11310,"[2, 0, 3, 1]",6200,183.5920810699463,False,16.42022785419578,17,0.00166015625
1001110111,11311,"[2, 0, 1, 3]",500,183.60471725463867,True,16.42022785419578,17,0.00166015625
1001110111,11312,"[2, 0, 3, 1]",6200,183.62188339233398,False,16.42022785419578,17,0.00166015625
1001110111,11313,"[2, 0, 1, 3]",500,183.63475799560547,True,16.42022785419578,17,0.00166015625
1001110111,11314,"[2, 0, 3, 1]",6200,183.65216255187988,False,16.42022785419578,17,0.00166015625
1001110111,11315,"[2, 0, 1, 3]",500,183.66503715515137,True,16.42022785419578,17,0.00166015625
1001110111,11316,"[2, 0, 3, 1]",6200,183.68268013000488,False,16.42022785419578,17,0.00166015625
1001110111,11317,"[2, 0, 1, 3]",500,183.69674682617188,True,16.42022785419578,17,0.00166015625
1010000110,11318,"[1, 0, 3, 2]",465,183.7148666381836,False,15.565077850771768,17,0.00166015625
1010000110,11319,"[1, 0, 3, 2]",465,183.72845649719238,True,15.565077850771768,17,0.00166015625
1010000110,11320,"[1, 0, 3, 2]",465,183.7458610534668,False,15.565077850771768,17,0.00166015625
1010000110,11321,"[1, 0, 3, 2]",465,183.75873565673828,True,15.565077850771768,17,0.00166015625
1010000110,11322,"[1, 0, 3, 2]",465,183.7761402130127,False,15.565077850771768,17,0.00166015625
1010000110,11323,"[1, 0, 3, 2]",465,183.78877639770508,True,15.565077850771768,17,0.00166015625
1010000110,11324,"[1, 0, 3, 2]",465,183.8061809539795,False,15.565077850771768,17,0.00166015625
1010000110,11325,"[1, 0, 3, 2]",465,183.81929397583008,True,15.565077850771768,17,0.00166015625
1010000110,11326,"[1, 0, 3, 2]",465,183.8388442993164,False,15.565077850771768,17,0.00166015625
1010000110,11327,"[1, 0, 3, 2]",465,183.8517189025879,True,15.565077850771768,17,0.00166015625
1010000110,11328,"[1, 0, 3, 2]",465,183.8696002960205,False,15.565077850771768,17,0.00166015625
1010000110,11329,"[1, 0, 3, 2]",465,183.8822364807129,True,15.565077850771768,17,0.00166015625
1010000110,11330,"[1, 0, 3, 2]",465,183.8994026184082,False,15.565077850771768,17,0.00166015625
1010000110,11331,"[1, 0, 3, 2]",465,183.9125156402588,True,15.565077850771768,17,0.00166015625
1010000110,11332,"[1, 0, 3, 2]",465,183.9299201965332,False,15.565077850771768,17,0.00166015625
1010000110,11333,"[1, 0, 3, 2]",465,183.9427947998047,True,15.565077850771768,17,0.00166015625
1010000110,11334,"[1, 0, 3, 2]",465,183.9601993560791,False,15.565077850771768,17,0.00166015625
1010000110,11335,"[1, 0, 3, 2]",465,183.97283554077148,True,15.565077850771768,17,0.00166015625
1010000110,11336,"[1, 0, 3, 2]",465,183.9900016784668,False,15.565077850771768,17,0.00166015625
1010000110,11337,"[1, 0, 3, 2]",465,184.00287628173828,True,15.565077850771768,17,0.00166015625
1010000110,11338,"[1, 0, 3, 2]",465,184.0212345123291,False,15.565077850771768,17,0.00166015625
1010000110,11339,"[1, 0, 3, 2]",465,184.0345859527588,True,15.565077850771768,17,0.00166015625
1010000110,11340,"[1, 0, 3, 2]",465,184.0517520904541,False,15.565077850771768,17,0.00166015625
1010000110,11341,"[1, 0, 3, 2]",465,184.0646266937256,True,15.565077850771768,17,0.00166015625
1010000110,11342,"[1, 0, 3, 2]",465,184.0815544128418,False,15.565077850771768,17,0.00166015625
1010000110,11343,"[1, 0, 3, 2]",465,184.09419059753418,True,15.565077850771768,17,0.00166015625
1010000110,11344,"[1, 0, 3, 2]",465,184.1113567352295,False,15.565077850771768,17,0.00166015625
1010000110,11345,"[1, 0, 3, 2]",465,184.12423133850098,True,15.565077850771768,17,0.00166015625
1010000110,11346,"[1, 0, 3, 2]",465,184.1413974761963,False,15.565077850771768,17,0.00166015625
1010000110,11347,"[1, 0, 3, 2]",465,184.15427207946777,True,15.565077850771768,17,0.00166015625
1010000110,11348,"[1, 0, 3, 2]",465,184.17119979858398,False,15.565077850771768,17,0.00166015625
1010000110,11349,"[1, 0, 3, 2]",465,184.18407440185547,True,15.565077850771768,17,0.00166015625
1010000110,11350,"[1, 0, 3, 2]",465,184.20124053955078,False,15.565077850771768,17,0.00166015625
1010000110,11351,"[1, 0, 3, 2]",465,184.21411514282227,True,15.565077850771768,17,0.00166015625
1100111111,11352,"[3, 2, 0, 1]",6600,184.23151969909668,False,21.43624874001641,17,0.00166015625
1100111111,11353,"[3, 2, 0, 1]",6600,184.24510955810547,True,21.43624874001641,17,0.00166015625
1100111111,11354,"[3, 2, 0, 1]",6600,184.26275253295898,False,21.43624874001641,17,0.00166015625
1100111111,11355,"[3, 2, 0, 1]",6600,184.27610397338867,True,21.43624874001641,17,0.00166015625
1100111111,11356,"[3, 2, 0, 1]",6600,184.29327011108398,False,21.43624874001641,17,0.00166015625
1100111111,11357,"[3, 2, 0, 1]",6600,184.30590629577637,True,21.43624874001641,17,0.00166015625
1100111111,11358,"[3, 2, 0, 1]",6600,184.32354927062988,False,21.43624874001641,17,0.00166015625
1100111111,11359,"[3, 2, 0, 1]",6600,184.33833122253418,True,21.43624874001641,17,0.00166015625
1100111111,11360,"[3, 2, 0, 1]",6600,184.3564510345459,False,21.43624874001641,17,0.00166015625
1100111111,11361,"[3, 2, 0, 1]",6600,184.3698024749756,True,21.43624874001641,17,0.00166015625
1100111111,11362,"[3, 2, 0, 1]",6600,184.38720703125,False,21.43624874001641,17,0.00166015625
1100111111,11363,"[3, 2, 0, 1]",6600,184.40008163452148,True,21.43624874001641,17,0.00166015625
1100111111,11364,"[3, 2, 0, 1]",6600,184.4172477722168,False,21.43624874001641,17,0.00166015625
1100111111,11365,"[3, 2, 0, 1]",6600,184.43012237548828,True,21.43624874001641,17,0.00166015625
1100111111,11366,"[3, 2, 0, 1]",6600,184.4472885131836,False,21.43624874001641,17,0.00166015625
1100111111,11367,"[3, 2, 0, 1]",6600,184.45944786071777,True,21.43624874001641,17,0.00166015625
1100111111,11368,"[3, 2, 0, 1]",6600,184.4768524169922,False,21.43624874001641,17,0.00166015625
1100111111,11369,"[3, 2, 0, 1]",6600,184.48948860168457,True,21.43624874001641,17,0.00166015625
1100111111,11370,"[3, 2, 0, 1]",6600,184.50689315795898,False,21.43624874001641,17,0.00166015625
1100111111,11371,"[3, 2, 0, 1]",6600,184.51976776123047,True,21.43624874001641,17,0.00166015625
1100111111,11372,"[3, 2, 0, 1]",6600,184.53741073608398,False,21.43624874001641,17,0.00166015625
1100111111,11373,"[3, 2, 0, 1]",6600,184.55028533935547,True,21.43624874001641,17,0.00166015625
1100111111,11374,"[3, 2, 0, 1]",6600,184.56768989562988,False,21.43624874001641,17,0.00166015625
1100111111,11375,"[3, 2, 0, 1]",6600,184.58008766174316,True,21.43624874001641,17,0.00166015625
1100111111,11376,"[3, 2, 0, 1]",6600,184.5989227294922,False,21.43624874001641,17,0.00166015625
1100111111,11377,"[3, 2, 0, 1]",6600,184.61203575134277,True,21.43624874001641,17,0.00166015625
1100111111,11378,"[3, 2, 0, 1]",6600,184.6299171447754,False,21.43624874001641,17,0.00166015625
1100111111,11379,"[3, 2, 0, 1]",6600,184.64279174804688,True,21.43624874001641,17,0.00166015625
1100111111,11380,"[3, 2, 0, 1]",6600,184.661865234375,False,21.43624874001641,17,0.00166015625
1100111111,11381,"[3, 2, 0, 1]",6600,184.6749782562256,True,21.43624874001641,17,0.00166015625
1100111111,11382,"[3, 2, 0, 1]",6600,184.6926212310791,False,21.43624874001641,17,0.00166015625
1100111111,11383,"[3, 2, 0, 1]",6600,184.7054958343506,True,21.43624874001641,17,0.00166015625
1100111111,11384,"[3, 2, 0, 1]",6600,184.722900390625,False,21.43624874001641,17,0.00166015625
1100111111,11385,"[3, 2, 0, 1]",6600,184.7360134124756,True,21.43624874001641,17,0.00166015625
0000101111,11386,"[3, 2, 1, 0]",9600,184.75341796875,False,21.38946656094618,17,0.00166015625
0000101111,11387,"[3, 2, 1, 0]",9600,184.7667694091797,True,21.38946656094618,17,0.00166015625
0000101111,11388,"[3, 2, 1, 0]",9600,184.783935546875,False,21.38946656094618,17,0.00166015625
0000101111,11389,"[3, 2, 1, 0]",9600,184.79681015014648,True,21.38946656094618,17,0.00166015625
0000101111,11390,"[3, 2, 1, 0]",9600,184.8139762878418,False,21.38946656094618,17,0.00166015625
0000101111,11391,"[3, 2, 1, 0]",9600,184.82661247253418,True,21.38946656094618,17,0.00166015625
0000101111,11392,"[3, 2, 1, 0]",9600,184.8435401916504,False,21.38946656094618,17,0.00166015625
0000101111,11393,"[3, 2, 1, 0]",9600,184.85641479492188,True,21.38946656094618,17,0.00166015625
0000101111,11394,"[3, 2, 1, 0]",9600,184.8735809326172,False,21.38946656094618,17,0.00166015625
0000101111,11395,"[3, 2, 1, 0]",9600,184.88597869873047,True,21.38946656094618,17,0.00166015625
0000101111,11396,"[3, 2, 1, 0]",9600,184.90314483642578,False,21.38946656094618,17,0.00166015625
0000101111,11397,"[3, 2, 1, 0]",9600,184.91578102111816,True,21.38946656094618,17,0.00166015625
0000101111,11398,"[3, 2, 1, 0]",9600,184.93318557739258,False,21.38946656094618,17,0.00166015625
0000101111,11399,"[3, 2, 1, 0]",9600,184.94796752929688,True,21.38946656094618,17,0.00166015625
0000101111,11400,"[3, 2, 1, 0]",9600,184.9653720855713,False,21.38946656094618,17,0.00166015625
0000101111,11401,"[3, 2, 1, 0]",9600,184.97896194458008,True,21.38946656094618,17,0.00166015625
0000101111,11402,"[3, 2, 1, 0]",9600,184.9980354309082,False,21.38946656094618,17,0.00166015625
0000101111,11403,"[3, 2, 1, 0]",9600,185.0111484527588,True,21.38946656094618,17,0.00166015625
0000101111,11404,"[3, 2, 1, 0]",9600,185.0283145904541,False,21.38946656094618,17,0.00166015625
0000101111,11405,"[3, 2, 1, 0]",9600,185.04095077514648,True,21.38946656094618,17,0.00166015625
0000101111,11406,"[3, 2, 1, 0]",9600,185.0581169128418,False,21.38946656094618,17,0.00166015625
0000101111,11407,"[3, 2, 1, 0]",9600,185.07075309753418,True,21.38946656094618,17,0.00166015625
0000101111,11408,"[3, 2, 1, 0]",9600,185.0876808166504,False,21.38946656094618,17,0.00166015625
0000101111,11409,"[3, 2, 1, 0]",9600,185.10055541992188,True,21.38946656094618,17,0.00166015625
0000101111,11410,"[3, 2, 1, 0]",9600,185.1177215576172,False,21.38946656094618,17,0.00166015625
0000101111,11411,"[3, 2, 1, 0]",9600,185.13083457946777,True,21.38946656094618,17,0.00166015625
0000101111,11412,"[3, 2, 1, 0]",9600,185.1480007171631,False,21.38946656094618,17,0.00166015625
0000101111,11413,"[3, 2, 1, 0]",9600,185.16111373901367,True,21.38946656094618,17,0.00166015625
0000101111,11414,"[3, 2, 1, 0]",9600,185.17780303955078,False,21.38946656094618,17,0.00166015625
0000101111,11415,"[3, 2, 1, 0]",9600,185.19067764282227,True,21.38946656094618,17,0.00166015625
0000101111,11416,"[3, 2, 1, 0]",9600,185.20784378051758,False,21.38946656094618,17,0.00166015625
0000101111,11417,"[3, 2, 1, 0]",9600,185.22047996520996,True,21.38946656094618,17,0.00166015625
0000101111,11418,"[3, 2, 1, 0]",9600,185.23740768432617,False,21.38946656094618,17,0.00166015625
0000101111,11419,"[3, 2, 1, 0]",9600,185.25004386901855,True,21.38946656094618,17,0.00166015625
0100110000,11420,"[2, 0, 3, 1]",6200,185.26744842529297,False,10.987418090562802,17,0.00166015625
0100110000,11421,"[2, 0, 1, 3]",500,185.28079986572266,True,10.987418090562802,17,0.00166015625
0100110000,11422,"[2, 0, 3, 1]",6200,185.29987335205078,False,10.987418090562802,17,0.00166015625
0100110000,11423,"[2, 0, 1, 3]",500,185.31322479248047,True,10.987418090562802,17,0.00166015625
0100110000,11424,"[2, 0, 3, 1]",6200,185.3311061859131,False,10.987418090562802,17,0.00166015625
0100110000,11425,"[2, 0, 1, 3]",500,185.34421920776367,True,10.987418090562802,17,0.00166015625
0100110000,11426,"[2, 0, 3, 1]",6200,185.36376953125,False,10.987418090562802,17,0.00166015625
0100110000,11427,"[2, 0, 1, 3]",500,185.3775978088379,True,10.987418090562802,17,0.00166015625
0100110000,11428,"[2, 0, 3, 1]",6200,185.3954792022705,False,10.987418090562802,17,0.00166015625
0100110000,11429,"[2, 0, 1, 3]",500,185.4085922241211,True,10.987418090562802,17,0.00166015625
0100110000,11430,"[2, 0, 3, 1]",6200,185.4259967803955,False,10.987418090562802,17,0.00166015625
0100110000,11431,"[2, 0, 1, 3]",500,185.4391098022461,True,10.987418090562802,17,0.00166015625
0100110000,11432,"[2, 0, 3, 1]",6200,185.4567527770996,False,10.987418090562802,17,0.00166015625
0100110000,11433,"[2, 0, 1, 3]",500,185.4696273803711,True,10.987418090562802,17,0.00166015625
0100110000,11434,"[2, 0, 3, 1]",6200,185.49108505249023,False,10.987418090562802,17,0.00166015625
0100110000,11435,"[2, 0, 1, 3]",500,185.50443649291992,True,10.987418090562802,17,0.00166015625
0100110000,11436,"[2, 0, 3, 1]",6200,185.53900718688965,False,10.987418090562802,17,0.00166015625
0100110000,11437,"[2, 0, 1, 3]",500,185.55355072021484,True,10.987418090562802,17,0.00166015625
0100110000,11438,"[2, 0, 3, 1]",6200,185.57190895080566,False,10.987418090562802,17,0.00166015625
0100110000,11439,"[2, 0, 1, 3]",500,185.58597564697266,True,10.987418090562802,17,0.00166015625
0100110000,11440,"[2, 0, 3, 1]",6200,185.60433387756348,False,10.987418090562802,17,0.00166015625
0100110000,11441,"[2, 0, 1, 3]",500,185.61816215515137,True,10.987418090562802,17,0.00166015625
0100110000,11442,"[2, 0, 3, 1]",6200,185.6367588043213,False,10.987418090562802,17,0.00166015625
0100110000,11443,"[2, 0, 1, 3]",500,185.6522560119629,True,10.987418090562802,17,0.00166015625
0100110000,11444,"[2, 0, 3, 1]",6200,185.67156791687012,False,10.987418090562802,17,0.00166015625
0100110000,11445,"[2, 0, 1, 3]",500,185.6856346130371,True,10.987418090562802,17,0.00166015625
0100110000,11446,"[2, 0, 3, 1]",6200,185.70423126220703,False,10.987418090562802,17,0.00166015625
0100110000,11447,"[2, 0, 1, 3]",500,185.71829795837402,True,10.987418090562802,17,0.00166015625
0100110000,11448,"[2, 0, 3, 1]",6200,185.73689460754395,False,10.987418090562802,17,0.00166015625
0100110000,11449,"[2, 0, 1, 3]",500,185.75119972229004,True,10.987418090562802,17,0.00166015625
0100110000,11450,"[2, 0, 3, 1]",6200,185.76979637145996,False,10.987418090562802,17,0.00166015625
0100110000,11451,"[2, 0, 1, 3]",500,185.78362464904785,True,10.987418090562802,17,0.00166015625
0100110000,11452,"[2, 0, 3, 1]",6200,185.80245971679688,False,10.987418090562802,17,0.00166015625
0100110000,11453,"[2, 0, 1, 3]",500,185.81604957580566,True,10.987418090562802,17,0.00166015625
0011000011,11454,"[1, 3, 2, 0]",9450,185.8348846435547,False,14.06201626303163,17,0.00166015625
0011000011,11455,"[1, 0, 3, 2]",465,185.84942817687988,True,14.06201626303163,17,0.00166015625
0011000011,11456,"[1, 3, 2, 0]",9450,185.8677864074707,False,14.06201626303163,17,0.00166015625
0011000011,11457,"[1, 0, 3, 2]",465,185.8818531036377,True,14.06201626303163,17,0.00166015625
0011000011,11458,"[1, 3, 2, 0]",9450,185.90044975280762,False,14.06201626303163,17,0.00166015625
0011000011,11459,"[1, 0, 3, 2]",465,185.9140396118164,True,14.06201626303163,17,0.00166015625
0011000011,11460,"[1, 3, 2, 0]",9450,185.93263626098633,False,14.06201626303163,17,0.00166015625
0011000011,11461,"[1, 0, 3, 2]",465,185.94670295715332,True,14.06201626303163,17,0.00166015625
0011000011,11462,"[1, 3, 2, 0]",9450,185.96506118774414,False,14.06201626303163,17,0.00166015625
0011000011,11463,"[1, 0, 3, 2]",465,185.97912788391113,True,14.06201626303163,17,0.00166015625
0011000011,11464,"[1, 3, 2, 0]",9450,185.99891662597656,False,14.06201626303163,17,0.00166015625
0011000011,11465,"[1, 0, 3, 2]",465,186.01346015930176,True,14.06201626303163,17,0.00166015625
0011000011,11466,"[1, 3, 2, 0]",9450,186.03253364562988,False,14.06201626303163,17,0.00166015625
0011000011,11467,"[1, 0, 3, 2]",465,186.04660034179688,True,14.06201626303163,17,0.00166015625
0011000011,11468,"[1, 3, 2, 0]",9450,186.0649585723877,False,14.06201626303163,17,0.00166015625
0011000011,11469,"[1, 0, 3, 2]",465,186.0790252685547,True,14.06201626303163,17,0.00166015625
0011000011,11470,"[1, 3, 2, 0]",9450,186.0976219177246,False,14.06201626303163,17,0.00166015625
0011000011,11471,"[1, 0, 3, 2]",465,186.1114501953125,True,14.06201626303163,17,0.00166015625
0011000011,11472,"[1, 3, 2, 0]",9450,186.13004684448242,False,14.06201626303163,17,0.00166015625
0011000011,11473,"[1, 0, 3, 2]",465,186.1438751220703,True,14.06201626303163,17,0.00166015625
0011000011,11474,"[1, 3, 2, 0]",9450,186.16247177124023,False,14.06201626303163,17,0.00166015625
0011000011,11475,"[1, 0, 3, 2]",465,186.17653846740723,True,14.06201626303163,17,0.00166015625
0011000011,11476,"[1, 3, 2, 0]",9450,186.19513511657715,False,14.06201626303163,17,0.00166015625
0011000011,11477,"[1, 0, 3, 2]",465,186.21087074279785,True,14.06201626303163,17,0.00166015625
0011000011,11478,"[1, 3, 2, 0]",9450,186.23042106628418,False,14.06201626303163,17,0.00166015625
0011000011,11479,"[1, 0, 3, 2]",465,186.24448776245117,True,14.06201626303163,17,0.00166015625
0011000011,11480,"[1, 3, 2, 0]",9450,186.2633228302002,False,14.06201626303163,17,0.00166015625
0011000011,11481,"[1, 0, 3, 2]",465,186.2771511077881,True,14.06201626303163,17,0.00166015625
0011000011,11482,"[1, 3, 2, 0]",9450,186.2955093383789,False,14.06201626303163,17,0.00166015625
0011000011,11483,"[1, 0, 3, 2]",465,186.3093376159668,True,14.06201626303163,17,0.00166015625
0011000011,11484,"[1, 3, 2, 0]",9450,186.32817268371582,False,14.06201626303163,17,0.00166015625
0011000011,11485,"[1, 0, 3, 2]",465,186.34343147277832,True,14.06201626303163,17,0.00166015625
0011000011,11486,"[1, 3, 2, 0]",9450,186.36298179626465,False,14.06201626303163,17,0.00166015625
0011000011,11487,"[1, 0, 3, 2]",465,186.37728691101074,True,14.06201626303163,17,0.00166015625
1001011000,11488,"[3, 0, 2, 1]",6300,186.40589714050293,False,18.27225942116783,17,0.00166015625
1001011000,11489,"[3, 0, 1, 2]",750,186.42044067382812,True,18.27225942116783,17,0.00166015625
1001011000,11490,"[3, 0, 2, 1]",6300,186.43927574157715,False,18.27225942116783,17,0.00166015625
1001011000,11491,"[3, 0, 1, 2]",750,186.45334243774414,True,18.27225942116783,17,0.00166015625
1001011000,11492,"[3, 0, 2, 1]",6300,186.47146224975586,False,18.27225942116783,17,0.00166015625
1001011000,11493,"[3, 0, 1, 2]",750,186.48552894592285,True,18.27225942116783,17,0.00166015625
1001011000,11494,"[3, 0, 2, 1]",6300,186.50364875793457,False,18.27225942116783,17,0.00166015625
1001011000,11495,"[3, 0, 1, 2]",750,186.51747703552246,True,18.27225942116783,17,0.00166015625
1001011000,11496,"[3, 0, 2, 1]",6300,186.55157089233398,False,18.27225942116783,17,0.00166015625
1001011000,11497,"[3, 0, 1, 2]",750,186.56563758850098,True,18.27225942116783,17,0.00166015625
1001011000,11498,"[3, 0, 2, 1]",6300,186.58447265625,False,18.27225942116783,17,0.00166015625
1001011000,11499,"[3, 0, 1, 2]",750,186.5978240966797,True,18.27225942116783,17,0.00166015625
1001011000,11500,"[3, 0, 2, 1]",6300,186.6168975830078,False,18.27225942116783,17,0.00166015625
1001011000,11501,"[3, 0, 1, 2]",750,186.6307258605957,True,18.27225942116783,17,0.00166015625
1001011000,11502,"[3, 0, 2, 1]",6300,186.64956092834473,False,18.27225942116783,17,0.00166015625
1001011000,11503,"[3, 0, 1, 2]",750,186.66338920593262,True,18.27225942116783,17,0.00166015625
1001011000,11504,"[3, 0, 2, 1]",6300,186.68198585510254,False,18.27225942116783,17,0.00166015625
1001011000,11505,"[3, 0, 1, 2]",750,186.69581413269043,True,18.27225942116783,17,0.00166015625
1001011000,11506,"[3, 0, 2, 1]",6300,186.72585487365723,False,18.27225942116783,17,0.00166015625
1001011000,11507,"[3, 0, 1, 2]",750,186.74945831298828,True,18.27225942116783,17,0.00166015625
1001011000,11508,"[3, 0, 2, 1]",6300,186.7671012878418,False,18.27225942116783,17,0.00166015625
1001011000,11509,"[3, 0, 1, 2]",750,186.77973747253418,True,18.27225942116783,17,0.00166015625
1001011000,11510,"[3, 0, 2, 1]",6300,186.7971420288086,False,18.27225942116783,17,0.00166015625
1001011000,11511,"[3, 0, 1, 2]",750,186.80953979492188,True,18.27225942116783,17,0.00166015625
1001011000,11512,"[3, 0, 2, 1]",6300,186.8269443511963,False,18.27225942116783,17,0.00166015625
1001011000,11513,"[3, 0, 1, 2]",750,186.83981895446777,True,18.27225942116783,17,0.00166015625
1001011000,11514,"[3, 0, 2, 1]",6300,186.8736743927002,False,18.27225942116783,17,0.00166015625
1001011000,11515,"[3, 0, 1, 2]",750,186.88726425170898,True,18.27225942116783,17,0.00166015625
1001011000,11516,"[3, 0, 2, 1]",6300,186.9053840637207,False,18.27225942116783,17,0.00166015625
1001011000,11517,"[3, 0, 1, 2]",750,186.9189739227295,True,18.27225942116783,17,0.00166015625
1001011000,11518,"[3, 0, 2, 1]",6300,186.9370937347412,False,18.27225942116783,17,0.00166015625
1001011000,11519,"[3, 0, 1, 2]",750,186.95068359375,True,18.27225942116783,17,0.00166015625
1001011000,11520,"[3, 0, 2, 1]",6300,186.96880340576172,False,18.27225942116783,17,0.00166015625
1001011000,11521,"[3, 0, 1, 2]",750,186.9826316833496,True,18.27225942116783,17,0.00166015625
0011001100,11522,"[3, 1, 2, 0]",9450,187.00098991394043,False,16.079073286508155,17,0.00166015625
0011001100,11523,"[3, 1, 0, 2]",900,187.03079223632812,True,16.079073286508155,17,0.00166015625
0011001100,11524,"[3, 1, 2, 0]",9450,187.04915046691895,False,16.079073286508155,17,0.00166015625
0011001100,11525,"[3, 1, 0, 2]",900,187.06369400024414,True,16.079073286508155,17,0.00166015625
0011001100,11526,"[3, 1, 2, 0]",9450,187.08205223083496,False,16.079073286508155,17,0.00166015625
0011001100,11527,"[3, 1, 0, 2]",900,187.09754943847656,True,16.079073286508155,17,0.00166015625
0011001100,11528,"[3, 1, 2, 0]",9450,187.1185302734375,False,16.079073286508155,17,0.00166015625
0011001100,11529,"[3, 1, 0, 2]",900,187.1333122253418,True,16.079073286508155,17,0.00166015625
0011001100,11530,"[3, 1, 2, 0]",9450,187.15214729309082,False,16.079073286508155,17,0.00166015625
0011001100,11531,"[3, 1, 0, 2]",900,187.1662139892578,True,16.079073286508155,17,0.00166015625
0011001100,11532,"[3, 1, 2, 0]",9450,187.18504905700684,False,16.079073286508155,17,0.00166015625
0011001100,11533,"[3, 1, 0, 2]",900,187.19887733459473,True,16.079073286508155,17,0.00166015625
0011001100,11534,"[3, 1, 2, 0]",9450,187.21747398376465,False,16.079073286508155,17,0.00166015625
0011001100,11535,"[3, 1, 0, 2]",900,187.23130226135254,True,16.079073286508155,17,0.00166015625
0011001100,11536,"[3, 1, 2, 0]",9450,187.24966049194336,False,16.079073286508155,17,0.00166015625
0011001100,11537,"[3, 1, 0, 2]",900,187.26348876953125,True,16.079073286508155,17,0.00166015625
0011001100,11538,"[3, 1, 2, 0]",9450,187.28184700012207,False,16.079073286508155,17,0.00166015625
0011001100,11539,"[3, 1, 0, 2]",900,187.29567527770996,True,16.079073286508155,17,0.00166015625
0011001100,11540,"[3, 1, 2, 0]",9450,187.31427192687988,False,16.079073286508155,17,0.00166015625
0011001100,11541,"[3, 1, 0, 2]",900,187.32810020446777,True,16.079073286508155,17,0.00166015625
0011001100,11542,"[3, 1, 2, 0]",9450,187.3466968536377,False,16.079073286508155,17,0.00166015625
0011001100,11543,"[3, 1, 0, 2]",900,187.3610019683838,True,16.079073286508155,17,0.00166015625
0011001100,11544,"[3, 1, 2, 0]",9450,187.3800754547119,False,16.079073286508155,17,0.00166015625
0011001100,11545,"[3, 1, 0, 2]",900,187.394380569458,True,16.079073286508155,17,0.00166015625
0011001100,11546,"[3, 1, 2, 0]",9450,187.41297721862793,False,16.079073286508155,17,0.00166015625
0011001100,11547,"[3, 1, 0, 2]",900,187.42728233337402,True,16.079073286508155,17,0.00166015625
0011001100,11548,"[3, 1, 2, 0]",9450,187.44730949401855,False,16.079073286508155,17,0.00166015625
0011001100,11549,"[3, 1, 0, 2]",900,187.46185302734375,True,16.079073286508155,17,0.00166015625
0011001100,11550,"[3, 1, 2, 0]",9450,187.48092651367188,False,16.079073286508155,17,0.00166015625
0011001100,11551,"[3, 1, 0, 2]",900,187.49499320983887,True,16.079073286508155,17,0.00166015625
0011001100,11552,"[3, 1, 2, 0]",9450,187.5135898590088,False,16.079073286508155,17,0.00166015625
0011001100,11553,"[3, 1, 0, 2]",900,187.52741813659668,True,16.079073286508155,17,0.00166015625
0011001100,11554,"[3, 1, 2, 0]",9450,187.5462532043457,False,16.079073286508155,17,0.00166015625
0011001100,11555,"[3, 1, 0, 2]",900,187.5603199005127,True,16.079073286508155,17,0.00166015625
1010011110,11556,"[3, 1, 0, 2]",900,187.57915496826172,False,22.75766101326228,17,0.00166015625
1010011110,11557,"[3, 1, 0, 2]",900,187.5932216644287,True,22.75766101326228,17,0.00166015625
1010011110,11558,"[3, 1, 0, 2]",900,187.61229515075684,False,22.75766101326228,17,0.00166015625
1010011110,11559,"[3, 1, 0, 2]",900,187.62612342834473,True,22.75766101326228,17,0.00166015625
1010011110,11560,"[3, 1, 0, 2]",900,187.64472007751465,False,22.75766101326228,17,0.00166015625
1010011110,11561,"[3, 1, 0, 2]",900,187.65878677368164,True,22.75766101326228,17,0.00166015625
1010011110,11562,"[3, 1, 0, 2]",900,187.67714500427246,False,22.75766101326228,17,0.00166015625
1010011110,11563,"[3, 1, 0, 2]",900,188.08841705322266,True,22.75766101326228,17,0.00166015625
1010011110,11564,"[3, 1, 0, 2]",900,188.11392784118652,False,22.75766101326228,17,0.00166015625
1010011110,11565,"[3, 1, 0, 2]",900,188.12823295593262,True,22.75766101326228,17,0.00166015625
1010011110,11566,"[3, 1, 0, 2]",900,188.14706802368164,False,22.75766101326228,17,0.00166015625
1010011110,11567,"[3, 1, 0, 2]",900,188.16447257995605,True,22.75766101326228,17,0.00166015625
1010011110,11568,"[3, 1, 0, 2]",900,188.18306922912598,False,22.75766101326228,17,0.00166015625
1010011110,11569,"[3, 1, 0, 2]",900,188.19761276245117,True,22.75766101326228,17,0.00166015625
1010011110,11570,"[3, 1, 0, 2]",900,188.2181167602539,False,22.75766101326228,17,0.00166015625
1010011110,11571,"[3, 1, 0, 2]",900,188.2321834564209,True,22.75766101326228,17,0.00166015625
1010011110,11572,"[3, 1, 0, 2]",900,188.25101852416992,False,22.75766101326228,17,0.00166015625
1010011110,11573,"[3, 1, 0, 2]",900,188.2650852203369,True,22.75766101326228,17,0.00166015625
1010011110,11574,"[3, 1, 0, 2]",900,188.28296661376953,False,22.75766101326228,17,0.00166015625
1010011110,11575,"[3, 1, 0, 2]",900,188.29727172851562,True,22.75766101326228,17,0.00166015625
1010011110,11576,"[3, 1, 0, 2]",900,188.31539154052734,False,22.75766101326228,17,0.00166015625
1010011110,11577,"[3, 1, 0, 2]",900,188.32945823669434,True,22.75766101326228,17,0.00166015625
1010011110,11578,"[3, 1, 0, 2]",900,188.34996223449707,False,22.75766101326228,17,0.00166015625
1010011110,11579,"[3, 1, 0, 2]",900,188.36450576782227,True,22.75766101326228,17,0.00166015625
1010011110,11580,"[3, 1, 0, 2]",900,188.3831024169922,False,22.75766101326228,17,0.00166015625
1010011110,11581,"[3, 1, 0, 2]",900,188.39716911315918,True,22.75766101326228,17,0.00166015625
1010011110,11582,"[3, 1, 0, 2]",900,188.4152889251709,False,22.75766101326228,17,0.00166015625
1010011110,11583,"[3, 1, 0, 2]",900,188.4291172027588,True,22.75766101326228,17,0.00166015625
1010011110,11584,"[3, 1, 0, 2]",900,188.4472370147705,False,22.75766101326228,17,0.00166015625
1010011110,11585,"[3, 1, 0, 2]",900,188.4608268737793,True,22.75766101326228,17,0.00166015625
1010011110,11586,"[3, 1, 0, 2]",900,188.47894668579102,False,22.75766101326228,17,0.00166015625
1010011110,11587,"[3, 1, 0, 2]",900,188.4925365447998,True,22.75766101326228,17,0.00166015625
1010011110,11588,"[3, 1, 0, 2]",900,188.51113319396973,False,22.75766101326228,17,0.00166015625
1010011110,11589,"[3, 1, 0, 2]",900,188.5244846343994,True,22.75766101326228,17,0.00166015625
0000100101,11590,"[2, 3, 1, 0]",9600,188.54427337646484,False,17.920323741322683,17,0.00166015625
0000100101,11591,"[2, 3, 1, 0]",9600,188.55834007263184,True,17.920323741322683,17,0.00166015625
0000100101,11592,"[2, 3, 1, 0]",9600,188.57669830322266,False,17.920323741322683,17,0.00166015625
0000100101,11593,"[2, 3, 1, 0]",9600,188.59028816223145,True,17.920323741322683,17,0.00166015625
0000100101,11594,"[2, 3, 1, 0]",9600,188.60864639282227,False,17.920323741322683,17,0.00166015625
0000100101,11595,"[2, 3, 1, 0]",9600,188.62175941467285,True,17.920323741322683,17,0.00166015625
0000100101,11596,"[2, 3, 1, 0]",9600,188.63987922668457,False,17.920323741322683,17,0.00166015625
0000100101,11597,"[2, 3, 1, 0]",9600,188.65275382995605,True,17.920323741322683,17,0.00166015625
0000100101,11598,"[2, 3, 1, 0]",9600,188.67087364196777,False,17.920323741322683,17,0.00166015625
0000100101,11599,"[2, 3, 1, 0]",9600,188.68398666381836,True,17.920323741322683,17,0.00166015625
0000100101,11600,"[2, 3, 1, 0]",9600,188.70234489440918,False,17.920323741322683,17,0.00166015625
0000100101,11601,"[2, 3, 1, 0]",9600,188.71593475341797,True,17.920323741322683,17,0.00166015625
0000100101,11602,"[2, 3, 1, 0]",9600,188.7338161468506,False,17.920323741322683,17,0.00166015625
0000100101,11603,"[2, 3, 1, 0]",9600,188.74716758728027,True,17.920323741322683,17,0.00166015625
0000100101,11604,"[2, 3, 1, 0]",9600,188.7650489807129,False,17.920323741322683,17,0.00166015625
0000100101,11605,"[2, 3, 1, 0]",9600,188.77840042114258,True,17.920323741322683,17,0.00166015625
0000100101,11606,"[2, 3, 1, 0]",9600,188.7962818145752,False,17.920323741322683,17,0.00166015625
0000100101,11607,"[2, 3, 1, 0]",9600,188.80963325500488,True,17.920323741322683,17,0.00166015625
0000100101,11608,"[2, 3, 1, 0]",9600,188.8272762298584,False,17.920323741322683,17,0.00166015625
0000100101,11609,"[2, 3, 1, 0]",9600,188.84038925170898,True,17.920323741322683,17,0.00166015625
0000100101,11610,"[2, 3, 1, 0]",9600,188.8585090637207,False,17.920323741322683,17,0.00166015625
0000100101,11611,"[2, 3, 1, 0]",9600,188.8730525970459,True,17.920323741322683,17,0.00166015625
0000100101,11612,"[2, 3, 1, 0]",9600,188.89164924621582,False,17.920323741322683,17,0.00166015625
0000100101,11613,"[2, 3, 1, 0]",9600,188.9052391052246,True,17.920323741322683,17,0.00166015625
0000100101,11614,"[2, 3, 1, 0]",9600,188.92312049865723,False,17.920323741322683,17,0.00166015625
0000100101,11615,"[2, 3, 1, 0]",9600,188.9362335205078,True,17.920323741322683,17,0.00166015625
0000100101,11616,"[2, 3, 1, 0]",9600,188.95435333251953,False,17.920323741322683,17,0.00166015625
0000100101,11617,"[2, 3, 1, 0]",9600,188.96770477294922,True,17.920323741322683,17,0.00166015625
0000100101,11618,"[2, 3, 1, 0]",9600,188.98534774780273,False,17.920323741322683,17,0.00166015625
0000100101,11619,"[2, 3, 1, 0]",9600,188.99869918823242,True,17.920323741322683,17,0.00166015625
0000100101,11620,"[2, 3, 1, 0]",9600,189.01634216308594,False,17.920323741322683,17,0.00166015625
0000100101,11621,"[2, 3, 1, 0]",9600,189.02945518493652,True,17.920323741322683,17,0.00166015625
0000100101,11622,"[2, 3, 1, 0]",9600,189.04757499694824,False,17.920323741322683,17,0.00166015625
0000100101,11623,"[2, 3, 1, 0]",9600,189.06092643737793,True,17.920323741322683,17,0.00166015625
1110110110,11624,"[2, 0, 1, 3]",500,189.07928466796875,False,24.4105565813594,17,0.00166015625
1110110110,11625,"[2, 0, 1, 3]",500,189.09430503845215,True,24.4105565813594,17,0.00166015625
1110110110,11626,"[2, 0, 1, 3]",500,189.11242485046387,False,24.4105565813594,17,0.00166015625
1110110110,11627,"[2, 0, 1, 3]",500,189.12649154663086,True,24.4105565813594,17,0.00166015625
1110110110,11628,"[2, 0, 1, 3]",500,189.1465187072754,False,24.4105565813594,17,0.00166015625
1110110110,11629,"[2, 0, 1, 3]",500,189.1610622406006,True,24.4105565813594,17,0.00166015625
1110110110,11630,"[2, 0, 1, 3]",500,189.1796588897705,False,24.4105565813594,17,0.00166015625
1110110110,11631,"[2, 0, 1, 3]",500,189.1934871673584,True,24.4105565813594,17,0.00166015625
1110110110,11632,"[2, 0, 1, 3]",500,189.21422958374023,False,24.4105565813594,17,0.00166015625
1110110110,11633,"[2, 0, 1, 3]",500,189.22853469848633,True,24.4105565813594,17,0.00166015625
1110110110,11634,"[2, 0, 1, 3]",500,189.24713134765625,False,24.4105565813594,17,0.00166015625
1110110110,11635,"[2, 0, 1, 3]",500,189.26024436950684,True,24.4105565813594,17,0.00166015625
1110110110,11636,"[2, 0, 1, 3]",500,189.27860260009766,False,24.4105565813594,17,0.00166015625
1110110110,11637,"[2, 0, 1, 3]",500,189.29219245910645,True,24.4105565813594,17,0.00166015625
1110110110,11638,"[2, 0, 1, 3]",500,189.31055068969727,False,24.4105565813594,17,0.00166015625
1110110110,11639,"[2, 0, 1, 3]",500,189.32414054870605,True,24.4105565813594,17,0.00166015625
1110110110,11640,"[2, 0, 1, 3]",500,189.34226036071777,False,24.4105565813594,17,0.00166015625
1110110110,11641,"[2, 0, 1, 3]",500,189.35585021972656,True,24.4105565813594,17,0.00166015625
1110110110,11642,"[2, 0, 1, 3]",500,189.37397003173828,False,24.4105565813594,17,0.00166015625
1110110110,11643,"[2, 0, 1, 3]",500,189.38732147216797,True,24.4105565813594,17,0.00166015625
1110110110,11644,"[2, 0, 1, 3]",500,189.41569328308105,False,24.4105565813594,17,0.00166015625
1110110110,11645,"[2, 0, 1, 3]",500,189.42856788635254,True,24.4105565813594,17,0.00166015625
1110110110,11646,"[2, 0, 1, 3]",500,189.44597244262695,False,24.4105565813594,17,0.00166015625
1110110110,11647,"[2, 0, 1, 3]",500,189.45908546447754,True,24.4105565813594,17,0.00166015625
1110110110,11648,"[2, 0, 1, 3]",500,189.47625160217285,False,24.4105565813594,17,0.00166015625
1110110110,11649,"[2, 0, 1, 3]",500,189.49460983276367,True,24.4105565813594,17,0.00166015625
1110110110,11650,"[2, 0, 1, 3]",500,189.5287036895752,False,24.4105565813594,17,0.00166015625
1110110110,11651,"[2, 0, 1, 3]",500,189.5427703857422,True,24.4105565813594,17,0.00166015625
1110110110,11652,"[2, 0, 1, 3]",500,189.5613670349121,False,24.4105565813594,17,0.00166015625
1110110110,11653,"[2, 0, 1, 3]",500,189.5773410797119,True,24.4105565813594,17,0.00166015625
1110110110,11654,"[2, 0, 1, 3]",500,189.59617614746094,False,24.4105565813594,17,0.00166015625
1110110110,11655,"[2, 0, 1, 3]",500,189.61024284362793,True,24.4105565813594,17,0.00166015625
1110110110,11656,"[2, 0, 1, 3]",500,189.62836265563965,False,24.4105565813594,17,0.00166015625
1110110110,11657,"[2, 0, 1, 3]",500,189.64219093322754,True,24.4105565813594,17,0.00166015625
1011001111,11658,"[3, 1, 0, 2]",900,189.66102600097656,False,17.772648258957467,17,0.00166015625
1011001111,11659,"[3, 1, 0, 2]",900,189.67533111572266,True,17.772648258957467,17,0.00166015625
1011001111,11660,"[3, 1, 0, 2]",900,189.69392776489258,False,17.772648258957467,17,0.00166015625
1011001111,11661,"[3, 1, 0, 2]",900,189.70799446105957,True,17.772648258957467,17,0.00166015625
1011001111,11662,"[3, 1, 0, 2]",900,189.7270679473877,False,17.772648258957467,17,0.00166015625
1011001111,11663,"[3, 1, 0, 2]",900,189.7408962249756,True,17.772648258957467,17,0.00166015625
1011001111,11664,"[3, 1, 0, 2]",900,189.7597312927246,False,17.772648258957467,17,0.00166015625
1011001111,11665,"[3, 1, 0, 2]",900,189.7737979888916,True,17.772648258957467,17,0.00166015625
1011001111,11666,"[3, 1, 0, 2]",900,189.79239463806152,False,17.772648258957467,17,0.00166015625
1011001111,11667,"[3, 1, 0, 2]",900,189.8062229156494,True,17.772648258957467,17,0.00166015625
1011001111,11668,"[3, 1, 0, 2]",900,189.82458114624023,False,17.772648258957467,17,0.00166015625
1011001111,11669,"[3, 1, 0, 2]",900,189.83864784240723,True,17.772648258957467,17,0.00166015625
1011001111,11670,"[3, 1, 0, 2]",900,189.85700607299805,False,17.772648258957467,17,0.00166015625
1011001111,11671,"[3, 1, 0, 2]",900,189.87107276916504,True,17.772648258957467,17,0.00166015625
1011001111,11672,"[3, 1, 0, 2]",900,189.88966941833496,False,17.772648258957467,17,0.00166015625
1011001111,11673,"[3, 1, 0, 2]",900,189.90373611450195,True,17.772648258957467,17,0.00166015625
1011001111,11674,"[3, 1, 0, 2]",900,189.92352485656738,False,17.772648258957467,17,0.00166015625
1011001111,11675,"[3, 1, 0, 2]",900,189.93830680847168,True,17.772648258957467,17,0.00166015625
1011001111,11676,"[3, 1, 0, 2]",900,189.9573802947998,False,17.772648258957467,17,0.00166015625
1011001111,11677,"[3, 1, 0, 2]",900,189.9716854095459,True,17.772648258957467,17,0.00166015625
1011001111,11678,"[3, 1, 0, 2]",900,189.99171257019043,False,17.772648258957467,17,0.00166015625
1011001111,11679,"[3, 1, 0, 2]",900,190.00697135925293,True,17.772648258957467,17,0.00166015625
1011001111,11680,"[3, 1, 0, 2]",900,190.02628326416016,False,17.772648258957467,17,0.00166015625
1011001111,11681,"[3, 1, 0, 2]",900,190.04058837890625,True,17.772648258957467,17,0.00166015625
1011001111,11682,"[3, 1, 0, 2]",900,190.05942344665527,False,17.772648258957467,17,0.00166015625
1011001111,11683,"[3, 1, 0, 2]",900,190.07349014282227,True,17.772648258957467,17,0.00166015625
1011001111,11684,"[3, 1, 0, 2]",900,190.0918483734131,False,17.772648258957467,17,0.00166015625
1011001111,11685,"[3, 1, 0, 2]",900,190.10615348815918,True,17.772648258957467,17,0.00166015625
1011001111,11686,"[3, 1, 0, 2]",900,190.12451171875,False,17.772648258957467,17,0.00166015625
1011001111,11687,"[3, 1, 0, 2]",900,190.138578414917,True,17.772648258957467,17,0.00166015625
1011001111,11688,"[3, 1, 0, 2]",900,190.15765190124512,False,17.772648258957467,17,0.00166015625
1011001111,11689,"[3, 1, 0, 2]",900,190.1717185974121,True,17.772648258957467,17,0.00166015625
1011001111,11690,"[3, 1, 0, 2]",900,190.19055366516113,False,17.772648258957467,17,0.00166015625
1011001111,11691,"[3, 1, 0, 2]",900,190.20414352416992,True,17.772648258957467,17,0.00166015625
0000111100,11692,"[3, 2, 1, 0]",9600,190.22345542907715,False,17.436248740016406,17,0.00166015625
0000111100,11693,"[3, 2, 1, 0]",9600,190.23728370666504,True,17.436248740016406,17,0.00166015625
0000111100,11694,"[3, 2, 1, 0]",9600,190.25588035583496,False,17.436248740016406,17,0.00166015625
0000111100,11695,"[3, 2, 1, 0]",9600,190.27090072631836,True,17.436248740016406,17,0.00166015625
0000111100,11696,"[3, 2, 1, 0]",9600,190.2904510498047,False,17.436248740016406,17,0.00166015625
0000111100,11697,"[3, 2, 1, 0]",9600,190.30427932739258,True,17.436248740016406,17,0.00166015625
0000111100,11698,"[3, 2, 1, 0]",9600,190.3223991394043,False,17.436248740016406,17,0.00166015625
0000111100,11699,"[3, 2, 1, 0]",9600,190.3359889984131,True,17.436248740016406,17,0.00166015625
0000111100,11700,"[3, 2, 1, 0]",9600,190.3548240661621,False,17.436248740016406,17,0.00166015625
0000111100,11701,"[3, 2, 1, 0]",9600,190.36865234375,True,17.436248740016406,17,0.00166015625
0000111100,11702,"[3, 2, 1, 0]",9600,190.38724899291992,False,17.436248740016406,17,0.00166015625
0000111100,11703,"[3, 2, 1, 0]",9600,190.4008388519287,True,17.436248740016406,17,0.00166015625
0000111100,11704,"[3, 2, 1, 0]",9600,190.41919708251953,False,17.436248740016406,17,0.00166015625
0000111100,11705,"[3, 2, 1, 0]",9600,190.43302536010742,True,17.436248740016406,17,0.00166015625
0000111100,11706,"[3, 2, 1, 0]",9600,190.45138359069824,False,17.436248740016406,17,0.00166015625
0000111100,11707,"[3, 2, 1, 0]",9600,190.46521186828613,True,17.436248740016406,17,0.00166015625
0000111100,11708,"[3, 2, 1, 0]",9600,190.48357009887695,False,17.436248740016406,17,0.00166015625
0000111100,11709,"[3, 2, 1, 0]",9600,190.49715995788574,True,17.436248740016406,17,0.00166015625
0000111100,11710,"[3, 2, 1, 0]",9600,190.51504135131836,False,17.436248740016406,17,0.00166015625
0000111100,11711,"[3, 2, 1, 0]",9600,190.52886962890625,True,17.436248740016406,17,0.00166015625
0000111100,11712,"[3, 2, 1, 0]",9600,190.54698944091797,False,17.436248740016406,17,0.00166015625
0000111100,11713,"[3, 2, 1, 0]",9600,190.56057929992676,True,17.436248740016406,17,0.00166015625
0000111100,11714,"[3, 2, 1, 0]",9600,190.57893753051758,False,17.436248740016406,17,0.00166015625
0000111100,11715,"[3, 2, 1, 0]",9600,190.59276580810547,True,17.436248740016406,17,0.00166015625
0000111100,11716,"[3, 2, 1, 0]",9600,190.6125545501709,False,17.436248740016406,17,0.00166015625
0000111100,11717,"[3, 2, 1, 0]",9600,190.6266212463379,True,17.436248740016406,17,0.00166015625
0000111100,11718,"[3, 2, 1, 0]",9600,190.6452178955078,False,17.436248740016406,17,0.00166015625
0000111100,11719,"[3, 2, 1, 0]",9600,190.6590461730957,True,17.436248740016406,17,0.00166015625
0000111100,11720,"[3, 2, 1, 0]",9600,190.67764282226562,False,17.436248740016406,17,0.00166015625
0000111100,11721,"[3, 2, 1, 0]",9600,190.69147109985352,True,17.436248740016406,17,0.00166015625
0000111100,11722,"[3, 2, 1, 0]",9600,190.7200813293457,False,17.436248740016406,17,0.00166015625
0000111100,11723,"[3, 2, 1, 0]",9600,190.74368476867676,True,17.436248740016406,17,0.00166015625
0000111100,11724,"[3, 2, 1, 0]",9600,190.76108932495117,False,17.436248740016406,17,0.00166015625
0000111100,11725,"[3, 2, 1, 0]",9600,190.77372550964355,True,17.436248740016406,17,0.00166015625
1101110000,11726,"[2, 0, 1, 3]",500,190.79113006591797,False,17.38511126096863,17,0.00166015625
1101110000,11727,"[2, 0, 1, 3]",500,190.80495834350586,True,17.38511126096863,17,0.00166015625
1101110000,11728,"[2, 0, 1, 3]",500,190.82260131835938,False,17.38511126096863,17,0.00166015625
1101110000,11729,"[2, 0, 1, 3]",500,190.83809852600098,True,17.38511126096863,17,0.00166015625
1101110000,11730,"[2, 0, 1, 3]",500,190.8562183380127,False,17.38511126096863,17,0.00166015625
1101110000,11731,"[2, 0, 1, 3]",500,190.86933135986328,True,17.38511126096863,17,0.00166015625
1101110000,11732,"[2, 0, 1, 3]",500,190.8869743347168,False,17.38511126096863,17,0.00166015625
1101110000,11733,"[2, 0, 1, 3]",500,190.9005641937256,True,17.38511126096863,17,0.00166015625
1101110000,11734,"[2, 0, 1, 3]",500,190.9177303314209,False,17.38511126096863,17,0.00166015625
1101110000,11735,"[2, 0, 1, 3]",500,190.9327507019043,True,17.38511126096863,17,0.00166015625
1101110000,11736,"[2, 0, 1, 3]",500,190.9501552581787,False,17.38511126096863,17,0.00166015625
1101110000,11737,"[2, 0, 1, 3]",500,190.9637451171875,True,17.38511126096863,17,0.00166015625
1101110000,11738,"[2, 0, 1, 3]",500,190.98305702209473,False,17.38511126096863,17,0.00166015625
1101110000,11739,"[2, 0, 1, 3]",500,190.9961700439453,True,17.38511126096863,17,0.00166015625
1101110000,11740,"[2, 0, 1, 3]",500,191.01357460021973,False,17.38511126096863,17,0.00166015625
1101110000,11741,"[2, 0, 1, 3]",500,191.0264492034912,True,17.38511126096863,17,0.00166015625
1101110000,11742,"[2, 0, 1, 3]",500,191.04385375976562,False,17.38511126096863,17,0.00166015625
1101110000,11743,"[2, 0, 1, 3]",500,191.056489944458,True,17.38511126096863,17,0.00166015625
1101110000,11744,"[2, 0, 1, 3]",500,191.07365608215332,False,17.38511126096863,17,0.00166015625
1101110000,11745,"[2, 0, 1, 3]",500,191.0862922668457,True,17.38511126096863,17,0.00166015625
1101110000,11746,"[2, 0, 1, 3]",500,191.10345840454102,False,17.38511126096863,17,0.00166015625
1101110000,11747,"[2, 0, 1, 3]",500,191.1160945892334,True,17.38511126096863,17,0.00166015625
1101110000,11748,"[2, 0, 1, 3]",500,191.1332607269287,False,17.38511126096863,17,0.00166015625
1101110000,11749,"[2, 0, 1, 3]",500,191.145658493042,True,17.38511126096863,17,0.00166015625
1101110000,11750,"[2, 0, 1, 3]",500,191.1628246307373,False,17.38511126096863,17,0.00166015625
1101110000,11751,"[2, 0, 1, 3]",500,191.1754608154297,True,17.38511126096863,17,0.00166015625
1101110000,11752,"[2, 0, 1, 3]",500,191.1928653717041,False,17.38511126096863,17,0.00166015625
1101110000,11753,"[2, 0, 1, 3]",500,191.2057399749756,True,17.38511126096863,17,0.00166015625
1101110000,11754,"[2, 0, 1, 3]",500,191.2229061126709,False,17.38511126096863,17,0.00166015625
1101110000,11755,"[2, 0, 1, 3]",500,191.23578071594238,True,17.38511126096863,17,0.00166015625
1101110000,11756,"[2, 0, 1, 3]",500,191.253662109375,False,17.38511126096863,17,0.00166015625
1101110000,11757,"[2, 0, 1, 3]",500,191.2667751312256,True,17.38511126096863,17,0.00166015625
1101110000,11758,"[2, 0, 1, 3]",500,191.2856101989746,False,17.38511126096863,17,0.00166015625
1101110000,11759,"[2, 0, 1, 3]",500,191.2984848022461,True,17.38511126096863,17,0.00166015625
0111011011,11760,"[1, 3, 2, 0]",9450,191.3166046142578,False,12.869241326287309,17,0.00166015625
0111011011,11761,"[1, 0, 3, 2]",465,191.3301944732666,True,12.869241326287309,17,0.00166015625
0111011011,11762,"[1, 3, 2, 0]",9450,191.34783744812012,False,12.869241326287309,17,0.00166015625
0111011011,11763,"[1, 0, 3, 2]",465,191.3609504699707,True,12.869241326287309,17,0.00166015625
0111011011,11764,"[1, 3, 2, 0]",9450,191.37811660766602,False,12.869241326287309,17,0.00166015625
0111011011,11765,"[1, 0, 3, 2]",465,191.3912296295166,True,12.869241326287309,17,0.00166015625
0111011011,11766,"[1, 3, 2, 0]",9450,191.4083957672119,False,12.869241326287309,17,0.00166015625
0111011011,11767,"[1, 0, 3, 2]",465,191.4215087890625,True,12.869241326287309,17,0.00166015625
0111011011,11768,"[1, 3, 2, 0]",9450,191.4386749267578,False,12.869241326287309,17,0.00166015625
0111011011,11769,"[1, 0, 3, 2]",465,191.4517879486084,True,12.869241326287309,17,0.00166015625
0111011011,11770,"[1, 3, 2, 0]",9450,191.4691925048828,False,12.869241326287309,17,0.00166015625
0111011011,11771,"[1, 0, 3, 2]",465,191.4820671081543,True,12.869241326287309,17,0.00166015625
0111011011,11772,"[1, 3, 2, 0]",9450,191.4992332458496,False,12.869241326287309,17,0.00166015625
0111011011,11773,"[1, 0, 3, 2]",465,191.5123462677002,True,12.869241326287309,17,0.00166015625
0111011011,11774,"[1, 3, 2, 0]",9450,191.5295124053955,False,12.869241326287309,17,0.00166015625
0111011011,11775,"[1, 0, 3, 2]",465,191.542387008667,True,12.869241326287309,17,0.00166015625
0111011011,11776,"[1, 3, 2, 0]",9450,191.5597915649414,False,12.869241326287309,17,0.00166015625
0111011011,11777,"[1, 0, 3, 2]",465,191.5731430053711,True,12.869241326287309,17,0.00166015625
0111011011,11778,"[1, 3, 2, 0]",9450,191.5900707244873,False,12.869241326287309,17,0.00166015625
0111011011,11779,"[1, 0, 3, 2]",465,191.6067600250244,True,12.869241326287309,17,0.00166015625
0111011011,11780,"[1, 3, 2, 0]",9450,191.62654876708984,False,12.869241326287309,17,0.00166015625
0111011011,11781,"[1, 0, 3, 2]",465,191.64037704467773,True,12.869241326287309,17,0.00166015625
0111011011,11782,"[1, 3, 2, 0]",9450,191.65802001953125,False,12.869241326287309,17,0.00166015625
0111011011,11783,"[1, 0, 3, 2]",465,191.67113304138184,True,12.869241326287309,17,0.00166015625
0111011011,11784,"[1, 3, 2, 0]",9450,191.68853759765625,False,12.869241326287309,17,0.00166015625
0111011011,11785,"[1, 0, 3, 2]",465,191.70188903808594,True,12.869241326287309,17,0.00166015625
0111011011,11786,"[1, 3, 2, 0]",9450,191.71905517578125,False,12.869241326287309,17,0.00166015625
0111011011,11787,"[1, 0, 3, 2]",465,191.73216819763184,True,12.869241326287309,17,0.00166015625
0111011011,11788,"[1, 3, 2, 0]",9450,191.74909591674805,False,12.869241326287309,17,0.00166015625
0111011011,11789,"[1, 0, 3, 2]",465,191.76220893859863,True,12.869241326287309,17,0.00166015625
0111011011,11790,"[1, 3, 2, 0]",9450,191.77937507629395,False,12.869241326287309,17,0.00166015625
0111011011,11791,"[1, 0, 3, 2]",465,191.79248809814453,True,12.869241326287309,17,0.00166015625
0111011011,11792,"[1, 3, 2, 0]",9450,191.80989265441895,False,12.869241326287309,17,0.00166015625
0111011011,11793,"[1, 0, 3, 2]",465,191.82252883911133,True,12.869241326287309,17,0.00166015625
1000111111,11794,"[3, 2, 0, 1]",6600,191.83969497680664,False,22.879946239249122,17,0.00166015625
1000111111,11795,"[3, 2, 0, 1]",6600,191.85304641723633,True,22.879946239249122,17,0.00166015625
1000111111,11796,"[3, 2, 0, 1]",6600,191.87045097351074,False,22.879946239249122,17,0.00166015625
1000111111,11797,"[3, 2, 0, 1]",6600,191.88356399536133,True,22.879946239249122,17,0.00166015625
1000111111,11798,"[3, 2, 0, 1]",6600,191.90096855163574,False,22.879946239249122,17,0.00166015625
1000111111,11799,"[3, 2, 0, 1]",6600,191.91384315490723,True,22.879946239249122,17,0.00166015625
1000111111,11800,"[3, 2, 0, 1]",6600,191.93243980407715,False,22.879946239249122,17,0.00166015625
1000111111,11801,"[3, 2, 0, 1]",6600,191.94579124450684,True,22.879946239249122,17,0.00166015625
1000111111,11802,"[3, 2, 0, 1]",6600,191.96343421936035,False,22.879946239249122,17,0.00166015625
1000111111,11803,"[3, 2, 0, 1]",6600,191.97630882263184,True,22.879946239249122,17,0.00166015625
1000111111,11804,"[3, 2, 0, 1]",6600,191.99347496032715,False,22.879946239249122,17,0.00166015625
1000111111,11805,"[3, 2, 0, 1]",6600,192.00611114501953,True,22.879946239249122,17,0.00166015625
1000111111,11806,"[3, 2, 0, 1]",6600,192.02327728271484,False,22.879946239249122,17,0.00166015625
1000111111,11807,"[3, 2, 0, 1]",6600,192.03591346740723,True,22.879946239249122,17,0.00166015625
1000111111,11808,"[3, 2, 0, 1]",6600,192.05307960510254,False,22.879946239249122,17,0.00166015625
1000111111,11809,"[3, 2, 0, 1]",6600,192.06595420837402,True,22.879946239249122,17,0.00166015625
1000111111,11810,"[3, 2, 0, 1]",6600,192.08335876464844,False,22.879946239249122,17,0.00166015625
1000111111,11811,"[3, 2, 0, 1]",6600,192.09599494934082,True,22.879946239249122,17,0.00166015625
1000111111,11812,"[3, 2, 0, 1]",6600,192.11339950561523,False,22.879946239249122,17,0.00166015625
1000111111,11813,"[3, 2, 0, 1]",6600,192.12651252746582,True,22.879946239249122,17,0.00166015625
1000111111,11814,"[3, 2, 0, 1]",6600,192.14367866516113,False,22.879946239249122,17,0.00166015625
1000111111,11815,"[3, 2, 0, 1]",6600,192.15679168701172,True,22.879946239249122,17,0.00166015625
1000111111,11816,"[3, 2, 0, 1]",6600,192.17371940612793,False,22.879946239249122,17,0.00166015625
1000111111,11817,"[3, 2, 0, 1]",6600,192.1861171722412,True,22.879946239249122,17,0.00166015625
1000111111,11818,"[3, 2, 0, 1]",6600,192.20328330993652,False,22.879946239249122,17,0.00166015625
1000111111,11819,"[3, 2, 0, 1]",6600,192.2156810760498,True,22.879946239249122,17,0.00166015625
1000111111,11820,"[3, 2, 0, 1]",6600,192.23284721374512,False,22.879946239249122,17,0.00166015625
1000111111,11821,"[3, 2, 0, 1]",6600,192.2471523284912,True,22.879946239249122,17,0.00166015625
1000111111,11822,"[3, 2, 0, 1]",6600,192.26527214050293,False,22.879946239249122,17,0.00166015625
1000111111,11823,"[3, 2, 0, 1]",6600,192.2779083251953,True,22.879946239249122,17,0.00166015625
1000111111,11824,"[3, 2, 0, 1]",6600,192.29531288146973,False,22.879946239249122,17,0.00166015625
1000111111,11825,"[3, 2, 0, 1]",6600,192.307710647583,True,22.879946239249122,17,0.00166015625
1000111111,11826,"[3, 2, 0, 1]",6600,192.32463836669922,False,22.879946239249122,17,0.00166015625
1000111111,11827,"[3, 2, 0, 1]",6600,192.3372745513916,True,22.879946239249122,17,0.00166015625
0010010111,11828,"[1, 3, 2, 0]",9450,192.3544406890869,False,15.192830000756729,17,0.00166015625
0010010111,11829,"[1, 0, 3, 2]",465,192.3673152923584,True,15.192830000756729,17,0.00166015625
0010010111,11830,"[1, 3, 2, 0]",9450,192.38710403442383,False,15.192830000756729,17,0.00166015625
0010010111,11831,"[1, 0, 3, 2]",465,192.41738319396973,True,15.192830000756729,17,0.00166015625
0010010111,11832,"[1, 3, 2, 0]",9450,192.43574142456055,False,15.192830000756729,17,0.00166015625
0010010111,11833,"[1, 0, 3, 2]",465,192.45004653930664,True,15.192830000756729,17,0.00166015625
0010010111,11834,"[1, 3, 2, 0]",9450,192.46816635131836,False,15.192830000756729,17,0.00166015625
0010010111,11835,"[1, 0, 3, 2]",465,192.48199462890625,True,15.192830000756729,17,0.00166015625
0010010111,11836,"[1, 3, 2, 0]",9450,192.50035285949707,False,15.192830000756729,17,0.00166015625
0010010111,11837,"[1, 0, 3, 2]",465,192.51418113708496,True,15.192830000756729,17,0.00166015625
0010010111,11838,"[1, 3, 2, 0]",9450,192.53206253051758,False,15.192830000756729,17,0.00166015625
0010010111,11839,"[1, 0, 3, 2]",465,192.54589080810547,True,15.192830000756729,17,0.00166015625
0010010111,11840,"[1, 3, 2, 0]",9450,192.5640106201172,False,15.192830000756729,17,0.00166015625
0010010111,11841,"[1, 0, 3, 2]",465,192.57760047912598,True,15.192830000756729,17,0.00166015625
0010010111,11842,"[1, 3, 2, 0]",9450,192.5978660583496,False,15.192830000756729,17,0.00166015625
0010010111,11843,"[1, 0, 3, 2]",465,192.6119327545166,True,15.192830000756729,17,0.00166015625
0010010111,11844,"[1, 3, 2, 0]",9450,192.63005256652832,False,15.192830000756729,17,0.00166015625
0010010111,11845,"[1, 0, 3, 2]",465,192.6438808441162,True,15.192830000756729,17,0.00166015625
0010010111,11846,"[1, 3, 2, 0]",9450,192.66200065612793,False,15.192830000756729,17,0.00166015625
0010010111,11847,"[1, 0, 3, 2]",465,192.67559051513672,True,15.192830000756729,17,0.00166015625
0010010111,11848,"[1, 3, 2, 0]",9450,192.69371032714844,False,15.192830000756729,17,0.00166015625
0010010111,11849,"[1, 0, 3, 2]",465,192.70753860473633,True,15.192830000756729,17,0.00166015625
0010010111,11850,"[1, 3, 2, 0]",9450,192.72589683532715,False,15.192830000756729,17,0.00166015625
0010010111,11851,"[1, 0, 3, 2]",465,192.73972511291504,True,15.192830000756729,17,0.00166015625
0010010111,11852,"[1, 3, 2, 0]",9450,192.75784492492676,False,15.192830000756729,17,0.00166015625
0010010111,11853,"[1, 0, 3, 2]",465,192.7816867828369,True,15.192830000756729,17,0.00166015625
0010010111,11854,"[1, 3, 2, 0]",9450,192.79885292053223,False,15.192830000756729,17,0.00166015625
0010010111,11855,"[1, 0, 3, 2]",465,192.8119659423828,True,15.192830000756729,17,0.00166015625
0010010111,11856,"[1, 3, 2, 0]",9450,192.82913208007812,False,15.192830000756729,17,0.00166015625
0010010111,11857,"[1, 0, 3, 2]",465,192.8422451019287,True,15.192830000756729,17,0.00166015625
0010010111,11858,"[1, 3, 2, 0]",9450,192.85941123962402,False,15.192830000756729,17,0.00166015625
0010010111,11859,"[1, 0, 3, 2]",465,192.8727626800537,True,15.192830000756729,17,0.00166015625
0010010111,11860,"[1, 3, 2, 0]",9450,192.88969039916992,False,15.192830000756729,17,0.00166015625
0010010111,11861,"[1, 0, 3, 2]",465,192.9030418395996,True,15.192830000756729,17,0.00166015625
1011111101,11862,"[3, 2, 1, 0]",9600,192.92044639587402,False,45.272067646914024,17,0.00166015625
1011111101,11863,"[3, 2, 1, 0]",9600,192.93546676635742,True,45.272067646914024,17,0.00166015625
1011111101,11864,"[3, 2, 1, 0]",9600,192.95358657836914,False,45.272067646914024,17,0.00166015625
1011111101,11865,"[3, 2, 1, 0]",9600,192.96693801879883,True,45.272067646914024,17,0.00166015625
1011111101,11866,"[3, 2, 1, 0]",9600,192.98410415649414,False,45.272067646914024,17,0.00166015625
1011111101,11867,"[3, 2, 1, 0]",9600,192.99721717834473,True,45.272067646914024,17,0.00166015625
1011111101,11868,"[3, 2, 1, 0]",9600,193.01438331604004,False,45.272067646914024,17,0.00166015625
1011111101,11869,"[3, 2, 1, 0]",9600,193.02701950073242,True,45.272067646914024,17,0.00166015625
1011111101,11870,"[3, 2, 1, 0]",9600,193.04418563842773,False,45.272067646914024,17,0.00166015625
1011111101,11871,"[3, 2, 1, 0]",9600,193.05706024169922,True,45.272067646914024,17,0.00166015625
1011111101,11872,"[3, 2, 1, 0]",9600,193.07446479797363,False,45.272067646914024,17,0.00166015625
1011111101,11873,"[3, 2, 1, 0]",9600,193.08757781982422,True,45.272067646914024,17,0.00166015625
1011111101,11874,"[3, 2, 1, 0]",9600,193.10474395751953,False,45.272067646914024,17,0.00166015625
1011111101,11875,"[3, 2, 1, 0]",9600,193.1173801422119,True,45.272067646914024,17,0.00166015625
1011111101,11876,"[3, 2, 1, 0]",9600,193.13478469848633,False,45.272067646914024,17,0.00166015625
1011111101,11877,"[3, 2, 1, 0]",9600,193.1478977203369,True,45.272067646914024,17,0.00166015625
1011111101,11878,"[3, 2, 1, 0]",9600,193.16530227661133,False,45.272067646914024,17,0.00166015625
1011111101,11879,"[3, 2, 1, 0]",9600,193.1779384613037,True,45.272067646914024,17,0.00166015625
1011111101,11880,"[3, 2, 1, 0]",9600,193.19653511047363,False,45.272067646914024,17,0.00166015625
1011111101,11881,"[3, 2, 1, 0]",9600,193.21036338806152,True,45.272067646914024,17,0.00166015625
1011111101,11882,"[3, 2, 1, 0]",9600,193.22824478149414,False,45.272067646914024,17,0.00166015625
1011111101,11883,"[3, 2, 1, 0]",9600,193.24111938476562,True,45.272067646914024,17,0.00166015625
1011111101,11884,"[3, 2, 1, 0]",9600,193.25971603393555,False,45.272067646914024,17,0.00166015625
1011111101,11885,"[3, 2, 1, 0]",9600,193.27282905578613,True,45.272067646914024,17,0.00166015625
1011111101,11886,"[3, 2, 1, 0]",9600,193.29047203063965,False,45.272067646914024,17,0.00166015625
1011111101,11887,"[3, 2, 1, 0]",9600,193.30358505249023,True,45.272067646914024,17,0.00166015625
1011111101,11888,"[3, 2, 1, 0]",9600,193.32122802734375,False,45.272067646914024,17,0.00166015625
1011111101,11889,"[3, 2, 1, 0]",9600,193.33410263061523,True,45.272067646914024,17,0.00166015625
1011111101,11890,"[3, 2, 1, 0]",9600,193.35126876831055,False,45.272067646914024,17,0.00166015625
1011111101,11891,"[3, 2, 1, 0]",9600,193.36390495300293,True,45.272067646914024,17,0.00166015625
1011111101,11892,"[3, 2, 1, 0]",9600,193.38107109069824,False,45.272067646914024,17,0.00166015625
1011111101,11893,"[3, 2, 1, 0]",9600,193.39394569396973,True,45.272067646914024,17,0.00166015625
1011111101,11894,"[3, 2, 1, 0]",9600,193.41063499450684,False,45.272067646914024,17,0.00166015625
1011111101,11895,"[3, 2, 1, 0]",9600,193.42374801635742,True,45.272067646914024,17,0.00166015625
1011011111,11896,"[3, 1, 0, 2]",900,193.44091415405273,False,21.767085447832443,16,0.0015625
1011011111,11897,"[3, 1, 0, 2]",900,193.45426559448242,True,21.767085447832443,16,0.0015625
1011011111,11898,"[3, 1, 0, 2]",900,193.47214698791504,False,21.767085447832443,16,0.0015625
1011011111,11899,"[3, 1, 0, 2]",900,193.48931312561035,True,21.767085447832443,16,0.0015625
1011011111,11900,"[3, 1, 0, 2]",900,193.50743293762207,False,21.767085447832443,16,0.0015625
1011011111,11901,"[3, 1, 0, 2]",900,193.53675842285156,True,21.767085447832443,16,0.0015625
1011011111,11902,"[3, 1, 0, 2]",900,193.55535507202148,False,21.767085447832443,16,0.0015625
1011011111,11903,"[3, 1, 0, 2]",900,193.5710906982422,True,21.767085447832443,16,0.0015625
1011011111,11904,"[3, 1, 0, 2]",900,193.589448928833,False,21.767085447832443,16,0.0015625
1011011111,11905,"[3, 1, 0, 2]",900,193.6044692993164,True,21.767085447832443,16,0.0015625
1011011111,11906,"[3, 1, 0, 2]",900,193.6328411102295,False,21.767085447832443,16,0.0015625
1011011111,11907,"[3, 1, 0, 2]",900,193.66168975830078,True,21.767085447832443,16,0.0015625
1011011111,11908,"[3, 1, 0, 2]",900,193.681001663208,False,21.767085447832443,16,0.0015625
1011011111,11909,"[3, 1, 0, 2]",900,193.695068359375,True,21.767085447832443,16,0.0015625
1011011111,11910,"[3, 1, 0, 2]",900,193.71318817138672,False,21.767085447832443,16,0.0015625
1011011111,11911,"[3, 1, 0, 2]",900,193.75109672546387,True,21.767085447832443,16,0.0015625
1011011111,11912,"[3, 1, 0, 2]",900,193.7699317932129,False,21.767085447832443,16,0.0015625
1011011111,11913,"[3, 1, 0, 2]",900,193.78352165222168,True,21.767085447832443,16,0.0015625
1011011111,11914,"[3, 1, 0, 2]",900,193.8021183013916,False,21.767085447832443,16,0.0015625
1011011111,11915,"[3, 1, 0, 2]",900,193.8159465789795,True,21.767085447832443,16,0.0015625
1011011111,11916,"[3, 1, 0, 2]",900,193.8340663909912,False,21.767085447832443,16,0.0015625
1011011111,11917,"[3, 1, 0, 2]",900,193.8481330871582,True,21.767085447832443,16,0.0015625
1011011111,11918,"[3, 1, 0, 2]",900,193.86601448059082,False,21.767085447832443,16,0.0015625
1011011111,11919,"[3, 1, 0, 2]",900,193.8798427581787,True,21.767085447832443,16,0.0015625
1011011111,11920,"[3, 1, 0, 2]",900,193.89772415161133,False,21.767085447832443,16,0.0015625
1011011111,11921,"[3, 1, 0, 2]",900,193.91131401062012,True,21.767085447832443,16,0.0015625
1011011111,11922,"[3, 1, 0, 2]",900,193.92919540405273,False,21.767085447832443,16,0.0015625
1011011111,11923,"[3, 1, 0, 2]",900,193.94302368164062,True,21.767085447832443,16,0.0015625
1011011111,11924,"[3, 1, 0, 2]",900,193.96090507507324,False,21.767085447832443,16,0.0015625
1011011111,11925,"[3, 1, 0, 2]",900,193.97449493408203,True,21.767085447832443,16,0.0015625
1011011111,11926,"[3, 1, 0, 2]",900,193.99428367614746,False,21.767085447832443,16,0.0015625
1011011111,11927,"[3, 1, 0, 2]",900,194.00811195373535,True,21.767085447832443,16,0.0015625
1001000101,11928,"[0, 3, 1, 2]",750,194.02670860290527,False,11.73311161570339,16,0.0015625
1001000101,11929,"[0, 1, 3, 2]",465,194.04101371765137,True,11.73311161570339,16,0.0015625
1001000101,11930,"[0, 3, 1, 2]",750,194.0608024597168,False,11.73311161570339,16,0.0015625
1001000101,11931,"[0, 1, 3, 2]",465,194.075345993042,True,11.73311161570339,16,0.0015625
1001000101,11932,"[0, 3, 1, 2]",750,194.09441947937012,False,11.73311161570339,16,0.0015625
1001000101,11933,"[0, 1, 3, 2]",465,194.1080093383789,True,11.73311161570339,16,0.0015625
1001000101,11934,"[0, 3, 1, 2]",750,194.12589073181152,False,11.73311161570339,16,0.0015625
1001000101,11935,"[0, 1, 3, 2]",465,194.1394805908203,True,11.73311161570339,16,0.0015625
1001000101,11936,"[0, 3, 1, 2]",750,194.15736198425293,False,11.73311161570339,16,0.0015625
1001000101,11937,"[0, 1, 3, 2]",465,194.17071342468262,True,11.73311161570339,16,0.0015625
1001000101,11938,"[0, 3, 1, 2]",750,194.18859481811523,False,11.73311161570339,16,0.0015625
1001000101,11939,"[0, 1, 3, 2]",465,194.20194625854492,True,11.73311161570339,16,0.0015625
1001000101,11940,"[0, 3, 1, 2]",750,194.22006607055664,False,11.73311161570339,16,0.0015625
1001000101,11941,"[0, 1, 3, 2]",465,194.23341751098633,True,11.73311161570339,16,0.0015625
1001000101,11942,"[0, 3, 1, 2]",750,194.25129890441895,False,11.73311161570339,16,0.0015625
1001000101,11943,"[0, 1, 3, 2]",465,194.26512718200684,True,11.73311161570339,16,0.0015625
1001000101,11944,"[0, 3, 1, 2]",750,194.28300857543945,False,11.73311161570339,16,0.0015625
1001000101,11945,"[0, 1, 3, 2]",465,194.29683685302734,True,11.73311161570339,16,0.0015625
1001000101,11946,"[0, 3, 1, 2]",750,194.31471824645996,False,11.73311161570339,16,0.0015625
1001000101,11947,"[0, 1, 3, 2]",465,194.32997703552246,True,11.73311161570339,16,0.0015625
1001000101,11948,"[0, 3, 1, 2]",750,194.34833526611328,False,11.73311161570339,16,0.0015625
1001000101,11949,"[0, 1, 3, 2]",465,194.36216354370117,True,11.73311161570339,16,0.0015625
1001000101,11950,"[0, 3, 1, 2]",750,194.3800449371338,False,11.73311161570339,16,0.0015625
1001000101,11951,"[0, 1, 3, 2]",465,194.39363479614258,True,11.73311161570339,16,0.0015625
1001000101,11952,"[0, 3, 1, 2]",750,194.4112777709961,False,11.73311161570339,16,0.0015625
1001000101,11953,"[0, 1, 3, 2]",465,194.42462921142578,True,11.73311161570339,16,0.0015625
1001000101,11954,"[0, 3, 1, 2]",750,194.4425106048584,False,11.73311161570339,16,0.0015625
1001000101,11955,"[0, 1, 3, 2]",465,194.4558620452881,True,11.73311161570339,16,0.0015625
1001000101,11956,"[0, 3, 1, 2]",750,194.4739818572998,False,11.73311161570339,16,0.0015625
1001000101,11957,"[0, 1, 3, 2]",465,194.4873332977295,True,11.73311161570339,16,0.0015625
1001000101,11958,"[0, 3, 1, 2]",750,194.5052146911621,False,11.73311161570339,16,0.0015625
1001000101,11959,"[0, 1, 3, 2]",465,194.5185661315918,True,11.73311161570339,16,0.0015625
1001010011,11960,"[0, 2, 1, 3]",500,194.5362091064453,False,12.18188720114459,16,0.0015625
1001010011,11961,"[0, 1, 2, 3]",315,194.549560546875,True,12.18188720114459,16,0.0015625
1001010011,11962,"[0, 2, 1, 3]",500,194.56720352172852,False,12.18188720114459,16,0.0015625
1001010011,11963,"[0, 1, 2, 3]",315,194.5807933807373,True,12.18188720114459,16,0.0015625
1001010011,11964,"[0, 2, 1, 3]",500,194.59867477416992,False,12.18188720114459,16,0.0015625
1001010011,11965,"[0, 1, 2, 3]",315,194.6122646331787,True,12.18188720114459,16,0.0015625
1001010011,11966,"[0, 2, 1, 3]",500,194.62990760803223,False,12.18188720114459,16,0.0015625
1001010011,11967,"[0, 1, 2, 3]",315,194.65398788452148,True,12.18188720114459,16,0.0015625
1001010011,11968,"[0, 2, 1, 3]",500,194.6723461151123,False,12.18188720114459,16,0.0015625
1001010011,11969,"[0, 1, 2, 3]",315,194.685697555542,True,12.18188720114459,16,0.0015625
1001010011,11970,"[0, 2, 1, 3]",500,194.7028636932373,False,12.18188720114459,16,0.0015625
1001010011,11971,"[0, 1, 2, 3]",315,194.7159767150879,True,12.18188720114459,16,0.0015625
1001010011,11972,"[0, 2, 1, 3]",500,194.7329044342041,False,12.18188720114459,16,0.0015625
1001010011,11973,"[0, 1, 2, 3]",315,194.7462558746338,True,12.18188720114459,16,0.0015625
1001010011,11974,"[0, 2, 1, 3]",500,194.7629451751709,False,12.18188720114459,16,0.0015625
1001010011,11975,"[0, 1, 2, 3]",315,194.77605819702148,True,12.18188720114459,16,0.0015625
1001010011,11976,"[0, 2, 1, 3]",500,194.7929859161377,False,12.18188720114459,16,0.0015625
1001010011,11977,"[0, 1, 2, 3]",315,194.80586051940918,True,12.18188720114459,16,0.0015625
1001010011,11978,"[0, 2, 1, 3]",500,194.8227882385254,False,12.18188720114459,16,0.0015625
1001010011,11979,"[0, 1, 2, 3]",315,194.83542442321777,True,12.18188720114459,16,0.0015625
1001010011,11980,"[0, 2, 1, 3]",500,194.8525905609131,False,12.18188720114459,16,0.0015625
1001010011,11981,"[0, 1, 2, 3]",315,194.8678493499756,True,12.18188720114459,16,0.0015625
1001010011,11982,"[0, 2, 1, 3]",500,194.8857307434082,False,12.18188720114459,16,0.0015625
1001010011,11983,"[0, 1, 2, 3]",315,194.8983669281006,True,12.18188720114459,16,0.0015625
1001010011,11984,"[0, 2, 1, 3]",500,194.9162483215332,False,12.18188720114459,16,0.0015625
1001010011,11985,"[0, 1, 2, 3]",315,194.9288845062256,True,12.18188720114459,16,0.0015625
1001010011,11986,"[0, 2, 1, 3]",500,194.9460506439209,False,12.18188720114459,16,0.0015625
1001010011,11987,"[0, 1, 2, 3]",315,194.95892524719238,True,12.18188720114459,16,0.0015625
1001010011,11988,"[0, 2, 1, 3]",500,194.9760913848877,False,12.18188720114459,16,0.0015625
1001010011,11989,"[0, 1, 2, 3]",315,194.9903964996338,True,12.18188720114459,16,0.0015625
1001010011,11990,"[0, 2, 1, 3]",500,195.0082778930664,False,12.18188720114459,16,0.0015625
1001010011,11991,"[0, 1, 2, 3]",315,195.021390914917,True,12.18188720114459,16,0.0015625
1010010101,11992,"[1, 0, 3, 2]",465,195.0387954711914,False,17.897195036979454,16,0.0015625
1010010101,11993,"[1, 0, 3, 2]",465,195.0521469116211,True,17.897195036979454,16,0.0015625
1010010101,11994,"[1, 0, 3, 2]",465,195.0697898864746,False,17.897195036979454,16,0.0015625
1010010101,11995,"[1, 0, 3, 2]",465,195.082426071167,True,17.897195036979454,16,0.0015625
1010010101,11996,"[1, 0, 3, 2]",465,195.0998306274414,False,17.897195036979454,16,0.0015625
1010010101,11997,"[1, 0, 3, 2]",465,195.1131820678711,True,17.897195036979454,16,0.0015625
1010010101,11998,"[1, 0, 3, 2]",465,195.1303482055664,False,17.897195036979454,16,0.0015625
1010010101,11999,"[1, 0, 3, 2]",465,195.143461227417,True,17.897195036979454,16,0.0015625
1010010101,12000,"[1, 0, 3, 2]",465,195.1603889465332,False,17.897195036979454,16,0.0015625
1010010101,12001,"[1, 0, 3, 2]",465,195.1737403869629,True,17.897195036979454,16,0.0015625
1010010101,12002,"[1, 0, 3, 2]",465,195.1906681060791,False,17.897195036979454,16,0.0015625
1010010101,12003,"[1, 0, 3, 2]",465,195.20330429077148,True,17.897195036979454,16,0.0015625
1010010101,12004,"[1, 0, 3, 2]",465,195.2204704284668,False,17.897195036979454,16,0.0015625
1010010101,12005,"[1, 0, 3, 2]",465,195.23334503173828,True,17.897195036979454,16,0.0015625
1010010101,12006,"[1, 0, 3, 2]",465,195.2505111694336,False,17.897195036979454,16,0.0015625
1010010101,12007,"[1, 0, 3, 2]",465,195.26338577270508,True,17.897195036979454,16,0.0015625
1010010101,12008,"[1, 0, 3, 2]",465,195.2803134918213,False,17.897195036979454,16,0.0015625
1010010101,12009,"[1, 0, 3, 2]",465,195.29342651367188,True,17.897195036979454,16,0.0015625
1010010101,12010,"[1, 0, 3, 2]",465,195.3122615814209,False,17.897195036979454,16,0.0015625
1010010101,12011,"[1, 0, 3, 2]",465,195.32537460327148,True,17.897195036979454,16,0.0015625
1010010101,12012,"[1, 0, 3, 2]",465,195.3432559967041,False,17.897195036979454,16,0.0015625
1010010101,12013,"[1, 0, 3, 2]",465,195.3561305999756,True,17.897195036979454,16,0.0015625
1010010101,12014,"[1, 0, 3, 2]",465,195.3732967376709,False,17.897195036979454,16,0.0015625
1010010101,12015,"[1, 0, 3, 2]",465,195.38640975952148,True,17.897195036979454,16,0.0015625
1010010101,12016,"[1, 0, 3, 2]",465,195.4035758972168,False,17.897195036979454,16,0.0015625
1010010101,12017,"[1, 0, 3, 2]",465,195.41668891906738,True,17.897195036979454,16,0.0015625
1010010101,12018,"[1, 0, 3, 2]",465,195.4338550567627,False,17.897195036979454,16,0.0015625
1010010101,12019,"[1, 0, 3, 2]",465,195.44625282287598,True,17.897195036979454,16,0.0015625
1010010101,12020,"[1, 0, 3, 2]",465,195.4634189605713,False,17.897195036979454,16,0.0015625
1010010101,12021,"[1, 0, 3, 2]",465,195.47629356384277,True,17.897195036979454,16,0.0015625
1010010101,12022,"[1, 0, 3, 2]",465,195.4934597015381,False,17.897195036979454,16,0.0015625
1010010101,12023,"[1, 0, 3, 2]",465,195.50633430480957,True,17.897195036979454,16,0.0015625
1000111011,12024,"[2, 3, 0, 1]",6600,195.5239772796631,False,27.80874342829766,16,0.0015625
1000111011,12025,"[2, 3, 0, 1]",6600,195.53756713867188,True,27.80874342829766,16,0.0015625
1000111011,12026,"[2, 3, 0, 1]",6600,195.5549716949463,False,27.80874342829766,16,0.0015625
1000111011,12027,"[2, 3, 0, 1]",6600,195.56784629821777,True,27.80874342829766,16,0.0015625
1000111011,12028,"[2, 3, 0, 1]",6600,195.5850124359131,False,27.80874342829766,16,0.0015625
1000111011,12029,"[2, 3, 0, 1]",6600,195.59788703918457,True,27.80874342829766,16,0.0015625
1000111011,12030,"[2, 3, 0, 1]",6600,195.61481475830078,False,27.80874342829766,16,0.0015625
1000111011,12031,"[2, 3, 0, 1]",6600,195.62911987304688,True,27.80874342829766,16,0.0015625
1000111011,12032,"[2, 3, 0, 1]",6600,195.648193359375,False,27.80874342829766,16,0.0015625
1000111011,12033,"[2, 3, 0, 1]",6600,195.6613063812256,True,27.80874342829766,16,0.0015625
1000111011,12034,"[2, 3, 0, 1]",6600,195.6789493560791,False,27.80874342829766,16,0.0015625
1000111011,12035,"[2, 3, 0, 1]",6600,195.69158554077148,True,27.80874342829766,16,0.0015625
1000111011,12036,"[2, 3, 0, 1]",6600,195.709228515625,False,27.80874342829766,16,0.0015625
1000111011,12037,"[2, 3, 0, 1]",6600,195.72186470031738,True,27.80874342829766,16,0.0015625
1000111011,12038,"[2, 3, 0, 1]",6600,195.7390308380127,False,27.80874342829766,16,0.0015625
1000111011,12039,"[2, 3, 0, 1]",6600,195.75119018554688,True,27.80874342829766,16,0.0015625
1000111011,12040,"[2, 3, 0, 1]",6600,195.7683563232422,False,27.80874342829766,16,0.0015625
1000111011,12041,"[2, 3, 0, 1]",6600,195.78123092651367,True,27.80874342829766,16,0.0015625
1000111011,12042,"[2, 3, 0, 1]",6600,195.79815864562988,False,27.80874342829766,16,0.0015625
1000111011,12043,"[2, 3, 0, 1]",6600,195.81055641174316,True,27.80874342829766,16,0.0015625
1000111011,12044,"[2, 3, 0, 1]",6600,195.82772254943848,False,27.80874342829766,16,0.0015625
1000111011,12045,"[2, 3, 0, 1]",6600,195.84035873413086,True,27.80874342829766,16,0.0015625
1000111011,12046,"[2, 3, 0, 1]",6600,195.85728645324707,False,27.80874342829766,16,0.0015625
1000111011,12047,"[2, 3, 0, 1]",6600,195.87016105651855,True,27.80874342829766,16,0.0015625
1000111011,12048,"[2, 3, 0, 1]",6600,195.88732719421387,False,27.80874342829766,16,0.0015625
1000111011,12049,"[2, 3, 0, 1]",6600,195.90020179748535,True,27.80874342829766,16,0.0015625
1000111011,12050,"[2, 3, 0, 1]",6600,195.91712951660156,False,27.80874342829766,16,0.0015625
1000111011,12051,"[2, 3, 0, 1]",6600,195.92952728271484,True,27.80874342829766,16,0.0015625
1000111011,12052,"[2, 3, 0, 1]",6600,195.94836235046387,False,27.80874342829766,16,0.0015625
1000111011,12053,"[2, 3, 0, 1]",6600,195.96147537231445,True,27.80874342829766,16,0.0015625
1000111011,12054,"[2, 3, 0, 1]",6600,195.97887992858887,False,27.80874342829766,16,0.0015625
1000111011,12055,"[2, 3, 0, 1]",6600,195.99151611328125,True,27.80874342829766,16,0.0015625
1101110001,12056,"[2, 0, 1, 3]",500,196.00915908813477,False,11.430868751529303,16,0.0015625
1101110001,12057,"[2, 0, 1, 3]",500,196.02298736572266,True,11.430868751529303,16,0.0015625
1101110001,12058,"[2, 0, 1, 3]",500,196.04110717773438,False,11.430868751529303,16,0.0015625
1101110001,12059,"[2, 0, 1, 3]",500,196.05398178100586,True,11.430868751529303,16,0.0015625
1101110001,12060,"[2, 0, 1, 3]",500,196.07138633728027,False,11.430868751529303,16,0.0015625
1101110001,12061,"[2, 0, 1, 3]",500,196.08449935913086,True,11.430868751529303,16,0.0015625
1101110001,12062,"[2, 0, 1, 3]",500,196.10214233398438,False,11.430868751529303,16,0.0015625
1101110001,12063,"[2, 0, 1, 3]",500,196.11525535583496,True,11.430868751529303,16,0.0015625
1101110001,12064,"[2, 0, 1, 3]",500,196.13265991210938,False,11.430868751529303,16,0.0015625
1101110001,12065,"[2, 0, 1, 3]",500,196.14553451538086,True,11.430868751529303,16,0.0015625
1101110001,12066,"[2, 0, 1, 3]",500,196.16293907165527,False,11.430868751529303,16,0.0015625
1101110001,12067,"[2, 0, 1, 3]",500,196.17533683776855,True,11.430868751529303,16,0.0015625
1101110001,12068,"[2, 0, 1, 3]",500,196.19274139404297,False,11.430868751529303,16,0.0015625
1101110001,12069,"[2, 0, 1, 3]",500,196.20585441589355,True,11.430868751529303,16,0.0015625
1101110001,12070,"[2, 0, 1, 3]",500,196.22325897216797,False,11.430868751529303,16,0.0015625
1101110001,12071,"[2, 0, 1, 3]",500,196.23899459838867,True,11.430868751529303,16,0.0015625
1101110001,12072,"[2, 0, 1, 3]",500,196.2566375732422,False,11.430868751529303,16,0.0015625
1101110001,12073,"[2, 0, 1, 3]",500,196.27046585083008,True,11.430868751529303,16,0.0015625
1101110001,12074,"[2, 0, 1, 3]",500,196.2895393371582,False,11.430868751529303,16,0.0015625
1101110001,12075,"[2, 0, 1, 3]",500,196.3033676147461,True,11.430868751529303,16,0.0015625
1101110001,12076,"[2, 0, 1, 3]",500,196.3207721710205,False,11.430868751529303,16,0.0015625
1101110001,12077,"[2, 0, 1, 3]",500,196.3338851928711,True,11.430868751529303,16,0.0015625
1101110001,12078,"[2, 0, 1, 3]",500,196.3510513305664,False,11.430868751529303,16,0.0015625
1101110001,12079,"[2, 0, 1, 3]",500,196.364164352417,True,11.430868751529303,16,0.0015625
1101110001,12080,"[2, 0, 1, 3]",500,196.3815689086914,False,11.430868751529303,16,0.0015625
1101110001,12081,"[2, 0, 1, 3]",500,196.3944435119629,True,11.430868751529303,16,0.0015625
1101110001,12082,"[2, 0, 1, 3]",500,196.41399383544922,False,11.430868751529303,16,0.0015625
1101110001,12083,"[2, 0, 1, 3]",500,196.4273452758789,True,11.430868751529303,16,0.0015625
1101110001,12084,"[2, 0, 1, 3]",500,196.44522666931152,False,11.430868751529303,16,0.0015625
1101110001,12085,"[2, 0, 1, 3]",500,196.458101272583,True,11.430868751529303,16,0.0015625
1101110001,12086,"[2, 0, 1, 3]",500,196.47574424743652,False,11.430868751529303,16,0.0015625
1101110001,12087,"[2, 0, 1, 3]",500,196.4883804321289,True,11.430868751529303,16,0.0015625
1100010110,12088,"[0, 3, 2, 1]",6300,196.50626182556152,False,18.274426870775493,16,0.0015625
1100010110,12089,"[0, 1, 3, 2]",465,196.5193748474121,True,18.274426870775493,16,0.0015625
1100010110,12090,"[0, 3, 2, 1]",6300,196.53749465942383,False,18.274426870775493,16,0.0015625
1100010110,12091,"[0, 1, 3, 2]",465,196.5503692626953,True,18.274426870775493,16,0.0015625
1100010110,12092,"[0, 3, 2, 1]",6300,196.56777381896973,False,18.274426870775493,16,0.0015625
1100010110,12093,"[0, 1, 3, 2]",465,196.5806484222412,True,18.274426870775493,16,0.0015625
1100010110,12094,"[0, 3, 2, 1]",6300,196.60043716430664,False,18.274426870775493,16,0.0015625
1100010110,12095,"[0, 1, 3, 2]",465,196.61402702331543,True,18.274426870775493,16,0.0015625
1100010110,12096,"[0, 3, 2, 1]",6300,196.63190841674805,False,18.274426870775493,16,0.0015625
1100010110,12097,"[0, 1, 3, 2]",465,196.64525985717773,True,18.274426870775493,16,0.0015625
1100010110,12098,"[0, 3, 2, 1]",6300,196.66290283203125,False,18.274426870775493,16,0.0015625
1100010110,12099,"[0, 1, 3, 2]",465,196.67577743530273,True,18.274426870775493,16,0.0015625
1100010110,12100,"[0, 3, 2, 1]",6300,196.69318199157715,False,18.274426870775493,16,0.0015625
1100010110,12101,"[0, 1, 3, 2]",465,196.70653343200684,True,18.274426870775493,16,0.0015625
1100010110,12102,"[0, 3, 2, 1]",6300,196.72346115112305,False,18.274426870775493,16,0.0015625
1100010110,12103,"[0, 1, 3, 2]",465,196.73657417297363,True,18.274426870775493,16,0.0015625
1100010110,12104,"[0, 3, 2, 1]",6300,196.75397872924805,False,18.274426870775493,16,0.0015625
1100010110,12105,"[0, 1, 3, 2]",465,196.76709175109863,True,18.274426870775493,16,0.0015625
1100010110,12106,"[0, 3, 2, 1]",6300,196.78425788879395,False,18.274426870775493,16,0.0015625
1100010110,12107,"[0, 1, 3, 2]",465,196.79689407348633,True,18.274426870775493,16,0.0015625
1100010110,12108,"[0, 3, 2, 1]",6300,196.81382179260254,False,18.274426870775493,16,0.0015625
1100010110,12109,"[0, 1, 3, 2]",465,196.82669639587402,True,18.274426870775493,16,0.0015625
1100010110,12110,"[0, 3, 2, 1]",6300,196.84410095214844,False,18.274426870775493,16,0.0015625
1100010110,12111,"[0, 1, 3, 2]",465,196.85697555541992,True,18.274426870775493,16,0.0015625
1100010110,12112,"[0, 3, 2, 1]",6300,196.87461853027344,False,18.274426870775493,16,0.0015625
1100010110,12113,"[0, 1, 3, 2]",465,196.88701629638672,True,18.274426870775493,16,0.0015625
1100010110,12114,"[0, 3, 2, 1]",6300,196.90418243408203,False,18.274426870775493,16,0.0015625
1100010110,12115,"[0, 1, 3, 2]",465,196.91848754882812,True,18.274426870775493,16,0.0015625
1100010110,12116,"[0, 3, 2, 1]",6300,196.93613052368164,False,18.274426870775493,16,0.0015625
1100010110,12117,"[0, 1, 3, 2]",465,196.94924354553223,True,18.274426870775493,16,0.0015625
1100010110,12118,"[0, 3, 2, 1]",6300,196.96640968322754,False,18.274426870775493,16,0.0015625
1100010110,12119,"[0, 1, 3, 2]",465,196.97928428649902,True,18.274426870775493,16,0.0015625
0001111101,12120,"[3, 2, 1, 0]",9600,196.99668884277344,False,18.44567317458656,16,0.0015625
0001111101,12121,"[3, 2, 1, 0]",9600,197.01027870178223,True,18.44567317458656,16,0.0015625
0001111101,12122,"[3, 2, 1, 0]",9600,197.02792167663574,False,18.44567317458656,16,0.0015625
0001111101,12123,"[3, 2, 1, 0]",9600,197.04127311706543,True,18.44567317458656,16,0.0015625
0001111101,12124,"[3, 2, 1, 0]",9600,197.05843925476074,False,18.44567317458656,16,0.0015625
0001111101,12125,"[3, 2, 1, 0]",9600,197.07155227661133,True,18.44567317458656,16,0.0015625
0001111101,12126,"[3, 2, 1, 0]",9600,197.08895683288574,False,18.44567317458656,16,0.0015625
0001111101,12127,"[3, 2, 1, 0]",9600,197.10183143615723,True,18.44567317458656,16,0.0015625
0001111101,12128,"[3, 2, 1, 0]",9600,197.11923599243164,False,18.44567317458656,16,0.0015625
0001111101,12129,"[3, 2, 1, 0]",9600,197.13187217712402,True,18.44567317458656,16,0.0015625
0001111101,12130,"[3, 2, 1, 0]",9600,197.14927673339844,False,18.44567317458656,16,0.0015625
0001111101,12131,"[3, 2, 1, 0]",9600,197.16167449951172,True,18.44567317458656,16,0.0015625
0001111101,12132,"[3, 2, 1, 0]",9600,197.18074798583984,False,18.44567317458656,16,0.0015625
0001111101,12133,"[3, 2, 1, 0]",9600,197.19409942626953,True,18.44567317458656,16,0.0015625
0001111101,12134,"[3, 2, 1, 0]",9600,197.21221923828125,False,18.44567317458656,16,0.0015625
0001111101,12135,"[3, 2, 1, 0]",9600,197.22509384155273,True,18.44567317458656,16,0.0015625
0001111101,12136,"[3, 2, 1, 0]",9600,197.24416732788086,False,18.44567317458656,16,0.0015625
0001111101,12137,"[3, 2, 1, 0]",9600,197.25728034973145,True,18.44567317458656,16,0.0015625
0001111101,12138,"[3, 2, 1, 0]",9600,197.27492332458496,False,18.44567317458656,16,0.0015625
0001111101,12139,"[3, 2, 1, 0]",9600,197.28779792785645,True,18.44567317458656,16,0.0015625
0001111101,12140,"[3, 2, 1, 0]",9600,197.30496406555176,False,18.44567317458656,16,0.0015625
0001111101,12141,"[3, 2, 1, 0]",9600,197.31736183166504,True,18.44567317458656,16,0.0015625
0001111101,12142,"[3, 2, 1, 0]",9600,197.33452796936035,False,18.44567317458656,16,0.0015625
0001111101,12143,"[3, 2, 1, 0]",9600,197.34716415405273,True,18.44567317458656,16,0.0015625
0001111101,12144,"[3, 2, 1, 0]",9600,197.36433029174805,False,18.44567317458656,16,0.0015625
0001111101,12145,"[3, 2, 1, 0]",9600,197.37696647644043,True,18.44567317458656,16,0.0015625
0001111101,12146,"[3, 2, 1, 0]",9600,197.39413261413574,False,18.44567317458656,16,0.0015625
0001111101,12147,"[3, 2, 1, 0]",9600,197.40724563598633,True,18.44567317458656,16,0.0015625
0001111101,12148,"[3, 2, 1, 0]",9600,197.42441177368164,False,18.44567317458656,16,0.0015625
0001111101,12149,"[3, 2, 1, 0]",9600,197.43728637695312,True,18.44567317458656,16,0.0015625
0001111101,12150,"[3, 2, 1, 0]",9600,197.45445251464844,False,18.44567317458656,16,0.0015625
0001111101,12151,"[3, 2, 1, 0]",9600,197.46708869934082,True,18.44567317458656,16,0.0015625
0100111000,12152,"[2, 3, 0, 1]",6600,197.48806953430176,False,17.012863410953585,16,0.0015625
0100111000,12153,"[2, 3, 0, 1]",6600,197.50094413757324,True,17.012863410953585,16,0.0015625
0100111000,12154,"[2, 3, 0, 1]",6600,197.53527641296387,False,17.012863410953585,16,0.0015625
0100111000,12155,"[2, 3, 0, 1]",6600,197.54862785339355,True,17.012863410953585,16,0.0015625
0100111000,12156,"[2, 3, 0, 1]",6600,197.56698608398438,False,17.012863410953585,16,0.0015625
0100111000,12157,"[2, 3, 0, 1]",6600,197.58176803588867,True,17.012863410953585,16,0.0015625
0100111000,12158,"[2, 3, 0, 1]",6600,197.601318359375,False,17.012863410953585,16,0.0015625
0100111000,12159,"[2, 3, 0, 1]",6600,197.6149082183838,True,17.012863410953585,16,0.0015625
0100111000,12160,"[2, 3, 0, 1]",6600,197.6335048675537,False,17.012863410953585,16,0.0015625
0100111000,12161,"[2, 3, 0, 1]",6600,197.6468563079834,True,17.012863410953585,16,0.0015625
0100111000,12162,"[2, 3, 0, 1]",6600,197.66521453857422,False,17.012863410953585,16,0.0015625
0100111000,12163,"[2, 3, 0, 1]",6600,197.6785659790039,True,17.012863410953585,16,0.0015625
0100111000,12164,"[2, 3, 0, 1]",6600,197.69716262817383,False,17.012863410953585,16,0.0015625
0100111000,12165,"[2, 3, 0, 1]",6600,197.7100372314453,True,17.012863410953585,16,0.0015625
0100111000,12166,"[2, 3, 0, 1]",6600,197.72863388061523,False,17.012863410953585,16,0.0015625
0100111000,12167,"[2, 3, 0, 1]",6600,197.74222373962402,True,17.012863410953585,16,0.0015625
0100111000,12168,"[2, 3, 0, 1]",6600,197.76034355163574,False,17.012863410953585,16,0.0015625
0100111000,12169,"[2, 3, 0, 1]",6600,197.77393341064453,True,17.012863410953585,16,0.0015625
0100111000,12170,"[2, 3, 0, 1]",6600,197.79229164123535,False,17.012863410953585,16,0.0015625
0100111000,12171,"[2, 3, 0, 1]",6600,197.80588150024414,True,17.012863410953585,16,0.0015625
0100111000,12172,"[2, 3, 0, 1]",6600,197.82423973083496,False,17.012863410953585,16,0.0015625
0100111000,12173,"[2, 3, 0, 1]",6600,197.83782958984375,True,17.012863410953585,16,0.0015625
0100111000,12174,"[2, 3, 0, 1]",6600,197.85618782043457,False,17.012863410953585,16,0.0015625
0100111000,12175,"[2, 3, 0, 1]",6600,197.86977767944336,True,17.012863410953585,16,0.0015625
0100111000,12176,"[2, 3, 0, 1]",6600,197.88813591003418,False,17.012863410953585,16,0.0015625
0100111000,12177,"[2, 3, 0, 1]",6600,197.90172576904297,True,17.012863410953585,16,0.0015625
0100111000,12178,"[2, 3, 0, 1]",6600,197.9210376739502,False,17.012863410953585,16,0.0015625
0100111000,12179,"[2, 3, 0, 1]",6600,197.9348659515381,True,17.012863410953585,16,0.0015625
0100111000,12180,"[2, 3, 0, 1]",6600,197.9539394378662,False,17.012863410953585,16,0.0015625
0100111000,12181,"[2, 3, 0, 1]",6600,197.9670524597168,True,17.012863410953585,16,0.0015625
0100111000,12182,"[2, 3, 0, 1]",6600,197.98564910888672,False,17.012863410953585,16,0.0015625
0100111000,12183,"[2, 3, 0, 1]",6600,198.00066947937012,True,17.012863410953585,16,0.0015625
1000001111,12184,"[3, 0, 2, 1]",6300,198.02045822143555,False,18.409531892849856,16,0.0015625
1000001111,12185,"[3, 0, 1, 2]",750,198.03476333618164,True,18.409531892849856,16,0.0015625
1000001111,12186,"[3, 0, 2, 1]",6300,198.05383682250977,False,18.409531892849856,16,0.0015625
1000001111,12187,"[3, 0, 1, 2]",750,198.06766510009766,True,18.409531892849856,16,0.0015625
1000001111,12188,"[3, 0, 2, 1]",6300,198.08673858642578,False,18.409531892849856,16,0.0015625
1000001111,12189,"[3, 0, 1, 2]",750,198.10032844543457,True,18.409531892849856,16,0.0015625
1000001111,12190,"[3, 0, 2, 1]",6300,198.1189250946045,False,18.409531892849856,16,0.0015625
1000001111,12191,"[3, 0, 1, 2]",750,198.13299179077148,True,18.409531892849856,16,0.0015625
1000001111,12192,"[3, 0, 2, 1]",6300,198.1518268585205,False,18.409531892849856,16,0.0015625
1000001111,12193,"[3, 0, 1, 2]",750,198.1656551361084,True,18.409531892849856,16,0.0015625
1000001111,12194,"[3, 0, 2, 1]",6300,198.18425178527832,False,18.409531892849856,16,0.0015625
1000001111,12195,"[3, 0, 1, 2]",750,198.1980800628662,True,18.409531892849856,16,0.0015625
1000001111,12196,"[3, 0, 2, 1]",6300,198.21667671203613,False,18.409531892849856,16,0.0015625
1000001111,12197,"[3, 0, 1, 2]",750,198.23074340820312,True,18.409531892849856,16,0.0015625
1000001111,12198,"[3, 0, 2, 1]",6300,198.24934005737305,False,18.409531892849856,16,0.0015625
1000001111,12199,"[3, 0, 1, 2]",750,198.26483726501465,True,18.409531892849856,16,0.0015625
1000001111,12200,"[3, 0, 2, 1]",6300,198.28414916992188,False,18.409531892849856,16,0.0015625
1000001111,12201,"[3, 0, 1, 2]",750,198.29797744750977,True,18.409531892849856,16,0.0015625
1000001111,12202,"[3, 0, 2, 1]",6300,198.3165740966797,False,18.409531892849856,16,0.0015625
1000001111,12203,"[3, 0, 1, 2]",750,198.33040237426758,True,18.409531892849856,16,0.0015625
1000001111,12204,"[3, 0, 2, 1]",6300,198.3485221862793,False,18.409531892849856,16,0.0015625
1000001111,12205,"[3, 0, 1, 2]",750,198.3623504638672,True,18.409531892849856,16,0.0015625
1000001111,12206,"[3, 0, 2, 1]",6300,198.3809471130371,False,18.409531892849856,16,0.0015625
1000001111,12207,"[3, 0, 1, 2]",750,198.3950138092041,True,18.409531892849856,16,0.0015625
1000001111,12208,"[3, 0, 2, 1]",6300,198.41337203979492,False,18.409531892849856,16,0.0015625
1000001111,12209,"[3, 0, 1, 2]",750,198.4272003173828,True,18.409531892849856,16,0.0015625
1000001111,12210,"[3, 0, 2, 1]",6300,198.44579696655273,False,18.409531892849856,16,0.0015625
1000001111,12211,"[3, 0, 1, 2]",750,198.45938682556152,True,18.409531892849856,16,0.0015625
1000001111,12212,"[3, 0, 2, 1]",6300,198.47822189331055,False,18.409531892849856,16,0.0015625
1000001111,12213,"[3, 0, 1, 2]",750,198.49205017089844,True,18.409531892849856,16,0.0015625
1000001111,12214,"[3, 0, 2, 1]",6300,198.51040840148926,False,18.409531892849856,16,0.0015625
1000001111,12215,"[3, 0, 1, 2]",750,198.52399826049805,True,18.409531892849856,16,0.0015625
0000111010,12216,"[2, 3, 1, 0]",9600,198.54259490966797,False,18.854500918858335,16,0.0015625
0000111010,12217,"[2, 3, 1, 0]",9600,198.55666160583496,True,18.854500918858335,16,0.0015625
0000111010,12218,"[2, 3, 1, 0]",9600,198.57525825500488,False,18.854500918858335,16,0.0015625
0000111010,12219,"[2, 3, 1, 0]",9600,198.58860969543457,True,18.854500918858335,16,0.0015625
0000111010,12220,"[2, 3, 1, 0]",9600,198.6088752746582,False,18.854500918858335,16,0.0015625
0000111010,12221,"[2, 3, 1, 0]",9600,198.6229419708252,True,18.854500918858335,16,0.0015625
0000111010,12222,"[2, 3, 1, 0]",9600,198.64177703857422,False,18.854500918858335,16,0.0015625
0000111010,12223,"[2, 3, 1, 0]",9600,198.6556053161621,True,18.854500918858335,16,0.0015625
0000111010,12224,"[2, 3, 1, 0]",9600,198.67396354675293,False,18.854500918858335,16,0.0015625
0000111010,12225,"[2, 3, 1, 0]",9600,198.68779182434082,True,18.854500918858335,16,0.0015625
0000111010,12226,"[2, 3, 1, 0]",9600,198.7161636352539,False,18.854500918858335,16,0.0015625
0000111010,12227,"[2, 3, 1, 0]",9600,198.73976707458496,True,18.854500918858335,16,0.0015625
0000111010,12228,"[2, 3, 1, 0]",9600,198.75645637512207,False,18.854500918858335,16,0.0015625
0000111010,12229,"[2, 3, 1, 0]",9600,198.76885414123535,True,18.854500918858335,16,0.0015625
0000111010,12230,"[2, 3, 1, 0]",9600,198.78602027893066,False,18.854500918858335,16,0.0015625
0000111010,12231,"[2, 3, 1, 0]",9600,198.79865646362305,True,18.854500918858335,16,0.0015625
0000111010,12232,"[2, 3, 1, 0]",9600,198.81582260131836,False,18.854500918858335,16,0.0015625
0000111010,12233,"[2, 3, 1, 0]",9600,198.82965087890625,True,18.854500918858335,16,0.0015625
0000111010,12234,"[2, 3, 1, 0]",9600,198.84753227233887,False,18.854500918858335,16,0.0015625
0000111010,12235,"[2, 3, 1, 0]",9600,198.86040687561035,True,18.854500918858335,16,0.0015625
0000111010,12236,"[2, 3, 1, 0]",9600,198.87804985046387,False,18.854500918858335,16,0.0015625
0000111010,12237,"[2, 3, 1, 0]",9600,198.89044761657715,True,18.854500918858335,16,0.0015625
0000111010,12238,"[2, 3, 1, 0]",9600,198.90785217285156,False,18.854500918858335,16,0.0015625
0000111010,12239,"[2, 3, 1, 0]",9600,198.92263412475586,True,18.854500918858335,16,0.0015625
0000111010,12240,"[2, 3, 1, 0]",9600,198.94003868103027,False,18.854500918858335,16,0.0015625
0000111010,12241,"[2, 3, 1, 0]",9600,198.95362854003906,True,18.854500918858335,16,0.0015625
0000111010,12242,"[2, 3, 1, 0]",9600,198.9729404449463,False,18.854500918858335,16,0.0015625
0000111010,12243,"[2, 3, 1, 0]",9600,198.98629188537598,True,18.854500918858335,16,0.0015625
0000111010,12244,"[2, 3, 1, 0]",9600,199.0039348602295,False,18.854500918858335,16,0.0015625
0000111010,12245,"[2, 3, 1, 0]",9600,199.01704788208008,True,18.854500918858335,16,0.0015625
0000111010,12246,"[2, 3, 1, 0]",9600,199.0342140197754,False,18.854500918858335,16,0.0015625
0000111010,12247,"[2, 3, 1, 0]",9600,199.04732704162598,True,18.854500918858335,16,0.0015625
1111011001,12248,"[1, 0, 3, 2]",465,199.0647315979004,False,23.482091381388685,16,0.0015625
1111011001,12249,"[1, 0, 3, 2]",465,199.07808303833008,True,23.482091381388685,16,0.0015625
1111011001,12250,"[1, 0, 3, 2]",465,199.0954875946045,False,23.482091381388685,16,0.0015625
1111011001,12251,"[1, 0, 3, 2]",465,199.10883903503418,True,23.482091381388685,16,0.0015625
1111011001,12252,"[1, 0, 3, 2]",465,199.1260051727295,False,23.482091381388685,16,0.0015625
1111011001,12253,"[1, 0, 3, 2]",465,199.13887977600098,True,23.482091381388685,16,0.0015625
1111011001,12254,"[1, 0, 3, 2]",465,199.1562843322754,False,23.482091381388685,16,0.0015625
1111011001,12255,"[1, 0, 3, 2]",465,199.16915893554688,True,23.482091381388685,16,0.0015625
1111011001,12256,"[1, 0, 3, 2]",465,199.1865634918213,False,23.482091381388685,16,0.0015625
1111011001,12257,"[1, 0, 3, 2]",465,199.19943809509277,True,23.482091381388685,16,0.0015625
1111011001,12258,"[1, 0, 3, 2]",465,199.2168426513672,False,23.482091381388685,16,0.0015625
1111011001,12259,"[1, 0, 3, 2]",465,199.25284385681152,True,23.482091381388685,16,0.0015625
1111011001,12260,"[1, 0, 3, 2]",465,199.27072525024414,False,23.482091381388685,16,0.0015625
1111011001,12261,"[1, 0, 3, 2]",465,199.28431510925293,True,23.482091381388685,16,0.0015625
1111011001,12262,"[1, 0, 3, 2]",465,199.30362701416016,False,23.482091381388685,16,0.0015625
1111011001,12263,"[1, 0, 3, 2]",465,199.31721687316895,True,23.482091381388685,16,0.0015625
1111011001,12264,"[1, 0, 3, 2]",465,199.33462142944336,False,23.482091381388685,16,0.0015625
1111011001,12265,"[1, 0, 3, 2]",465,199.34797286987305,True,23.482091381388685,16,0.0015625
1111011001,12266,"[1, 0, 3, 2]",465,199.36537742614746,False,23.482091381388685,16,0.0015625
1111011001,12267,"[1, 0, 3, 2]",465,199.37849044799805,True,23.482091381388685,16,0.0015625
1111011001,12268,"[1, 0, 3, 2]",465,199.39613342285156,False,23.482091381388685,16,0.0015625
1111011001,12269,"[1, 0, 3, 2]",465,199.40900802612305,True,23.482091381388685,16,0.0015625
1111011001,12270,"[1, 0, 3, 2]",465,199.42617416381836,False,23.482091381388685,16,0.0015625
1111011001,12271,"[1, 0, 3, 2]",465,199.43904876708984,True,23.482091381388685,16,0.0015625
1111011001,12272,"[1, 0, 3, 2]",465,199.45621490478516,False,23.482091381388685,16,0.0015625
1111011001,12273,"[1, 0, 3, 2]",465,199.46956634521484,True,23.482091381388685,16,0.0015625
1111011001,12274,"[1, 0, 3, 2]",465,199.48673248291016,False,23.482091381388685,16,0.0015625
1111011001,12275,"[1, 0, 3, 2]",465,199.50008392333984,True,23.482091381388685,16,0.0015625
1111011001,12276,"[1, 0, 3, 2]",465,199.51725006103516,False,23.482091381388685,16,0.0015625
1111011001,12277,"[1, 0, 3, 2]",465,199.53036308288574,True,23.482091381388685,16,0.0015625
1111011001,12278,"[1, 0, 3, 2]",465,199.54752922058105,False,23.482091381388685,16,0.0015625
1111011001,12279,"[1, 0, 3, 2]",465,199.56016540527344,True,23.482091381388685,16,0.0015625
1101111110,12280,"[3, 2, 0, 1]",6600,199.57756996154785,False,38.262643212343875,16,0.0015625
1101111110,12281,"[3, 2, 0, 1]",6600,199.59115982055664,True,38.262643212343875,16,0.0015625
1101111110,12282,"[3, 2, 0, 1]",6600,199.60856437683105,False,38.262643212343875,16,0.0015625
1101111110,12283,"[3, 2, 0, 1]",6600,199.62310791015625,True,38.262643212343875,16,0.0015625
1101111110,12284,"[3, 2, 0, 1]",6600,199.64289665222168,False,38.262643212343875,16,0.0015625
1101111110,12285,"[3, 2, 0, 1]",6600,199.65624809265137,True,38.262643212343875,16,0.0015625
1101111110,12286,"[3, 2, 0, 1]",6600,199.67389106750488,False,38.262643212343875,16,0.0015625
1101111110,12287,"[3, 2, 0, 1]",6600,199.68676567077637,True,38.262643212343875,16,0.0015625
1101111110,12288,"[3, 2, 0, 1]",6600,199.70393180847168,False,38.262643212343875,16,0.0015625
1101111110,12289,"[3, 2, 0, 1]",6600,199.71656799316406,True,38.262643212343875,16,0.0015625
1101111110,12290,"[3, 2, 0, 1]",6600,199.73397254943848,False,38.262643212343875,16,0.0015625
1101111110,12291,"[3, 2, 0, 1]",6600,199.74660873413086,True,38.262643212343875,16,0.0015625
1101111110,12292,"[3, 2, 0, 1]",6600,199.76377487182617,False,38.262643212343875,16,0.0015625
1101111110,12293,"[3, 2, 0, 1]",6600,199.77641105651855,True,38.262643212343875,16,0.0015625
1101111110,12294,"[3, 2, 0, 1]",6600,199.79381561279297,False,38.262643212343875,16,0.0015625
1101111110,12295,"[3, 2, 0, 1]",6600,199.80597496032715,True,38.262643212343875,16,0.0015625
1101111110,12296,"[3, 2, 0, 1]",6600,199.82314109802246,False,38.262643212343875,16,0.0015625
1101111110,12297,"[3, 2, 0, 1]",6600,199.83601570129395,True,38.262643212343875,16,0.0015625
1101111110,12298,"[3, 2, 0, 1]",6600,199.85342025756836,False,38.262643212343875,16,0.0015625
1101111110,12299,"[3, 2, 0, 1]",6600,199.86629486083984,True,38.262643212343875,16,0.0015625
1101111110,12300,"[3, 2, 0, 1]",6600,199.88393783569336,False,38.262643212343875,16,0.0015625
1101111110,12301,"[3, 2, 0, 1]",6600,199.89633560180664,True,38.262643212343875,16,0.0015625
1101111110,12302,"[3, 2, 0, 1]",6600,199.91397857666016,False,38.262643212343875,16,0.0015625
1101111110,12303,"[3, 2, 0, 1]",6600,199.92685317993164,True,38.262643212343875,16,0.0015625
1101111110,12304,"[3, 2, 0, 1]",6600,199.94664192199707,False,38.262643212343875,16,0.0015625
1101111110,12305,"[3, 2, 0, 1]",6600,199.95975494384766,True,38.262643212343875,16,0.0015625
1101111110,12306,"[3, 2, 0, 1]",6600,199.97739791870117,False,38.262643212343875,16,0.0015625
1101111110,12307,"[3, 2, 0, 1]",6600,199.99027252197266,True,38.262643212343875,16,0.0015625
1101111110,12308,"[3, 2, 0, 1]",6600,200.00743865966797,False,38.262643212343875,16,0.0015625
1101111110,12309,"[3, 2, 0, 1]",6600,200.02031326293945,True,38.262643212343875,16,0.0015625
1101111110,12310,"[3, 2, 0, 1]",6600,200.03771781921387,False,38.262643212343875,16,0.0015625
1101111110,12311,"[3, 2, 0, 1]",6600,200.05011558532715,True,38.262643212343875,16,0.0015625
0011001001,12312,"[1, 3, 2, 0]",9450,200.06752014160156,False,19.070544774769893,15,0.00146484375
0011001001,12313,"[1, 0, 3, 2]",465,200.08111000061035,True,19.070544774769893,15,0.00146484375
0011001001,12314,"[1, 3, 2, 0]",9450,200.09851455688477,False,19.070544774769893,15,0.00146484375
0011001001,12315,"[1, 0, 3, 2]",465,200.11210441589355,True,19.070544774769893,15,0.00146484375
0011001001,12316,"[1, 3, 2, 0]",9450,200.12950897216797,False,19.070544774769893,15,0.00146484375
0011001001,12317,"[1, 0, 3, 2]",465,200.14286041259766,True,19.070544774769893,15,0.00146484375
0011001001,12318,"[1, 3, 2, 0]",9450,200.16002655029297,False,19.070544774769893,15,0.00146484375
0011001001,12319,"[1, 0, 3, 2]",465,200.17337799072266,True,19.070544774769893,15,0.00146484375
0011001001,12320,"[1, 3, 2, 0]",9450,200.19054412841797,False,19.070544774769893,15,0.00146484375
0011001001,12321,"[1, 0, 3, 2]",465,200.20413398742676,True,19.070544774769893,15,0.00146484375
0011001001,12322,"[1, 3, 2, 0]",9450,200.22130012512207,False,19.070544774769893,15,0.00146484375
0011001001,12323,"[1, 0, 3, 2]",465,200.23417472839355,True,19.070544774769893,15,0.00146484375
0011001001,12324,"[1, 3, 2, 0]",9450,200.25157928466797,False,19.070544774769893,15,0.00146484375
0011001001,12325,"[1, 0, 3, 2]",465,200.26636123657227,True,19.070544774769893,15,0.00146484375
0011001001,12326,"[1, 3, 2, 0]",9450,200.28424263000488,False,19.070544774769893,15,0.00146484375
0011001001,12327,"[1, 0, 3, 2]",465,200.29783248901367,True,19.070544774769893,15,0.00146484375
0011001001,12328,"[1, 3, 2, 0]",9450,200.31499862670898,False,19.070544774769893,15,0.00146484375
0011001001,12329,"[1, 0, 3, 2]",465,200.32835006713867,True,19.070544774769893,15,0.00146484375
0011001001,12330,"[1, 3, 2, 0]",9450,200.34527778625488,False,19.070544774769893,15,0.00146484375
0011001001,12331,"[1, 0, 3, 2]",465,200.35839080810547,True,19.070544774769893,15,0.00146484375
0011001001,12332,"[1, 3, 2, 0]",9450,200.37555694580078,False,19.070544774769893,15,0.00146484375
0011001001,12333,"[1, 0, 3, 2]",465,200.38866996765137,True,19.070544774769893,15,0.00146484375
0011001001,12334,"[1, 3, 2, 0]",9450,200.4075050354004,False,19.070544774769893,15,0.00146484375
0011001001,12335,"[1, 0, 3, 2]",465,200.42109489440918,True,19.070544774769893,15,0.00146484375
0011001001,12336,"[1, 3, 2, 0]",9450,200.4387378692627,False,19.070544774769893,15,0.00146484375
0011001001,12337,"[1, 0, 3, 2]",465,200.45208930969238,True,19.070544774769893,15,0.00146484375
0011001001,12338,"[1, 3, 2, 0]",9450,200.4694938659668,False,19.070544774769893,15,0.00146484375
0011001001,12339,"[1, 0, 3, 2]",465,200.48236846923828,True,19.070544774769893,15,0.00146484375
0011001001,12340,"[1, 3, 2, 0]",9450,200.4997730255127,False,19.070544774769893,15,0.00146484375
0011001001,12341,"[1, 0, 3, 2]",465,200.51264762878418,True,19.070544774769893,15,0.00146484375
1111001000,12342,"[1, 0, 3, 2]",465,200.5302906036377,False,24.081334838543306,15,0.00146484375
1111001000,12343,"[1, 0, 3, 2]",465,200.54292678833008,True,24.081334838543306,15,0.00146484375
1111001000,12344,"[1, 0, 3, 2]",465,200.5600929260254,False,24.081334838543306,15,0.00146484375
1111001000,12345,"[1, 0, 3, 2]",465,200.57296752929688,True,24.081334838543306,15,0.00146484375
1111001000,12346,"[1, 0, 3, 2]",465,200.5915641784668,False,24.081334838543306,15,0.00146484375
1111001000,12347,"[1, 0, 3, 2]",465,200.60467720031738,True,24.081334838543306,15,0.00146484375
1111001000,12348,"[1, 0, 3, 2]",465,200.6223201751709,False,24.081334838543306,15,0.00146484375
1111001000,12349,"[1, 0, 3, 2]",465,200.63519477844238,True,24.081334838543306,15,0.00146484375
1111001000,12350,"[1, 0, 3, 2]",465,200.6523609161377,False,24.081334838543306,15,0.00146484375
1111001000,12351,"[1, 0, 3, 2]",465,200.66523551940918,True,24.081334838543306,15,0.00146484375
1111001000,12352,"[1, 0, 3, 2]",465,200.6824016571045,False,24.081334838543306,15,0.00146484375
1111001000,12353,"[1, 0, 3, 2]",465,200.69503784179688,True,24.081334838543306,15,0.00146484375
1111001000,12354,"[1, 0, 3, 2]",465,200.7124423980713,False,24.081334838543306,15,0.00146484375
1111001000,12355,"[1, 0, 3, 2]",465,200.72555541992188,True,24.081334838543306,15,0.00146484375
1111001000,12356,"[1, 0, 3, 2]",465,200.7427215576172,False,24.081334838543306,15,0.00146484375
1111001000,12357,"[1, 0, 3, 2]",465,200.75559616088867,True,24.081334838543306,15,0.00146484375
1111001000,12358,"[1, 0, 3, 2]",465,200.77276229858398,False,24.081334838543306,15,0.00146484375
1111001000,12359,"[1, 0, 3, 2]",465,200.78539848327637,True,24.081334838543306,15,0.00146484375
1111001000,12360,"[1, 0, 3, 2]",465,200.80232620239258,False,24.081334838543306,15,0.00146484375
1111001000,12361,"[1, 0, 3, 2]",465,200.81520080566406,True,24.081334838543306,15,0.00146484375
1111001000,12362,"[1, 0, 3, 2]",465,200.83236694335938,False,24.081334838543306,15,0.00146484375
1111001000,12363,"[1, 0, 3, 2]",465,200.84500312805176,True,24.081334838543306,15,0.00146484375
1111001000,12364,"[1, 0, 3, 2]",465,200.86216926574707,False,24.081334838543306,15,0.00146484375
1111001000,12365,"[1, 0, 3, 2]",465,200.87504386901855,True,24.081334838543306,15,0.00146484375
1111001000,12366,"[1, 0, 3, 2]",465,200.89221000671387,False,24.081334838543306,15,0.00146484375
1111001000,12367,"[1, 0, 3, 2]",465,200.90675354003906,True,24.081334838543306,15,0.00146484375
1111001000,12368,"[1, 0, 3, 2]",465,200.92463493347168,False,24.081334838543306,15,0.00146484375
1111001000,12369,"[1, 0, 3, 2]",465,200.93774795532227,True,24.081334838543306,15,0.00146484375
1111001000,12370,"[1, 0, 3, 2]",465,200.95515251159668,False,24.081334838543306,15,0.00146484375
1111001000,12371,"[1, 0, 3, 2]",465,200.96802711486816,True,24.081334838543306,15,0.00146484375
1000011110,12372,"[3, 0, 2, 1]",6300,200.98543167114258,False,15.900011571152792,15,0.00146484375
1000011110,12373,"[3, 0, 1, 2]",750,200.99949836730957,True,15.900011571152792,15,0.00146484375
1000011110,12374,"[3, 0, 2, 1]",6300,201.01666450500488,False,15.900011571152792,15,0.00146484375
1000011110,12375,"[3, 0, 1, 2]",750,201.03001594543457,True,15.900011571152792,15,0.00146484375
1000011110,12376,"[3, 0, 2, 1]",6300,201.0476589202881,False,15.900011571152792,15,0.00146484375
1000011110,12377,"[3, 0, 1, 2]",750,201.06101036071777,True,15.900011571152792,15,0.00146484375
1000011110,12378,"[3, 0, 2, 1]",6300,201.0784149169922,False,15.900011571152792,15,0.00146484375
1000011110,12379,"[3, 0, 1, 2]",750,201.09152793884277,True,15.900011571152792,15,0.00146484375
1000011110,12380,"[3, 0, 2, 1]",6300,201.1089324951172,False,15.900011571152792,15,0.00146484375
1000011110,12381,"[3, 0, 1, 2]",750,201.12252235412598,True,15.900011571152792,15,0.00146484375
1000011110,12382,"[3, 0, 2, 1]",6300,201.1399269104004,False,15.900011571152792,15,0.00146484375
1000011110,12383,"[3, 0, 1, 2]",750,201.15303993225098,True,15.900011571152792,15,0.00146484375
1000011110,12384,"[3, 0, 2, 1]",6300,201.1721134185791,False,15.900011571152792,15,0.00146484375
1000011110,12385,"[3, 0, 1, 2]",750,201.185941696167,True,15.900011571152792,15,0.00146484375
1000011110,12386,"[3, 0, 2, 1]",6300,201.2040615081787,False,15.900011571152792,15,0.00146484375
1000011110,12387,"[3, 0, 1, 2]",750,201.2174129486084,True,15.900011571152792,15,0.00146484375
1000011110,12388,"[3, 0, 2, 1]",6300,201.23577117919922,False,15.900011571152792,15,0.00146484375
1000011110,12389,"[3, 0, 1, 2]",750,201.2491226196289,True,15.900011571152792,15,0.00146484375
1000011110,12390,"[3, 0, 2, 1]",6300,201.26676559448242,False,15.900011571152792,15,0.00146484375
1000011110,12391,"[3, 0, 1, 2]",750,201.2801170349121,True,15.900011571152792,15,0.00146484375
1000011110,12392,"[3, 0, 2, 1]",6300,201.29728317260742,False,15.900011571152792,15,0.00146484375
1000011110,12393,"[3, 0, 1, 2]",750,201.310396194458,True,15.900011571152792,15,0.00146484375
1000011110,12394,"[3, 0, 2, 1]",6300,201.32780075073242,False,15.900011571152792,15,0.00146484375
1000011110,12395,"[3, 0, 1, 2]",750,201.3411521911621,True,15.900011571152792,15,0.00146484375
1000011110,12396,"[3, 0, 2, 1]",6300,201.35855674743652,False,15.900011571152792,15,0.00146484375
1000011110,12397,"[3, 0, 1, 2]",750,201.3716697692871,True,15.900011571152792,15,0.00146484375
1000011110,12398,"[3, 0, 2, 1]",6300,201.38907432556152,False,15.900011571152792,15,0.00146484375
1000011110,12399,"[3, 0, 1, 2]",750,201.4024257659912,True,15.900011571152792,15,0.00146484375
1000011110,12400,"[3, 0, 2, 1]",6300,201.41959190368652,False,15.900011571152792,15,0.00146484375
1000011110,12401,"[3, 0, 1, 2]",750,201.4329433441162,True,15.900011571152792,15,0.00146484375
1000000100,12402,"[0, 3, 2, 1]",6300,201.45010948181152,False,15.18188720114459,15,0.00146484375
1000000100,12403,"[0, 1, 3, 2]",465,201.4636993408203,True,15.18188720114459,15,0.00146484375
1000000100,12404,"[0, 3, 2, 1]",6300,201.48038864135742,False,15.18188720114459,15,0.00146484375
1000000100,12405,"[0, 1, 3, 2]",465,201.49731636047363,True,15.18188720114459,15,0.00146484375
1000000100,12406,"[0, 3, 2, 1]",6300,201.53093338012695,False,15.18188720114459,15,0.00146484375
1000000100,12407,"[0, 1, 3, 2]",465,201.54714584350586,True,15.18188720114459,15,0.00146484375
1000000100,12408,"[0, 3, 2, 1]",6300,201.56550407409668,False,15.18188720114459,15,0.00146484375
1000000100,12409,"[0, 1, 3, 2]",465,201.58052444458008,True,15.18188720114459,15,0.00146484375
1000000100,12410,"[0, 3, 2, 1]",6300,201.6003131866455,False,15.18188720114459,15,0.00146484375
1000000100,12411,"[0, 1, 3, 2]",465,201.6148567199707,True,15.18188720114459,15,0.00146484375
1000000100,12412,"[0, 3, 2, 1]",6300,201.63273811340332,False,15.18188720114459,15,0.00146484375
1000000100,12413,"[0, 1, 3, 2]",465,201.6465663909912,True,15.18188720114459,15,0.00146484375
1000000100,12414,"[0, 3, 2, 1]",6300,201.66420936584473,False,15.18188720114459,15,0.00146484375
1000000100,12415,"[0, 1, 3, 2]",465,201.67779922485352,True,15.18188720114459,15,0.00146484375
1000000100,12416,"[0, 3, 2, 1]",6300,201.69568061828613,False,15.18188720114459,15,0.00146484375
1000000100,12417,"[0, 1, 3, 2]",465,201.70879364013672,True,15.18188720114459,15,0.00146484375
1000000100,12418,"[0, 3, 2, 1]",6300,201.72691345214844,False,15.18188720114459,15,0.00146484375
1000000100,12419,"[0, 1, 3, 2]",465,201.74026489257812,True,15.18188720114459,15,0.00146484375
1000000100,12420,"[0, 3, 2, 1]",6300,201.75814628601074,False,15.18188720114459,15,0.00146484375
1000000100,12421,"[0, 1, 3, 2]",465,201.77173614501953,True,15.18188720114459,15,0.00146484375
1000000100,12422,"[0, 3, 2, 1]",6300,201.78985595703125,False,15.18188720114459,15,0.00146484375
1000000100,12423,"[0, 1, 3, 2]",465,201.80320739746094,True,15.18188720114459,15,0.00146484375
1000000100,12424,"[0, 3, 2, 1]",6300,201.82132720947266,False,15.18188720114459,15,0.00146484375
1000000100,12425,"[0, 1, 3, 2]",465,201.83467864990234,True,15.18188720114459,15,0.00146484375
1000000100,12426,"[0, 3, 2, 1]",6300,201.85256004333496,False,15.18188720114459,15,0.00146484375
1000000100,12427,"[0, 1, 3, 2]",465,201.86591148376465,True,15.18188720114459,15,0.00146484375
1000000100,12428,"[0, 3, 2, 1]",6300,201.88403129577637,False,15.18188720114459,15,0.00146484375
1000000100,12429,"[0, 1, 3, 2]",465,201.89714431762695,True,15.18188720114459,15,0.00146484375
1000000100,12430,"[0, 3, 2, 1]",6300,201.91645622253418,False,15.18188720114459,15,0.00146484375
1000000100,12431,"[0, 1, 3, 2]",465,201.93028450012207,True,15.18188720114459,15,0.00146484375
0010100000,12432,"[2, 1, 3, 0]",9300,201.948881149292,False,28.136129710583916,15,0.00146484375
0010100000,12433,"[2, 1, 0, 3]",600,201.9634246826172,True,28.136129710583916,15,0.00146484375
0010100000,12434,"[2, 1, 3, 0]",9300,201.98297500610352,False,28.136129710583916,15,0.00146484375
0010100000,12435,"[2, 1, 0, 3]",600,201.9977569580078,True,28.136129710583916,15,0.00146484375
0010100000,12436,"[2, 1, 3, 0]",9300,202.01683044433594,False,28.136129710583916,15,0.00146484375
0010100000,12437,"[2, 1, 0, 3]",600,202.03113555908203,True,28.136129710583916,15,0.00146484375
0010100000,12438,"[2, 1, 3, 0]",9300,202.04925537109375,False,28.136129710583916,15,0.00146484375
0010100000,12439,"[2, 1, 0, 3]",600,202.06308364868164,True,28.136129710583916,15,0.00146484375
0010100000,12440,"[2, 1, 3, 0]",9300,202.08144187927246,False,28.136129710583916,15,0.00146484375
0010100000,12441,"[2, 1, 0, 3]",600,202.09503173828125,True,28.136129710583916,15,0.00146484375
0010100000,12442,"[2, 1, 3, 0]",9300,202.11315155029297,False,28.136129710583916,15,0.00146484375
0010100000,12443,"[2, 1, 0, 3]",600,202.12697982788086,True,28.136129710583916,15,0.00146484375
0010100000,12444,"[2, 1, 3, 0]",9300,202.14486122131348,False,28.136129710583916,15,0.00146484375
0010100000,12445,"[2, 1, 0, 3]",600,202.15868949890137,True,28.136129710583916,15,0.00146484375
0010100000,12446,"[2, 1, 3, 0]",9300,202.1768093109131,False,28.136129710583916,15,0.00146484375
0010100000,12447,"[2, 1, 0, 3]",600,202.19063758850098,True,28.136129710583916,15,0.00146484375
0010100000,12448,"[2, 1, 3, 0]",9300,202.2085189819336,False,28.136129710583916,15,0.00146484375
0010100000,12449,"[2, 1, 0, 3]",600,202.22234725952148,True,28.136129710583916,15,0.00146484375
0010100000,12450,"[2, 1, 3, 0]",9300,202.2404670715332,False,28.136129710583916,15,0.00146484375
0010100000,12451,"[2, 1, 0, 3]",600,202.2559642791748,True,28.136129710583916,15,0.00146484375
0010100000,12452,"[2, 1, 3, 0]",9300,202.27479934692383,False,28.136129710583916,15,0.00146484375
0010100000,12453,"[2, 1, 0, 3]",600,202.28862762451172,True,28.136129710583916,15,0.00146484375
0010100000,12454,"[2, 1, 3, 0]",9300,202.30674743652344,False,28.136129710583916,15,0.00146484375
0010100000,12455,"[2, 1, 0, 3]",600,202.32057571411133,True,28.136129710583916,15,0.00146484375
0010100000,12456,"[2, 1, 3, 0]",9300,202.33869552612305,False,28.136129710583916,15,0.00146484375
0010100000,12457,"[2, 1, 0, 3]",600,202.35228538513184,True,28.136129710583916,15,0.00146484375
0010100000,12458,"[2, 1, 3, 0]",9300,202.37040519714355,False,28.136129710583916,15,0.00146484375
0010100000,12459,"[2, 1, 0, 3]",600,202.38423347473145,True,28.136129710583916,15,0.00146484375
0010100000,12460,"[2, 1, 3, 0]",9300,202.40235328674316,False,28.136129710583916,15,0.00146484375
0010100000,12461,"[2, 1, 0, 3]",600,202.41641998291016,True,28.136129710583916,15,0.00146484375
0001100010,12462,"[2, 1, 3, 0]",9300,202.43477821350098,False,17.473809707916637,15,0.00146484375
0001100010,12463,"[2, 1, 0, 3]",600,202.44884490966797,True,17.473809707916637,15,0.00146484375
0001100010,12464,"[2, 1, 3, 0]",9300,202.4672031402588,False,17.473809707916637,15,0.00146484375
0001100010,12465,"[2, 1, 0, 3]",600,202.48103141784668,True,17.473809707916637,15,0.00146484375
0001100010,12466,"[2, 1, 3, 0]",9300,202.4989128112793,False,17.473809707916637,15,0.00146484375
0001100010,12467,"[2, 1, 0, 3]",600,202.5127410888672,True,17.473809707916637,15,0.00146484375
0001100010,12468,"[2, 1, 3, 0]",9300,202.5308609008789,False,17.473809707916637,15,0.00146484375
0001100010,12469,"[2, 1, 0, 3]",600,202.5444507598877,True,17.473809707916637,15,0.00146484375
0001100010,12470,"[2, 1, 3, 0]",9300,202.5623321533203,False,17.473809707916637,15,0.00146484375
0001100010,12471,"[2, 1, 0, 3]",600,202.5759220123291,True,17.473809707916637,15,0.00146484375
0001100010,12472,"[2, 1, 3, 0]",9300,202.59571075439453,False,17.473809707916637,15,0.00146484375
0001100010,12473,"[2, 1, 0, 3]",600,202.60977745056152,True,17.473809707916637,15,0.00146484375
0001100010,12474,"[2, 1, 3, 0]",9300,202.62837409973145,False,17.473809707916637,15,0.00146484375
0001100010,12475,"[2, 1, 0, 3]",600,202.64220237731934,True,17.473809707916637,15,0.00146484375
0001100010,12476,"[2, 1, 3, 0]",9300,202.66079902648926,False,17.473809707916637,15,0.00146484375
0001100010,12477,"[2, 1, 0, 3]",600,202.67438888549805,True,17.473809707916637,15,0.00146484375
0001100010,12478,"[2, 1, 3, 0]",9300,202.69298553466797,False,17.473809707916637,15,0.00146484375
0001100010,12479,"[2, 1, 0, 3]",600,202.70681381225586,True,17.473809707916637,15,0.00146484375
0001100010,12480,"[2, 1, 3, 0]",9300,202.72493362426758,False,17.473809707916637,15,0.00146484375
0001100010,12481,"[2, 1, 0, 3]",600,202.73828506469727,True,17.473809707916637,15,0.00146484375
0001100010,12482,"[2, 1, 3, 0]",9300,202.7566432952881,False,17.473809707916637,15,0.00146484375
0001100010,12483,"[2, 1, 0, 3]",600,202.77023315429688,True,17.473809707916637,15,0.00146484375
0001100010,12484,"[2, 1, 3, 0]",9300,202.7881145477295,False,17.473809707916637,15,0.00146484375
0001100010,12485,"[2, 1, 0, 3]",600,202.8038501739502,True,17.473809707916637,15,0.00146484375
0001100010,12486,"[2, 1, 3, 0]",9300,202.83269882202148,False,17.473809707916637,15,0.00146484375
0001100010,12487,"[2, 1, 0, 3]",600,202.84581184387207,True,17.473809707916637,15,0.00146484375
0001100010,12488,"[2, 1, 3, 0]",9300,202.8634548187256,False,17.473809707916637,15,0.00146484375
0001100010,12489,"[2, 1, 0, 3]",600,202.87680625915527,True,17.473809707916637,15,0.00146484375
0001100010,12490,"[2, 1, 3, 0]",9300,202.8942108154297,False,17.473809707916637,15,0.00146484375
0001100010,12491,"[2, 1, 0, 3]",600,202.90732383728027,True,17.473809707916637,15,0.00146484375
0111110010,12492,"[2, 1, 0, 3]",600,202.9247283935547,False,16.27225942116783,15,0.00146484375
0111110010,12493,"[2, 1, 0, 3]",600,202.93951034545898,True,16.27225942116783,15,0.00146484375
0111110010,12494,"[2, 1, 0, 3]",600,202.9576301574707,False,16.27225942116783,15,0.00146484375
0111110010,12495,"[2, 1, 0, 3]",600,202.9707431793213,True,16.27225942116783,15,0.00146484375
0111110010,12496,"[2, 1, 0, 3]",600,202.9881477355957,False,16.27225942116783,15,0.00146484375
0111110010,12497,"[2, 1, 0, 3]",600,203.0010223388672,True,16.27225942116783,15,0.00146484375
0111110010,12498,"[2, 1, 0, 3]",600,203.0181884765625,False,16.27225942116783,15,0.00146484375
0111110010,12499,"[2, 1, 0, 3]",600,203.03106307983398,True,16.27225942116783,15,0.00146484375
0111110010,12500,"[2, 1, 0, 3]",600,203.0484676361084,False,16.27225942116783,15,0.00146484375
0111110010,12501,"[2, 1, 0, 3]",600,203.06134223937988,True,16.27225942116783,15,0.00146484375
0111110010,12502,"[2, 1, 0, 3]",600,203.0787467956543,False,16.27225942116783,15,0.00146484375
0111110010,12503,"[2, 1, 0, 3]",600,203.09138298034668,True,16.27225942116783,15,0.00146484375
0111110010,12504,"[2, 1, 0, 3]",600,203.1090259552002,False,16.27225942116783,15,0.00146484375
0111110010,12505,"[2, 1, 0, 3]",600,203.12166213989258,True,16.27225942116783,15,0.00146484375
0111110010,12506,"[2, 1, 0, 3]",600,203.1388282775879,False,16.27225942116783,15,0.00146484375
0111110010,12507,"[2, 1, 0, 3]",600,203.15170288085938,True,16.27225942116783,15,0.00146484375
0111110010,12508,"[2, 1, 0, 3]",600,203.1688690185547,False,16.27225942116783,15,0.00146484375
0111110010,12509,"[2, 1, 0, 3]",600,203.18126678466797,True,16.27225942116783,15,0.00146484375
0111110010,12510,"[2, 1, 0, 3]",600,203.19843292236328,False,16.27225942116783,15,0.00146484375
0111110010,12511,"[2, 1, 0, 3]",600,203.21154594421387,True,16.27225942116783,15,0.00146484375
0111110010,12512,"[2, 1, 0, 3]",600,203.22847366333008,False,16.27225942116783,15,0.00146484375
0111110010,12513,"[2, 1, 0, 3]",600,203.24134826660156,True,16.27225942116783,15,0.00146484375
0111110010,12514,"[2, 1, 0, 3]",600,203.2606601715088,False,16.27225942116783,15,0.00146484375
0111110010,12515,"[2, 1, 0, 3]",600,203.27401161193848,True,16.27225942116783,15,0.00146484375
0111110010,12516,"[2, 1, 0, 3]",600,203.291654586792,False,16.27225942116783,15,0.00146484375
0111110010,12517,"[2, 1, 0, 3]",600,203.30476760864258,True,16.27225942116783,15,0.00146484375
0111110010,12518,"[2, 1, 0, 3]",600,203.322172164917,False,16.27225942116783,15,0.00146484375
0111110010,12519,"[2, 1, 0, 3]",600,203.33528518676758,True,16.27225942116783,15,0.00146484375
0111110010,12520,"[2, 1, 0, 3]",600,203.3522129058838,False,16.27225942116783,15,0.00146484375
0111110010,12521,"[2, 1, 0, 3]",600,203.36484909057617,True,16.27225942116783,15,0.00146484375
0011100011,12522,"[1, 2, 3, 0]",9300,203.38201522827148,False,16.212895332660406,15,0.00146484375
0011100011,12523,"[1, 0, 2, 3]",315,203.39584350585938,True,16.212895332660406,15,0.00146484375
0011100011,12524,"[1, 2, 3, 0]",9300,203.4130096435547,False,16.212895332660406,15,0.00146484375
0011100011,12525,"[1, 0, 2, 3]",315,203.42612266540527,True,16.212895332660406,15,0.00146484375
0011100011,12526,"[1, 2, 3, 0]",9300,203.4435272216797,False,16.212895332660406,15,0.00146484375
0011100011,12527,"[1, 0, 2, 3]",315,203.45664024353027,True,16.212895332660406,15,0.00146484375
0011100011,12528,"[1, 2, 3, 0]",9300,203.4740447998047,False,16.212895332660406,15,0.00146484375
0011100011,12529,"[1, 0, 2, 3]",315,203.48715782165527,True,16.212895332660406,15,0.00146484375
0011100011,12530,"[1, 2, 3, 0]",9300,203.5043239593506,False,16.212895332660406,15,0.00146484375
0011100011,12531,"[1, 0, 2, 3]",315,203.51743698120117,True,16.212895332660406,15,0.00146484375
0011100011,12532,"[1, 2, 3, 0]",9300,203.53460311889648,False,16.212895332660406,15,0.00146484375
0011100011,12533,"[1, 0, 2, 3]",315,203.54771614074707,True,16.212895332660406,15,0.00146484375
0011100011,12534,"[1, 2, 3, 0]",9300,203.56488227844238,False,16.212895332660406,15,0.00146484375
0011100011,12535,"[1, 0, 2, 3]",315,203.57942581176758,True,16.212895332660406,15,0.00146484375
0011100011,12536,"[1, 2, 3, 0]",9300,203.5989761352539,False,16.212895332660406,15,0.00146484375
0011100011,12537,"[1, 0, 2, 3]",315,203.6120891571045,True,16.212895332660406,15,0.00146484375
0011100011,12538,"[1, 2, 3, 0]",9300,203.6294937133789,False,16.212895332660406,15,0.00146484375
0011100011,12539,"[1, 0, 2, 3]",315,203.6426067352295,True,16.212895332660406,15,0.00146484375
0011100011,12540,"[1, 2, 3, 0]",9300,203.6600112915039,False,16.212895332660406,15,0.00146484375
0011100011,12541,"[1, 0, 2, 3]",315,203.6731243133545,True,16.212895332660406,15,0.00146484375
0011100011,12542,"[1, 2, 3, 0]",9300,203.6902904510498,False,16.212895332660406,15,0.00146484375
0011100011,12543,"[1, 0, 2, 3]",315,203.7034034729004,True,16.212895332660406,15,0.00146484375
0011100011,12544,"[1, 2, 3, 0]",9300,203.7205696105957,False,16.212895332660406,15,0.00146484375
0011100011,12545,"[1, 0, 2, 3]",315,203.7334442138672,True,16.212895332660406,15,0.00146484375
0011100011,12546,"[1, 2, 3, 0]",9300,203.7506103515625,False,16.212895332660406,15,0.00146484375
0011100011,12547,"[1, 0, 2, 3]",315,203.7637233734131,True,16.212895332660406,15,0.00146484375
0011100011,12548,"[1, 2, 3, 0]",9300,203.7808895111084,False,16.212895332660406,15,0.00146484375
0011100011,12549,"[1, 0, 2, 3]",315,203.7942409515381,True,16.212895332660406,15,0.00146484375
0011100011,12550,"[1, 2, 3, 0]",9300,203.8114070892334,False,16.212895332660406,15,0.00146484375
0011100011,12551,"[1, 0, 2, 3]",315,203.82452011108398,True,16.212895332660406,15,0.00146484375
1001100100,12552,"[2, 0, 3, 1]",6200,203.8419246673584,False,18.33427568419946,15,0.00146484375
1001100100,12553,"[2, 0, 1, 3]",500,203.85503768920898,True,18.33427568419946,15,0.00146484375
1001100100,12554,"[2, 0, 3, 1]",6200,203.8731575012207,False,18.33427568419946,15,0.00146484375
1001100100,12555,"[2, 0, 1, 3]",500,203.8862705230713,True,18.33427568419946,15,0.00146484375
1001100100,12556,"[2, 0, 3, 1]",6200,203.90558242797852,False,18.33427568419946,15,0.00146484375
1001100100,12557,"[2, 0, 1, 3]",500,203.9191722869873,True,18.33427568419946,15,0.00146484375
1001100100,12558,"[2, 0, 3, 1]",6200,203.93705368041992,False,18.33427568419946,15,0.00146484375
1001100100,12559,"[2, 0, 1, 3]",500,203.9501667022705,True,18.33427568419946,15,0.00146484375
1001100100,12560,"[2, 0, 3, 1]",6200,203.96757125854492,False,18.33427568419946,15,0.00146484375
1001100100,12561,"[2, 0, 1, 3]",500,203.9806842803955,True,18.33427568419946,15,0.00146484375
1001100100,12562,"[2, 0, 3, 1]",6200,203.99785041809082,False,18.33427568419946,15,0.00146484375
1001100100,12563,"[2, 0, 1, 3]",500,204.0109634399414,True,18.33427568419946,15,0.00146484375
1001100100,12564,"[2, 0, 3, 1]",6200,204.02812957763672,False,18.33427568419946,15,0.00146484375
1001100100,12565,"[2, 0, 1, 3]",500,204.0410041809082,True,18.33427568419946,15,0.00146484375
1001100100,12566,"[2, 0, 3, 1]",6200,204.05817031860352,False,18.33427568419946,15,0.00146484375
1001100100,12567,"[2, 0, 1, 3]",500,204.0712833404541,True,18.33427568419946,15,0.00146484375
1001100100,12568,"[2, 0, 3, 1]",6200,204.0884494781494,False,18.33427568419946,15,0.00146484375
1001100100,12569,"[2, 0, 1, 3]",500,204.1015625,True,18.33427568419946,15,0.00146484375
1001100100,12570,"[2, 0, 3, 1]",6200,204.1187286376953,False,18.33427568419946,15,0.00146484375
1001100100,12571,"[2, 0, 1, 3]",500,204.132080078125,True,18.33427568419946,15,0.00146484375
1001100100,12572,"[2, 0, 3, 1]",6200,204.1492462158203,False,18.33427568419946,15,0.00146484375
1001100100,12573,"[2, 0, 1, 3]",500,204.16259765625,True,18.33427568419946,15,0.00146484375
1001100100,12574,"[2, 0, 3, 1]",6200,204.1800022125244,False,18.33427568419946,15,0.00146484375
1001100100,12575,"[2, 0, 1, 3]",500,204.1947841644287,True,18.33427568419946,15,0.00146484375
1001100100,12576,"[2, 0, 3, 1]",6200,204.21218872070312,False,18.33427568419946,15,0.00146484375
1001100100,12577,"[2, 0, 1, 3]",500,204.22649383544922,True,18.33427568419946,15,0.00146484375
1001100100,12578,"[2, 0, 3, 1]",6200,204.24580574035645,False,18.33427568419946,15,0.00146484375
1001100100,12579,"[2, 0, 1, 3]",500,204.25987243652344,True,18.33427568419946,15,0.00146484375
1001100100,12580,"[2, 0, 3, 1]",6200,204.27727699279785,False,18.33427568419946,15,0.00146484375
1001100100,12581,"[2, 0, 1, 3]",500,204.29062843322754,True,18.33427568419946,15,0.00146484375
1011010101,12582,"[1, 0, 3, 2]",465,204.30827140808105,False,17.4629219723169,15,0.00146484375
1011010101,12583,"[1, 0, 3, 2]",465,204.32186126708984,True,17.4629219723169,15,0.00146484375
1011010101,12584,"[1, 0, 3, 2]",465,204.33902740478516,False,17.4629219723169,15,0.00146484375
1011010101,12585,"[1, 0, 3, 2]",465,204.35237884521484,True,17.4629219723169,15,0.00146484375
1011010101,12586,"[1, 0, 3, 2]",465,204.37192916870117,False,17.4629219723169,15,0.00146484375
1011010101,12587,"[1, 0, 3, 2]",465,204.38551902770996,True,17.4629219723169,15,0.00146484375
1011010101,12588,"[1, 0, 3, 2]",465,204.40316200256348,False,17.4629219723169,15,0.00146484375
1011010101,12589,"[1, 0, 3, 2]",465,204.41651344299316,True,17.4629219723169,15,0.00146484375
1011010101,12590,"[1, 0, 3, 2]",465,204.43367958068848,False,17.4629219723169,15,0.00146484375
1011010101,12591,"[1, 0, 3, 2]",465,204.44679260253906,True,17.4629219723169,15,0.00146484375
1011010101,12592,"[1, 0, 3, 2]",465,204.46395874023438,False,17.4629219723169,15,0.00146484375
1011010101,12593,"[1, 0, 3, 2]",465,204.47707176208496,True,17.4629219723169,15,0.00146484375
1011010101,12594,"[1, 0, 3, 2]",465,204.49423789978027,False,17.4629219723169,15,0.00146484375
1011010101,12595,"[1, 0, 3, 2]",465,204.50687408447266,True,17.4629219723169,15,0.00146484375
1011010101,12596,"[1, 0, 3, 2]",465,204.52404022216797,False,17.4629219723169,15,0.00146484375
1011010101,12597,"[1, 0, 3, 2]",465,204.53739166259766,True,17.4629219723169,15,0.00146484375
1011010101,12598,"[1, 0, 3, 2]",465,204.55670356750488,False,17.4629219723169,15,0.00146484375
1011010101,12599,"[1, 0, 3, 2]",465,204.57005500793457,True,17.4629219723169,15,0.00146484375
1011010101,12600,"[1, 0, 3, 2]",465,204.5879364013672,False,17.4629219723169,15,0.00146484375
1011010101,12601,"[1, 0, 3, 2]",465,204.60104942321777,True,17.4629219723169,15,0.00146484375
1011010101,12602,"[1, 0, 3, 2]",465,204.6184539794922,False,17.4629219723169,15,0.00146484375
1011010101,12603,"[1, 0, 3, 2]",465,204.63156700134277,True,17.4629219723169,15,0.00146484375
1011010101,12604,"[1, 0, 3, 2]",465,204.64849472045898,False,17.4629219723169,15,0.00146484375
1011010101,12605,"[1, 0, 3, 2]",465,204.66136932373047,True,17.4629219723169,15,0.00146484375
1011010101,12606,"[1, 0, 3, 2]",465,204.67853546142578,False,17.4629219723169,15,0.00146484375
1011010101,12607,"[1, 0, 3, 2]",465,204.7140598297119,True,17.4629219723169,15,0.00146484375
1011010101,12608,"[1, 0, 3, 2]",465,204.73170280456543,False,17.4629219723169,15,0.00146484375
1011010101,12609,"[1, 0, 3, 2]",465,204.7445774078369,True,17.4629219723169,15,0.00146484375
1011010101,12610,"[1, 0, 3, 2]",465,204.76174354553223,False,17.4629219723169,15,0.00146484375
1011010101,12611,"[1, 0, 3, 2]",465,204.7743797302246,True,17.4629219723169,15,0.00146484375
1001100101,12612,"[2, 0, 3, 1]",6200,204.79154586791992,False,16.027850656648774,15,0.00146484375
1001100101,12613,"[2, 0, 1, 3]",500,204.8048973083496,True,16.027850656648774,15,0.00146484375
1001100101,12614,"[2, 0, 3, 1]",6200,204.82230186462402,False,16.027850656648774,15,0.00146484375
1001100101,12615,"[2, 0, 1, 3]",500,204.8354148864746,True,16.027850656648774,15,0.00146484375
1001100101,12616,"[2, 0, 3, 1]",6200,204.85281944274902,False,16.027850656648774,15,0.00146484375
1001100101,12617,"[2, 0, 1, 3]",500,204.8659324645996,True,16.027850656648774,15,0.00146484375
1001100101,12618,"[2, 0, 3, 1]",6200,204.88357543945312,False,16.027850656648774,15,0.00146484375
1001100101,12619,"[2, 0, 1, 3]",500,204.89788055419922,True,16.027850656648774,15,0.00146484375
1001100101,12620,"[2, 0, 3, 1]",6200,204.91600036621094,False,16.027850656648774,15,0.00146484375
1001100101,12621,"[2, 0, 1, 3]",500,204.92911338806152,True,16.027850656648774,15,0.00146484375
1001100101,12622,"[2, 0, 3, 1]",6200,204.94651794433594,False,16.027850656648774,15,0.00146484375
1001100101,12623,"[2, 0, 1, 3]",500,204.95939254760742,True,16.027850656648774,15,0.00146484375
1001100101,12624,"[2, 0, 3, 1]",6200,204.97679710388184,False,16.027850656648774,15,0.00146484375
1001100101,12625,"[2, 0, 1, 3]",500,204.98967170715332,True,16.027850656648774,15,0.00146484375
1001100101,12626,"[2, 0, 3, 1]",6200,205.00707626342773,False,16.027850656648774,15,0.00146484375
1001100101,12627,"[2, 0, 1, 3]",500,205.01995086669922,True,16.027850656648774,15,0.00146484375
1001100101,12628,"[2, 0, 3, 1]",6200,205.03735542297363,False,16.027850656648774,15,0.00146484375
1001100101,12629,"[2, 0, 1, 3]",500,205.05070686340332,True,16.027850656648774,15,0.00146484375
1001100101,12630,"[2, 0, 3, 1]",6200,205.06811141967773,False,16.027850656648774,15,0.00146484375
1001100101,12631,"[2, 0, 1, 3]",500,205.08122444152832,True,16.027850656648774,15,0.00146484375
1001100101,12632,"[2, 0, 3, 1]",6200,205.09862899780273,False,16.027850656648774,15,0.00146484375
1001100101,12633,"[2, 0, 1, 3]",500,205.11174201965332,True,16.027850656648774,15,0.00146484375
1001100101,12634,"[2, 0, 3, 1]",6200,205.12914657592773,False,16.027850656648774,15,0.00146484375
1001100101,12635,"[2, 0, 1, 3]",500,205.14249801635742,True,16.027850656648774,15,0.00146484375
1001100101,12636,"[2, 0, 3, 1]",6200,205.16300201416016,False,16.027850656648774,15,0.00146484375
1001100101,12637,"[2, 0, 1, 3]",500,205.17706871032715,True,16.027850656648774,15,0.00146484375
1001100101,12638,"[2, 0, 3, 1]",6200,205.19518852233887,False,16.027850656648774,15,0.00146484375
1001100101,12639,"[2, 0, 1, 3]",500,205.20853996276855,True,16.027850656648774,15,0.00146484375
1001100101,12640,"[2, 0, 3, 1]",6200,205.22737503051758,False,16.027850656648774,15,0.00146484375
1001100101,12641,"[2, 0, 1, 3]",500,205.24096488952637,True,16.027850656648774,15,0.00146484375
1111011011,12642,"[1, 0, 3, 2]",465,205.25860786437988,False,17.175666353837997,15,0.00146484375
1111011011,12643,"[1, 0, 3, 2]",465,205.27195930480957,True,17.175666353837997,15,0.00146484375
1111011011,12644,"[1, 0, 3, 2]",465,205.28936386108398,False,17.175666353837997,15,0.00146484375
1111011011,12645,"[1, 0, 3, 2]",465,205.30247688293457,True,17.175666353837997,15,0.00146484375
1111011011,12646,"[1, 0, 3, 2]",465,205.31988143920898,False,17.175666353837997,15,0.00146484375
1111011011,12647,"[1, 0, 3, 2]",465,205.33299446105957,True,17.175666353837997,15,0.00146484375
1111011011,12648,"[1, 0, 3, 2]",465,205.35039901733398,False,17.175666353837997,15,0.00146484375
1111011011,12649,"[1, 0, 3, 2]",465,205.36303520202637,True,17.175666353837997,15,0.00146484375
1111011011,12650,"[1, 0, 3, 2]",465,205.38043975830078,False,17.175666353837997,15,0.00146484375
1111011011,12651,"[1, 0, 3, 2]",465,205.39307594299316,True,17.175666353837997,15,0.00146484375
1111011011,12652,"[1, 0, 3, 2]",465,205.41024208068848,False,17.175666353837997,15,0.00146484375
1111011011,12653,"[1, 0, 3, 2]",465,205.42287826538086,True,17.175666353837997,15,0.00146484375
1111011011,12654,"[1, 0, 3, 2]",465,205.44004440307617,False,17.175666353837997,15,0.00146484375
1111011011,12655,"[1, 0, 3, 2]",465,205.45291900634766,True,17.175666353837997,15,0.00146484375
1111011011,12656,"[1, 0, 3, 2]",465,205.47008514404297,False,17.175666353837997,15,0.00146484375
1111011011,12657,"[1, 0, 3, 2]",465,205.48582077026367,True,17.175666353837997,15,0.00146484375
1111011011,12658,"[1, 0, 3, 2]",465,205.5039405822754,False,17.175666353837997,15,0.00146484375
1111011011,12659,"[1, 0, 3, 2]",465,205.53278923034668,True,17.175666353837997,15,0.00146484375
1111011011,12660,"[1, 0, 3, 2]",465,205.5511474609375,False,17.175666353837997,15,0.00146484375
1111011011,12661,"[1, 0, 3, 2]",465,205.56640625,True,17.175666353837997,15,0.00146484375
1111011011,12662,"[1, 0, 3, 2]",465,205.58524131774902,False,17.175666353837997,15,0.00146484375
1111011011,12663,"[1, 0, 3, 2]",465,205.5990695953369,True,17.175666353837997,15,0.00146484375
1111011011,12664,"[1, 0, 3, 2]",465,205.61695098876953,False,17.175666353837997,15,0.00146484375
1111011011,12665,"[1, 0, 3, 2]",465,205.63030242919922,True,17.175666353837997,15,0.00146484375
1111011011,12666,"[1, 0, 3, 2]",465,205.64794540405273,False,17.175666353837997,15,0.00146484375
1111011011,12667,"[1, 0, 3, 2]",465,205.66129684448242,True,17.175666353837997,15,0.00146484375
1111011011,12668,"[1, 0, 3, 2]",465,205.67893981933594,False,17.175666353837997,15,0.00146484375
1111011011,12669,"[1, 0, 3, 2]",465,205.69229125976562,True,17.175666353837997,15,0.00146484375
1111011011,12670,"[1, 0, 3, 2]",465,205.71017265319824,False,17.175666353837997,15,0.00146484375
1111011011,12671,"[1, 0, 3, 2]",465,205.72352409362793,True,17.175666353837997,15,0.00146484375
0000110111,12672,"[2, 3, 1, 0]",9600,205.74164390563965,False,15.252440927530373,15,0.00146484375
0000110111,12673,"[2, 3, 1, 0]",9600,205.75571060180664,True,15.252440927530373,15,0.00146484375
0000110111,12674,"[2, 3, 1, 0]",9600,205.77383041381836,False,15.252440927530373,15,0.00146484375
0000110111,12675,"[2, 3, 1, 0]",9600,205.78742027282715,True,15.252440927530373,15,0.00146484375
0000110111,12676,"[2, 3, 1, 0]",9600,205.80530166625977,False,15.252440927530373,15,0.00146484375
0000110111,12677,"[2, 3, 1, 0]",9600,205.81865310668945,True,15.252440927530373,15,0.00146484375
0000110111,12678,"[2, 3, 1, 0]",9600,205.83629608154297,False,15.252440927530373,15,0.00146484375
0000110111,12679,"[2, 3, 1, 0]",9600,205.84964752197266,True,15.252440927530373,15,0.00146484375
0000110111,12680,"[2, 3, 1, 0]",9600,205.86776733398438,False,15.252440927530373,15,0.00146484375
0000110111,12681,"[2, 3, 1, 0]",9600,205.88088035583496,True,15.252440927530373,15,0.00146484375
0000110111,12682,"[2, 3, 1, 0]",9600,205.9001922607422,False,15.252440927530373,15,0.00146484375
0000110111,12683,"[2, 3, 1, 0]",9600,205.91378211975098,True,15.252440927530373,15,0.00146484375
0000110111,12684,"[2, 3, 1, 0]",9600,205.9321403503418,False,15.252440927530373,15,0.00146484375
0000110111,12685,"[2, 3, 1, 0]",9600,205.94549179077148,True,15.252440927530373,15,0.00146484375
0000110111,12686,"[2, 3, 1, 0]",9600,205.9633731842041,False,15.252440927530373,15,0.00146484375
0000110111,12687,"[2, 3, 1, 0]",9600,205.9783935546875,True,15.252440927530373,15,0.00146484375
0000110111,12688,"[2, 3, 1, 0]",9600,205.99699020385742,False,15.252440927530373,15,0.00146484375
0000110111,12689,"[2, 3, 1, 0]",9600,206.0103416442871,True,15.252440927530373,15,0.00146484375
0000110111,12690,"[2, 3, 1, 0]",9600,206.02869987487793,False,15.252440927530373,15,0.00146484375
0000110111,12691,"[2, 3, 1, 0]",9600,206.0415744781494,True,15.252440927530373,15,0.00146484375
0000110111,12692,"[2, 3, 1, 0]",9600,206.05945587158203,False,15.252440927530373,15,0.00146484375
0000110111,12693,"[2, 3, 1, 0]",9600,206.07256889343262,True,15.252440927530373,15,0.00146484375
0000110111,12694,"[2, 3, 1, 0]",9600,206.09068870544434,False,15.252440927530373,15,0.00146484375
0000110111,12695,"[2, 3, 1, 0]",9600,206.10356330871582,True,15.252440927530373,15,0.00146484375
0000110111,12696,"[2, 3, 1, 0]",9600,206.12168312072754,False,15.252440927530373,15,0.00146484375
0000110111,12697,"[2, 3, 1, 0]",9600,206.13479614257812,True,15.252440927530373,15,0.00146484375
0000110111,12698,"[2, 3, 1, 0]",9600,206.15267753601074,False,15.252440927530373,15,0.00146484375
0000110111,12699,"[2, 3, 1, 0]",9600,206.16579055786133,True,15.252440927530373,15,0.00146484375
0000110111,12700,"[2, 3, 1, 0]",9600,206.18391036987305,False,15.252440927530373,15,0.00146484375
0000110111,12701,"[2, 3, 1, 0]",9600,206.19678497314453,True,15.252440927530373,15,0.00146484375
1110010000,12702,"[0, 1, 2, 3]",315,206.21490478515625,False,14.030112208683924,15,0.00146484375
1110010000,12703,"[0, 1, 2, 3]",315,206.23064041137695,True,14.030112208683924,15,0.00146484375
1110010000,12704,"[0, 1, 2, 3]",315,206.24923706054688,False,14.030112208683924,15,0.00146484375
1110010000,12705,"[0, 1, 2, 3]",315,206.26306533813477,True,14.030112208683924,15,0.00146484375
1110010000,12706,"[0, 1, 2, 3]",315,206.28118515014648,False,14.030112208683924,15,0.00146484375
1110010000,12707,"[0, 1, 2, 3]",315,206.29477500915527,True,14.030112208683924,15,0.00146484375
1110010000,12708,"[0, 1, 2, 3]",315,206.312894821167,False,14.030112208683924,15,0.00146484375
1110010000,12709,"[0, 1, 2, 3]",315,206.32624626159668,True,14.030112208683924,15,0.00146484375
1110010000,12710,"[0, 1, 2, 3]",315,206.3446044921875,False,14.030112208683924,15,0.00146484375
1110010000,12711,"[0, 1, 2, 3]",315,206.3577175140381,True,14.030112208683924,15,0.00146484375
1110010000,12712,"[0, 1, 2, 3]",315,206.3758373260498,False,14.030112208683924,15,0.00146484375
1110010000,12713,"[0, 1, 2, 3]",315,206.3891887664795,True,14.030112208683924,15,0.00146484375
1110010000,12714,"[0, 1, 2, 3]",315,206.4070701599121,False,14.030112208683924,15,0.00146484375
1110010000,12715,"[0, 1, 2, 3]",315,206.4201831817627,True,14.030112208683924,15,0.00146484375
1110010000,12716,"[0, 1, 2, 3]",315,206.4383029937744,False,14.030112208683924,15,0.00146484375
1110010000,12717,"[0, 1, 2, 3]",315,206.451416015625,True,14.030112208683924,15,0.00146484375
1110010000,12718,"[0, 1, 2, 3]",315,206.46977424621582,False,14.030112208683924,15,0.00146484375
1110010000,12719,"[0, 1, 2, 3]",315,206.4828872680664,True,14.030112208683924,15,0.00146484375
1110010000,12720,"[0, 1, 2, 3]",315,206.50124549865723,False,14.030112208683924,15,0.00146484375
1110010000,12721,"[0, 1, 2, 3]",315,206.5141201019287,True,14.030112208683924,15,0.00146484375
1110010000,12722,"[0, 1, 2, 3]",315,206.53223991394043,False,14.030112208683924,15,0.00146484375
1110010000,12723,"[0, 1, 2, 3]",315,206.5448760986328,True,14.030112208683924,15,0.00146484375
1110010000,12724,"[0, 1, 2, 3]",315,206.56514167785645,False,14.030112208683924,15,0.00146484375
1110010000,12725,"[0, 1, 2, 3]",315,206.57873153686523,True,14.030112208683924,15,0.00146484375
1110010000,12726,"[0, 1, 2, 3]",315,206.59708976745605,False,14.030112208683924,15,0.00146484375
1110010000,12727,"[0, 1, 2, 3]",315,206.61020278930664,True,14.030112208683924,15,0.00146484375
1110010000,12728,"[0, 1, 2, 3]",315,206.62832260131836,False,14.030112208683924,15,0.00146484375
1110010000,12729,"[0, 1, 2, 3]",315,206.64143562316895,True,14.030112208683924,15,0.00146484375
1110010000,12730,"[0, 1, 2, 3]",315,206.65907859802246,False,14.030112208683924,15,0.00146484375
1110010000,12731,"[0, 1, 2, 3]",315,206.67243003845215,True,14.030112208683924,15,0.00146484375
1110110010,12732,"[2, 0, 1, 3]",500,206.69054985046387,False,17.430868751529296,15,0.00146484375
1110110010,12733,"[2, 0, 1, 3]",500,206.70461654663086,True,17.430868751529296,15,0.00146484375
1110110010,12734,"[2, 0, 1, 3]",500,206.72297477722168,False,17.430868751529296,15,0.00146484375
1110110010,12735,"[2, 0, 1, 3]",500,206.74753189086914,True,17.430868751529296,15,0.00146484375
1110110010,12736,"[2, 0, 1, 3]",500,206.76493644714355,False,17.430868751529296,15,0.00146484375
1110110010,12737,"[2, 0, 1, 3]",500,206.77971839904785,True,17.430868751529296,15,0.00146484375
1110110010,12738,"[2, 0, 1, 3]",500,206.79759979248047,False,17.430868751529296,15,0.00146484375
1110110010,12739,"[2, 0, 1, 3]",500,206.81095123291016,True,17.430868751529296,15,0.00146484375
1110110010,12740,"[2, 0, 1, 3]",500,206.82859420776367,False,17.430868751529296,15,0.00146484375
1110110010,12741,"[2, 0, 1, 3]",500,206.84170722961426,True,17.430868751529296,15,0.00146484375
1110110010,12742,"[2, 0, 1, 3]",500,206.85911178588867,False,17.430868751529296,15,0.00146484375
1110110010,12743,"[2, 0, 1, 3]",500,206.87437057495117,True,17.430868751529296,15,0.00146484375
1110110010,12744,"[2, 0, 1, 3]",500,206.8920135498047,False,17.430868751529296,15,0.00146484375
1110110010,12745,"[2, 0, 1, 3]",500,206.90584182739258,True,17.430868751529296,15,0.00146484375
1110110010,12746,"[2, 0, 1, 3]",500,206.9251537322998,False,17.430868751529296,15,0.00146484375
1110110010,12747,"[2, 0, 1, 3]",500,206.9385051727295,True,17.430868751529296,15,0.00146484375
1110110010,12748,"[2, 0, 1, 3]",500,206.956148147583,False,17.430868751529296,15,0.00146484375
1110110010,12749,"[2, 0, 1, 3]",500,206.9690227508545,True,17.430868751529296,15,0.00146484375
1110110010,12750,"[2, 0, 1, 3]",500,206.9861888885498,False,17.430868751529296,15,0.00146484375
1110110010,12751,"[2, 0, 1, 3]",500,206.9993019104004,True,17.430868751529296,15,0.00146484375
1110110010,12752,"[2, 0, 1, 3]",500,207.0164680480957,False,17.430868751529296,15,0.00146484375
1110110010,12753,"[2, 0, 1, 3]",500,207.0293426513672,True,17.430868751529296,15,0.00146484375
1110110010,12754,"[2, 0, 1, 3]",500,207.0465087890625,False,17.430868751529296,15,0.00146484375
1110110010,12755,"[2, 0, 1, 3]",500,207.05914497375488,True,17.430868751529296,15,0.00146484375
1110110010,12756,"[2, 0, 1, 3]",500,207.0763111114502,False,17.430868751529296,15,0.00146484375
1110110010,12757,"[2, 0, 1, 3]",500,207.08942413330078,True,17.430868751529296,15,0.00146484375
1110110010,12758,"[2, 0, 1, 3]",500,207.106351852417,False,17.430868751529296,15,0.00146484375
1110110010,12759,"[2, 0, 1, 3]",500,207.11946487426758,True,17.430868751529296,15,0.00146484375
1110110010,12760,"[2, 0, 1, 3]",500,207.1366310119629,False,17.430868751529296,15,0.00146484375
1110110010,12761,"[2, 0, 1, 3]",500,207.14950561523438,True,17.430868751529296,15,0.00146484375
0010010110,12762,"[1, 3, 2, 0]",9450,207.1666717529297,False,15.749132501524016,15,0.00146484375
0010010110,12763,"[1, 0, 3, 2]",465,207.18050003051758,True,15.749132501524016,15,0.00146484375
0010010110,12764,"[1, 3, 2, 0]",9450,207.1981430053711,False,15.749132501524016,15,0.00146484375
0010010110,12765,"[1, 0, 3, 2]",465,207.21149444580078,True,15.749132501524016,15,0.00146484375
0010010110,12766,"[1, 3, 2, 0]",9450,207.2303295135498,False,15.749132501524016,15,0.00146484375
0010010110,12767,"[1, 0, 3, 2]",465,207.2439193725586,True,15.749132501524016,15,0.00146484375
0010010110,12768,"[1, 3, 2, 0]",9450,207.261323928833,False,15.749132501524016,15,0.00146484375
0010010110,12769,"[1, 0, 3, 2]",465,207.2749137878418,True,15.749132501524016,15,0.00146484375
0010010110,12770,"[1, 3, 2, 0]",9450,207.291841506958,False,15.749132501524016,15,0.00146484375
0010010110,12771,"[1, 0, 3, 2]",465,207.3049545288086,True,15.749132501524016,15,0.00146484375
0010010110,12772,"[1, 3, 2, 0]",9450,207.3225975036621,False,15.749132501524016,15,0.00146484375
0010010110,12773,"[1, 0, 3, 2]",465,207.3359489440918,True,15.749132501524016,15,0.00146484375
0010010110,12774,"[1, 3, 2, 0]",9450,207.3533535003662,False,15.749132501524016,15,0.00146484375
0010010110,12775,"[1, 0, 3, 2]",465,207.3664665222168,True,15.749132501524016,15,0.00146484375
0010010110,12776,"[1, 3, 2, 0]",9450,207.3838710784912,False,15.749132501524016,15,0.00146484375
0010010110,12777,"[1, 0, 3, 2]",465,207.3967456817627,True,15.749132501524016,15,0.00146484375
0010010110,12778,"[1, 3, 2, 0]",9450,207.413911819458,False,15.749132501524016,15,0.00146484375
0010010110,12779,"[1, 0, 3, 2]",465,207.4265480041504,True,15.749132501524016,15,0.00146484375
0010010110,12780,"[1, 3, 2, 0]",9450,207.4437141418457,False,15.749132501524016,15,0.00146484375
0010010110,12781,"[1, 0, 3, 2]",465,207.4565887451172,True,15.749132501524016,15,0.00146484375
0010010110,12782,"[1, 3, 2, 0]",9450,207.4735164642334,False,15.749132501524016,15,0.00146484375
0010010110,12783,"[1, 0, 3, 2]",465,207.48639106750488,True,15.749132501524016,15,0.00146484375
0010010110,12784,"[1, 3, 2, 0]",9450,207.5035572052002,False,15.749132501524016,15,0.00146484375
0010010110,12785,"[1, 0, 3, 2]",465,207.51690864562988,True,15.749132501524016,15,0.00146484375
0010010110,12786,"[1, 3, 2, 0]",9450,207.5340747833252,False,15.749132501524016,15,0.00146484375
0010010110,12787,"[1, 0, 3, 2]",465,207.56077766418457,True,15.749132501524016,15,0.00146484375
0010010110,12788,"[1, 3, 2, 0]",9450,207.59057998657227,False,15.749132501524016,15,0.00146484375
0010010110,12789,"[1, 0, 3, 2]",465,207.60512351989746,True,15.749132501524016,15,0.00146484375
0010010110,12790,"[1, 3, 2, 0]",9450,207.62324333190918,False,15.749132501524016,15,0.00146484375
0010010110,12791,"[1, 0, 3, 2]",465,207.63683319091797,True,15.749132501524016,15,0.00146484375
0000100110,12792,"[2, 3, 1, 0]",9600,207.65447616577148,False,18.272506259434046,15,0.00146484375
0000100110,12793,"[2, 3, 1, 0]",9600,207.66806602478027,True,18.272506259434046,15,0.00146484375
0000100110,12794,"[2, 3, 1, 0]",9600,207.6857089996338,False,18.272506259434046,15,0.00146484375
0000100110,12795,"[2, 3, 1, 0]",9600,207.69882202148438,True,18.272506259434046,15,0.00146484375
0000100110,12796,"[2, 3, 1, 0]",9600,207.7164649963379,False,18.272506259434046,15,0.00146484375
0000100110,12797,"[2, 3, 1, 0]",9600,207.72910118103027,True,18.272506259434046,15,0.00146484375
0000100110,12798,"[2, 3, 1, 0]",9600,207.7465057373047,False,18.272506259434046,15,0.00146484375
0000100110,12799,"[2, 3, 1, 0]",9600,207.75938034057617,True,18.272506259434046,15,0.00146484375
0000100110,12800,"[2, 3, 1, 0]",9600,207.7767848968506,False,18.272506259434046,15,0.00146484375
0000100110,12801,"[2, 3, 1, 0]",9600,207.78965950012207,True,18.272506259434046,15,0.00146484375
0000100110,12802,"[2, 3, 1, 0]",9600,207.80706405639648,False,18.272506259434046,15,0.00146484375
0000100110,12803,"[2, 3, 1, 0]",9600,207.81970024108887,True,18.272506259434046,15,0.00146484375
0000100110,12804,"[2, 3, 1, 0]",9600,207.83686637878418,False,18.272506259434046,15,0.00146484375
0000100110,12805,"[2, 3, 1, 0]",9600,207.84974098205566,True,18.272506259434046,15,0.00146484375
0000100110,12806,"[2, 3, 1, 0]",9600,207.86714553833008,False,18.272506259434046,15,0.00146484375
0000100110,12807,"[2, 3, 1, 0]",9600,207.87978172302246,True,18.272506259434046,15,0.00146484375
0000100110,12808,"[2, 3, 1, 0]",9600,207.89861679077148,False,18.272506259434046,15,0.00146484375
0000100110,12809,"[2, 3, 1, 0]",9600,207.91172981262207,True,18.272506259434046,15,0.00146484375
0000100110,12810,"[2, 3, 1, 0]",9600,207.9296112060547,False,18.272506259434046,15,0.00146484375
0000100110,12811,"[2, 3, 1, 0]",9600,207.94248580932617,True,18.272506259434046,15,0.00146484375
0000100110,12812,"[2, 3, 1, 0]",9600,207.9598903656006,False,18.272506259434046,15,0.00146484375
0000100110,12813,"[2, 3, 1, 0]",9600,207.97300338745117,True,18.272506259434046,15,0.00146484375
0000100110,12814,"[2, 3, 1, 0]",9600,207.9904079437256,False,18.272506259434046,15,0.00146484375
0000100110,12815,"[2, 3, 1, 0]",9600,208.00304412841797,True,18.272506259434046,15,0.00146484375
0000100110,12816,"[2, 3, 1, 0]",9600,208.02044868469238,False,18.272506259434046,15,0.00146484375
0000100110,12817,"[2, 3, 1, 0]",9600,208.03332328796387,True,18.272506259434046,15,0.00146484375
0000100110,12818,"[2, 3, 1, 0]",9600,208.05072784423828,False,18.272506259434046,15,0.00146484375
0000100110,12819,"[2, 3, 1, 0]",9600,208.06360244750977,True,18.272506259434046,15,0.00146484375
0000100110,12820,"[2, 3, 1, 0]",9600,208.08076858520508,False,18.272506259434046,15,0.00146484375
0000100110,12821,"[2, 3, 1, 0]",9600,208.09316635131836,True,18.272506259434046,15,0.00146484375
0010110100,12822,"[2, 1, 3, 0]",9300,208.11080932617188,False,17.85425408059212,15,0.00146484375
0010110100,12823,"[2, 1, 0, 3]",600,208.12439918518066,True,17.85425408059212,15,0.00146484375
0010110100,12824,"[2, 1, 3, 0]",9300,208.14204216003418,False,17.85425408059212,15,0.00146484375
0010110100,12825,"[2, 1, 0, 3]",600,208.15539360046387,True,17.85425408059212,15,0.00146484375
0010110100,12826,"[2, 1, 3, 0]",9300,208.17303657531738,False,17.85425408059212,15,0.00146484375
0010110100,12827,"[2, 1, 0, 3]",600,208.18614959716797,True,17.85425408059212,15,0.00146484375
0010110100,12828,"[2, 1, 3, 0]",9300,208.20355415344238,False,17.85425408059212,15,0.00146484375
0010110100,12829,"[2, 1, 0, 3]",600,208.21809768676758,True,17.85425408059212,15,0.00146484375
0010110100,12830,"[2, 1, 3, 0]",9300,208.2366943359375,False,17.85425408059212,15,0.00146484375
0010110100,12831,"[2, 1, 0, 3]",600,208.24956893920898,True,17.85425408059212,15,0.00146484375
0010110100,12832,"[2, 1, 3, 0]",9300,208.2672119140625,False,17.85425408059212,15,0.00146484375
0010110100,12833,"[2, 1, 0, 3]",600,208.2803249359131,True,17.85425408059212,15,0.00146484375
0010110100,12834,"[2, 1, 3, 0]",9300,208.2977294921875,False,17.85425408059212,15,0.00146484375
0010110100,12835,"[2, 1, 0, 3]",600,208.3110809326172,True,17.85425408059212,15,0.00146484375
0010110100,12836,"[2, 1, 3, 0]",9300,208.3284854888916,False,17.85425408059212,15,0.00146484375
0010110100,12837,"[2, 1, 0, 3]",600,208.3418369293213,True,17.85425408059212,15,0.00146484375
0010110100,12838,"[2, 1, 3, 0]",9300,208.36114883422852,False,17.85425408059212,15,0.00146484375
0010110100,12839,"[2, 1, 0, 3]",600,208.3747386932373,True,17.85425408059212,15,0.00146484375
0010110100,12840,"[2, 1, 3, 0]",9300,208.39285850524902,False,17.85425408059212,15,0.00146484375
0010110100,12841,"[2, 1, 0, 3]",600,208.4059715270996,True,17.85425408059212,15,0.00146484375
0010110100,12842,"[2, 1, 3, 0]",9300,208.42337608337402,False,17.85425408059212,15,0.00146484375
0010110100,12843,"[2, 1, 0, 3]",600,208.4367275238037,True,17.85425408059212,15,0.00146484375
0010110100,12844,"[2, 1, 3, 0]",9300,208.45413208007812,False,17.85425408059212,15,0.00146484375
0010110100,12845,"[2, 1, 0, 3]",600,208.4672451019287,True,17.85425408059212,15,0.00146484375
0010110100,12846,"[2, 1, 3, 0]",9300,208.48441123962402,False,17.85425408059212,15,0.00146484375
0010110100,12847,"[2, 1, 0, 3]",600,208.4975242614746,True,17.85425408059212,15,0.00146484375
0010110100,12848,"[2, 1, 3, 0]",9300,208.51492881774902,False,17.85425408059212,15,0.00146484375
0010110100,12849,"[2, 1, 0, 3]",600,208.5278034210205,True,17.85425408059212,15,0.00146484375
0010110100,12850,"[2, 1, 3, 0]",9300,208.54663848876953,False,17.85425408059212,15,0.00146484375
0010110100,12851,"[2, 1, 0, 3]",600,208.56022834777832,True,17.85425408059212,15,0.00146484375
0111010010,12852,"[1, 2, 0, 3]",600,208.57787132263184,False,16.121380351539056,15,0.00146484375
0111010010,12853,"[1, 0, 2, 3]",315,208.59146118164062,True,16.121380351539056,15,0.00146484375
0111010010,12854,"[1, 2, 0, 3]",600,208.60910415649414,False,16.121380351539056,15,0.00146484375
0111010010,12855,"[1, 0, 2, 3]",315,208.62221717834473,True,16.121380351539056,15,0.00146484375
0111010010,12856,"[1, 2, 0, 3]",600,208.63938331604004,False,16.121380351539056,15,0.00146484375
0111010010,12857,"[1, 0, 2, 3]",315,208.65225791931152,True,16.121380351539056,15,0.00146484375
0111010010,12858,"[1, 2, 0, 3]",600,208.66966247558594,False,16.121380351539056,15,0.00146484375
0111010010,12859,"[1, 0, 2, 3]",315,208.68253707885742,True,16.121380351539056,15,0.00146484375
0111010010,12860,"[1, 2, 0, 3]",600,208.69994163513184,False,16.121380351539056,15,0.00146484375
0111010010,12861,"[1, 0, 2, 3]",315,208.71305465698242,True,16.121380351539056,15,0.00146484375
0111010010,12862,"[1, 2, 0, 3]",600,208.73022079467773,False,16.121380351539056,15,0.00146484375
0111010010,12863,"[1, 0, 2, 3]",315,208.74285697937012,True,16.121380351539056,15,0.00146484375
0111010010,12864,"[1, 2, 0, 3]",600,208.76026153564453,False,16.121380351539056,15,0.00146484375
0111010010,12865,"[1, 0, 2, 3]",315,208.77361297607422,True,16.121380351539056,15,0.00146484375
0111010010,12866,"[1, 2, 0, 3]",600,208.79077911376953,False,16.121380351539056,15,0.00146484375
0111010010,12867,"[1, 0, 2, 3]",315,208.80365371704102,True,16.121380351539056,15,0.00146484375
0111010010,12868,"[1, 2, 0, 3]",600,208.82105827331543,False,16.121380351539056,15,0.00146484375
0111010010,12869,"[1, 0, 2, 3]",315,208.83417129516602,True,16.121380351539056,15,0.00146484375
0111010010,12870,"[1, 2, 0, 3]",600,208.85109901428223,False,16.121380351539056,15,0.00146484375
0111010010,12871,"[1, 0, 2, 3]",315,208.86564254760742,True,16.121380351539056,15,0.00146484375
0111010010,12872,"[1, 2, 0, 3]",600,208.88352394104004,False,16.121380351539056,15,0.00146484375
0111010010,12873,"[1, 0, 2, 3]",315,208.89663696289062,True,16.121380351539056,15,0.00146484375
0111010010,12874,"[1, 2, 0, 3]",600,208.91380310058594,False,16.121380351539056,15,0.00146484375
0111010010,12875,"[1, 0, 2, 3]",315,208.92667770385742,True,16.121380351539056,15,0.00146484375
0111010010,12876,"[1, 2, 0, 3]",600,208.94384384155273,False,16.121380351539056,15,0.00146484375
0111010010,12877,"[1, 0, 2, 3]",315,208.95695686340332,True,16.121380351539056,15,0.00146484375
0111010010,12878,"[1, 2, 0, 3]",600,208.97436141967773,False,16.121380351539056,15,0.00146484375
0111010010,12879,"[1, 0, 2, 3]",315,208.98723602294922,True,16.121380351539056,15,0.00146484375
0111010010,12880,"[1, 2, 0, 3]",600,209.00464057922363,False,16.121380351539056,15,0.00146484375
0111010010,12881,"[1, 0, 2, 3]",315,209.01727676391602,True,16.121380351539056,15,0.00146484375
0000101000,12882,"[3, 2, 1, 0]",9600,209.03468132019043,False,29.718124370008205,14,0.0013671875
0000101000,12883,"[3, 2, 1, 0]",9600,209.04779434204102,True,29.718124370008205,14,0.0013671875
0000101000,12884,"[3, 2, 1, 0]",9600,209.06519889831543,False,29.718124370008205,14,0.0013671875
0000101000,12885,"[3, 2, 1, 0]",9600,209.0780735015869,True,29.718124370008205,14,0.0013671875
0000101000,12886,"[3, 2, 1, 0]",9600,209.09523963928223,False,29.718124370008205,14,0.0013671875
0000101000,12887,"[3, 2, 1, 0]",9600,209.1083526611328,True,29.718124370008205,14,0.0013671875
0000101000,12888,"[3, 2, 1, 0]",9600,209.12718772888184,False,29.718124370008205,14,0.0013671875
0000101000,12889,"[3, 2, 1, 0]",9600,209.14101600646973,True,29.718124370008205,14,0.0013671875
0000101000,12890,"[3, 2, 1, 0]",9600,209.15865898132324,False,29.718124370008205,14,0.0013671875
0000101000,12891,"[3, 2, 1, 0]",9600,209.17177200317383,True,29.718124370008205,14,0.0013671875
0000101000,12892,"[3, 2, 1, 0]",9600,209.19084548950195,False,29.718124370008205,14,0.0013671875
0000101000,12893,"[3, 2, 1, 0]",9600,209.20419692993164,True,29.718124370008205,14,0.0013671875
0000101000,12894,"[3, 2, 1, 0]",9600,209.22183990478516,False,29.718124370008205,14,0.0013671875
0000101000,12895,"[3, 2, 1, 0]",9600,209.23471450805664,True,29.718124370008205,14,0.0013671875
0000101000,12896,"[3, 2, 1, 0]",9600,209.25188064575195,False,29.718124370008205,14,0.0013671875
0000101000,12897,"[3, 2, 1, 0]",9600,209.26523208618164,True,29.718124370008205,14,0.0013671875
0000101000,12898,"[3, 2, 1, 0]",9600,209.28215980529785,False,29.718124370008205,14,0.0013671875
0000101000,12899,"[3, 2, 1, 0]",9600,209.29479598999023,True,29.718124370008205,14,0.0013671875
0000101000,12900,"[3, 2, 1, 0]",9600,209.31220054626465,False,29.718124370008205,14,0.0013671875
0000101000,12901,"[3, 2, 1, 0]",9600,209.32531356811523,True,29.718124370008205,14,0.0013671875
0000101000,12902,"[3, 2, 1, 0]",9600,209.34271812438965,False,29.718124370008205,14,0.0013671875
0000101000,12903,"[3, 2, 1, 0]",9600,209.35559272766113,True,29.718124370008205,14,0.0013671875
0000101000,12904,"[3, 2, 1, 0]",9600,209.37299728393555,False,29.718124370008205,14,0.0013671875
0000101000,12905,"[3, 2, 1, 0]",9600,209.38587188720703,True,29.718124370008205,14,0.0013671875
0000101000,12906,"[3, 2, 1, 0]",9600,209.40327644348145,False,29.718124370008205,14,0.0013671875
0000101000,12907,"[3, 2, 1, 0]",9600,209.41591262817383,True,29.718124370008205,14,0.0013671875
0000101000,12908,"[3, 2, 1, 0]",9600,209.43307876586914,False,29.718124370008205,14,0.0013671875
0000101000,12909,"[3, 2, 1, 0]",9600,209.44595336914062,True,29.718124370008205,14,0.0013671875
0111010011,12910,"[1, 2, 0, 3]",600,209.46335792541504,False,10.16713784209973,14,0.0013671875
0111010011,12911,"[1, 0, 2, 3]",315,209.47861671447754,True,10.16713784209973,14,0.0013671875
0111010011,12912,"[1, 2, 0, 3]",600,209.49983596801758,False,10.16713784209973,14,0.0013671875
0111010011,12913,"[1, 0, 2, 3]",315,209.52987670898438,True,10.16713784209973,14,0.0013671875
0111010011,12914,"[1, 2, 0, 3]",600,209.550142288208,False,10.16713784209973,14,0.0013671875
0111010011,12915,"[1, 0, 2, 3]",315,209.5649242401123,True,10.16713784209973,14,0.0013671875
0111010011,12916,"[1, 2, 0, 3]",600,209.58352088928223,False,10.16713784209973,14,0.0013671875
0111010011,12917,"[1, 0, 2, 3]",315,209.59806442260742,True,10.16713784209973,14,0.0013671875
0111010011,12918,"[1, 2, 0, 3]",600,209.61618423461914,False,10.16713784209973,14,0.0013671875
0111010011,12919,"[1, 0, 2, 3]",315,209.63025093078613,True,10.16713784209973,14,0.0013671875
0111010011,12920,"[1, 2, 0, 3]",600,209.64837074279785,False,10.16713784209973,14,0.0013671875
0111010011,12921,"[1, 0, 2, 3]",315,209.66219902038574,True,10.16713784209973,14,0.0013671875
0111010011,12922,"[1, 2, 0, 3]",600,209.69057083129883,False,10.16713784209973,14,0.0013671875
0111010011,12923,"[1, 0, 2, 3]",315,209.7036838531494,True,10.16713784209973,14,0.0013671875
0111010011,12924,"[1, 2, 0, 3]",600,209.72061157226562,False,10.16713784209973,14,0.0013671875
0111010011,12925,"[1, 0, 2, 3]",315,209.7337245941162,True,10.16713784209973,14,0.0013671875
0111010011,12926,"[1, 2, 0, 3]",600,209.75112915039062,False,10.16713784209973,14,0.0013671875
0111010011,12927,"[1, 0, 2, 3]",315,209.7644805908203,True,10.16713784209973,14,0.0013671875
0111010011,12928,"[1, 2, 0, 3]",600,209.78164672851562,False,10.16713784209973,14,0.0013671875
0111010011,12929,"[1, 0, 2, 3]",315,209.7947597503662,True,10.16713784209973,14,0.0013671875
0111010011,12930,"[1, 2, 0, 3]",600,209.81192588806152,False,10.16713784209973,14,0.0013671875
0111010011,12931,"[1, 0, 2, 3]",315,209.8250389099121,True,10.16713784209973,14,0.0013671875
0111010011,12932,"[1, 2, 0, 3]",600,209.84220504760742,False,10.16713784209973,14,0.0013671875
0111010011,12933,"[1, 0, 2, 3]",315,209.855318069458,True,10.16713784209973,14,0.0013671875
0111010011,12934,"[1, 2, 0, 3]",600,209.87391471862793,False,10.16713784209973,14,0.0013671875
0111010011,12935,"[1, 0, 2, 3]",315,209.88726615905762,True,10.16713784209973,14,0.0013671875
0111010011,12936,"[1, 2, 0, 3]",600,209.90490913391113,False,10.16713784209973,14,0.0013671875
0111010011,12937,"[1, 0, 2, 3]",315,209.91826057434082,True,10.16713784209973,14,0.0013671875
0110000101,12938,"[1, 3, 0, 2]",900,209.93661880493164,False,11.565077850771768,14,0.0013671875
0110000101,12939,"[1, 0, 3, 2]",465,209.95068550109863,True,11.565077850771768,14,0.0013671875
0110000101,12940,"[1, 3, 0, 2]",900,209.96856689453125,False,11.565077850771768,14,0.0013671875
0110000101,12941,"[1, 0, 3, 2]",465,209.98239517211914,True,11.565077850771768,14,0.0013671875
0110000101,12942,"[1, 3, 0, 2]",900,209.99979972839355,False,11.565077850771768,14,0.0013671875
0110000101,12943,"[1, 0, 3, 2]",465,210.01338958740234,True,11.565077850771768,14,0.0013671875
0110000101,12944,"[1, 3, 0, 2]",900,210.03079414367676,False,11.565077850771768,14,0.0013671875
0110000101,12945,"[1, 0, 3, 2]",465,210.04414558410645,True,11.565077850771768,14,0.0013671875
0110000101,12946,"[1, 3, 0, 2]",900,210.06155014038086,False,11.565077850771768,14,0.0013671875
0110000101,12947,"[1, 0, 3, 2]",465,210.07537841796875,True,11.565077850771768,14,0.0013671875
0110000101,12948,"[1, 3, 0, 2]",900,210.09254455566406,False,11.565077850771768,14,0.0013671875
0110000101,12949,"[1, 0, 3, 2]",465,210.10613441467285,True,11.565077850771768,14,0.0013671875
0110000101,12950,"[1, 3, 0, 2]",900,210.12330055236816,False,11.565077850771768,14,0.0013671875
0110000101,12951,"[1, 0, 3, 2]",465,210.13689041137695,True,11.565077850771768,14,0.0013671875
0110000101,12952,"[1, 3, 0, 2]",900,210.15429496765137,False,11.565077850771768,14,0.0013671875
0110000101,12953,"[1, 0, 3, 2]",465,210.16764640808105,True,11.565077850771768,14,0.0013671875
0110000101,12954,"[1, 3, 0, 2]",900,210.18457412719727,False,11.565077850771768,14,0.0013671875
0110000101,12955,"[1, 0, 3, 2]",465,210.2212905883789,True,11.565077850771768,14,0.0013671875
0110000101,12956,"[1, 3, 0, 2]",900,210.23988723754883,False,11.565077850771768,14,0.0013671875
0110000101,12957,"[1, 0, 3, 2]",465,210.25323867797852,True,11.565077850771768,14,0.0013671875
0110000101,12958,"[1, 3, 0, 2]",900,210.27088165283203,False,11.565077850771768,14,0.0013671875
0110000101,12959,"[1, 0, 3, 2]",465,210.28423309326172,True,11.565077850771768,14,0.0013671875
0110000101,12960,"[1, 3, 0, 2]",900,210.30163764953613,False,11.565077850771768,14,0.0013671875
0110000101,12961,"[1, 0, 3, 2]",465,210.31498908996582,True,11.565077850771768,14,0.0013671875
0110000101,12962,"[1, 3, 0, 2]",900,210.33215522766113,False,11.565077850771768,14,0.0013671875
0110000101,12963,"[1, 0, 3, 2]",465,210.34550666809082,True,11.565077850771768,14,0.0013671875
0110000101,12964,"[1, 3, 0, 2]",900,210.36291122436523,False,11.565077850771768,14,0.0013671875
0110000101,12965,"[1, 0, 3, 2]",465,210.37602424621582,True,11.565077850771768,14,0.0013671875
1001101010,12966,"[3, 2, 0, 1]",6600,210.39366722106934,False,27.10131501963538,14,0.0013671875
1001101010,12967,"[3, 2, 0, 1]",6600,210.40725708007812,True,27.10131501963538,14,0.0013671875
1001101010,12968,"[3, 2, 0, 1]",6600,210.42490005493164,False,27.10131501963538,14,0.0013671875
1001101010,12969,"[3, 2, 0, 1]",6600,210.43825149536133,True,27.10131501963538,14,0.0013671875
1001101010,12970,"[3, 2, 0, 1]",6600,210.45565605163574,False,27.10131501963538,14,0.0013671875
1001101010,12971,"[3, 2, 0, 1]",6600,210.46876907348633,True,27.10131501963538,14,0.0013671875
1001101010,12972,"[3, 2, 0, 1]",6600,210.48641204833984,False,27.10131501963538,14,0.0013671875
1001101010,12973,"[3, 2, 0, 1]",6600,210.49928665161133,True,27.10131501963538,14,0.0013671875
1001101010,12974,"[3, 2, 0, 1]",6600,210.51669120788574,False,27.10131501963538,14,0.0013671875
1001101010,12975,"[3, 2, 0, 1]",6600,210.53004264831543,True,27.10131501963538,14,0.0013671875
1001101010,12976,"[3, 2, 0, 1]",6600,210.54959297180176,False,27.10131501963538,14,0.0013671875
1001101010,12977,"[3, 2, 0, 1]",6600,210.56342124938965,True,27.10131501963538,14,0.0013671875
1001101010,12978,"[3, 2, 0, 1]",6600,210.58106422424316,False,27.10131501963538,14,0.0013671875
1001101010,12979,"[3, 2, 0, 1]",6600,210.59393882751465,True,27.10131501963538,14,0.0013671875
1001101010,12980,"[3, 2, 0, 1]",6600,210.61110496520996,False,27.10131501963538,14,0.0013671875
1001101010,12981,"[3, 2, 0, 1]",6600,210.62397956848145,True,27.10131501963538,14,0.0013671875
1001101010,12982,"[3, 2, 0, 1]",6600,210.64138412475586,False,27.10131501963538,14,0.0013671875
1001101010,12983,"[3, 2, 0, 1]",6600,210.65425872802734,True,27.10131501963538,14,0.0013671875
1001101010,12984,"[3, 2, 0, 1]",6600,210.67166328430176,False,27.10131501963538,14,0.0013671875
1001101010,12985,"[3, 2, 0, 1]",6600,210.68453788757324,True,27.10131501963538,14,0.0013671875
1001101010,12986,"[3, 2, 0, 1]",6600,210.70218086242676,False,27.10131501963538,14,0.0013671875
1001101010,12987,"[3, 2, 0, 1]",6600,210.71481704711914,True,27.10131501963538,14,0.0013671875
1001101010,12988,"[3, 2, 0, 1]",6600,210.73222160339355,False,27.10131501963538,14,0.0013671875
1001101010,12989,"[3, 2, 0, 1]",6600,210.74676513671875,True,27.10131501963538,14,0.0013671875
1001101010,12990,"[3, 2, 0, 1]",6600,210.76464653015137,False,27.10131501963538,14,0.0013671875
1001101010,12991,"[3, 2, 0, 1]",6600,210.77728271484375,True,27.10131501963538,14,0.0013671875
1001101010,12992,"[3, 2, 0, 1]",6600,210.79540252685547,False,27.10131501963538,14,0.0013671875
1001101010,12993,"[3, 2, 0, 1]",6600,210.80780029296875,True,27.10131501963538,14,0.0013671875
1101101101,12994,"[3, 0, 2, 1]",6300,210.82520484924316,False,25.313963514029567,14,0.0013671875
1101101101,12995,"[3, 0, 1, 2]",750,210.83879470825195,True,25.313963514029567,14,0.0013671875
1101101101,12996,"[3, 0, 2, 1]",6300,210.85643768310547,False,25.313963514029567,14,0.0013671875
1101101101,12997,"[3, 0, 1, 2]",750,210.87169647216797,True,25.313963514029567,14,0.0013671875
1101101101,12998,"[3, 0, 2, 1]",6300,210.8898162841797,False,25.313963514029567,14,0.0013671875
1101101101,12999,"[3, 0, 1, 2]",750,210.90340614318848,True,25.313963514029567,14,0.0013671875
1101101101,13000,"[3, 0, 2, 1]",6300,210.921049118042,False,25.313963514029567,14,0.0013671875
1101101101,13001,"[3, 0, 1, 2]",750,210.93440055847168,True,25.313963514029567,14,0.0013671875
1101101101,13002,"[3, 0, 2, 1]",6300,210.9520435333252,False,25.313963514029567,14,0.0013671875
1101101101,13003,"[3, 0, 1, 2]",750,210.96491813659668,True,25.313963514029567,14,0.0013671875
1101101101,13004,"[3, 0, 2, 1]",6300,210.9825611114502,False,25.313963514029567,14,0.0013671875
1101101101,13005,"[3, 0, 1, 2]",750,210.99543571472168,True,25.313963514029567,14,0.0013671875
1101101101,13006,"[3, 0, 2, 1]",6300,211.012601852417,False,25.313963514029567,14,0.0013671875
1101101101,13007,"[3, 0, 1, 2]",750,211.02571487426758,True,25.313963514029567,14,0.0013671875
1101101101,13008,"[3, 0, 2, 1]",6300,211.043119430542,False,25.313963514029567,14,0.0013671875
1101101101,13009,"[3, 0, 1, 2]",750,211.05599403381348,True,25.313963514029567,14,0.0013671875
1101101101,13010,"[3, 0, 2, 1]",6300,211.073637008667,False,25.313963514029567,14,0.0013671875
1101101101,13011,"[3, 0, 1, 2]",750,211.08675003051758,True,25.313963514029567,14,0.0013671875
1101101101,13012,"[3, 0, 2, 1]",6300,211.1043930053711,False,25.313963514029567,14,0.0013671875
1101101101,13013,"[3, 0, 1, 2]",750,211.11702919006348,True,25.313963514029567,14,0.0013671875
1101101101,13014,"[3, 0, 2, 1]",6300,211.134672164917,False,25.313963514029567,14,0.0013671875
1101101101,13015,"[3, 0, 1, 2]",750,211.14754676818848,True,25.313963514029567,14,0.0013671875
1101101101,13016,"[3, 0, 2, 1]",6300,211.1649513244629,False,25.313963514029567,14,0.0013671875
1101101101,13017,"[3, 0, 1, 2]",750,211.17806434631348,True,25.313963514029567,14,0.0013671875
1101101101,13018,"[3, 0, 2, 1]",6300,211.1966609954834,False,25.313963514029567,14,0.0013671875
1101101101,13019,"[3, 0, 1, 2]",750,211.2100124359131,True,25.313963514029567,14,0.0013671875
1101101101,13020,"[3, 0, 2, 1]",6300,211.2276554107666,False,25.313963514029567,14,0.0013671875
1101101101,13021,"[3, 0, 1, 2]",750,211.2407684326172,True,25.313963514029567,14,0.0013671875
0001011111,13022,"[3, 2, 1, 0]",9600,211.2584114074707,False,16.955193496283627,14,0.0013671875
0001011111,13023,"[3, 2, 1, 0]",9600,211.2715244293213,True,16.955193496283627,14,0.0013671875
0001011111,13024,"[3, 2, 1, 0]",9600,211.2889289855957,False,16.955193496283627,14,0.0013671875
0001011111,13025,"[3, 2, 1, 0]",9600,211.3022804260254,True,16.955193496283627,14,0.0013671875
0001011111,13026,"[3, 2, 1, 0]",9600,211.3196849822998,False,16.955193496283627,14,0.0013671875
0001011111,13027,"[3, 2, 1, 0]",9600,211.3325595855713,True,16.955193496283627,14,0.0013671875
0001011111,13028,"[3, 2, 1, 0]",9600,211.3497257232666,False,16.955193496283627,14,0.0013671875
0001011111,13029,"[3, 2, 1, 0]",9600,211.3628387451172,True,16.955193496283627,14,0.0013671875
0001011111,13030,"[3, 2, 1, 0]",9600,211.3797664642334,False,16.955193496283627,14,0.0013671875
0001011111,13031,"[3, 2, 1, 0]",9600,211.39264106750488,True,16.955193496283627,14,0.0013671875
0001011111,13032,"[3, 2, 1, 0]",9600,211.4095687866211,False,16.955193496283627,14,0.0013671875
0001011111,13033,"[3, 2, 1, 0]",9600,211.42220497131348,True,16.955193496283627,14,0.0013671875
0001011111,13034,"[3, 2, 1, 0]",9600,211.4396095275879,False,16.955193496283627,14,0.0013671875
0001011111,13035,"[3, 2, 1, 0]",9600,211.45224571228027,True,16.955193496283627,14,0.0013671875
0001011111,13036,"[3, 2, 1, 0]",9600,211.4694118499756,False,16.955193496283627,14,0.0013671875
0001011111,13037,"[3, 2, 1, 0]",9600,211.48180961608887,True,16.955193496283627,14,0.0013671875
0001011111,13038,"[3, 2, 1, 0]",9600,211.49897575378418,False,16.955193496283627,14,0.0013671875
0001011111,13039,"[3, 2, 1, 0]",9600,211.51328086853027,True,16.955193496283627,14,0.0013671875
0001011111,13040,"[3, 2, 1, 0]",9600,211.5328311920166,False,16.955193496283627,14,0.0013671875
0001011111,13041,"[3, 2, 1, 0]",9600,211.5461826324463,True,16.955193496283627,14,0.0013671875
0001011111,13042,"[3, 2, 1, 0]",9600,211.5638256072998,False,16.955193496283627,14,0.0013671875
0001011111,13043,"[3, 2, 1, 0]",9600,211.5769386291504,True,16.955193496283627,14,0.0013671875
0001011111,13044,"[3, 2, 1, 0]",9600,211.5941047668457,False,16.955193496283627,14,0.0013671875
0001011111,13045,"[3, 2, 1, 0]",9600,211.6067409515381,True,16.955193496283627,14,0.0013671875
0001011111,13046,"[3, 2, 1, 0]",9600,211.6239070892334,False,16.955193496283627,14,0.0013671875
0001011111,13047,"[3, 2, 1, 0]",9600,211.63654327392578,True,16.955193496283627,14,0.0013671875
0001011111,13048,"[3, 2, 1, 0]",9600,211.6537094116211,False,16.955193496283627,14,0.0013671875
0001011111,13049,"[3, 2, 1, 0]",9600,211.66682243347168,True,16.955193496283627,14,0.0013671875
1000011111,13050,"[3, 0, 2, 1]",6300,211.683988571167,False,15.343709070385504,14,0.0013671875
1000011111,13051,"[3, 0, 1, 2]",750,211.69734001159668,True,15.343709070385504,14,0.0013671875
1000011111,13052,"[3, 0, 2, 1]",6300,211.7147445678711,False,15.343709070385504,14,0.0013671875
1000011111,13053,"[3, 0, 1, 2]",750,211.72833442687988,True,15.343709070385504,14,0.0013671875
1000011111,13054,"[3, 0, 2, 1]",6300,211.7457389831543,False,15.343709070385504,14,0.0013671875
1000011111,13055,"[3, 0, 1, 2]",750,211.75909042358398,True,15.343709070385504,14,0.0013671875
1000011111,13056,"[3, 0, 2, 1]",6300,211.7764949798584,False,15.343709070385504,14,0.0013671875
1000011111,13057,"[3, 0, 1, 2]",750,211.7898464202881,True,15.343709070385504,14,0.0013671875
1000011111,13058,"[3, 0, 2, 1]",6300,211.8070125579834,False,15.343709070385504,14,0.0013671875
1000011111,13059,"[3, 0, 1, 2]",750,211.8203639984131,True,15.343709070385504,14,0.0013671875
1000011111,13060,"[3, 0, 2, 1]",6300,211.838960647583,False,15.343709070385504,14,0.0013671875
1000011111,13061,"[3, 0, 1, 2]",750,211.8525505065918,True,15.343709070385504,14,0.0013671875
1000011111,13062,"[3, 0, 2, 1]",6300,211.8701934814453,False,15.343709070385504,14,0.0013671875
1000011111,13063,"[3, 0, 1, 2]",750,211.8833065032959,True,15.343709070385504,14,0.0013671875
1000011111,13064,"[3, 0, 2, 1]",6300,211.9007110595703,False,15.343709070385504,14,0.0013671875
1000011111,13065,"[3, 0, 1, 2]",750,211.9138240814209,True,15.343709070385504,14,0.0013671875
1000011111,13066,"[3, 0, 2, 1]",6300,211.9312286376953,False,15.343709070385504,14,0.0013671875
1000011111,13067,"[3, 0, 1, 2]",750,211.9438648223877,True,15.343709070385504,14,0.0013671875
1000011111,13068,"[3, 0, 2, 1]",6300,211.9612693786621,False,15.343709070385504,14,0.0013671875
1000011111,13069,"[3, 0, 1, 2]",750,211.9741439819336,True,15.343709070385504,14,0.0013671875
1000011111,13070,"[3, 0, 2, 1]",6300,211.991548538208,False,15.343709070385504,14,0.0013671875
1000011111,13071,"[3, 0, 1, 2]",750,212.0044231414795,True,15.343709070385504,14,0.0013671875
1000011111,13072,"[3, 0, 2, 1]",6300,212.0218276977539,False,15.343709070385504,14,0.0013671875
1000011111,13073,"[3, 0, 1, 2]",750,212.0347023010254,True,15.343709070385504,14,0.0013671875
1000011111,13074,"[3, 0, 2, 1]",6300,212.0521068572998,False,15.343709070385504,14,0.0013671875
1000011111,13075,"[3, 0, 1, 2]",750,212.0649814605713,True,15.343709070385504,14,0.0013671875
1000011111,13076,"[3, 0, 2, 1]",6300,212.0823860168457,False,15.343709070385504,14,0.0013671875
1000011111,13077,"[3, 0, 1, 2]",750,212.0957374572754,True,15.343709070385504,14,0.0013671875
0111101101,13078,"[3, 1, 2, 0]",9450,212.1131420135498,False,26.675570466711086,14,0.0013671875
0111101101,13079,"[3, 1, 0, 2]",900,212.1286392211914,True,26.675570466711086,14,0.0013671875
0111101101,13080,"[3, 1, 2, 0]",9450,212.14628219604492,False,26.675570466711086,14,0.0013671875
0111101101,13081,"[3, 1, 0, 2]",900,212.1603488922119,True,26.675570466711086,14,0.0013671875
0111101101,13082,"[3, 1, 2, 0]",9450,212.17942237854004,False,26.675570466711086,14,0.0013671875
0111101101,13083,"[3, 1, 0, 2]",900,212.19301223754883,True,26.675570466711086,14,0.0013671875
0111101101,13084,"[3, 1, 2, 0]",9450,212.21065521240234,False,26.675570466711086,14,0.0013671875
0111101101,13085,"[3, 1, 0, 2]",900,212.22400665283203,True,26.675570466711086,14,0.0013671875
0111101101,13086,"[3, 1, 2, 0]",9450,212.24141120910645,False,26.675570466711086,14,0.0013671875
0111101101,13087,"[3, 1, 0, 2]",900,212.25452423095703,True,26.675570466711086,14,0.0013671875
0111101101,13088,"[3, 1, 2, 0]",9450,212.27192878723145,False,26.675570466711086,14,0.0013671875
0111101101,13089,"[3, 1, 0, 2]",900,212.28504180908203,True,26.675570466711086,14,0.0013671875
0111101101,13090,"[3, 1, 2, 0]",9450,212.30435371398926,False,26.675570466711086,14,0.0013671875
0111101101,13091,"[3, 1, 0, 2]",900,212.31794357299805,True,26.675570466711086,14,0.0013671875
0111101101,13092,"[3, 1, 2, 0]",9450,212.33558654785156,False,26.675570466711086,14,0.0013671875
0111101101,13093,"[3, 1, 0, 2]",900,212.34893798828125,True,26.675570466711086,14,0.0013671875
0111101101,13094,"[3, 1, 2, 0]",9450,212.36658096313477,False,26.675570466711086,14,0.0013671875
0111101101,13095,"[3, 1, 0, 2]",900,212.37969398498535,True,26.675570466711086,14,0.0013671875
0111101101,13096,"[3, 1, 2, 0]",9450,212.39709854125977,False,26.675570466711086,14,0.0013671875
0111101101,13097,"[3, 1, 0, 2]",900,212.41021156311035,True,26.675570466711086,14,0.0013671875
0111101101,13098,"[3, 1, 2, 0]",9450,212.42761611938477,False,26.675570466711086,14,0.0013671875
0111101101,13099,"[3, 1, 0, 2]",900,212.44072914123535,True,26.675570466711086,14,0.0013671875
0111101101,13100,"[3, 1, 2, 0]",9450,212.45765686035156,False,26.675570466711086,14,0.0013671875
0111101101,13101,"[3, 1, 0, 2]",900,212.47100830078125,True,26.675570466711086,14,0.0013671875
0111101101,13102,"[3, 1, 2, 0]",9450,212.48984336853027,False,26.675570466711086,14,0.0013671875
0111101101,13103,"[3, 1, 0, 2]",900,212.50367164611816,True,26.675570466711086,14,0.0013671875
0111101101,13104,"[3, 1, 2, 0]",9450,212.52131462097168,False,26.675570466711086,14,0.0013671875
0111101101,13105,"[3, 1, 0, 2]",900,212.53490447998047,True,26.675570466711086,14,0.0013671875
1000100010,13106,"[2, 0, 3, 1]",6200,212.5530242919922,False,25.692679049617418,14,0.0013671875
1000100010,13107,"[2, 0, 1, 3]",500,212.56685256958008,True,25.692679049617418,14,0.0013671875
1000100010,13108,"[2, 0, 3, 1]",6200,212.5842571258545,False,25.692679049617418,14,0.0013671875
1000100010,13109,"[2, 0, 1, 3]",500,212.59808540344238,True,25.692679049617418,14,0.0013671875
1000100010,13110,"[2, 0, 3, 1]",6200,212.6154899597168,False,25.692679049617418,14,0.0013671875
1000100010,13111,"[2, 0, 1, 3]",500,212.62860298156738,True,25.692679049617418,14,0.0013671875
1000100010,13112,"[2, 0, 3, 1]",6200,212.6460075378418,False,25.692679049617418,14,0.0013671875
1000100010,13113,"[2, 0, 1, 3]",500,212.65935897827148,True,25.692679049617418,14,0.0013671875
1000100010,13114,"[2, 0, 3, 1]",6200,212.6767635345459,False,25.692679049617418,14,0.0013671875
1000100010,13115,"[2, 0, 1, 3]",500,212.68963813781738,True,25.692679049617418,14,0.0013671875
1000100010,13116,"[2, 0, 3, 1]",6200,212.7070426940918,False,25.692679049617418,14,0.0013671875
1000100010,13117,"[2, 0, 1, 3]",500,212.71991729736328,True,25.692679049617418,14,0.0013671875
1000100010,13118,"[2, 0, 3, 1]",6200,212.7375602722168,False,25.692679049617418,14,0.0013671875
1000100010,13119,"[2, 0, 1, 3]",500,212.75067329406738,True,25.692679049617418,14,0.0013671875
1000100010,13120,"[2, 0, 3, 1]",6200,212.7680778503418,False,25.692679049617418,14,0.0013671875
1000100010,13121,"[2, 0, 1, 3]",500,212.78095245361328,True,25.692679049617418,14,0.0013671875
1000100010,13122,"[2, 0, 3, 1]",6200,212.7983570098877,False,25.692679049617418,14,0.0013671875
1000100010,13123,"[2, 0, 1, 3]",500,212.8126621246338,True,25.692679049617418,14,0.0013671875
1000100010,13124,"[2, 0, 3, 1]",6200,212.8307819366455,False,25.692679049617418,14,0.0013671875
1000100010,13125,"[2, 0, 1, 3]",500,212.843656539917,True,25.692679049617418,14,0.0013671875
1000100010,13126,"[2, 0, 3, 1]",6200,212.8610610961914,False,25.692679049617418,14,0.0013671875
1000100010,13127,"[2, 0, 1, 3]",500,212.8739356994629,True,25.692679049617418,14,0.0013671875
1000100010,13128,"[2, 0, 3, 1]",6200,212.8911018371582,False,25.692679049617418,14,0.0013671875
1000100010,13129,"[2, 0, 1, 3]",500,212.9039764404297,True,25.692679049617418,14,0.0013671875
1000100010,13130,"[2, 0, 3, 1]",6200,212.9213809967041,False,25.692679049617418,14,0.0013671875
1000100010,13131,"[2, 0, 1, 3]",500,212.9342555999756,True,25.692679049617418,14,0.0013671875
1000100010,13132,"[2, 0, 3, 1]",6200,212.95166015625,False,25.692679049617418,14,0.0013671875
1000100010,13133,"[2, 0, 1, 3]",500,212.96453475952148,True,25.692679049617418,14,0.0013671875
1111010011,13134,"[1, 0, 2, 3]",315,212.982177734375,False,7.519320360211097,14,0.0013671875
1111010011,13135,"[1, 0, 2, 3]",315,212.9952907562256,True,7.519320360211097,14,0.0013671875
1111010011,13136,"[1, 0, 2, 3]",315,213.0126953125,False,7.519320360211097,14,0.0013671875
1111010011,13137,"[1, 0, 2, 3]",315,213.0258083343506,True,7.519320360211097,14,0.0013671875
1111010011,13138,"[1, 0, 2, 3]",315,213.0429744720459,False,7.519320360211097,14,0.0013671875
1111010011,13139,"[1, 0, 2, 3]",315,213.05584907531738,True,7.519320360211097,14,0.0013671875
1111010011,13140,"[1, 0, 2, 3]",315,213.0744457244873,False,7.519320360211097,14,0.0013671875
1111010011,13141,"[1, 0, 2, 3]",315,213.0882740020752,True,7.519320360211097,14,0.0013671875
1111010011,13142,"[1, 0, 2, 3]",315,213.1056785583496,False,7.519320360211097,14,0.0013671875
1111010011,13143,"[1, 0, 2, 3]",315,213.1185531616211,True,7.519320360211097,14,0.0013671875
1111010011,13144,"[1, 0, 2, 3]",315,213.13738822937012,False,7.519320360211097,14,0.0013671875
1111010011,13145,"[1, 0, 2, 3]",315,213.1507396697998,True,7.519320360211097,14,0.0013671875
1111010011,13146,"[1, 0, 2, 3]",315,213.16814422607422,False,7.519320360211097,14,0.0013671875
1111010011,13147,"[1, 0, 2, 3]",315,213.1812572479248,True,7.519320360211097,14,0.0013671875
1111010011,13148,"[1, 0, 2, 3]",315,213.19866180419922,False,7.519320360211097,14,0.0013671875
1111010011,13149,"[1, 0, 2, 3]",315,213.2115364074707,True,7.519320360211097,14,0.0013671875
1111010011,13150,"[1, 0, 2, 3]",315,213.22894096374512,False,7.519320360211097,14,0.0013671875
1111010011,13151,"[1, 0, 2, 3]",315,213.2418155670166,True,7.519320360211097,14,0.0013671875
1111010011,13152,"[1, 0, 2, 3]",315,213.2589817047119,False,7.519320360211097,14,0.0013671875
1111010011,13153,"[1, 0, 2, 3]",315,213.2718563079834,True,7.519320360211097,14,0.0013671875
1111010011,13154,"[1, 0, 2, 3]",315,213.2892608642578,False,7.519320360211097,14,0.0013671875
1111010011,13155,"[1, 0, 2, 3]",315,213.3021354675293,True,7.519320360211097,14,0.0013671875
1111010011,13156,"[1, 0, 2, 3]",315,213.3193016052246,False,7.519320360211097,14,0.0013671875
1111010011,13157,"[1, 0, 2, 3]",315,213.331937789917,True,7.519320360211097,14,0.0013671875
1111010011,13158,"[1, 0, 2, 3]",315,213.3493423461914,False,7.519320360211097,14,0.0013671875
1111010011,13159,"[1, 0, 2, 3]",315,213.3622169494629,True,7.519320360211097,14,0.0013671875
1111010011,13160,"[1, 0, 2, 3]",315,213.3796215057373,False,7.519320360211097,14,0.0013671875
1111010011,13161,"[1, 0, 2, 3]",315,213.3927345275879,True,7.519320360211097,14,0.0013671875
1100001100,13162,"[3, 0, 2, 1]",6300,213.4099006652832,False,14.272259421167831,14,0.0013671875
1100001100,13163,"[3, 0, 1, 2]",750,213.423490524292,True,14.272259421167831,14,0.0013671875
1100001100,13164,"[3, 0, 2, 1]",6300,213.4406566619873,False,14.272259421167831,14,0.0013671875
1100001100,13165,"[3, 0, 1, 2]",750,213.4552001953125,True,14.272259421167831,14,0.0013671875
1100001100,13166,"[3, 0, 2, 1]",6300,213.47308158874512,False,14.272259421167831,14,0.0013671875
1100001100,13167,"[3, 0, 1, 2]",750,213.50336074829102,True,14.272259421167831,14,0.0013671875
1100001100,13168,"[3, 0, 2, 1]",6300,213.53816986083984,False,14.272259421167831,14,0.0013671875
1100001100,13169,"[3, 0, 1, 2]",750,213.55223655700684,True,14.272259421167831,14,0.0013671875
1100001100,13170,"[3, 0, 2, 1]",6300,213.57011795043945,False,14.272259421167831,14,0.0013671875
1100001100,13171,"[3, 0, 1, 2]",750,213.58370780944824,True,14.272259421167831,14,0.0013671875
1100001100,13172,"[3, 0, 2, 1]",6300,213.60182762145996,False,14.272259421167831,14,0.0013671875
1100001100,13173,"[3, 0, 1, 2]",750,213.61541748046875,True,14.272259421167831,14,0.0013671875
1100001100,13174,"[3, 0, 2, 1]",6300,213.63377571105957,False,14.272259421167831,14,0.0013671875
1100001100,13175,"[3, 0, 1, 2]",750,213.64736557006836,True,14.272259421167831,14,0.0013671875
1100001100,13176,"[3, 0, 2, 1]",6300,213.66548538208008,False,14.272259421167831,14,0.0013671875
1100001100,13177,"[3, 0, 1, 2]",750,213.67883682250977,True,14.272259421167831,14,0.0013671875
1100001100,13178,"[3, 0, 2, 1]",6300,213.69695663452148,False,14.272259421167831,14,0.0013671875
1100001100,13179,"[3, 0, 1, 2]",750,213.71054649353027,True,14.272259421167831,14,0.0013671875
1100001100,13180,"[3, 0, 2, 1]",6300,213.728666305542,False,14.272259421167831,14,0.0013671875
1100001100,13181,"[3, 0, 1, 2]",750,213.74201774597168,True,14.272259421167831,14,0.0013671875
1100001100,13182,"[3, 0, 2, 1]",6300,213.7603759765625,False,14.272259421167831,14,0.0013671875
1100001100,13183,"[3, 0, 1, 2]",750,213.7739658355713,True,14.272259421167831,14,0.0013671875
1100001100,13184,"[3, 0, 2, 1]",6300,213.7923240661621,False,14.272259421167831,14,0.0013671875
1100001100,13185,"[3, 0, 1, 2]",750,213.80615234375,True,14.272259421167831,14,0.0013671875
1100001100,13186,"[3, 0, 2, 1]",6300,213.82761001586914,False,14.272259421167831,14,0.0013671875
1100001100,13187,"[3, 0, 1, 2]",750,213.84191513061523,True,14.272259421167831,14,0.0013671875
1100001100,13188,"[3, 0, 2, 1]",6300,213.86075019836426,False,14.272259421167831,14,0.0013671875
1100001100,13189,"[3, 0, 1, 2]",750,213.87457847595215,True,14.272259421167831,14,0.0013671875
1101111100,13190,"[3, 2, 0, 1]",6600,213.89436721801758,False,42.81894571311116,14,0.0013671875
1101111100,13191,"[3, 2, 0, 1]",6600,213.90914916992188,True,42.81894571311116,14,0.0013671875
1101111100,13192,"[3, 2, 0, 1]",6600,213.9277458190918,False,42.81894571311116,14,0.0013671875
1101111100,13193,"[3, 2, 0, 1]",6600,213.9418125152588,True,42.81894571311116,14,0.0013671875
1101111100,13194,"[3, 2, 0, 1]",6600,213.9601707458496,False,42.81894571311116,14,0.0013671875
1101111100,13195,"[3, 2, 0, 1]",6600,213.9737606048584,True,42.81894571311116,14,0.0013671875
1101111100,13196,"[3, 2, 0, 1]",6600,213.99188041687012,False,42.81894571311116,14,0.0013671875
1101111100,13197,"[3, 2, 0, 1]",6600,214.0052318572998,True,42.81894571311116,14,0.0013671875
1101111100,13198,"[3, 2, 0, 1]",6600,214.02311325073242,False,42.81894571311116,14,0.0013671875
1101111100,13199,"[3, 2, 0, 1]",6600,214.0364646911621,True,42.81894571311116,14,0.0013671875
1101111100,13200,"[3, 2, 0, 1]",6600,214.05458450317383,False,42.81894571311116,14,0.0013671875
1101111100,13201,"[3, 2, 0, 1]",6600,214.06793594360352,True,42.81894571311116,14,0.0013671875
1101111100,13202,"[3, 2, 0, 1]",6600,214.08629417419434,False,42.81894571311116,14,0.0013671875
1101111100,13203,"[3, 2, 0, 1]",6600,214.09893035888672,True,42.81894571311116,14,0.0013671875
1101111100,13204,"[3, 2, 0, 1]",6600,214.11705017089844,False,42.81894571311116,14,0.0013671875
1101111100,13205,"[3, 2, 0, 1]",6600,214.13016319274902,True,42.81894571311116,14,0.0013671875
1101111100,13206,"[3, 2, 0, 1]",6600,214.14804458618164,False,42.81894571311116,14,0.0013671875
1101111100,13207,"[3, 2, 0, 1]",6600,214.16306495666504,True,42.81894571311116,14,0.0013671875
1101111100,13208,"[3, 2, 0, 1]",6600,214.18166160583496,False,42.81894571311116,14,0.0013671875
1101111100,13209,"[3, 2, 0, 1]",6600,214.19501304626465,True,42.81894571311116,14,0.0013671875
1101111100,13210,"[3, 2, 0, 1]",6600,214.21289443969727,False,42.81894571311116,14,0.0013671875
1101111100,13211,"[3, 2, 0, 1]",6600,214.22600746154785,True,42.81894571311116,14,0.0013671875
1101111100,13212,"[3, 2, 0, 1]",6600,214.24388885498047,False,42.81894571311116,14,0.0013671875
1101111100,13213,"[3, 2, 0, 1]",6600,214.25724029541016,True,42.81894571311116,14,0.0013671875
1101111100,13214,"[3, 2, 0, 1]",6600,214.27536010742188,False,42.81894571311116,14,0.0013671875
1101111100,13215,"[3, 2, 0, 1]",6600,214.28871154785156,True,42.81894571311116,14,0.0013671875
1101111100,13216,"[3, 2, 0, 1]",6600,214.30683135986328,False,42.81894571311116,14,0.0013671875
1101111100,13217,"[3, 2, 0, 1]",6600,214.31994438171387,True,42.81894571311116,14,0.0013671875
1110111001,13218,"[2, 0, 3, 1]",6200,214.3380641937256,False,42.23719789195309,14,0.0013671875
1110111001,13219,"[2, 0, 1, 3]",500,214.35213088989258,True,42.23719789195309,14,0.0013671875
1110111001,13220,"[2, 0, 3, 1]",6200,214.3702507019043,False,42.23719789195309,14,0.0013671875
1110111001,13221,"[2, 0, 1, 3]",500,214.3840789794922,True,42.23719789195309,14,0.0013671875
1110111001,13222,"[2, 0, 3, 1]",6200,214.402437210083,False,42.23719789195309,14,0.0013671875
1110111001,13223,"[2, 0, 1, 3]",500,214.4155502319336,True,42.23719789195309,14,0.0013671875
1110111001,13224,"[2, 0, 3, 1]",6200,214.43414688110352,False,42.23719789195309,14,0.0013671875
1110111001,13225,"[2, 0, 1, 3]",500,214.4477367401123,True,42.23719789195309,14,0.0013671875
1110111001,13226,"[2, 0, 3, 1]",6200,214.46585655212402,False,42.23719789195309,14,0.0013671875
1110111001,13227,"[2, 0, 1, 3]",500,214.4794464111328,True,42.23719789195309,14,0.0013671875
1110111001,13228,"[2, 0, 3, 1]",6200,214.49875831604004,False,42.23719789195309,14,0.0013671875
1110111001,13229,"[2, 0, 1, 3]",500,214.51234817504883,True,42.23719789195309,14,0.0013671875
1110111001,13230,"[2, 0, 3, 1]",6200,214.53118324279785,False,42.23719789195309,14,0.0013671875
1110111001,13231,"[2, 0, 1, 3]",500,214.54453468322754,True,42.23719789195309,14,0.0013671875
1110111001,13232,"[2, 0, 3, 1]",6200,214.56265449523926,False,42.23719789195309,14,0.0013671875
1110111001,13233,"[2, 0, 1, 3]",500,214.57600593566895,True,42.23719789195309,14,0.0013671875
1110111001,13234,"[2, 0, 3, 1]",6200,214.59412574768066,False,42.23719789195309,14,0.0013671875
1110111001,13235,"[2, 0, 1, 3]",500,214.60747718811035,True,42.23719789195309,14,0.0013671875
1110111001,13236,"[2, 0, 3, 1]",6200,214.62559700012207,False,42.23719789195309,14,0.0013671875
1110111001,13237,"[2, 0, 1, 3]",500,214.64920043945312,True,42.23719789195309,14,0.0013671875
1110111001,13238,"[2, 0, 3, 1]",6200,214.66660499572754,False,42.23719789195309,14,0.0013671875
1110111001,13239,"[2, 0, 1, 3]",500,214.67924118041992,True,42.23719789195309,14,0.0013671875
1110111001,13240,"[2, 0, 3, 1]",6200,214.69688415527344,False,42.23719789195309,14,0.0013671875
1110111001,13241,"[2, 0, 1, 3]",500,214.71214294433594,True,42.23719789195309,14,0.0013671875
1110111001,13242,"[2, 0, 3, 1]",6200,214.73002433776855,False,42.23719789195309,14,0.0013671875
1110111001,13243,"[2, 0, 1, 3]",500,214.74313735961914,True,42.23719789195309,14,0.0013671875
1110111001,13244,"[2, 0, 3, 1]",6200,214.76054191589355,False,42.23719789195309,14,0.0013671875
1110111001,13245,"[2, 0, 1, 3]",500,214.77365493774414,True,42.23719789195309,14,0.0013671875
1101010101,13246,"[0, 3, 2, 1]",6300,214.79058265686035,False,20.636033823457012,14,0.0013671875
1101010101,13247,"[0, 1, 3, 2]",465,214.80584144592285,True,20.636033823457012,14,0.0013671875
1101010101,13248,"[0, 3, 2, 1]",6300,214.82348442077637,False,20.636033823457012,14,0.0013671875
1101010101,13249,"[0, 1, 3, 2]",465,214.83731269836426,True,20.636033823457012,14,0.0013671875
1101010101,13250,"[0, 3, 2, 1]",6300,214.85638618469238,False,20.636033823457012,14,0.0013671875
1101010101,13251,"[0, 1, 3, 2]",465,214.86997604370117,True,20.636033823457012,14,0.0013671875
1101010101,13252,"[0, 3, 2, 1]",6300,214.8880958557129,False,20.636033823457012,14,0.0013671875
1101010101,13253,"[0, 1, 3, 2]",465,214.90097045898438,True,20.636033823457012,14,0.0013671875
1101010101,13254,"[0, 3, 2, 1]",6300,214.9183750152588,False,20.636033823457012,14,0.0013671875
1101010101,13255,"[0, 1, 3, 2]",465,214.93124961853027,True,20.636033823457012,14,0.0013671875
1101010101,13256,"[0, 3, 2, 1]",6300,214.9486541748047,False,20.636033823457012,14,0.0013671875
1101010101,13257,"[0, 1, 3, 2]",465,214.96152877807617,True,20.636033823457012,14,0.0013671875
1101010101,13258,"[0, 3, 2, 1]",6300,214.97845649719238,False,20.636033823457012,14,0.0013671875
1101010101,13259,"[0, 1, 3, 2]",465,214.99109268188477,True,20.636033823457012,14,0.0013671875
1101010101,13260,"[0, 3, 2, 1]",6300,215.00802040100098,False,20.636033823457012,14,0.0013671875
1101010101,13261,"[0, 1, 3, 2]",465,215.02065658569336,True,20.636033823457012,14,0.0013671875
1101010101,13262,"[0, 3, 2, 1]",6300,215.03758430480957,False,20.636033823457012,14,0.0013671875
1101010101,13263,"[0, 1, 3, 2]",465,215.04998207092285,True,20.636033823457012,14,0.0013671875
1101010101,13264,"[0, 3, 2, 1]",6300,215.06690979003906,False,20.636033823457012,14,0.0013671875
1101010101,13265,"[0, 1, 3, 2]",465,215.08002281188965,True,20.636033823457012,14,0.0013671875
1101010101,13266,"[0, 3, 2, 1]",6300,215.09718894958496,False,20.636033823457012,14,0.0013671875
1101010101,13267,"[0, 1, 3, 2]",465,215.11030197143555,True,20.636033823457012,14,0.0013671875
1101010101,13268,"[0, 3, 2, 1]",6300,215.12770652770996,False,20.636033823457012,14,0.0013671875
1101010101,13269,"[0, 1, 3, 2]",465,215.14034271240234,True,20.636033823457012,14,0.0013671875
1101010101,13270,"[0, 3, 2, 1]",6300,215.15917778015137,False,20.636033823457012,14,0.0013671875
1101010101,13271,"[0, 1, 3, 2]",465,215.17229080200195,True,20.636033823457012,14,0.0013671875
1101010101,13272,"[0, 3, 2, 1]",6300,215.18969535827637,False,20.636033823457012,14,0.0013671875
1101010101,13273,"[0, 1, 3, 2]",465,215.20280838012695,True,20.636033823457012,14,0.0013671875
1110001010,13274,"[0, 3, 1, 2]",750,215.21973609924316,False,22.03953664325408,13,0.00126953125
1110001010,13275,"[0, 1, 3, 2]",465,215.23284912109375,True,22.03953664325408,13,0.00126953125
1110001010,13276,"[0, 3, 1, 2]",750,215.25001525878906,False,22.03953664325408,13,0.00126953125
1110001010,13277,"[0, 1, 3, 2]",465,215.26312828063965,True,22.03953664325408,13,0.00126953125
1110001010,13278,"[0, 3, 1, 2]",750,215.28005599975586,False,22.03953664325408,13,0.00126953125
1110001010,13279,"[0, 1, 3, 2]",465,215.29293060302734,True,22.03953664325408,13,0.00126953125
1110001010,13280,"[0, 3, 1, 2]",750,215.31033515930176,False,22.03953664325408,13,0.00126953125
1110001010,13281,"[0, 1, 3, 2]",465,215.32320976257324,True,22.03953664325408,13,0.00126953125
1110001010,13282,"[0, 3, 1, 2]",750,215.34037590026855,False,22.03953664325408,13,0.00126953125
1110001010,13283,"[0, 1, 3, 2]",465,215.35348892211914,True,22.03953664325408,13,0.00126953125
1110001010,13284,"[0, 3, 1, 2]",750,215.37065505981445,False,22.03953664325408,13,0.00126953125
1110001010,13285,"[0, 1, 3, 2]",465,215.38329124450684,True,22.03953664325408,13,0.00126953125
1110001010,13286,"[0, 3, 1, 2]",750,215.40021896362305,False,22.03953664325408,13,0.00126953125
1110001010,13287,"[0, 1, 3, 2]",465,215.41309356689453,True,22.03953664325408,13,0.00126953125
1110001010,13288,"[0, 3, 1, 2]",750,215.43049812316895,False,22.03953664325408,13,0.00126953125
1110001010,13289,"[0, 1, 3, 2]",465,215.44289588928223,True,22.03953664325408,13,0.00126953125
1110001010,13290,"[0, 3, 1, 2]",750,215.46006202697754,False,22.03953664325408,13,0.00126953125
1110001010,13291,"[0, 1, 3, 2]",465,215.47555923461914,True,22.03953664325408,13,0.00126953125
1110001010,13292,"[0, 3, 1, 2]",750,215.49367904663086,False,22.03953664325408,13,0.00126953125
1110001010,13293,"[0, 1, 3, 2]",465,215.50703048706055,True,22.03953664325408,13,0.00126953125
1110001010,13294,"[0, 3, 1, 2]",750,215.52467346191406,False,22.03953664325408,13,0.00126953125
1110001010,13295,"[0, 1, 3, 2]",465,215.53778648376465,True,22.03953664325408,13,0.00126953125
1110001010,13296,"[0, 3, 1, 2]",750,215.55495262145996,False,22.03953664325408,13,0.00126953125
1110001010,13297,"[0, 1, 3, 2]",465,215.56782722473145,True,22.03953664325408,13,0.00126953125
1110001010,13298,"[0, 3, 1, 2]",750,215.58499336242676,False,22.03953664325408,13,0.00126953125
1110001010,13299,"[0, 1, 3, 2]",465,215.59786796569824,True,22.03953664325408,13,0.00126953125
1011110010,13300,"[2, 1, 0, 3]",600,215.61479568481445,False,18.27225942116783,13,0.00126953125
1011110010,13301,"[2, 1, 0, 3]",600,215.62862396240234,True,18.27225942116783,13,0.00126953125
1011110010,13302,"[2, 1, 0, 3]",600,215.64579010009766,False,18.27225942116783,13,0.00126953125
1011110010,13303,"[2, 1, 0, 3]",600,215.6822681427002,True,18.27225942116783,13,0.00126953125
1011110010,13304,"[2, 1, 0, 3]",600,215.6999111175537,False,18.27225942116783,13,0.00126953125
1011110010,13305,"[2, 1, 0, 3]",600,215.7132625579834,True,18.27225942116783,13,0.00126953125
1011110010,13306,"[2, 1, 0, 3]",600,215.7304286956787,False,18.27225942116783,13,0.00126953125
1011110010,13307,"[2, 1, 0, 3]",600,215.7435417175293,True,18.27225942116783,13,0.00126953125
1011110010,13308,"[2, 1, 0, 3]",600,215.7607078552246,False,18.27225942116783,13,0.00126953125
1011110010,13309,"[2, 1, 0, 3]",600,215.7740592956543,True,18.27225942116783,13,0.00126953125
1011110010,13310,"[2, 1, 0, 3]",600,215.7914638519287,False,18.27225942116783,13,0.00126953125
1011110010,13311,"[2, 1, 0, 3]",600,215.8041000366211,True,18.27225942116783,13,0.00126953125
1011110010,13312,"[2, 1, 0, 3]",600,215.82269668579102,False,18.27225942116783,13,0.00126953125
1011110010,13313,"[2, 1, 0, 3]",600,215.8358097076416,True,18.27225942116783,13,0.00126953125
1011110010,13314,"[2, 1, 0, 3]",600,215.85345268249512,False,18.27225942116783,13,0.00126953125
1011110010,13315,"[2, 1, 0, 3]",600,215.8660888671875,True,18.27225942116783,13,0.00126953125
1011110010,13316,"[2, 1, 0, 3]",600,215.8832550048828,False,18.27225942116783,13,0.00126953125
1011110010,13317,"[2, 1, 0, 3]",600,215.8961296081543,True,18.27225942116783,13,0.00126953125
1011110010,13318,"[2, 1, 0, 3]",600,215.9135341644287,False,18.27225942116783,13,0.00126953125
1011110010,13319,"[2, 1, 0, 3]",600,215.9264087677002,True,18.27225942116783,13,0.00126953125
1011110010,13320,"[2, 1, 0, 3]",600,215.9430980682373,False,18.27225942116783,13,0.00126953125
1011110010,13321,"[2, 1, 0, 3]",600,215.9559726715088,True,18.27225942116783,13,0.00126953125
1011110010,13322,"[2, 1, 0, 3]",600,215.9731388092041,False,18.27225942116783,13,0.00126953125
1011110010,13323,"[2, 1, 0, 3]",600,215.9864902496338,True,18.27225942116783,13,0.00126953125
1011110010,13324,"[2, 1, 0, 3]",600,216.0036563873291,False,18.27225942116783,13,0.00126953125
1011110010,13325,"[2, 1, 0, 3]",600,216.0170078277588,True,18.27225942116783,13,0.00126953125
1010011010,13326,"[3, 1, 0, 2]",900,216.0341739654541,False,24.732215692871492,13,0.00126953125
1010011010,13327,"[3, 1, 0, 2]",900,216.0470485687256,True,24.732215692871492,13,0.00126953125
1010011010,13328,"[3, 1, 0, 2]",900,216.064453125,False,24.732215692871492,13,0.00126953125
1010011010,13329,"[3, 1, 0, 2]",900,216.0775661468506,True,24.732215692871492,13,0.00126953125
1010011010,13330,"[3, 1, 0, 2]",900,216.0947322845459,False,24.732215692871492,13,0.00126953125
1010011010,13331,"[3, 1, 0, 2]",900,216.10784530639648,True,24.732215692871492,13,0.00126953125
1010011010,13332,"[3, 1, 0, 2]",900,216.1250114440918,False,24.732215692871492,13,0.00126953125
1010011010,13333,"[3, 1, 0, 2]",900,216.1397933959961,True,24.732215692871492,13,0.00126953125
1010011010,13334,"[3, 1, 0, 2]",900,216.1576747894287,False,24.732215692871492,13,0.00126953125
1010011010,13335,"[3, 1, 0, 2]",900,216.1710262298584,True,24.732215692871492,13,0.00126953125
1010011010,13336,"[3, 1, 0, 2]",900,216.1886692047119,False,24.732215692871492,13,0.00126953125
1010011010,13337,"[3, 1, 0, 2]",900,216.2017822265625,True,24.732215692871492,13,0.00126953125
1010011010,13338,"[3, 1, 0, 2]",900,216.21942520141602,False,24.732215692871492,13,0.00126953125
1010011010,13339,"[3, 1, 0, 2]",900,216.2322998046875,True,24.732215692871492,13,0.00126953125
1010011010,13340,"[3, 1, 0, 2]",900,216.24994277954102,False,24.732215692871492,13,0.00126953125
1010011010,13341,"[3, 1, 0, 2]",900,216.2630558013916,True,24.732215692871492,13,0.00126953125
1010011010,13342,"[3, 1, 0, 2]",900,216.28212928771973,False,24.732215692871492,13,0.00126953125
1010011010,13343,"[3, 1, 0, 2]",900,216.2952423095703,True,24.732215692871492,13,0.00126953125
1010011010,13344,"[3, 1, 0, 2]",900,216.31288528442383,False,24.732215692871492,13,0.00126953125
1010011010,13345,"[3, 1, 0, 2]",900,216.3257598876953,True,24.732215692871492,13,0.00126953125
1010011010,13346,"[3, 1, 0, 2]",900,216.34316444396973,False,24.732215692871492,13,0.00126953125
1010011010,13347,"[3, 1, 0, 2]",900,216.3558006286621,True,24.732215692871492,13,0.00126953125
1010011010,13348,"[3, 1, 0, 2]",900,216.37296676635742,False,24.732215692871492,13,0.00126953125
1010011010,13349,"[3, 1, 0, 2]",900,216.3863182067871,True,24.732215692871492,13,0.00126953125
1010011010,13350,"[3, 1, 0, 2]",900,216.40348434448242,False,24.732215692871492,13,0.00126953125
1010011010,13351,"[3, 1, 0, 2]",900,216.4168357849121,True,24.732215692871492,13,0.00126953125
1001001100,13352,"[3, 0, 1, 2]",750,216.43400192260742,False,17.175666353837993,13,0.00126953125
1001001100,13353,"[3, 0, 1, 2]",750,216.4475917816162,True,17.175666353837993,13,0.00126953125
1001001100,13354,"[3, 0, 1, 2]",750,216.46595001220703,False,17.175666353837993,13,0.00126953125
1001001100,13355,"[3, 0, 1, 2]",750,216.47977828979492,True,17.175666353837993,13,0.00126953125
1001001100,13356,"[3, 0, 1, 2]",750,216.49742126464844,False,17.175666353837993,13,0.00126953125
1001001100,13357,"[3, 0, 1, 2]",750,216.51077270507812,True,17.175666353837993,13,0.00126953125
1001001100,13358,"[3, 0, 1, 2]",750,216.52793884277344,False,17.175666353837993,13,0.00126953125
1001001100,13359,"[3, 0, 1, 2]",750,216.54105186462402,True,17.175666353837993,13,0.00126953125
1001001100,13360,"[3, 0, 1, 2]",750,216.55821800231934,False,17.175666353837993,13,0.00126953125
1001001100,13361,"[3, 0, 1, 2]",750,216.57133102416992,True,17.175666353837993,13,0.00126953125
1001001100,13362,"[3, 0, 1, 2]",750,216.58873558044434,False,17.175666353837993,13,0.00126953125
1001001100,13363,"[3, 0, 1, 2]",750,216.60184860229492,True,17.175666353837993,13,0.00126953125
1001001100,13364,"[3, 0, 1, 2]",750,216.61925315856934,False,17.175666353837993,13,0.00126953125
1001001100,13365,"[3, 0, 1, 2]",750,216.63236618041992,True,17.175666353837993,13,0.00126953125
1001001100,13366,"[3, 0, 1, 2]",750,216.64953231811523,False,17.175666353837993,13,0.00126953125
1001001100,13367,"[3, 0, 1, 2]",750,216.66240692138672,True,17.175666353837993,13,0.00126953125
1001001100,13368,"[3, 0, 1, 2]",750,216.67957305908203,False,17.175666353837993,13,0.00126953125
1001001100,13369,"[3, 0, 1, 2]",750,216.69244766235352,True,17.175666353837993,13,0.00126953125
1001001100,13370,"[3, 0, 1, 2]",750,216.70961380004883,False,17.175666353837993,13,0.00126953125
1001001100,13371,"[3, 0, 1, 2]",750,216.7227268218994,True,17.175666353837993,13,0.00126953125
1001001100,13372,"[3, 0, 1, 2]",750,216.73965454101562,False,17.175666353837993,13,0.00126953125
1001001100,13373,"[3, 0, 1, 2]",750,216.7527675628662,True,17.175666353837993,13,0.00126953125
1001001100,13374,"[3, 0, 1, 2]",750,216.78566932678223,False,17.175666353837993,13,0.00126953125
1001001100,13375,"[3, 0, 1, 2]",750,216.80116653442383,True,17.175666353837993,13,0.00126953125
1001001100,13376,"[3, 0, 1, 2]",750,216.83001518249512,False,17.175666353837993,13,0.00126953125
1001001100,13377,"[3, 0, 1, 2]",750,216.8436050415039,True,17.175666353837993,13,0.00126953125
1111000101,13378,"[1, 0, 3, 2]",465,216.86100959777832,False,11.774909810992618,13,0.00126953125
1111000101,13379,"[1, 0, 3, 2]",465,216.8745994567871,True,11.774909810992618,13,0.00126953125
1111000101,13380,"[1, 0, 3, 2]",465,216.89200401306152,False,11.774909810992618,13,0.00126953125
1111000101,13381,"[1, 0, 3, 2]",465,216.9055938720703,True,11.774909810992618,13,0.00126953125
1111000101,13382,"[1, 0, 3, 2]",465,216.92276000976562,False,11.774909810992618,13,0.00126953125
1111000101,13383,"[1, 0, 3, 2]",465,216.9358730316162,True,11.774909810992618,13,0.00126953125
1111000101,13384,"[1, 0, 3, 2]",465,216.95327758789062,False,11.774909810992618,13,0.00126953125
1111000101,13385,"[1, 0, 3, 2]",465,216.9663906097412,True,11.774909810992618,13,0.00126953125
1111000101,13386,"[1, 0, 3, 2]",465,216.98355674743652,False,11.774909810992618,13,0.00126953125
1111000101,13387,"[1, 0, 3, 2]",465,216.9966697692871,True,11.774909810992618,13,0.00126953125
1111000101,13388,"[1, 0, 3, 2]",465,217.01407432556152,False,11.774909810992618,13,0.00126953125
1111000101,13389,"[1, 0, 3, 2]",465,217.026948928833,True,11.774909810992618,13,0.00126953125
1111000101,13390,"[1, 0, 3, 2]",465,217.04435348510742,False,11.774909810992618,13,0.00126953125
1111000101,13391,"[1, 0, 3, 2]",465,217.0572280883789,True,11.774909810992618,13,0.00126953125
1111000101,13392,"[1, 0, 3, 2]",465,217.07677841186523,False,11.774909810992618,13,0.00126953125
1111000101,13393,"[1, 0, 3, 2]",465,217.09036827087402,True,11.774909810992618,13,0.00126953125
1111000101,13394,"[1, 0, 3, 2]",465,217.10824966430664,False,11.774909810992618,13,0.00126953125
1111000101,13395,"[1, 0, 3, 2]",465,217.12136268615723,True,11.774909810992618,13,0.00126953125
1111000101,13396,"[1, 0, 3, 2]",465,217.13972091674805,False,11.774909810992618,13,0.00126953125
1111000101,13397,"[1, 0, 3, 2]",465,217.15307235717773,True,11.774909810992618,13,0.00126953125
1111000101,13398,"[1, 0, 3, 2]",465,217.17047691345215,False,11.774909810992618,13,0.00126953125
1111000101,13399,"[1, 0, 3, 2]",465,217.18335151672363,True,11.774909810992618,13,0.00126953125
1111000101,13400,"[1, 0, 3, 2]",465,217.20027923583984,False,11.774909810992618,13,0.00126953125
1111000101,13401,"[1, 0, 3, 2]",465,217.21291542053223,True,11.774909810992618,13,0.00126953125
1111000101,13402,"[1, 0, 3, 2]",465,217.23008155822754,False,11.774909810992618,13,0.00126953125
1111000101,13403,"[1, 0, 3, 2]",465,217.24295616149902,True,11.774909810992618,13,0.00126953125
0011101010,13404,"[1, 3, 2, 0]",9450,217.26036071777344,False,26.110739454205536,13,0.00126953125
0011101010,13405,"[1, 0, 3, 2]",465,217.27347373962402,True,26.110739454205536,13,0.00126953125
0011101010,13406,"[1, 3, 2, 0]",9450,217.29063987731934,False,26.110739454205536,13,0.00126953125
0011101010,13407,"[1, 0, 3, 2]",465,217.30351448059082,True,26.110739454205536,13,0.00126953125
0011101010,13408,"[1, 3, 2, 0]",9450,217.32115745544434,False,26.110739454205536,13,0.00126953125
0011101010,13409,"[1, 0, 3, 2]",465,217.33450889587402,True,26.110739454205536,13,0.00126953125
0011101010,13410,"[1, 3, 2, 0]",9450,217.35167503356934,False,26.110739454205536,13,0.00126953125
0011101010,13411,"[1, 0, 3, 2]",465,217.36478805541992,True,26.110739454205536,13,0.00126953125
0011101010,13412,"[1, 3, 2, 0]",9450,217.38195419311523,False,26.110739454205536,13,0.00126953125
0011101010,13413,"[1, 0, 3, 2]",465,217.39530563354492,True,26.110739454205536,13,0.00126953125
0011101010,13414,"[1, 3, 2, 0]",9450,217.41247177124023,False,26.110739454205536,13,0.00126953125
0011101010,13415,"[1, 0, 3, 2]",465,217.42725372314453,True,26.110739454205536,13,0.00126953125
0011101010,13416,"[1, 3, 2, 0]",9450,217.44465827941895,False,26.110739454205536,13,0.00126953125
0011101010,13417,"[1, 0, 3, 2]",465,217.45848655700684,True,26.110739454205536,13,0.00126953125
0011101010,13418,"[1, 3, 2, 0]",9450,217.47756004333496,False,26.110739454205536,13,0.00126953125
0011101010,13419,"[1, 0, 3, 2]",465,217.49544143676758,True,26.110739454205536,13,0.00126953125
0011101010,13420,"[1, 3, 2, 0]",9450,217.529296875,False,26.110739454205536,13,0.00126953125
0011101010,13421,"[1, 0, 3, 2]",465,217.5431251525879,True,26.110739454205536,13,0.00126953125
0011101010,13422,"[1, 3, 2, 0]",9450,217.5614833831787,False,26.110739454205536,13,0.00126953125
0011101010,13423,"[1, 0, 3, 2]",465,217.5750732421875,True,26.110739454205536,13,0.00126953125
0011101010,13424,"[1, 3, 2, 0]",9450,217.59295463562012,False,26.110739454205536,13,0.00126953125
0011101010,13425,"[1, 0, 3, 2]",465,217.6065444946289,True,26.110739454205536,13,0.00126953125
0011101010,13426,"[1, 3, 2, 0]",9450,217.62442588806152,False,26.110739454205536,13,0.00126953125
0011101010,13427,"[1, 0, 3, 2]",465,217.6380157470703,True,26.110739454205536,13,0.00126953125
0011101010,13428,"[1, 3, 2, 0]",9450,217.65589714050293,False,26.110739454205536,13,0.00126953125
0011101010,13429,"[1, 0, 3, 2]",465,217.66948699951172,True,26.110739454205536,13,0.00126953125
0110101001,13430,"[3, 2, 1, 0]",9600,217.68760681152344,False,33.63603382345701,13,0.00126953125
0110101001,13431,"[3, 2, 1, 0]",9600,217.70167350769043,True,33.63603382345701,13,0.00126953125
0110101001,13432,"[3, 2, 1, 0]",9600,217.71955490112305,False,33.63603382345701,13,0.00126953125
0110101001,13433,"[3, 2, 1, 0]",9600,217.73362159729004,True,33.63603382345701,13,0.00126953125
0110101001,13434,"[3, 2, 1, 0]",9600,217.75174140930176,False,33.63603382345701,13,0.00126953125
0110101001,13435,"[3, 2, 1, 0]",9600,217.76533126831055,True,33.63603382345701,13,0.00126953125
0110101001,13436,"[3, 2, 1, 0]",9600,217.78368949890137,False,33.63603382345701,13,0.00126953125
0110101001,13437,"[3, 2, 1, 0]",9600,217.79727935791016,True,33.63603382345701,13,0.00126953125
0110101001,13438,"[3, 2, 1, 0]",9600,217.81635284423828,False,33.63603382345701,13,0.00126953125
0110101001,13439,"[3, 2, 1, 0]",9600,217.83018112182617,True,33.63603382345701,13,0.00126953125
0110101001,13440,"[3, 2, 1, 0]",9600,217.8483009338379,False,33.63603382345701,13,0.00126953125
0110101001,13441,"[3, 2, 1, 0]",9600,217.86165237426758,True,33.63603382345701,13,0.00126953125
0110101001,13442,"[3, 2, 1, 0]",9600,217.8797721862793,False,33.63603382345701,13,0.00126953125
0110101001,13443,"[3, 2, 1, 0]",9600,217.8950309753418,True,33.63603382345701,13,0.00126953125
0110101001,13444,"[3, 2, 1, 0]",9600,217.91410446166992,False,33.63603382345701,13,0.00126953125
0110101001,13445,"[3, 2, 1, 0]",9600,217.9274559020996,True,33.63603382345701,13,0.00126953125
0110101001,13446,"[3, 2, 1, 0]",9600,217.94581413269043,False,33.63603382345701,13,0.00126953125
0110101001,13447,"[3, 2, 1, 0]",9600,217.95916557312012,True,33.63603382345701,13,0.00126953125
0110101001,13448,"[3, 2, 1, 0]",9600,217.97776222229004,False,33.63603382345701,13,0.00126953125
0110101001,13449,"[3, 2, 1, 0]",9600,217.99063682556152,True,33.63603382345701,13,0.00126953125
0110101001,13450,"[3, 2, 1, 0]",9600,218.0185317993164,False,33.63603382345701,13,0.00126953125
0110101001,13451,"[3, 2, 1, 0]",9600,218.0311679840088,True,33.63603382345701,13,0.00126953125
0110101001,13452,"[3, 2, 1, 0]",9600,218.0485725402832,False,33.63603382345701,13,0.00126953125
0110101001,13453,"[3, 2, 1, 0]",9600,218.0612087249756,True,33.63603382345701,13,0.00126953125
0110101001,13454,"[3, 2, 1, 0]",9600,218.0781364440918,False,33.63603382345701,13,0.00126953125
0110101001,13455,"[3, 2, 1, 0]",9600,218.09101104736328,True,33.63603382345701,13,0.00126953125
0000000001,13456,"[3, 2, 1, 0]",9600,218.1081771850586,False,31.0,13,0.00126953125
0000000001,13457,"[3, 2, 1, 0]",9600,218.12129020690918,True,31.0,13,0.00126953125
0000000001,13458,"[3, 2, 1, 0]",9600,218.1386947631836,False,31.0,13,0.00126953125
0000000001,13459,"[3, 2, 1, 0]",9600,218.1532382965088,True,31.0,13,0.00126953125
0000000001,13460,"[3, 2, 1, 0]",9600,218.1715965270996,False,31.0,13,0.00126953125
0000000001,13461,"[3, 2, 1, 0]",9600,218.1847095489502,True,31.0,13,0.00126953125
0000000001,13462,"[3, 2, 1, 0]",9600,218.2021141052246,False,31.0,13,0.00126953125
0000000001,13463,"[3, 2, 1, 0]",9600,218.2152271270752,True,31.0,13,0.00126953125
0000000001,13464,"[3, 2, 1, 0]",9600,218.2326316833496,False,31.0,13,0.00126953125
0000000001,13465,"[3, 2, 1, 0]",9600,218.2455062866211,True,31.0,13,0.00126953125
0000000001,13466,"[3, 2, 1, 0]",9600,218.2626724243164,False,31.0,13,0.00126953125
0000000001,13467,"[3, 2, 1, 0]",9600,218.2753086090088,True,31.0,13,0.00126953125
0000000001,13468,"[3, 2, 1, 0]",9600,218.292236328125,False,31.0,13,0.00126953125
0000000001,13469,"[3, 2, 1, 0]",9600,218.30511093139648,True,31.0,13,0.00126953125
0000000001,13470,"[3, 2, 1, 0]",9600,218.3222770690918,False,31.0,13,0.00126953125
0000000001,13471,"[3, 2, 1, 0]",9600,218.33539009094238,True,31.0,13,0.00126953125
0000000001,13472,"[3, 2, 1, 0]",9600,218.3527946472168,False,31.0,13,0.00126953125
0000000001,13473,"[3, 2, 1, 0]",9600,218.36543083190918,True,31.0,13,0.00126953125
0000000001,13474,"[3, 2, 1, 0]",9600,218.3828353881836,False,31.0,13,0.00126953125
0000000001,13475,"[3, 2, 1, 0]",9600,218.39570999145508,True,31.0,13,0.00126953125
0000000001,13476,"[3, 2, 1, 0]",9600,218.4133529663086,False,31.0,13,0.00126953125
0000000001,13477,"[3, 2, 1, 0]",9600,218.42598915100098,True,31.0,13,0.00126953125
0000000001,13478,"[3, 2, 1, 0]",9600,218.4431552886963,False,31.0,13,0.00126953125
0000000001,13479,"[3, 2, 1, 0]",9600,218.45555305480957,True,31.0,13,0.00126953125
0000000001,13480,"[3, 2, 1, 0]",9600,218.4739112854004,False,31.0,13,0.00126953125
0000000001,13481,"[3, 2, 1, 0]",9600,218.48702430725098,True,31.0,13,0.00126953125
0001100111,13482,"[2, 3, 1, 0]",9600,218.5046672821045,False,14.823730673992848,13,0.00126953125
0001100111,13483,"[2, 3, 1, 0]",9600,218.51801872253418,True,14.823730673992848,13,0.00126953125
0001100111,13484,"[2, 3, 1, 0]",9600,218.5354232788086,False,14.823730673992848,13,0.00126953125
0001100111,13485,"[2, 3, 1, 0]",9600,218.54853630065918,True,14.823730673992848,13,0.00126953125
0001100111,13486,"[2, 3, 1, 0]",9600,218.5657024383545,False,14.823730673992848,13,0.00126953125
0001100111,13487,"[2, 3, 1, 0]",9600,218.57857704162598,True,14.823730673992848,13,0.00126953125
0001100111,13488,"[2, 3, 1, 0]",9600,218.6119556427002,False,14.823730673992848,13,0.00126953125
0001100111,13489,"[2, 3, 1, 0]",9600,218.6257839202881,True,14.823730673992848,13,0.00126953125
0001100111,13490,"[2, 3, 1, 0]",9600,218.6434268951416,False,14.823730673992848,13,0.00126953125
0001100111,13491,"[2, 3, 1, 0]",9600,218.6567783355713,True,14.823730673992848,13,0.00126953125
0001100111,13492,"[2, 3, 1, 0]",9600,218.6746597290039,False,14.823730673992848,13,0.00126953125
0001100111,13493,"[2, 3, 1, 0]",9600,218.69134902954102,True,14.823730673992848,13,0.00126953125
0001100111,13494,"[2, 3, 1, 0]",9600,218.7199592590332,False,14.823730673992848,13,0.00126953125
0001100111,13495,"[2, 3, 1, 0]",9600,218.7330722808838,True,14.823730673992848,13,0.00126953125
0001100111,13496,"[2, 3, 1, 0]",9600,218.7504768371582,False,14.823730673992848,13,0.00126953125
0001100111,13497,"[2, 3, 1, 0]",9600,218.7633514404297,True,14.823730673992848,13,0.00126953125
0001100111,13498,"[2, 3, 1, 0]",9600,218.7802791595459,False,14.823730673992848,13,0.00126953125
0001100111,13499,"[2, 3, 1, 0]",9600,218.79267692565918,True,14.823730673992848,13,0.00126953125
0001100111,13500,"[2, 3, 1, 0]",9600,218.8098430633545,False,14.823730673992848,13,0.00126953125
0001100111,13501,"[2, 3, 1, 0]",9600,218.8241481781006,True,14.823730673992848,13,0.00126953125
0001100111,13502,"[2, 3, 1, 0]",9600,218.8422679901123,False,14.823730673992848,13,0.00126953125
0001100111,13503,"[2, 3, 1, 0]",9600,218.8551425933838,True,14.823730673992848,13,0.00126953125
0001100111,13504,"[2, 3, 1, 0]",9600,218.8723087310791,False,14.823730673992848,13,0.00126953125
0001100111,13505,"[2, 3, 1, 0]",9600,218.8851833343506,True,14.823730673992848,13,0.00126953125
0001100111,13506,"[2, 3, 1, 0]",9600,218.9023494720459,False,14.823730673992848,13,0.00126953125
0001100111,13507,"[2, 3, 1, 0]",9600,218.91522407531738,True,14.823730673992848,13,0.00126953125
1000011100,13508,"[3, 0, 2, 1]",6300,218.9326286315918,False,17.854254080592117,13,0.00126953125
1000011100,13509,"[3, 0, 1, 2]",750,218.9464569091797,True,17.854254080592117,13,0.00126953125
1000011100,13510,"[3, 0, 2, 1]",6300,218.9640998840332,False,17.854254080592117,13,0.00126953125
1000011100,13511,"[3, 0, 1, 2]",750,218.9772129058838,True,17.854254080592117,13,0.00126953125
1000011100,13512,"[3, 0, 2, 1]",6300,218.9946174621582,False,17.854254080592117,13,0.00126953125
1000011100,13513,"[3, 0, 1, 2]",750,219.0079689025879,True,17.854254080592117,13,0.00126953125
1000011100,13514,"[3, 0, 2, 1]",6300,219.0253734588623,False,17.854254080592117,13,0.00126953125
1000011100,13515,"[3, 0, 1, 2]",750,219.038724899292,True,17.854254080592117,13,0.00126953125
1000011100,13516,"[3, 0, 2, 1]",6300,219.0561294555664,False,17.854254080592117,13,0.00126953125
1000011100,13517,"[3, 0, 1, 2]",750,219.069242477417,True,17.854254080592117,13,0.00126953125
1000011100,13518,"[3, 0, 2, 1]",6300,219.0866470336914,False,17.854254080592117,13,0.00126953125
1000011100,13519,"[3, 0, 1, 2]",750,219.0995216369629,True,17.854254080592117,13,0.00126953125
1000011100,13520,"[3, 0, 2, 1]",6300,219.1169261932373,False,17.854254080592117,13,0.00126953125
1000011100,13521,"[3, 0, 1, 2]",750,219.1295623779297,True,17.854254080592117,13,0.00126953125
1000011100,13522,"[3, 0, 2, 1]",6300,219.1481590270996,False,17.854254080592117,13,0.00126953125
1000011100,13523,"[3, 0, 1, 2]",750,219.1612720489502,True,17.854254080592117,13,0.00126953125
1000011100,13524,"[3, 0, 2, 1]",6300,219.1791534423828,False,17.854254080592117,13,0.00126953125
1000011100,13525,"[3, 0, 1, 2]",750,219.1920280456543,True,17.854254080592117,13,0.00126953125
1000011100,13526,"[3, 0, 2, 1]",6300,219.2096710205078,False,17.854254080592117,13,0.00126953125
1000011100,13527,"[3, 0, 1, 2]",750,219.2227840423584,True,17.854254080592117,13,0.00126953125
1000011100,13528,"[3, 0, 2, 1]",6300,219.2401885986328,False,17.854254080592117,13,0.00126953125
1000011100,13529,"[3, 0, 1, 2]",750,219.2533016204834,True,17.854254080592117,13,0.00126953125
1000011100,13530,"[3, 0, 2, 1]",6300,219.2704677581787,False,17.854254080592117,13,0.00126953125
1000011100,13531,"[3, 0, 1, 2]",750,219.2838191986084,True,17.854254080592117,13,0.00126953125
1000011100,13532,"[3, 0, 2, 1]",6300,219.3012237548828,False,17.854254080592117,13,0.00126953125
1000011100,13533,"[3, 0, 1, 2]",750,219.3145751953125,True,17.854254080592117,13,0.00126953125
0111100010,13534,"[1, 2, 0, 3]",600,219.3319797515869,False,12.917260368883131,13,0.00126953125
0111100010,13535,"[1, 0, 2, 3]",315,219.3455696105957,True,12.917260368883131,13,0.00126953125
0111100010,13536,"[1, 2, 0, 3]",600,219.36297416687012,False,12.917260368883131,13,0.00126953125
0111100010,13537,"[1, 0, 2, 3]",315,219.3763256072998,True,12.917260368883131,13,0.00126953125
0111100010,13538,"[1, 2, 0, 3]",600,219.39349174499512,False,12.917260368883131,13,0.00126953125
0111100010,13539,"[1, 0, 2, 3]",315,219.4066047668457,True,12.917260368883131,13,0.00126953125
0111100010,13540,"[1, 2, 0, 3]",600,219.42377090454102,False,12.917260368883131,13,0.00126953125
0111100010,13541,"[1, 0, 2, 3]",315,219.4368839263916,True,12.917260368883131,13,0.00126953125
0111100010,13542,"[1, 2, 0, 3]",600,219.45428848266602,False,12.917260368883131,13,0.00126953125
0111100010,13543,"[1, 0, 2, 3]",315,219.46978569030762,True,12.917260368883131,13,0.00126953125
0111100010,13544,"[1, 2, 0, 3]",600,219.48838233947754,False,12.917260368883131,13,0.00126953125
0111100010,13545,"[1, 0, 2, 3]",315,219.50197219848633,True,12.917260368883131,13,0.00126953125
0111100010,13546,"[1, 2, 0, 3]",600,219.51937675476074,False,12.917260368883131,13,0.00126953125
0111100010,13547,"[1, 0, 2, 3]",315,219.53225135803223,True,12.917260368883131,13,0.00126953125
0111100010,13548,"[1, 2, 0, 3]",600,219.54965591430664,False,12.917260368883131,13,0.00126953125
0111100010,13549,"[1, 0, 2, 3]",315,219.56276893615723,True,12.917260368883131,13,0.00126953125
0111100010,13550,"[1, 2, 0, 3]",600,219.57993507385254,False,12.917260368883131,13,0.00126953125
0111100010,13551,"[1, 0, 2, 3]",315,219.59280967712402,True,12.917260368883131,13,0.00126953125
0111100010,13552,"[1, 2, 0, 3]",600,219.60997581481934,False,12.917260368883131,13,0.00126953125
0111100010,13553,"[1, 0, 2, 3]",315,219.62285041809082,True,12.917260368883131,13,0.00126953125
0111100010,13554,"[1, 2, 0, 3]",600,219.64001655578613,False,12.917260368883131,13,0.00126953125
0111100010,13555,"[1, 0, 2, 3]",315,219.65312957763672,True,12.917260368883131,13,0.00126953125
0111100010,13556,"[1, 2, 0, 3]",600,219.67029571533203,False,12.917260368883131,13,0.00126953125
0111100010,13557,"[1, 0, 2, 3]",315,219.68340873718262,True,12.917260368883131,13,0.00126953125
0111100010,13558,"[1, 2, 0, 3]",600,219.70081329345703,False,12.917260368883131,13,0.00126953125
0111100010,13559,"[1, 0, 2, 3]",315,219.71368789672852,True,12.917260368883131,13,0.00126953125
0010111110,13560,"[3, 2, 1, 0]",9600,219.73133087158203,False,24.44567317458656,13,0.00126953125
0010111110,13561,"[3, 2, 1, 0]",9600,219.74444389343262,True,24.44567317458656,13,0.00126953125
0010111110,13562,"[3, 2, 1, 0]",9600,219.76232528686523,False,24.44567317458656,13,0.00126953125
0010111110,13563,"[3, 2, 1, 0]",9600,219.77519989013672,True,24.44567317458656,13,0.00126953125
0010111110,13564,"[3, 2, 1, 0]",9600,219.79403495788574,False,24.44567317458656,13,0.00126953125
0010111110,13565,"[3, 2, 1, 0]",9600,219.80738639831543,True,24.44567317458656,13,0.00126953125
0010111110,13566,"[3, 2, 1, 0]",9600,219.82479095458984,False,24.44567317458656,13,0.00126953125
0010111110,13567,"[3, 2, 1, 0]",9600,219.83766555786133,True,24.44567317458656,13,0.00126953125
0010111110,13568,"[3, 2, 1, 0]",9600,219.85483169555664,False,24.44567317458656,13,0.00126953125
0010111110,13569,"[3, 2, 1, 0]",9600,219.86770629882812,True,24.44567317458656,13,0.00126953125
0010111110,13570,"[3, 2, 1, 0]",9600,219.88534927368164,False,24.44567317458656,13,0.00126953125
0010111110,13571,"[3, 2, 1, 0]",9600,219.89798545837402,True,24.44567317458656,13,0.00126953125
0010111110,13572,"[3, 2, 1, 0]",9600,219.91539001464844,False,24.44567317458656,13,0.00126953125
0010111110,13573,"[3, 2, 1, 0]",9600,219.92778778076172,True,24.44567317458656,13,0.00126953125
0010111110,13574,"[3, 2, 1, 0]",9600,219.94495391845703,False,24.44567317458656,13,0.00126953125
0010111110,13575,"[3, 2, 1, 0]",9600,219.9575901031494,True,24.44567317458656,13,0.00126953125
0010111110,13576,"[3, 2, 1, 0]",9600,219.97475624084473,False,24.44567317458656,13,0.00126953125
0010111110,13577,"[3, 2, 1, 0]",9600,219.987154006958,True,24.44567317458656,13,0.00126953125
0010111110,13578,"[3, 2, 1, 0]",9600,220.00432014465332,False,24.44567317458656,13,0.00126953125
0010111110,13579,"[3, 2, 1, 0]",9600,220.0169563293457,True,24.44567317458656,13,0.00126953125
0010111110,13580,"[3, 2, 1, 0]",9600,220.03412246704102,False,24.44567317458656,13,0.00126953125
0010111110,13581,"[3, 2, 1, 0]",9600,220.0469970703125,True,24.44567317458656,13,0.00126953125
0010111110,13582,"[3, 2, 1, 0]",9600,220.0639247894287,False,24.44567317458656,13,0.00126953125
0010111110,13583,"[3, 2, 1, 0]",9600,220.0791835784912,True,24.44567317458656,13,0.00126953125
0010111110,13584,"[3, 2, 1, 0]",9600,220.09682655334473,False,24.44567317458656,13,0.00126953125
0010111110,13585,"[3, 2, 1, 0]",9600,220.11041641235352,True,24.44567317458656,13,0.00126953125
0011111111,13586,"[3, 2, 1, 0]",9600,220.13020515441895,False,23.455097609156724,13,0.00126953125
0011111111,13587,"[3, 2, 1, 0]",9600,220.14355659484863,True,23.455097609156724,13,0.00126953125
0011111111,13588,"[3, 2, 1, 0]",9600,220.16096115112305,False,23.455097609156724,13,0.00126953125
0011111111,13589,"[3, 2, 1, 0]",9600,220.17383575439453,True,23.455097609156724,13,0.00126953125
0011111111,13590,"[3, 2, 1, 0]",9600,220.19100189208984,False,23.455097609156724,13,0.00126953125
0011111111,13591,"[3, 2, 1, 0]",9600,220.20387649536133,True,23.455097609156724,13,0.00126953125
0011111111,13592,"[3, 2, 1, 0]",9600,220.22104263305664,False,23.455097609156724,13,0.00126953125
0011111111,13593,"[3, 2, 1, 0]",9600,220.23344039916992,True,23.455097609156724,13,0.00126953125
0011111111,13594,"[3, 2, 1, 0]",9600,220.25299072265625,False,23.455097609156724,13,0.00126953125
0011111111,13595,"[3, 2, 1, 0]",9600,220.26610374450684,True,23.455097609156724,13,0.00126953125
0011111111,13596,"[3, 2, 1, 0]",9600,220.28398513793945,False,23.455097609156724,13,0.00126953125
0011111111,13597,"[3, 2, 1, 0]",9600,220.29685974121094,True,23.455097609156724,13,0.00126953125
0011111111,13598,"[3, 2, 1, 0]",9600,220.31426429748535,False,23.455097609156724,13,0.00126953125
0011111111,13599,"[3, 2, 1, 0]",9600,220.32666206359863,True,23.455097609156724,13,0.00126953125
0011111111,13600,"[3, 2, 1, 0]",9600,220.34406661987305,False,23.455097609156724,13,0.00126953125
0011111111,13601,"[3, 2, 1, 0]",9600,220.35670280456543,True,23.455097609156724,13,0.00126953125
0011111111,13602,"[3, 2, 1, 0]",9600,220.37410736083984,False,23.455097609156724,13,0.00126953125
0011111111,13603,"[3, 2, 1, 0]",9600,220.38650512695312,True,23.455097609156724,13,0.00126953125
0011111111,13604,"[3, 2, 1, 0]",9600,220.40390968322754,False,23.455097609156724,13,0.00126953125
0011111111,13605,"[3, 2, 1, 0]",9600,220.41654586791992,True,23.455097609156724,13,0.00126953125
0011111111,13606,"[3, 2, 1, 0]",9600,220.43490409851074,False,23.455097609156724,13,0.00126953125
0011111111,13607,"[3, 2, 1, 0]",9600,220.44801712036133,True,23.455097609156724,13,0.00126953125
0011111111,13608,"[3, 2, 1, 0]",9600,220.46566009521484,False,23.455097609156724,13,0.00126953125
0011111111,13609,"[3, 2, 1, 0]",9600,220.47877311706543,True,23.455097609156724,13,0.00126953125
0011111111,13610,"[3, 2, 1, 0]",9600,220.49593925476074,False,23.455097609156724,13,0.00126953125
0011111111,13611,"[3, 2, 1, 0]",9600,220.50881385803223,True,23.455097609156724,13,0.00126953125
1111011101,13612,"[3, 1, 0, 2]",900,220.52597999572754,False,32.98199549426178,13,0.00126953125
1111011101,13613,"[3, 1, 0, 2]",900,220.53933143615723,True,32.98199549426178,13,0.00126953125
1111011101,13614,"[3, 1, 0, 2]",900,220.55673599243164,False,32.98199549426178,13,0.00126953125
1111011101,13615,"[3, 1, 0, 2]",900,220.57008743286133,True,32.98199549426178,13,0.00126953125
1111011101,13616,"[3, 1, 0, 2]",900,220.58725357055664,False,32.98199549426178,13,0.00126953125
1111011101,13617,"[3, 1, 0, 2]",900,220.60060501098633,True,32.98199549426178,13,0.00126953125
1111011101,13618,"[3, 1, 0, 2]",900,220.61800956726074,False,32.98199549426178,13,0.00126953125
1111011101,13619,"[3, 1, 0, 2]",900,220.63112258911133,True,32.98199549426178,13,0.00126953125
1111011101,13620,"[3, 1, 0, 2]",900,220.64876556396484,False,32.98199549426178,13,0.00126953125
1111011101,13621,"[3, 1, 0, 2]",900,220.66187858581543,True,32.98199549426178,13,0.00126953125
1111011101,13622,"[3, 1, 0, 2]",900,220.67952156066895,False,32.98199549426178,13,0.00126953125
1111011101,13623,"[3, 1, 0, 2]",900,220.69263458251953,True,32.98199549426178,13,0.00126953125
1111011101,13624,"[3, 1, 0, 2]",900,220.71003913879395,False,32.98199549426178,13,0.00126953125
1111011101,13625,"[3, 1, 0, 2]",900,220.72291374206543,True,32.98199549426178,13,0.00126953125
1111011101,13626,"[3, 1, 0, 2]",900,220.74031829833984,False,32.98199549426178,13,0.00126953125
1111011101,13627,"[3, 1, 0, 2]",900,220.75510025024414,True,32.98199549426178,13,0.00126953125
1111011101,13628,"[3, 1, 0, 2]",900,220.77274322509766,False,32.98199549426178,13,0.00126953125
1111011101,13629,"[3, 1, 0, 2]",900,220.78585624694824,True,32.98199549426178,13,0.00126953125
1111011101,13630,"[3, 1, 0, 2]",900,220.80326080322266,False,32.98199549426178,13,0.00126953125
1111011101,13631,"[3, 1, 0, 2]",900,220.81637382507324,True,32.98199549426178,13,0.00126953125
1111011101,13632,"[3, 1, 0, 2]",900,220.83377838134766,False,32.98199549426178,13,0.00126953125
1111011101,13633,"[3, 1, 0, 2]",900,220.84712982177734,True,32.98199549426178,13,0.00126953125
1111011101,13634,"[3, 1, 0, 2]",900,220.86453437805176,False,32.98199549426178,13,0.00126953125
1111011101,13635,"[3, 1, 0, 2]",900,220.87788581848145,True,32.98199549426178,13,0.00126953125
1111011101,13636,"[3, 1, 0, 2]",900,220.89529037475586,False,32.98199549426178,13,0.00126953125
1111011101,13637,"[3, 1, 0, 2]",900,220.90864181518555,True,32.98199549426178,13,0.00126953125
1101111010,13638,"[2, 0, 3, 1]",6200,220.92628479003906,False,25.808496590031453,13,0.00126953125
1101111010,13639,"[2, 0, 1, 3]",500,220.94011306762695,True,25.808496590031453,13,0.00126953125
1101111010,13640,"[2, 0, 3, 1]",6200,220.95751762390137,False,25.808496590031453,13,0.00126953125
1101111010,13641,"[2, 0, 1, 3]",500,220.97086906433105,True,25.808496590031453,13,0.00126953125
1101111010,13642,"[2, 0, 3, 1]",6200,220.98851203918457,False,25.808496590031453,13,0.00126953125
1101111010,13643,"[2, 0, 1, 3]",500,221.00186347961426,True,25.808496590031453,13,0.00126953125
1101111010,13644,"[2, 0, 3, 1]",6200,221.02117538452148,False,25.808496590031453,13,0.00126953125
1101111010,13645,"[2, 0, 1, 3]",500,221.03524208068848,True,25.808496590031453,13,0.00126953125
1101111010,13646,"[2, 0, 3, 1]",6200,221.0536003112793,False,25.808496590031453,13,0.00126953125
1101111010,13647,"[2, 0, 1, 3]",500,221.06671333312988,True,25.808496590031453,13,0.00126953125
1101111010,13648,"[2, 0, 3, 1]",6200,221.0991382598877,False,25.808496590031453,13,0.00126953125
1101111010,13649,"[2, 0, 1, 3]",500,221.1151123046875,True,25.808496590031453,13,0.00126953125
1101111010,13650,"[2, 0, 3, 1]",6200,221.13418579101562,False,25.808496590031453,13,0.00126953125
1101111010,13651,"[2, 0, 1, 3]",500,221.17042541503906,True,25.808496590031453,13,0.00126953125
1101111010,13652,"[2, 0, 3, 1]",6200,221.18902206420898,False,25.808496590031453,13,0.00126953125
1101111010,13653,"[2, 0, 1, 3]",500,221.20237350463867,True,25.808496590031453,13,0.00126953125
1101111010,13654,"[2, 0, 3, 1]",6200,221.2204933166504,False,25.808496590031453,13,0.00126953125
1101111010,13655,"[2, 0, 1, 3]",500,221.23336791992188,True,25.808496590031453,13,0.00126953125
1101111010,13656,"[2, 0, 3, 1]",6200,221.2514877319336,False,25.808496590031453,13,0.00126953125
1101111010,13657,"[2, 0, 1, 3]",500,221.26460075378418,True,25.808496590031453,13,0.00126953125
1101111010,13658,"[2, 0, 3, 1]",6200,221.2820053100586,False,25.808496590031453,13,0.00126953125
1101111010,13659,"[2, 0, 1, 3]",500,221.29535675048828,True,25.808496590031453,13,0.00126953125
1101111010,13660,"[2, 0, 3, 1]",6200,221.3127613067627,False,25.808496590031453,13,0.00126953125
1101111010,13661,"[2, 0, 1, 3]",500,221.32587432861328,True,25.808496590031453,13,0.00126953125
1101111010,13662,"[2, 0, 3, 1]",6200,221.3435173034668,False,25.808496590031453,13,0.00126953125
1101111010,13663,"[2, 0, 1, 3]",500,221.35686874389648,True,25.808496590031453,13,0.00126953125
1000010010,13664,"[0, 2, 3, 1]",6200,221.3747501373291,False,15.69267904961742,13,0.00126953125
1000010010,13665,"[0, 1, 2, 3]",315,221.388578414917,True,15.69267904961742,13,0.00126953125
1000010010,13666,"[0, 2, 3, 1]",6200,221.4059829711914,False,15.69267904961742,13,0.00126953125
1000010010,13667,"[0, 1, 2, 3]",315,221.4195728302002,True,15.69267904961742,13,0.00126953125
1000010010,13668,"[0, 2, 3, 1]",6200,221.4372158050537,False,15.69267904961742,13,0.00126953125
1000010010,13669,"[0, 1, 2, 3]",315,221.451997756958,True,15.69267904961742,13,0.00126953125
1000010010,13670,"[0, 2, 3, 1]",6200,221.46987915039062,False,15.69267904961742,13,0.00126953125
1000010010,13671,"[0, 1, 2, 3]",315,221.48680686950684,True,15.69267904961742,13,0.00126953125
1000010010,13672,"[0, 2, 3, 1]",6200,221.50444984436035,False,15.69267904961742,13,0.00126953125
1000010010,13673,"[0, 1, 2, 3]",315,221.51780128479004,True,15.69267904961742,13,0.00126953125
1000010010,13674,"[0, 2, 3, 1]",6200,221.53520584106445,False,15.69267904961742,13,0.00126953125
1000010010,13675,"[0, 1, 2, 3]",315,221.54831886291504,True,15.69267904961742,13,0.00126953125
1000010010,13676,"[0, 2, 3, 1]",6200,221.56548500061035,False,15.69267904961742,13,0.00126953125
1000010010,13677,"[0, 1, 2, 3]",315,221.57859802246094,True,15.69267904961742,13,0.00126953125
1000010010,13678,"[0, 2, 3, 1]",6200,221.59600257873535,False,15.69267904961742,13,0.00126953125
1000010010,13679,"[0, 1, 2, 3]",315,221.60911560058594,True,15.69267904961742,13,0.00126953125
1000010010,13680,"[0, 2, 3, 1]",6200,221.62604331970215,False,15.69267904961742,13,0.00126953125
1000010010,13681,"[0, 1, 2, 3]",315,221.63939476013184,True,15.69267904961742,13,0.00126953125
1000010010,13682,"[0, 2, 3, 1]",6200,221.65656089782715,False,15.69267904961742,13,0.00126953125
1000010010,13683,"[0, 1, 2, 3]",315,221.66991233825684,True,15.69267904961742,13,0.00126953125
1000010010,13684,"[0, 2, 3, 1]",6200,221.68707847595215,False,15.69267904961742,13,0.00126953125
1000010010,13685,"[0, 1, 2, 3]",315,221.70042991638184,True,15.69267904961742,13,0.00126953125
1000010010,13686,"[0, 2, 3, 1]",6200,221.71759605407715,False,15.69267904961742,13,0.00126953125
1000010010,13687,"[0, 1, 2, 3]",315,221.73094749450684,True,15.69267904961742,13,0.00126953125
1000010010,13688,"[0, 2, 3, 1]",6200,221.74811363220215,False,15.69267904961742,13,0.00126953125
1000010010,13689,"[0, 1, 2, 3]",315,221.76122665405273,True,15.69267904961742,13,0.00126953125
0010011011,13690,"[3, 1, 2, 0]",9450,221.78030014038086,False,20.82373067399285,13,0.00126953125
0010011011,13691,"[3, 1, 0, 2]",900,221.79460525512695,True,20.82373067399285,13,0.00126953125
0010011011,13692,"[3, 1, 2, 0]",9450,221.81224822998047,False,20.82373067399285,13,0.00126953125
0010011011,13693,"[3, 1, 0, 2]",900,221.82607650756836,True,20.82373067399285,13,0.00126953125
0010011011,13694,"[3, 1, 2, 0]",9450,221.84443473815918,False,20.82373067399285,13,0.00126953125
0010011011,13695,"[3, 1, 0, 2]",900,221.85921669006348,True,20.82373067399285,13,0.00126953125
0010011011,13696,"[3, 1, 2, 0]",9450,221.876859664917,False,20.82373067399285,13,0.00126953125
0010011011,13697,"[3, 1, 0, 2]",900,221.89044952392578,True,20.82373067399285,13,0.00126953125
0010011011,13698,"[3, 1, 2, 0]",9450,221.9078540802002,False,20.82373067399285,13,0.00126953125
0010011011,13699,"[3, 1, 0, 2]",900,221.92096710205078,True,20.82373067399285,13,0.00126953125
0010011011,13700,"[3, 1, 2, 0]",9450,221.9381332397461,False,20.82373067399285,13,0.00126953125
0010011011,13701,"[3, 1, 0, 2]",900,221.95148468017578,True,20.82373067399285,13,0.00126953125
0010011011,13702,"[3, 1, 2, 0]",9450,221.9686508178711,False,20.82373067399285,13,0.00126953125
0010011011,13703,"[3, 1, 0, 2]",900,221.98176383972168,True,20.82373067399285,13,0.00126953125
0010011011,13704,"[3, 1, 2, 0]",9450,221.9994068145752,False,20.82373067399285,13,0.00126953125
0010011011,13705,"[3, 1, 0, 2]",900,222.01275825500488,True,20.82373067399285,13,0.00126953125
0010011011,13706,"[3, 1, 2, 0]",9450,222.0301628112793,False,20.82373067399285,13,0.00126953125
0010011011,13707,"[3, 1, 0, 2]",900,222.04327583312988,True,20.82373067399285,13,0.00126953125
0010011011,13708,"[3, 1, 2, 0]",9450,222.0606803894043,False,20.82373067399285,13,0.00126953125
0010011011,13709,"[3, 1, 0, 2]",900,222.07355499267578,True,20.82373067399285,13,0.00126953125
0010011011,13710,"[3, 1, 2, 0]",9450,222.0909595489502,False,20.82373067399285,13,0.00126953125
0010011011,13711,"[3, 1, 0, 2]",900,222.1057415008545,True,20.82373067399285,13,0.00126953125
0010011011,13712,"[3, 1, 2, 0]",9450,222.1236228942871,False,20.82373067399285,13,0.00126953125
0010011011,13713,"[3, 1, 0, 2]",900,222.1367359161377,True,20.82373067399285,13,0.00126953125
0010011011,13714,"[3, 1, 2, 0]",9450,222.1541404724121,False,20.82373067399285,13,0.00126953125
0010011011,13715,"[3, 1, 0, 2]",900,222.1670150756836,True,20.82373067399285,13,0.00126953125
0011110110,13716,"[2, 1, 3, 0]",9300,222.184419631958,False,19.817921024601603,13,0.00126953125
0011110110,13717,"[2, 1, 0, 3]",600,222.1980094909668,True,19.817921024601603,13,0.00126953125
0011110110,13718,"[2, 1, 3, 0]",9300,222.2151756286621,False,19.817921024601603,13,0.00126953125
0011110110,13719,"[2, 1, 0, 3]",600,222.2285270690918,True,19.817921024601603,13,0.00126953125
0011110110,13720,"[2, 1, 3, 0]",9300,222.2459316253662,False,19.817921024601603,13,0.00126953125
0011110110,13721,"[2, 1, 0, 3]",600,222.259521484375,True,19.817921024601603,13,0.00126953125
0011110110,13722,"[2, 1, 3, 0]",9300,222.2766876220703,False,19.817921024601603,13,0.00126953125
0011110110,13723,"[2, 1, 0, 3]",600,222.2902774810791,True,19.817921024601603,13,0.00126953125
0011110110,13724,"[2, 1, 3, 0]",9300,222.3074436187744,False,19.817921024601603,13,0.00126953125
0011110110,13725,"[2, 1, 0, 3]",600,222.3207950592041,True,19.817921024601603,13,0.00126953125
0011110110,13726,"[2, 1, 3, 0]",9300,222.33819961547852,False,19.817921024601603,13,0.00126953125
0011110110,13727,"[2, 1, 0, 3]",600,222.3513126373291,True,19.817921024601603,13,0.00126953125
0011110110,13728,"[2, 1, 3, 0]",9300,222.36871719360352,False,19.817921024601603,13,0.00126953125
0011110110,13729,"[2, 1, 0, 3]",600,222.3818302154541,True,19.817921024601603,13,0.00126953125
0011110110,13730,"[2, 1, 3, 0]",9300,222.3989963531494,False,19.817921024601603,13,0.00126953125
0011110110,13731,"[2, 1, 0, 3]",600,222.412109375,True,19.817921024601603,13,0.00126953125
0011110110,13732,"[2, 1, 3, 0]",9300,222.43118286132812,False,19.817921024601603,13,0.00126953125
0011110110,13733,"[2, 1, 0, 3]",600,222.4447727203369,True,19.817921024601603,13,0.00126953125
0011110110,13734,"[2, 1, 3, 0]",9300,222.46241569519043,False,19.817921024601603,13,0.00126953125
0011110110,13735,"[2, 1, 0, 3]",600,222.47600555419922,True,19.817921024601603,13,0.00126953125
0011110110,13736,"[2, 1, 3, 0]",9300,222.49317169189453,False,19.817921024601603,13,0.00126953125
0011110110,13737,"[2, 1, 0, 3]",600,222.50652313232422,True,19.817921024601603,13,0.00126953125
0011110110,13738,"[2, 1, 3, 0]",9300,222.52392768859863,False,19.817921024601603,13,0.00126953125
0011110110,13739,"[2, 1, 0, 3]",600,222.53704071044922,True,19.817921024601603,13,0.00126953125
0011110110,13740,"[2, 1, 3, 0]",9300,222.55420684814453,False,19.817921024601603,13,0.00126953125
0011110110,13741,"[2, 1, 0, 3]",600,222.56731986999512,True,19.817921024601603,13,0.00126953125
1000001101,13742,"[3, 0, 2, 1]",6300,222.58472442626953,False,20.36377440228918,13,0.00126953125
1000001101,13743,"[3, 0, 1, 2]",750,222.59783744812012,True,20.36377440228918,13,0.00126953125
1000001101,13744,"[3, 0, 2, 1]",6300,222.61524200439453,False,20.36377440228918,13,0.00126953125
1000001101,13745,"[3, 0, 1, 2]",750,222.63073921203613,True,20.36377440228918,13,0.00126953125
1000001101,13746,"[3, 0, 2, 1]",6300,222.64862060546875,False,20.36377440228918,13,0.00126953125
1000001101,13747,"[3, 0, 1, 2]",750,222.66221046447754,True,20.36377440228918,13,0.00126953125
1000001101,13748,"[3, 0, 2, 1]",6300,222.68009185791016,False,20.36377440228918,13,0.00126953125
1000001101,13749,"[3, 0, 1, 2]",750,222.69368171691895,True,20.36377440228918,13,0.00126953125
1000001101,13750,"[3, 0, 2, 1]",6300,222.71132469177246,False,20.36377440228918,13,0.00126953125
1000001101,13751,"[3, 0, 1, 2]",750,222.72729873657227,True,20.36377440228918,13,0.00126953125
1000001101,13752,"[3, 0, 2, 1]",6300,222.74494171142578,False,20.36377440228918,13,0.00126953125
1000001101,13753,"[3, 0, 1, 2]",750,222.75900840759277,True,20.36377440228918,13,0.00126953125
1000001101,13754,"[3, 0, 2, 1]",6300,222.7783203125,False,20.36377440228918,13,0.00126953125
1000001101,13755,"[3, 0, 1, 2]",750,222.7919101715088,True,20.36377440228918,13,0.00126953125
1000001101,13756,"[3, 0, 2, 1]",6300,222.8093147277832,False,20.36377440228918,13,0.00126953125
1000001101,13757,"[3, 0, 1, 2]",750,222.8226661682129,True,20.36377440228918,13,0.00126953125
1000001101,13758,"[3, 0, 2, 1]",6300,222.8400707244873,False,20.36377440228918,13,0.00126953125
1000001101,13759,"[3, 0, 1, 2]",750,222.8531837463379,True,20.36377440228918,13,0.00126953125
1000001101,13760,"[3, 0, 2, 1]",6300,222.8705883026123,False,20.36377440228918,13,0.00126953125
1000001101,13761,"[3, 0, 1, 2]",750,222.8837013244629,True,20.36377440228918,13,0.00126953125
1000001101,13762,"[3, 0, 2, 1]",6300,222.9013442993164,False,20.36377440228918,13,0.00126953125
1000001101,13763,"[3, 0, 1, 2]",750,222.914457321167,True,20.36377440228918,13,0.00126953125
1000001101,13764,"[3, 0, 2, 1]",6300,222.9318618774414,False,20.36377440228918,13,0.00126953125
1000001101,13765,"[3, 0, 1, 2]",750,222.9447364807129,True,20.36377440228918,13,0.00126953125
1000001101,13766,"[3, 0, 2, 1]",6300,222.9619026184082,False,20.36377440228918,13,0.00126953125
1000001101,13767,"[3, 0, 1, 2]",750,222.9750156402588,True,20.36377440228918,13,0.00126953125
0100000100,13768,"[3, 0, 2, 1]",6300,222.9921817779541,False,16.136129710583916,13,0.00126953125
0100000100,13769,"[3, 0, 1, 2]",750,223.0050563812256,True,16.136129710583916,13,0.00126953125
0100000100,13770,"[3, 0, 2, 1]",6300,223.0222225189209,False,16.136129710583916,13,0.00126953125
0100000100,13771,"[3, 0, 1, 2]",750,223.03509712219238,True,16.136129710583916,13,0.00126953125
0100000100,13772,"[3, 0, 2, 1]",6300,223.0522632598877,False,16.136129710583916,13,0.00126953125
0100000100,13773,"[3, 0, 1, 2]",750,223.06561470031738,True,16.136129710583916,13,0.00126953125
0100000100,13774,"[3, 0, 2, 1]",6300,223.0844497680664,False,16.136129710583916,13,0.00126953125
0100000100,13775,"[3, 0, 1, 2]",750,223.0978012084961,True,16.136129710583916,13,0.00126953125
0100000100,13776,"[3, 0, 2, 1]",6300,223.1159210205078,False,16.136129710583916,13,0.00126953125
0100000100,13777,"[3, 0, 1, 2]",750,223.1292724609375,True,16.136129710583916,13,0.00126953125
0100000100,13778,"[3, 0, 2, 1]",6300,223.1466770172119,False,16.136129710583916,13,0.00126953125
0100000100,13779,"[3, 0, 1, 2]",750,223.1597900390625,True,16.136129710583916,13,0.00126953125
0100000100,13780,"[3, 0, 2, 1]",6300,223.1771945953369,False,16.136129710583916,13,0.00126953125
0100000100,13781,"[3, 0, 1, 2]",750,223.1903076171875,True,16.136129710583916,13,0.00126953125
0100000100,13782,"[3, 0, 2, 1]",6300,223.2074737548828,False,16.136129710583916,13,0.00126953125
0100000100,13783,"[3, 0, 1, 2]",750,223.2203483581543,True,16.136129710583916,13,0.00126953125
0100000100,13784,"[3, 0, 2, 1]",6300,223.2375144958496,False,16.136129710583916,13,0.00126953125
0100000100,13785,"[3, 0, 1, 2]",750,223.2503890991211,True,16.136129710583916,13,0.00126953125
0100000100,13786,"[3, 0, 2, 1]",6300,223.2675552368164,False,16.136129710583916,13,0.00126953125
0100000100,13787,"[3, 0, 1, 2]",750,223.280668258667,True,16.136129710583916,13,0.00126953125
0100000100,13788,"[3, 0, 2, 1]",6300,223.2978343963623,False,16.136129710583916,13,0.00126953125
0100000100,13789,"[3, 0, 1, 2]",750,223.3109474182129,True,16.136129710583916,13,0.00126953125
0100000100,13790,"[3, 0, 2, 1]",6300,223.3285903930664,False,16.136129710583916,13,0.00126953125
0100000100,13791,"[3, 0, 1, 2]",750,223.3414649963379,True,16.136129710583916,13,0.00126953125
0100000100,13792,"[3, 0, 2, 1]",6300,223.3588695526123,False,16.136129710583916,13,0.00126953125
0100000100,13793,"[3, 0, 1, 2]",750,223.3715057373047,True,16.136129710583916,13,0.00126953125
1100000000,13794,"[0, 3, 2, 1]",6300,223.388671875,False,12.0,13,0.00126953125
1100000000,13795,"[0, 1, 3, 2]",465,223.4032154083252,True,12.0,13,0.00126953125
1100000000,13796,"[0, 3, 2, 1]",6300,223.42276573181152,False,12.0,13,0.00126953125
1100000000,13797,"[0, 1, 3, 2]",465,223.4363555908203,True,12.0,13,0.00126953125
1100000000,13798,"[0, 3, 2, 1]",6300,223.45423698425293,False,12.0,13,0.00126953125
1100000000,13799,"[0, 1, 3, 2]",465,223.46758842468262,True,12.0,13,0.00126953125
1100000000,13800,"[0, 3, 2, 1]",6300,223.48475456237793,False,12.0,13,0.00126953125
1100000000,13801,"[0, 1, 3, 2]",465,223.49810600280762,True,12.0,13,0.00126953125
1100000000,13802,"[0, 3, 2, 1]",6300,223.51551055908203,False,12.0,13,0.00126953125
1100000000,13803,"[0, 1, 3, 2]",465,223.52886199951172,True,12.0,13,0.00126953125
1100000000,13804,"[0, 3, 2, 1]",6300,223.54578971862793,False,12.0,13,0.00126953125
1100000000,13805,"[0, 1, 3, 2]",465,223.55890274047852,True,12.0,13,0.00126953125
1100000000,13806,"[0, 3, 2, 1]",6300,223.57606887817383,False,12.0,13,0.00126953125
1100000000,13807,"[0, 1, 3, 2]",465,223.5891819000244,True,12.0,13,0.00126953125
1100000000,13808,"[0, 3, 2, 1]",6300,223.60634803771973,False,12.0,13,0.00126953125
1100000000,13809,"[0, 1, 3, 2]",465,223.6194610595703,True,12.0,13,0.00126953125
1100000000,13810,"[0, 3, 2, 1]",6300,223.63615036010742,False,12.0,13,0.00126953125
1100000000,13811,"[0, 1, 3, 2]",465,223.6490249633789,True,12.0,13,0.00126953125
1100000000,13812,"[0, 3, 2, 1]",6300,223.66642951965332,False,12.0,13,0.00126953125
1100000000,13813,"[0, 1, 3, 2]",465,223.6790657043457,True,12.0,13,0.00126953125
1100000000,13814,"[0, 3, 2, 1]",6300,223.69647026062012,False,12.0,13,0.00126953125
1100000000,13815,"[0, 1, 3, 2]",465,223.7093448638916,True,12.0,13,0.00126953125
1100000000,13816,"[0, 3, 2, 1]",6300,223.72794151306152,False,12.0,13,0.00126953125
1100000000,13817,"[0, 1, 3, 2]",465,223.7412929534912,True,12.0,13,0.00126953125
1100000000,13818,"[0, 3, 2, 1]",6300,223.75893592834473,False,12.0,13,0.00126953125
1100000000,13819,"[0, 1, 3, 2]",465,223.7715721130371,True,12.0,13,0.00126953125
1000010000,13820,"[0, 2, 3, 1]",6200,223.78921508789062,False,14.69267904961742,13,0.00126953125
1000010000,13821,"[0, 1, 2, 3]",315,223.8016128540039,True,14.69267904961742,13,0.00126953125
1000010000,13822,"[0, 2, 3, 1]",6200,223.81901741027832,False,14.69267904961742,13,0.00126953125
1000010000,13823,"[0, 1, 2, 3]",315,223.8318920135498,True,14.69267904961742,13,0.00126953125
1000010000,13824,"[0, 2, 3, 1]",6200,223.84905815124512,False,14.69267904961742,13,0.00126953125
1000010000,13825,"[0, 1, 2, 3]",315,223.8616943359375,True,14.69267904961742,13,0.00126953125
1000010000,13826,"[0, 2, 3, 1]",6200,223.8788604736328,False,14.69267904961742,13,0.00126953125
1000010000,13827,"[0, 1, 2, 3]",315,223.8917350769043,True,14.69267904961742,13,0.00126953125
1000010000,13828,"[0, 2, 3, 1]",6200,223.9089012145996,False,14.69267904961742,13,0.00126953125
1000010000,13829,"[0, 1, 2, 3]",315,223.9222526550293,True,14.69267904961742,13,0.00126953125
1000010000,13830,"[0, 2, 3, 1]",6200,223.9396572113037,False,14.69267904961742,13,0.00126953125
1000010000,13831,"[0, 1, 2, 3]",315,223.9527702331543,True,14.69267904961742,13,0.00126953125
1000010000,13832,"[0, 2, 3, 1]",6200,223.9699363708496,False,14.69267904961742,13,0.00126953125
1000010000,13833,"[0, 1, 2, 3]",315,223.9828109741211,True,14.69267904961742,13,0.00126953125
1000010000,13834,"[0, 2, 3, 1]",6200,223.9999771118164,False,14.69267904961742,13,0.00126953125
1000010000,13835,"[0, 1, 2, 3]",315,224.013090133667,True,14.69267904961742,13,0.00126953125
1000010000,13836,"[0, 2, 3, 1]",6200,224.0304946899414,False,14.69267904961742,13,0.00126953125
1000010000,13837,"[0, 1, 2, 3]",315,224.0447998046875,True,14.69267904961742,13,0.00126953125
1000010000,13838,"[0, 2, 3, 1]",6200,224.06315803527832,False,14.69267904961742,13,0.00126953125
1000010000,13839,"[0, 1, 2, 3]",315,224.0762710571289,True,14.69267904961742,13,0.00126953125
1000010000,13840,"[0, 2, 3, 1]",6200,224.09391403198242,False,14.69267904961742,13,0.00126953125
1000010000,13841,"[0, 1, 2, 3]",315,224.1067886352539,True,14.69267904961742,13,0.00126953125
1000010000,13842,"[0, 2, 3, 1]",6200,224.12443161010742,False,14.69267904961742,13,0.00126953125
1000010000,13843,"[0, 1, 2, 3]",315,224.1373062133789,True,14.69267904961742,13,0.00126953125
1000010000,13844,"[0, 2, 3, 1]",6200,224.15471076965332,False,14.69267904961742,13,0.00126953125
1000010000,13845,"[0, 1, 2, 3]",315,224.1678237915039,True,14.69267904961742,13,0.00126953125
1000101011,13846,"[3, 2, 0, 1]",6600,224.18785095214844,False,40.718124370008205,12,0.001171875
1000101011,13847,"[3, 2, 0, 1]",6600,224.20167922973633,True,40.718124370008205,12,0.001171875
1000101011,13848,"[3, 2, 0, 1]",6600,224.22003746032715,False,40.718124370008205,12,0.001171875
1000101011,13849,"[3, 2, 0, 1]",6600,224.23315048217773,True,40.718124370008205,12,0.001171875
1000101011,13850,"[3, 2, 0, 1]",6600,224.25103187561035,False,40.718124370008205,12,0.001171875
1000101011,13851,"[3, 2, 0, 1]",6600,224.26390647888184,True,40.718124370008205,12,0.001171875
1000101011,13852,"[3, 2, 0, 1]",6600,224.28131103515625,False,40.718124370008205,12,0.001171875
1000101011,13853,"[3, 2, 0, 1]",6600,224.29418563842773,True,40.718124370008205,12,0.001171875
1000101011,13854,"[3, 2, 0, 1]",6600,224.31182861328125,False,40.718124370008205,12,0.001171875
1000101011,13855,"[3, 2, 0, 1]",6600,224.32470321655273,True,40.718124370008205,12,0.001171875
1000101011,13856,"[3, 2, 0, 1]",6600,224.34186935424805,False,40.718124370008205,12,0.001171875
1000101011,13857,"[3, 2, 0, 1]",6600,224.35450553894043,True,40.718124370008205,12,0.001171875
1000101011,13858,"[3, 2, 0, 1]",6600,224.37310218811035,False,40.718124370008205,12,0.001171875
1000101011,13859,"[3, 2, 0, 1]",6600,224.38597679138184,True,40.718124370008205,12,0.001171875
1000101011,13860,"[3, 2, 0, 1]",6600,224.40385818481445,False,40.718124370008205,12,0.001171875
1000101011,13861,"[3, 2, 0, 1]",6600,224.41625595092773,True,40.718124370008205,12,0.001171875
1000101011,13862,"[3, 2, 0, 1]",6600,224.43342208862305,False,40.718124370008205,12,0.001171875
1000101011,13863,"[3, 2, 0, 1]",6600,224.44605827331543,True,40.718124370008205,12,0.001171875
1000101011,13864,"[3, 2, 0, 1]",6600,224.46346282958984,False,40.718124370008205,12,0.001171875
1000101011,13865,"[3, 2, 0, 1]",6600,224.47562217712402,True,40.718124370008205,12,0.001171875
1000101011,13866,"[3, 2, 0, 1]",6600,224.49302673339844,False,40.718124370008205,12,0.001171875
1000101011,13867,"[3, 2, 0, 1]",6600,224.50542449951172,True,40.718124370008205,12,0.001171875
1000101011,13868,"[3, 2, 0, 1]",6600,224.52330589294434,False,40.718124370008205,12,0.001171875
1000101011,13869,"[3, 2, 0, 1]",6600,224.53594207763672,True,40.718124370008205,12,0.001171875
1010100111,13870,"[2, 1, 0, 3]",600,224.55334663391113,False,26.36377440228918,12,0.001171875
1010100111,13871,"[2, 1, 0, 3]",600,224.56645965576172,True,26.36377440228918,12,0.001171875
1010100111,13872,"[2, 1, 0, 3]",600,224.58434104919434,False,26.36377440228918,12,0.001171875
1010100111,13873,"[2, 1, 0, 3]",600,224.59721565246582,True,26.36377440228918,12,0.001171875
1010100111,13874,"[2, 1, 0, 3]",600,224.61485862731934,False,26.36377440228918,12,0.001171875
1010100111,13875,"[2, 1, 0, 3]",600,224.62821006774902,True,26.36377440228918,12,0.001171875
1010100111,13876,"[2, 1, 0, 3]",600,224.64537620544434,False,26.36377440228918,12,0.001171875
1010100111,13877,"[2, 1, 0, 3]",600,224.65896606445312,True,26.36377440228918,12,0.001171875
1010100111,13878,"[2, 1, 0, 3]",600,224.67613220214844,False,26.36377440228918,12,0.001171875
1010100111,13879,"[2, 1, 0, 3]",600,224.69139099121094,True,26.36377440228918,12,0.001171875
1010100111,13880,"[2, 1, 0, 3]",600,224.70951080322266,False,26.36377440228918,12,0.001171875
1010100111,13881,"[2, 1, 0, 3]",600,224.72310066223145,True,26.36377440228918,12,0.001171875
1010100111,13882,"[2, 1, 0, 3]",600,224.74002838134766,False,26.36377440228918,12,0.001171875
1010100111,13883,"[2, 1, 0, 3]",600,224.75337982177734,True,26.36377440228918,12,0.001171875
1010100111,13884,"[2, 1, 0, 3]",600,224.77054595947266,False,26.36377440228918,12,0.001171875
1010100111,13885,"[2, 1, 0, 3]",600,224.78389739990234,True,26.36377440228918,12,0.001171875
1010100111,13886,"[2, 1, 0, 3]",600,224.80130195617676,False,26.36377440228918,12,0.001171875
1010100111,13887,"[2, 1, 0, 3]",600,224.81465339660645,True,26.36377440228918,12,0.001171875
1010100111,13888,"[2, 1, 0, 3]",600,224.83205795288086,False,26.36377440228918,12,0.001171875
1010100111,13889,"[2, 1, 0, 3]",600,224.84517097473145,True,26.36377440228918,12,0.001171875
1010100111,13890,"[2, 1, 0, 3]",600,224.86257553100586,False,26.36377440228918,12,0.001171875
1010100111,13891,"[2, 1, 0, 3]",600,224.87545013427734,True,26.36377440228918,12,0.001171875
1010100111,13892,"[2, 1, 0, 3]",600,224.89285469055176,False,26.36377440228918,12,0.001171875
1010100111,13893,"[2, 1, 0, 3]",600,224.90572929382324,True,26.36377440228918,12,0.001171875
1110000111,13894,"[0, 1, 3, 2]",465,224.92337226867676,False,9.565077850771768,12,0.001171875
1110000111,13895,"[0, 1, 3, 2]",465,224.93672370910645,True,9.565077850771768,12,0.001171875
1110000111,13896,"[0, 1, 3, 2]",465,224.95579719543457,False,9.565077850771768,12,0.001171875
1110000111,13897,"[0, 1, 3, 2]",465,224.96962547302246,True,9.565077850771768,12,0.001171875
1110000111,13898,"[0, 1, 3, 2]",465,224.98726844787598,False,9.565077850771768,12,0.001171875
1110000111,13899,"[0, 1, 3, 2]",465,225.00014305114746,True,9.565077850771768,12,0.001171875
1110000111,13900,"[0, 1, 3, 2]",465,225.0194549560547,False,9.565077850771768,12,0.001171875
1110000111,13901,"[0, 1, 3, 2]",465,225.03304481506348,True,9.565077850771768,12,0.001171875
1110000111,13902,"[0, 1, 3, 2]",465,225.050687789917,False,9.565077850771768,12,0.001171875
1110000111,13903,"[0, 1, 3, 2]",465,225.06356239318848,True,9.565077850771768,12,0.001171875
1110000111,13904,"[0, 1, 3, 2]",465,225.081205368042,False,9.565077850771768,12,0.001171875
1110000111,13905,"[0, 1, 3, 2]",465,225.09455680847168,True,9.565077850771768,12,0.001171875
1110000111,13906,"[0, 1, 3, 2]",465,225.1121997833252,False,9.565077850771768,12,0.001171875
1110000111,13907,"[0, 1, 3, 2]",465,225.12578964233398,True,9.565077850771768,12,0.001171875
1110000111,13908,"[0, 1, 3, 2]",465,225.1431941986084,False,9.565077850771768,12,0.001171875
1110000111,13909,"[0, 1, 3, 2]",465,225.15606880187988,True,9.565077850771768,12,0.001171875
1110000111,13910,"[0, 1, 3, 2]",465,225.1732349395752,False,9.565077850771768,12,0.001171875
1110000111,13911,"[0, 1, 3, 2]",465,225.18634796142578,True,9.565077850771768,12,0.001171875
1110000111,13912,"[0, 1, 3, 2]",465,225.2037525177002,False,9.565077850771768,12,0.001171875
1110000111,13913,"[0, 1, 3, 2]",465,225.21662712097168,True,9.565077850771768,12,0.001171875
1110000111,13914,"[0, 1, 3, 2]",465,225.2335548400879,False,9.565077850771768,12,0.001171875
1110000111,13915,"[0, 1, 3, 2]",465,225.24642944335938,True,9.565077850771768,12,0.001171875
1110000111,13916,"[0, 1, 3, 2]",465,225.2633571624756,False,9.565077850771768,12,0.001171875
1110000111,13917,"[0, 1, 3, 2]",465,225.27647018432617,True,9.565077850771768,12,0.001171875
0101101110,13918,"[3, 2, 1, 0]",9600,225.2938747406006,False,22.50778354004568,12,0.001171875
0101101110,13919,"[3, 2, 1, 0]",9600,225.3091335296631,True,22.50778354004568,12,0.001171875
0101101110,13920,"[3, 2, 1, 0]",9600,225.3267765045166,False,22.50778354004568,12,0.001171875
0101101110,13921,"[3, 2, 1, 0]",9600,225.3406047821045,True,22.50778354004568,12,0.001171875
0101101110,13922,"[3, 2, 1, 0]",9600,225.35967826843262,False,22.50778354004568,12,0.001171875
0101101110,13923,"[3, 2, 1, 0]",9600,225.3732681274414,True,22.50778354004568,12,0.001171875
0101101110,13924,"[3, 2, 1, 0]",9600,225.39043426513672,False,22.50778354004568,12,0.001171875
0101101110,13925,"[3, 2, 1, 0]",9600,225.4035472869873,True,22.50778354004568,12,0.001171875
0101101110,13926,"[3, 2, 1, 0]",9600,225.42095184326172,False,22.50778354004568,12,0.001171875
0101101110,13927,"[3, 2, 1, 0]",9600,225.433349609375,True,22.50778354004568,12,0.001171875
0101101110,13928,"[3, 2, 1, 0]",9600,225.4505157470703,False,22.50778354004568,12,0.001171875
0101101110,13929,"[3, 2, 1, 0]",9600,225.4633903503418,True,22.50778354004568,12,0.001171875
0101101110,13930,"[3, 2, 1, 0]",9600,225.4805564880371,False,22.50778354004568,12,0.001171875
0101101110,13931,"[3, 2, 1, 0]",9600,225.49676895141602,True,22.50778354004568,12,0.001171875
0101101110,13932,"[3, 2, 1, 0]",9600,225.51488876342773,False,22.50778354004568,12,0.001171875
0101101110,13933,"[3, 2, 1, 0]",9600,225.52776336669922,True,22.50778354004568,12,0.001171875
0101101110,13934,"[3, 2, 1, 0]",9600,225.54492950439453,False,22.50778354004568,12,0.001171875
0101101110,13935,"[3, 2, 1, 0]",9600,225.55804252624512,True,22.50778354004568,12,0.001171875
0101101110,13936,"[3, 2, 1, 0]",9600,225.57520866394043,False,22.50778354004568,12,0.001171875
0101101110,13937,"[3, 2, 1, 0]",9600,225.5880832672119,True,22.50778354004568,12,0.001171875
0101101110,13938,"[3, 2, 1, 0]",9600,225.60524940490723,False,22.50778354004568,12,0.001171875
0101101110,13939,"[3, 2, 1, 0]",9600,225.6178855895996,True,22.50778354004568,12,0.001171875
0101101110,13940,"[3, 2, 1, 0]",9600,225.63505172729492,False,22.50778354004568,12,0.001171875
0101101110,13941,"[3, 2, 1, 0]",9600,225.6479263305664,True,22.50778354004568,12,0.001171875
0101011111,13942,"[3, 2, 1, 0]",9600,225.66652297973633,False,23.863678515162277,12,0.001171875
0101011111,13943,"[3, 2, 1, 0]",9600,225.67987442016602,True,23.863678515162277,12,0.001171875
0101011111,13944,"[3, 2, 1, 0]",9600,225.69727897644043,False,23.863678515162277,12,0.001171875
0101011111,13945,"[3, 2, 1, 0]",9600,225.7101535797119,True,23.863678515162277,12,0.001171875
0101011111,13946,"[3, 2, 1, 0]",9600,225.74400901794434,False,23.863678515162277,12,0.001171875
0101011111,13947,"[3, 2, 1, 0]",9600,225.75902938842773,True,23.863678515162277,12,0.001171875
0101011111,13948,"[3, 2, 1, 0]",9600,225.77786445617676,False,23.863678515162277,12,0.001171875
0101011111,13949,"[3, 2, 1, 0]",9600,225.79145431518555,True,23.863678515162277,12,0.001171875
0101011111,13950,"[3, 2, 1, 0]",9600,225.81005096435547,False,23.863678515162277,12,0.001171875
0101011111,13951,"[3, 2, 1, 0]",9600,225.82316398620605,True,23.863678515162277,12,0.001171875
0101011111,13952,"[3, 2, 1, 0]",9600,225.84152221679688,False,23.863678515162277,12,0.001171875
0101011111,13953,"[3, 2, 1, 0]",9600,225.85511207580566,True,23.863678515162277,12,0.001171875
0101011111,13954,"[3, 2, 1, 0]",9600,225.87323188781738,False,23.863678515162277,12,0.001171875
0101011111,13955,"[3, 2, 1, 0]",9600,225.88658332824707,True,23.863678515162277,12,0.001171875
0101011111,13956,"[3, 2, 1, 0]",9600,225.9047031402588,False,23.863678515162277,12,0.001171875
0101011111,13957,"[3, 2, 1, 0]",9600,225.91829299926758,True,23.863678515162277,12,0.001171875
0101011111,13958,"[3, 2, 1, 0]",9600,225.9361743927002,False,23.863678515162277,12,0.001171875
0101011111,13959,"[3, 2, 1, 0]",9600,225.94976425170898,True,23.863678515162277,12,0.001171875
0101011111,13960,"[3, 2, 1, 0]",9600,225.9676456451416,False,23.863678515162277,12,0.001171875
0101011111,13961,"[3, 2, 1, 0]",9600,225.9809970855713,True,23.863678515162277,12,0.001171875
0101011111,13962,"[3, 2, 1, 0]",9600,225.9988784790039,False,23.863678515162277,12,0.001171875
0101011111,13963,"[3, 2, 1, 0]",9600,226.0138988494873,True,23.863678515162277,12,0.001171875
0101011111,13964,"[3, 2, 1, 0]",9600,226.03249549865723,False,23.863678515162277,12,0.001171875
0101011111,13965,"[3, 2, 1, 0]",9600,226.04608535766602,True,23.863678515162277,12,0.001171875
0100110100,13966,"[2, 3, 0, 1]",6600,226.06396675109863,False,17.96710592039291,12,0.001171875
0100110100,13967,"[2, 3, 0, 1]",6600,226.07755661010742,True,17.96710592039291,12,0.001171875
0100110100,13968,"[2, 3, 0, 1]",6600,226.09567642211914,False,17.96710592039291,12,0.001171875
0100110100,13969,"[2, 3, 0, 1]",6600,226.10902786254883,True,17.96710592039291,12,0.001171875
0100110100,13970,"[2, 3, 0, 1]",6600,226.12714767456055,False,17.96710592039291,12,0.001171875
0100110100,13971,"[2, 3, 0, 1]",6600,226.14049911499023,True,17.96710592039291,12,0.001171875
0100110100,13972,"[2, 3, 0, 1]",6600,226.15838050842285,False,17.96710592039291,12,0.001171875
0100110100,13973,"[2, 3, 0, 1]",6600,226.17149353027344,True,17.96710592039291,12,0.001171875
0100110100,13974,"[2, 3, 0, 1]",6600,226.18937492370605,False,17.96710592039291,12,0.001171875
0100110100,13975,"[2, 3, 0, 1]",6600,226.20248794555664,True,17.96710592039291,12,0.001171875
0100110100,13976,"[2, 3, 0, 1]",6600,226.22013092041016,False,17.96710592039291,12,0.001171875
0100110100,13977,"[2, 3, 0, 1]",6600,226.23324394226074,True,17.96710592039291,12,0.001171875
0100110100,13978,"[2, 3, 0, 1]",6600,226.25112533569336,False,17.96710592039291,12,0.001171875
0100110100,13979,"[2, 3, 0, 1]",6600,226.26447677612305,True,17.96710592039291,12,0.001171875
0100110100,13980,"[2, 3, 0, 1]",6600,226.28235816955566,False,17.96710592039291,12,0.001171875
0100110100,13981,"[2, 3, 0, 1]",6600,226.29570960998535,True,17.96710592039291,12,0.001171875
0100110100,13982,"[2, 3, 0, 1]",6600,226.31335258483887,False,17.96710592039291,12,0.001171875
0100110100,13983,"[2, 3, 0, 1]",6600,226.32694244384766,True,17.96710592039291,12,0.001171875
0100110100,13984,"[2, 3, 0, 1]",6600,226.34601593017578,False,17.96710592039291,12,0.001171875
0100110100,13985,"[2, 3, 0, 1]",6600,226.35960578918457,True,17.96710592039291,12,0.001171875
0100110100,13986,"[2, 3, 0, 1]",6600,226.3777256011963,False,17.96710592039291,12,0.001171875
0100110100,13987,"[2, 3, 0, 1]",6600,226.39107704162598,True,17.96710592039291,12,0.001171875
0100110100,13988,"[2, 3, 0, 1]",6600,226.41944885253906,False,17.96710592039291,12,0.001171875
0100110100,13989,"[2, 3, 0, 1]",6600,226.43208503723145,True,17.96710592039291,12,0.001171875
1100010001,13990,"[0, 2, 3, 1]",6200,226.44972801208496,False,8.69267904961742,12,0.001171875
1100010001,13991,"[0, 1, 2, 3]",315,226.46331787109375,True,8.69267904961742,12,0.001171875
1100010001,13992,"[0, 2, 3, 1]",6200,226.48096084594727,False,8.69267904961742,12,0.001171875
1100010001,13993,"[0, 1, 2, 3]",315,226.49455070495605,True,8.69267904961742,12,0.001171875
1100010001,13994,"[0, 2, 3, 1]",6200,226.51195526123047,False,8.69267904961742,12,0.001171875
1100010001,13995,"[0, 1, 2, 3]",315,226.52506828308105,True,8.69267904961742,12,0.001171875
1100010001,13996,"[0, 2, 3, 1]",6200,226.54271125793457,False,8.69267904961742,12,0.001171875
1100010001,13997,"[0, 1, 2, 3]",315,226.55725479125977,True,8.69267904961742,12,0.001171875
1100010001,13998,"[0, 2, 3, 1]",6200,226.57513618469238,False,8.69267904961742,12,0.001171875
1100010001,13999,"[0, 1, 2, 3]",315,226.61161422729492,True,8.69267904961742,12,0.001171875
1100010001,14000,"[0, 2, 3, 1]",6200,226.62997245788574,False,8.69267904961742,12,0.001171875
1100010001,14001,"[0, 1, 2, 3]",315,226.64356231689453,True,8.69267904961742,12,0.001171875
1100010001,14002,"[0, 2, 3, 1]",6200,226.66144371032715,False,8.69267904961742,12,0.001171875
1100010001,14003,"[0, 1, 2, 3]",315,226.67479515075684,True,8.69267904961742,12,0.001171875
1100010001,14004,"[0, 2, 3, 1]",6200,226.69196128845215,False,8.69267904961742,12,0.001171875
1100010001,14005,"[0, 1, 2, 3]",315,226.70674324035645,True,8.69267904961742,12,0.001171875
1100010001,14006,"[0, 2, 3, 1]",6200,226.72486305236816,False,8.69267904961742,12,0.001171875
1100010001,14007,"[0, 1, 2, 3]",315,226.73821449279785,True,8.69267904961742,12,0.001171875
1100010001,14008,"[0, 2, 3, 1]",6200,226.75561904907227,False,8.69267904961742,12,0.001171875
1100010001,14009,"[0, 1, 2, 3]",315,226.76920890808105,True,8.69267904961742,12,0.001171875
1100010001,14010,"[0, 2, 3, 1]",6200,226.78661346435547,False,8.69267904961742,12,0.001171875
1100010001,14011,"[0, 1, 2, 3]",315,226.79996490478516,True,8.69267904961742,12,0.001171875
1100010001,14012,"[0, 2, 3, 1]",6200,226.81713104248047,False,8.69267904961742,12,0.001171875
1100010001,14013,"[0, 1, 2, 3]",315,226.83048248291016,True,8.69267904961742,12,0.001171875
0111000011,14014,"[1, 0, 3, 2]",465,226.84764862060547,False,7.414198781142993,12,0.001171875
0111000011,14015,"[1, 0, 3, 2]",465,226.86123847961426,True,7.414198781142993,12,0.001171875
0111000011,14016,"[1, 0, 3, 2]",465,226.87888145446777,False,7.414198781142993,12,0.001171875
0111000011,14017,"[1, 0, 3, 2]",465,226.89199447631836,True,7.414198781142993,12,0.001171875
0111000011,14018,"[1, 0, 3, 2]",465,226.90939903259277,False,7.414198781142993,12,0.001171875
0111000011,14019,"[1, 0, 3, 2]",465,226.92227363586426,True,7.414198781142993,12,0.001171875
0111000011,14020,"[1, 0, 3, 2]",465,226.93967819213867,False,7.414198781142993,12,0.001171875
0111000011,14021,"[1, 0, 3, 2]",465,226.95255279541016,True,7.414198781142993,12,0.001171875
0111000011,14022,"[1, 0, 3, 2]",465,226.96995735168457,False,7.414198781142993,12,0.001171875
0111000011,14023,"[1, 0, 3, 2]",465,226.98235511779785,True,7.414198781142993,12,0.001171875
0111000011,14024,"[1, 0, 3, 2]",465,226.99975967407227,False,7.414198781142993,12,0.001171875
0111000011,14025,"[1, 0, 3, 2]",465,227.01263427734375,True,7.414198781142993,12,0.001171875
0111000011,14026,"[1, 0, 3, 2]",465,227.03099250793457,False,7.414198781142993,12,0.001171875
0111000011,14027,"[1, 0, 3, 2]",465,227.04410552978516,True,7.414198781142993,12,0.001171875
0111000011,14028,"[1, 0, 3, 2]",465,227.06174850463867,False,7.414198781142993,12,0.001171875
0111000011,14029,"[1, 0, 3, 2]",465,227.07462310791016,True,7.414198781142993,12,0.001171875
0111000011,14030,"[1, 0, 3, 2]",465,227.09155082702637,False,7.414198781142993,12,0.001171875
0111000011,14031,"[1, 0, 3, 2]",465,227.10466384887695,True,7.414198781142993,12,0.001171875
0111000011,14032,"[1, 0, 3, 2]",465,227.12159156799316,False,7.414198781142993,12,0.001171875
0111000011,14033,"[1, 0, 3, 2]",465,227.13470458984375,True,7.414198781142993,12,0.001171875
0111000011,14034,"[1, 0, 3, 2]",465,227.15187072753906,False,7.414198781142993,12,0.001171875
0111000011,14035,"[1, 0, 3, 2]",465,227.16498374938965,True,7.414198781142993,12,0.001171875
0111000011,14036,"[1, 0, 3, 2]",465,227.18238830566406,False,7.414198781142993,12,0.001171875
0111000011,14037,"[1, 0, 3, 2]",465,227.19526290893555,True,7.414198781142993,12,0.001171875
0011010000,14038,"[1, 2, 3, 0]",9300,227.21242904663086,False,11.519320360211093,12,0.001171875
0011010000,14039,"[1, 0, 2, 3]",315,227.22554206848145,True,11.519320360211093,12,0.001171875
0011010000,14040,"[1, 2, 3, 0]",9300,227.24270820617676,False,11.519320360211093,12,0.001171875
0011010000,14041,"[1, 0, 2, 3]",315,227.25582122802734,True,11.519320360211093,12,0.001171875
0011010000,14042,"[1, 2, 3, 0]",9300,227.27298736572266,False,11.519320360211093,12,0.001171875
0011010000,14043,"[1, 0, 2, 3]",315,227.28610038757324,True,11.519320360211093,12,0.001171875
0011010000,14044,"[1, 2, 3, 0]",9300,227.30326652526855,False,11.519320360211093,12,0.001171875
0011010000,14045,"[1, 0, 2, 3]",315,227.31590270996094,True,11.519320360211093,12,0.001171875
0011010000,14046,"[1, 2, 3, 0]",9300,227.33306884765625,False,11.519320360211093,12,0.001171875
0011010000,14047,"[1, 0, 2, 3]",315,227.34785079956055,True,11.519320360211093,12,0.001171875
0011010000,14048,"[1, 2, 3, 0]",9300,227.36859321594238,False,11.519320360211093,12,0.001171875
0011010000,14049,"[1, 0, 2, 3]",315,227.38170623779297,True,11.519320360211093,12,0.001171875
0011010000,14050,"[1, 2, 3, 0]",9300,227.3998260498047,False,11.519320360211093,12,0.001171875
0011010000,14051,"[1, 0, 2, 3]",315,227.41270065307617,True,11.519320360211093,12,0.001171875
0011010000,14052,"[1, 2, 3, 0]",9300,227.4301052093506,False,11.519320360211093,12,0.001171875
0011010000,14053,"[1, 0, 2, 3]",315,227.44321823120117,True,11.519320360211093,12,0.001171875
0011010000,14054,"[1, 2, 3, 0]",9300,227.46038436889648,False,11.519320360211093,12,0.001171875
0011010000,14055,"[1, 0, 2, 3]",315,227.47349739074707,True,11.519320360211093,12,0.001171875
0011010000,14056,"[1, 2, 3, 0]",9300,227.49066352844238,False,11.519320360211093,12,0.001171875
0011010000,14057,"[1, 0, 2, 3]",315,227.50377655029297,True,11.519320360211093,12,0.001171875
0011010000,14058,"[1, 2, 3, 0]",9300,227.52070426940918,False,11.519320360211093,12,0.001171875
0011010000,14059,"[1, 0, 2, 3]",315,227.53381729125977,True,11.519320360211093,12,0.001171875
0011010000,14060,"[1, 2, 3, 0]",9300,227.55098342895508,False,11.519320360211093,12,0.001171875
0011010000,14061,"[1, 0, 2, 3]",315,227.56385803222656,True,11.519320360211093,12,0.001171875
1011100101,14062,"[1, 2, 0, 3]",600,227.58126258850098,False,24.823483835726634,12,0.001171875
1011100101,14063,"[1, 0, 2, 3]",315,227.59461402893066,True,24.823483835726634,12,0.001171875
1011100101,14064,"[1, 2, 0, 3]",600,227.61201858520508,False,24.823483835726634,12,0.001171875
1011100101,14065,"[1, 0, 2, 3]",315,227.62537002563477,True,24.823483835726634,12,0.001171875
1011100101,14066,"[1, 2, 0, 3]",600,227.64277458190918,False,24.823483835726634,12,0.001171875
1011100101,14067,"[1, 0, 2, 3]",315,227.65564918518066,True,24.823483835726634,12,0.001171875
1011100101,14068,"[1, 2, 0, 3]",600,227.6744842529297,False,24.823483835726634,12,0.001171875
1011100101,14069,"[1, 0, 2, 3]",315,227.68807411193848,True,24.823483835726634,12,0.001171875
1011100101,14070,"[1, 2, 0, 3]",600,227.705717086792,False,24.823483835726634,12,0.001171875
1011100101,14071,"[1, 0, 2, 3]",315,227.71859169006348,True,24.823483835726634,12,0.001171875
1011100101,14072,"[1, 2, 0, 3]",600,227.7359962463379,False,24.823483835726634,12,0.001171875
1011100101,14073,"[1, 0, 2, 3]",315,227.74910926818848,True,24.823483835726634,12,0.001171875
1011100101,14074,"[1, 2, 0, 3]",600,227.7665138244629,False,24.823483835726634,12,0.001171875
1011100101,14075,"[1, 0, 2, 3]",315,227.77938842773438,True,24.823483835726634,12,0.001171875
1011100101,14076,"[1, 2, 0, 3]",600,227.7970314025879,False,24.823483835726634,12,0.001171875
1011100101,14077,"[1, 0, 2, 3]",315,227.80990600585938,True,24.823483835726634,12,0.001171875
1011100101,14078,"[1, 2, 0, 3]",600,227.8273105621338,False,24.823483835726634,12,0.001171875
1011100101,14079,"[1, 0, 2, 3]",315,227.83994674682617,True,24.823483835726634,12,0.001171875
1011100101,14080,"[1, 2, 0, 3]",600,227.8575897216797,False,24.823483835726634,12,0.001171875
1011100101,14081,"[1, 0, 2, 3]",315,227.87070274353027,True,24.823483835726634,12,0.001171875
1011100101,14082,"[1, 2, 0, 3]",600,227.8878688812256,False,24.823483835726634,12,0.001171875
1011100101,14083,"[1, 0, 2, 3]",315,227.90098190307617,True,24.823483835726634,12,0.001171875
1011100101,14084,"[1, 2, 0, 3]",600,227.91814804077148,False,24.823483835726634,12,0.001171875
1011100101,14085,"[1, 0, 2, 3]",315,227.93102264404297,True,24.823483835726634,12,0.001171875
0010101011,14086,"[3, 2, 1, 0]",9600,227.94842720031738,False,41.72754880457836,12,0.001171875
0010101011,14087,"[3, 2, 1, 0]",9600,227.96368598937988,True,41.72754880457836,12,0.001171875
0010101011,14088,"[3, 2, 1, 0]",9600,227.9813289642334,False,41.72754880457836,12,0.001171875
0010101011,14089,"[3, 2, 1, 0]",9600,227.9953956604004,True,41.72754880457836,12,0.001171875
0010101011,14090,"[3, 2, 1, 0]",9600,228.01470756530762,False,41.72754880457836,12,0.001171875
0010101011,14091,"[3, 2, 1, 0]",9600,228.0282974243164,True,41.72754880457836,12,0.001171875
0010101011,14092,"[3, 2, 1, 0]",9600,228.04594039916992,False,41.72754880457836,12,0.001171875
0010101011,14093,"[3, 2, 1, 0]",9600,228.0592918395996,True,41.72754880457836,12,0.001171875
0010101011,14094,"[3, 2, 1, 0]",9600,228.07669639587402,False,41.72754880457836,12,0.001171875
0010101011,14095,"[3, 2, 1, 0]",9600,228.0893325805664,True,41.72754880457836,12,0.001171875
0010101011,14096,"[3, 2, 1, 0]",9600,228.10673713684082,False,41.72754880457836,12,0.001171875
0010101011,14097,"[3, 2, 1, 0]",9600,228.1196117401123,True,41.72754880457836,12,0.001171875
0010101011,14098,"[3, 2, 1, 0]",9600,228.13844680786133,False,41.72754880457836,12,0.001171875
0010101011,14099,"[3, 2, 1, 0]",9600,228.15179824829102,True,41.72754880457836,12,0.001171875
0010101011,14100,"[3, 2, 1, 0]",9600,228.16967964172363,False,41.72754880457836,12,0.001171875
0010101011,14101,"[3, 2, 1, 0]",9600,228.18255424499512,True,41.72754880457836,12,0.001171875
0010101011,14102,"[3, 2, 1, 0]",9600,228.20019721984863,False,41.72754880457836,12,0.001171875
0010101011,14103,"[3, 2, 1, 0]",9600,228.21283340454102,True,41.72754880457836,12,0.001171875
0010101011,14104,"[3, 2, 1, 0]",9600,228.23047637939453,False,41.72754880457836,12,0.001171875
0010101011,14105,"[3, 2, 1, 0]",9600,228.2428741455078,True,41.72754880457836,12,0.001171875
0010101011,14106,"[3, 2, 1, 0]",9600,228.26027870178223,False,41.72754880457836,12,0.001171875
0010101011,14107,"[3, 2, 1, 0]",9600,228.2729148864746,True,41.72754880457836,12,0.001171875
0010101011,14108,"[3, 2, 1, 0]",9600,228.29008102416992,False,41.72754880457836,12,0.001171875
0010101011,14109,"[3, 2, 1, 0]",9600,228.3029556274414,True,41.72754880457836,12,0.001171875
0001100100,14110,"[2, 3, 1, 0]",9600,228.32179069519043,False,14.732215692871499,12,0.001171875
0001100100,14111,"[2, 3, 1, 0]",9600,228.3346652984619,True,14.732215692871499,12,0.001171875
0001100100,14112,"[2, 3, 1, 0]",9600,228.35230827331543,False,14.732215692871499,12,0.001171875
0001100100,14113,"[2, 3, 1, 0]",9600,228.36542129516602,True,14.732215692871499,12,0.001171875
0001100100,14114,"[2, 3, 1, 0]",9600,228.38282585144043,False,14.732215692871499,12,0.001171875
0001100100,14115,"[2, 3, 1, 0]",9600,228.3957004547119,True,14.732215692871499,12,0.001171875
0001100100,14116,"[2, 3, 1, 0]",9600,228.41334342956543,False,14.732215692871499,12,0.001171875
0001100100,14117,"[2, 3, 1, 0]",9600,228.4262180328369,True,14.732215692871499,12,0.001171875
0001100100,14118,"[2, 3, 1, 0]",9600,228.44362258911133,False,14.732215692871499,12,0.001171875
0001100100,14119,"[2, 3, 1, 0]",9600,228.4564971923828,True,14.732215692871499,12,0.001171875
0001100100,14120,"[2, 3, 1, 0]",9600,228.47366333007812,False,14.732215692871499,12,0.001171875
0001100100,14121,"[2, 3, 1, 0]",9600,228.4865379333496,True,14.732215692871499,12,0.001171875
0001100100,14122,"[2, 3, 1, 0]",9600,228.50394248962402,False,14.732215692871499,12,0.001171875
0001100100,14123,"[2, 3, 1, 0]",9600,228.5161018371582,True,14.732215692871499,12,0.001171875
0001100100,14124,"[2, 3, 1, 0]",9600,228.53374481201172,False,14.732215692871499,12,0.001171875
0001100100,14125,"[2, 3, 1, 0]",9600,228.5463809967041,True,14.732215692871499,12,0.001171875
0001100100,14126,"[2, 3, 1, 0]",9600,228.56378555297852,False,14.732215692871499,12,0.001171875
0001100100,14127,"[2, 3, 1, 0]",9600,228.5761833190918,True,14.732215692871499,12,0.001171875
0001100100,14128,"[2, 3, 1, 0]",9600,228.5933494567871,False,14.732215692871499,12,0.001171875
0001100100,14129,"[2, 3, 1, 0]",9600,228.6059856414795,True,14.732215692871499,12,0.001171875
0001100100,14130,"[2, 3, 1, 0]",9600,228.6231517791748,False,14.732215692871499,12,0.001171875
0001100100,14131,"[2, 3, 1, 0]",9600,228.6369800567627,True,14.732215692871499,12,0.001171875
0001100100,14132,"[2, 3, 1, 0]",9600,228.6548614501953,False,14.732215692871499,12,0.001171875
0001100100,14133,"[2, 3, 1, 0]",9600,228.6677360534668,True,14.732215692871499,12,0.001171875
0001111110,14134,"[3, 2, 1, 0]",9600,228.6851406097412,False,22.797855692697922,12,0.001171875
0001111110,14135,"[3, 2, 1, 0]",9600,228.6975383758545,True,22.797855692697922,12,0.001171875
0001111110,14136,"[3, 2, 1, 0]",9600,228.7149429321289,False,22.797855692697922,12,0.001171875
0001111110,14137,"[3, 2, 1, 0]",9600,228.7280559539795,True,22.797855692697922,12,0.001171875
0001111110,14138,"[3, 2, 1, 0]",9600,228.745698928833,False,22.797855692697922,12,0.001171875
0001111110,14139,"[3, 2, 1, 0]",9600,228.7588119506836,True,22.797855692697922,12,0.001171875
0001111110,14140,"[3, 2, 1, 0]",9600,228.776216506958,False,22.797855692697922,12,0.001171875
0001111110,14141,"[3, 2, 1, 0]",9600,228.7893295288086,True,22.797855692697922,12,0.001171875
0001111110,14142,"[3, 2, 1, 0]",9600,228.806734085083,False,22.797855692697922,12,0.001171875
0001111110,14143,"[3, 2, 1, 0]",9600,228.8191318511963,True,22.797855692697922,12,0.001171875
0001111110,14144,"[3, 2, 1, 0]",9600,228.8365364074707,False,22.797855692697922,12,0.001171875
0001111110,14145,"[3, 2, 1, 0]",9600,228.8494110107422,True,22.797855692697922,12,0.001171875
0001111110,14146,"[3, 2, 1, 0]",9600,228.8665771484375,False,22.797855692697922,12,0.001171875
0001111110,14147,"[3, 2, 1, 0]",9600,228.87945175170898,True,22.797855692697922,12,0.001171875
0001111110,14148,"[3, 2, 1, 0]",9600,228.8980484008789,False,22.797855692697922,12,0.001171875
0001111110,14149,"[3, 2, 1, 0]",9600,228.9118766784668,True,22.797855692697922,12,0.001171875
0001111110,14150,"[3, 2, 1, 0]",9600,228.9295196533203,False,22.797855692697922,12,0.001171875
0001111110,14151,"[3, 2, 1, 0]",9600,228.9423942565918,True,22.797855692697922,12,0.001171875
0001111110,14152,"[3, 2, 1, 0]",9600,228.96146774291992,False,22.797855692697922,12,0.001171875
0001111110,14153,"[3, 2, 1, 0]",9600,228.9745807647705,True,22.797855692697922,12,0.001171875
0001111110,14154,"[3, 2, 1, 0]",9600,228.99222373962402,False,22.797855692697922,12,0.001171875
0001111110,14155,"[3, 2, 1, 0]",9600,229.0050983428955,True,22.797855692697922,12,0.001171875
0001111110,14156,"[3, 2, 1, 0]",9600,229.02226448059082,False,22.797855692697922,12,0.001171875
0001111110,14157,"[3, 2, 1, 0]",9600,229.0349006652832,True,22.797855692697922,12,0.001171875
0110100100,14158,"[2, 1, 3, 0]",9300,229.05230522155762,False,18.27225942116783,12,0.001171875
0110100100,14159,"[2, 1, 0, 3]",600,229.0654182434082,True,18.27225942116783,12,0.001171875
0110100100,14160,"[2, 1, 3, 0]",9300,229.08282279968262,False,18.27225942116783,12,0.001171875
0110100100,14161,"[2, 1, 0, 3]",600,229.0964126586914,True,18.27225942116783,12,0.001171875
0110100100,14162,"[2, 1, 3, 0]",9300,229.11381721496582,False,18.27225942116783,12,0.001171875
0110100100,14163,"[2, 1, 0, 3]",600,229.1274070739746,True,18.27225942116783,12,0.001171875
0110100100,14164,"[2, 1, 3, 0]",9300,229.14481163024902,False,18.27225942116783,12,0.001171875
0110100100,14165,"[2, 1, 0, 3]",600,229.1581630706787,True,18.27225942116783,12,0.001171875
0110100100,14166,"[2, 1, 3, 0]",9300,229.17556762695312,False,18.27225942116783,12,0.001171875
0110100100,14167,"[2, 1, 0, 3]",600,229.1889190673828,True,18.27225942116783,12,0.001171875
0110100100,14168,"[2, 1, 3, 0]",9300,229.20608520507812,False,18.27225942116783,12,0.001171875
0110100100,14169,"[2, 1, 0, 3]",600,229.2191982269287,True,18.27225942116783,12,0.001171875
0110100100,14170,"[2, 1, 3, 0]",9300,229.23636436462402,False,18.27225942116783,12,0.001171875
0110100100,14171,"[2, 1, 0, 3]",600,229.2494773864746,True,18.27225942116783,12,0.001171875
0110100100,14172,"[2, 1, 3, 0]",9300,229.26664352416992,False,18.27225942116783,12,0.001171875
0110100100,14173,"[2, 1, 0, 3]",600,229.28142547607422,True,18.27225942116783,12,0.001171875
0110100100,14174,"[2, 1, 3, 0]",9300,229.29954528808594,False,18.27225942116783,12,0.001171875
0110100100,14175,"[2, 1, 0, 3]",600,229.31265830993652,True,18.27225942116783,12,0.001171875
0110100100,14176,"[2, 1, 3, 0]",9300,229.33030128479004,False,18.27225942116783,12,0.001171875
0110100100,14177,"[2, 1, 0, 3]",600,229.34317588806152,True,18.27225942116783,12,0.001171875
0110100100,14178,"[2, 1, 3, 0]",9300,229.36058044433594,False,18.27225942116783,12,0.001171875
0110100100,14179,"[2, 1, 0, 3]",600,229.37393188476562,True,18.27225942116783,12,0.001171875
0110100100,14180,"[2, 1, 3, 0]",9300,229.39109802246094,False,18.27225942116783,12,0.001171875
0110100100,14181,"[2, 1, 0, 3]",600,229.40421104431152,True,18.27225942116783,12,0.001171875
0010111111,14182,"[3, 2, 1, 0]",9600,229.42161560058594,False,23.889370673819272,12,0.001171875
0010111111,14183,"[3, 2, 1, 0]",9600,229.43449020385742,True,23.889370673819272,12,0.001171875
0010111111,14184,"[3, 2, 1, 0]",9600,229.45189476013184,False,23.889370673819272,12,0.001171875
0010111111,14185,"[3, 2, 1, 0]",9600,229.46476936340332,True,23.889370673819272,12,0.001171875
0010111111,14186,"[3, 2, 1, 0]",9600,229.48503494262695,False,23.889370673819272,12,0.001171875
0010111111,14187,"[3, 2, 1, 0]",9600,229.49838638305664,True,23.889370673819272,12,0.001171875
0010111111,14188,"[3, 2, 1, 0]",9600,229.51579093933105,False,23.889370673819272,12,0.001171875
0010111111,14189,"[3, 2, 1, 0]",9600,229.52890396118164,True,23.889370673819272,12,0.001171875
0010111111,14190,"[3, 2, 1, 0]",9600,229.54630851745605,False,23.889370673819272,12,0.001171875
0010111111,14191,"[3, 2, 1, 0]",9600,229.55942153930664,True,23.889370673819272,12,0.001171875
0010111111,14192,"[3, 2, 1, 0]",9600,229.57634925842285,False,23.889370673819272,12,0.001171875
0010111111,14193,"[3, 2, 1, 0]",9600,229.58922386169434,True,23.889370673819272,12,0.001171875
0010111111,14194,"[3, 2, 1, 0]",9600,229.60782051086426,False,23.889370673819272,12,0.001171875
0010111111,14195,"[3, 2, 1, 0]",9600,229.62045669555664,True,23.889370673819272,12,0.001171875
0010111111,14196,"[3, 2, 1, 0]",9600,229.63786125183105,False,23.889370673819272,12,0.001171875
0010111111,14197,"[3, 2, 1, 0]",9600,229.65049743652344,True,23.889370673819272,12,0.001171875
0010111111,14198,"[3, 2, 1, 0]",9600,229.66790199279785,False,23.889370673819272,12,0.001171875
0010111111,14199,"[3, 2, 1, 0]",9600,229.68220710754395,True,23.889370673819272,12,0.001171875
0010111111,14200,"[3, 2, 1, 0]",9600,229.69985008239746,False,23.889370673819272,12,0.001171875
0010111111,14201,"[3, 2, 1, 0]",9600,229.71272468566895,True,23.889370673819272,12,0.001171875
0010111111,14202,"[3, 2, 1, 0]",9600,229.73036766052246,False,23.889370673819272,12,0.001171875
0010111111,14203,"[3, 2, 1, 0]",9600,229.74300384521484,True,23.889370673819272,12,0.001171875
0010111111,14204,"[3, 2, 1, 0]",9600,229.76040840148926,False,23.889370673819272,12,0.001171875
0010111111,14205,"[3, 2, 1, 0]",9600,229.77256774902344,True,23.889370673819272,12,0.001171875
1101010001,14206,"[0, 2, 1, 3]",500,229.78997230529785,False,9.136129710583916,12,0.001171875
1101010001,14207,"[0, 1, 2, 3]",315,229.80356216430664,True,9.136129710583916,12,0.001171875
1101010001,14208,"[0, 2, 1, 3]",500,229.82120513916016,False,9.136129710583916,12,0.001171875
1101010001,14209,"[0, 1, 2, 3]",315,229.83479499816895,True,9.136129710583916,12,0.001171875
1101010001,14210,"[0, 2, 1, 3]",500,229.85196113586426,False,9.136129710583916,12,0.001171875
1101010001,14211,"[0, 1, 2, 3]",315,229.86507415771484,True,9.136129710583916,12,0.001171875
1101010001,14212,"[0, 2, 1, 3]",500,229.88224029541016,False,9.136129710583916,12,0.001171875
1101010001,14213,"[0, 1, 2, 3]",315,229.89535331726074,True,9.136129710583916,12,0.001171875
1101010001,14214,"[0, 2, 1, 3]",500,229.91251945495605,False,9.136129710583916,12,0.001171875
1101010001,14215,"[0, 1, 2, 3]",315,229.92730140686035,True,9.136129710583916,12,0.001171875
1101010001,14216,"[0, 2, 1, 3]",500,229.94494438171387,False,9.136129710583916,12,0.001171875
1101010001,14217,"[0, 1, 2, 3]",315,229.95829582214355,True,9.136129710583916,12,0.001171875
1101010001,14218,"[0, 2, 1, 3]",500,229.97498512268066,False,9.136129710583916,12,0.001171875
1101010001,14219,"[0, 1, 2, 3]",315,229.98809814453125,True,9.136129710583916,12,0.001171875
1101010001,14220,"[0, 2, 1, 3]",500,230.00502586364746,False,9.136129710583916,12,0.001171875
1101010001,14221,"[0, 1, 2, 3]",315,230.01813888549805,True,9.136129710583916,12,0.001171875
1101010001,14222,"[0, 2, 1, 3]",500,230.03530502319336,False,9.136129710583916,12,0.001171875
1101010001,14223,"[0, 1, 2, 3]",315,230.04841804504395,True,9.136129710583916,12,0.001171875
1101010001,14224,"[0, 2, 1, 3]",500,230.06534576416016,False,9.136129710583916,12,0.001171875
1101010001,14225,"[0, 1, 2, 3]",315,230.07845878601074,True,9.136129710583916,12,0.001171875
1101010001,14226,"[0, 2, 1, 3]",500,230.09586334228516,False,9.136129710583916,12,0.001171875
1101010001,14227,"[0, 1, 2, 3]",315,230.10873794555664,True,9.136129710583916,12,0.001171875
1101010001,14228,"[0, 2, 1, 3]",500,230.12590408325195,False,9.136129710583916,12,0.001171875
1101010001,14229,"[0, 1, 2, 3]",315,230.13901710510254,True,9.136129710583916,12,0.001171875
1111001010,14230,"[1, 0, 3, 2]",465,230.15618324279785,False,17.774909810992618,12,0.001171875
1111001010,14231,"[1, 0, 3, 2]",465,230.16929626464844,True,17.774909810992618,12,0.001171875
1111001010,14232,"[1, 0, 3, 2]",465,230.18622398376465,False,17.774909810992618,12,0.001171875
1111001010,14233,"[1, 0, 3, 2]",465,230.19933700561523,True,17.774909810992618,12,0.001171875
1111001010,14234,"[1, 0, 3, 2]",465,230.21650314331055,False,17.774909810992618,12,0.001171875
1111001010,14235,"[1, 0, 3, 2]",465,230.22937774658203,True,17.774909810992618,12,0.001171875
1111001010,14236,"[1, 0, 3, 2]",465,230.24773597717285,False,17.774909810992618,12,0.001171875
1111001010,14237,"[1, 0, 3, 2]",465,230.26132583618164,True,17.774909810992618,12,0.001171875
1111001010,14238,"[1, 0, 3, 2]",465,230.27896881103516,False,17.774909810992618,12,0.001171875
1111001010,14239,"[1, 0, 3, 2]",465,230.29184341430664,True,17.774909810992618,12,0.001171875
1111001010,14240,"[1, 0, 3, 2]",465,230.30948638916016,False,17.774909810992618,12,0.001171875
1111001010,14241,"[1, 0, 3, 2]",465,230.32212257385254,True,17.774909810992618,12,0.001171875
1111001010,14242,"[1, 0, 3, 2]",465,230.33952713012695,False,17.774909810992618,12,0.001171875
1111001010,14243,"[1, 0, 3, 2]",465,230.35264015197754,True,17.774909810992618,12,0.001171875
1111001010,14244,"[1, 0, 3, 2]",465,230.36980628967285,False,17.774909810992618,12,0.001171875
1111001010,14245,"[1, 0, 3, 2]",465,230.38268089294434,True,17.774909810992618,12,0.001171875
1111001010,14246,"[1, 0, 3, 2]",465,230.39984703063965,False,17.774909810992618,12,0.001171875
1111001010,14247,"[1, 0, 3, 2]",465,230.41248321533203,True,17.774909810992618,12,0.001171875
1111001010,14248,"[1, 0, 3, 2]",465,230.42988777160645,False,17.774909810992618,12,0.001171875
1111001010,14249,"[1, 0, 3, 2]",465,230.44466972351074,True,17.774909810992618,12,0.001171875
1111001010,14250,"[1, 0, 3, 2]",465,230.46207427978516,False,17.774909810992618,12,0.001171875
1111001010,14251,"[1, 0, 3, 2]",465,230.47471046447754,True,17.774909810992618,12,0.001171875
1111001010,14252,"[1, 0, 3, 2]",465,230.49211502075195,False,17.774909810992618,12,0.001171875
1111001010,14253,"[1, 0, 3, 2]",465,230.50522804260254,True,17.774909810992618,12,0.001171875
1100011011,14254,"[0, 3, 2, 1]",6300,230.52239418029785,False,11.874566250762008,12,0.001171875
1100011011,14255,"[0, 1, 3, 2]",465,230.53836822509766,True,11.874566250762008,12,0.001171875
1100011011,14256,"[0, 3, 2, 1]",6300,230.55601119995117,False,11.874566250762008,12,0.001171875
1100011011,14257,"[0, 1, 3, 2]",465,230.56983947753906,True,11.874566250762008,12,0.001171875
1100011011,14258,"[0, 3, 2, 1]",6300,230.5886745452881,False,11.874566250762008,12,0.001171875
1100011011,14259,"[0, 1, 3, 2]",465,230.60202598571777,True,11.874566250762008,12,0.001171875
1100011011,14260,"[0, 3, 2, 1]",6300,230.6194305419922,False,11.874566250762008,12,0.001171875
1100011011,14261,"[0, 1, 3, 2]",465,230.63254356384277,True,11.874566250762008,12,0.001171875
1100011011,14262,"[0, 3, 2, 1]",6300,230.6497097015381,False,11.874566250762008,12,0.001171875
1100011011,14263,"[0, 1, 3, 2]",465,230.66210746765137,True,11.874566250762008,12,0.001171875
1100011011,14264,"[0, 3, 2, 1]",6300,230.67951202392578,False,11.874566250762008,12,0.001171875
1100011011,14265,"[0, 1, 3, 2]",465,230.69238662719727,True,11.874566250762008,12,0.001171875
1100011011,14266,"[0, 3, 2, 1]",6300,230.70955276489258,False,11.874566250762008,12,0.001171875
1100011011,14267,"[0, 1, 3, 2]",465,230.72266578674316,True,11.874566250762008,12,0.001171875
1100011011,14268,"[0, 3, 2, 1]",6300,230.73983192443848,False,11.874566250762008,12,0.001171875
1100011011,14269,"[0, 1, 3, 2]",465,230.75270652770996,True,11.874566250762008,12,0.001171875
1100011011,14270,"[0, 3, 2, 1]",6300,230.76987266540527,False,11.874566250762008,12,0.001171875
1100011011,14271,"[0, 1, 3, 2]",465,230.78274726867676,True,11.874566250762008,12,0.001171875
1100011011,14272,"[0, 3, 2, 1]",6300,230.79967498779297,False,11.874566250762008,12,0.001171875
1100011011,14273,"[0, 1, 3, 2]",465,230.81254959106445,True,11.874566250762008,12,0.001171875
1100011011,14274,"[0, 3, 2, 1]",6300,230.82971572875977,False,11.874566250762008,12,0.001171875
1100011011,14275,"[0, 1, 3, 2]",465,230.84235191345215,True,11.874566250762008,12,0.001171875
1100011011,14276,"[0, 3, 2, 1]",6300,230.85904121398926,False,11.874566250762008,12,0.001171875
1100011011,14277,"[0, 1, 3, 2]",465,230.87191581726074,True,11.874566250762008,12,0.001171875
0000111011,14278,"[2, 3, 1, 0]",9600,230.89027404785156,False,21.252440927530373,12,0.001171875
0000111011,14279,"[2, 3, 1, 0]",9600,230.90386390686035,True,21.252440927530373,12,0.001171875
0000111011,14280,"[2, 3, 1, 0]",9600,230.92150688171387,False,21.252440927530373,12,0.001171875
0000111011,14281,"[2, 3, 1, 0]",9600,230.93461990356445,True,21.252440927530373,12,0.001171875
0000111011,14282,"[2, 3, 1, 0]",9600,230.95226287841797,False,21.252440927530373,12,0.001171875
0000111011,14283,"[2, 3, 1, 0]",9600,230.96466064453125,True,21.252440927530373,12,0.001171875
0000111011,14284,"[2, 3, 1, 0]",9600,230.98182678222656,False,21.252440927530373,12,0.001171875
0000111011,14285,"[2, 3, 1, 0]",9600,230.99470138549805,True,21.252440927530373,12,0.001171875
0000111011,14286,"[2, 3, 1, 0]",9600,231.01162910461426,False,21.252440927530373,12,0.001171875
0000111011,14287,"[2, 3, 1, 0]",9600,231.02450370788574,True,21.252440927530373,12,0.001171875
0000111011,14288,"[2, 3, 1, 0]",9600,231.04143142700195,False,21.252440927530373,12,0.001171875
0000111011,14289,"[2, 3, 1, 0]",9600,231.05406761169434,True,21.252440927530373,12,0.001171875
0000111011,14290,"[2, 3, 1, 0]",9600,231.07123374938965,False,21.252440927530373,12,0.001171875
0000111011,14291,"[2, 3, 1, 0]",9600,231.08410835266113,True,21.252440927530373,12,0.001171875
0000111011,14292,"[2, 3, 1, 0]",9600,231.10127449035645,False,21.252440927530373,12,0.001171875
0000111011,14293,"[2, 3, 1, 0]",9600,231.11391067504883,True,21.252440927530373,12,0.001171875
0000111011,14294,"[2, 3, 1, 0]",9600,231.13083839416504,False,21.252440927530373,12,0.001171875
0000111011,14295,"[2, 3, 1, 0]",9600,231.14371299743652,True,21.252440927530373,12,0.001171875
0000111011,14296,"[2, 3, 1, 0]",9600,231.16064071655273,False,21.252440927530373,12,0.001171875
0000111011,14297,"[2, 3, 1, 0]",9600,231.17327690124512,True,21.252440927530373,12,0.001171875
0000111011,14298,"[2, 3, 1, 0]",9600,231.18996620178223,False,21.252440927530373,12,0.001171875
0000111011,14299,"[2, 3, 1, 0]",9600,231.20474815368652,True,21.252440927530373,12,0.001171875
0000111011,14300,"[2, 3, 1, 0]",9600,231.22406005859375,False,21.252440927530373,12,0.001171875
0000111011,14301,"[2, 3, 1, 0]",9600,231.23717308044434,True,21.252440927530373,12,0.001171875
1001111011,14302,"[2, 3, 0, 1]",6600,231.25481605529785,False,21.900011571152795,12,0.001171875
1001111011,14303,"[2, 3, 0, 1]",6600,231.26816749572754,True,21.900011571152795,12,0.001171875
1001111011,14304,"[2, 3, 0, 1]",6600,231.28557205200195,False,21.900011571152795,12,0.001171875
1001111011,14305,"[2, 3, 0, 1]",6600,231.29844665527344,True,21.900011571152795,12,0.001171875
1001111011,14306,"[2, 3, 0, 1]",6600,231.31561279296875,False,21.900011571152795,12,0.001171875
1001111011,14307,"[2, 3, 0, 1]",6600,231.32824897766113,True,21.900011571152795,12,0.001171875
1001111011,14308,"[2, 3, 0, 1]",6600,231.34517669677734,False,21.900011571152795,12,0.001171875
1001111011,14309,"[2, 3, 0, 1]",6600,231.35781288146973,True,21.900011571152795,12,0.001171875
1001111011,14310,"[2, 3, 0, 1]",6600,231.37474060058594,False,21.900011571152795,12,0.001171875
1001111011,14311,"[2, 3, 0, 1]",6600,231.38737678527832,True,21.900011571152795,12,0.001171875
1001111011,14312,"[2, 3, 0, 1]",6600,231.40430450439453,False,21.900011571152795,12,0.001171875
1001111011,14313,"[2, 3, 0, 1]",6600,231.41741752624512,True,21.900011571152795,12,0.001171875
1001111011,14314,"[2, 3, 0, 1]",6600,231.43434524536133,False,21.900011571152795,12,0.001171875
1001111011,14315,"[2, 3, 0, 1]",6600,231.4474582672119,True,21.900011571152795,12,0.001171875
1001111011,14316,"[2, 3, 0, 1]",6600,231.46390914916992,False,21.900011571152795,12,0.001171875
1001111011,14317,"[2, 3, 0, 1]",6600,231.4767837524414,True,21.900011571152795,12,0.001171875
1001111011,14318,"[2, 3, 0, 1]",6600,231.49371147155762,False,21.900011571152795,12,0.001171875
1001111011,14319,"[2, 3, 0, 1]",6600,231.5065860748291,True,21.900011571152795,12,0.001171875
1001111011,14320,"[2, 3, 0, 1]",6600,231.52494430541992,False,21.900011571152795,12,0.001171875
1001111011,14321,"[2, 3, 0, 1]",6600,231.5378189086914,True,21.900011571152795,12,0.001171875
1001111011,14322,"[2, 3, 0, 1]",6600,231.55546188354492,False,21.900011571152795,12,0.001171875
1001111011,14323,"[2, 3, 0, 1]",6600,231.5680980682373,True,21.900011571152795,12,0.001171875
1001111011,14324,"[2, 3, 0, 1]",6600,231.58550262451172,False,21.900011571152795,12,0.001171875
1001111011,14325,"[2, 3, 0, 1]",6600,231.5983772277832,True,21.900011571152795,12,0.001171875
1101101110,14326,"[3, 0, 2, 1]",6300,231.61578178405762,False,27.064086040812967,12,0.001171875
1101101110,14327,"[3, 0, 1, 2]",750,231.6291332244873,True,27.064086040812967,12,0.001171875
1101101110,14328,"[3, 0, 2, 1]",6300,231.64677619934082,False,27.064086040812967,12,0.001171875
1101101110,14329,"[3, 0, 1, 2]",750,231.6598892211914,True,27.064086040812967,12,0.001171875
1101101110,14330,"[3, 0, 2, 1]",6300,231.67729377746582,False,27.064086040812967,12,0.001171875
1101101110,14331,"[3, 0, 1, 2]",750,231.6901683807373,True,27.064086040812967,12,0.001171875
1101101110,14332,"[3, 0, 2, 1]",6300,231.70757293701172,False,27.064086040812967,12,0.001171875
1101101110,14333,"[3, 0, 1, 2]",750,231.7206859588623,True,27.064086040812967,12,0.001171875
1101101110,14334,"[3, 0, 2, 1]",6300,231.73809051513672,False,27.064086040812967,12,0.001171875
1101101110,14335,"[3, 0, 1, 2]",750,231.7509651184082,True,27.064086040812967,12,0.001171875
1101101110,14336,"[3, 0, 2, 1]",6300,231.76836967468262,False,27.064086040812967,12,0.001171875
1101101110,14337,"[3, 0, 1, 2]",750,231.7814826965332,True,27.064086040812967,12,0.001171875
1101101110,14338,"[3, 0, 2, 1]",6300,231.79912567138672,False,27.064086040812967,12,0.001171875
1101101110,14339,"[3, 0, 1, 2]",750,231.8122386932373,True,27.064086040812967,12,0.001171875
1101101110,14340,"[3, 0, 2, 1]",6300,231.82964324951172,False,27.064086040812967,12,0.001171875
1101101110,14341,"[3, 0, 1, 2]",750,231.8441867828369,True,27.064086040812967,12,0.001171875
1101101110,14342,"[3, 0, 2, 1]",6300,231.86206817626953,False,27.064086040812967,12,0.001171875
1101101110,14343,"[3, 0, 1, 2]",750,231.87518119812012,True,27.064086040812967,12,0.001171875
1101101110,14344,"[3, 0, 2, 1]",6300,231.89234733581543,False,27.064086040812967,12,0.001171875
1101101110,14345,"[3, 0, 1, 2]",750,231.9052219390869,True,27.064086040812967,12,0.001171875
1101101110,14346,"[3, 0, 2, 1]",6300,231.92238807678223,False,27.064086040812967,12,0.001171875
1101101110,14347,"[3, 0, 1, 2]",750,231.95862770080566,True,27.064086040812967,12,0.001171875
1101101110,14348,"[3, 0, 2, 1]",6300,231.97698593139648,False,27.064086040812967,12,0.001171875
1101101110,14349,"[3, 0, 1, 2]",750,231.98986053466797,True,27.064086040812967,12,0.001171875
0101110011,14350,"[2, 1, 0, 3]",600,232.0115566253662,False,12.226748768873371,12,0.001171875
0101110011,14351,"[2, 1, 0, 3]",600,232.0253849029541,True,12.226748768873371,12,0.001171875
0101110011,14352,"[2, 1, 0, 3]",600,232.04350471496582,False,12.226748768873371,12,0.001171875
0101110011,14353,"[2, 1, 0, 3]",600,232.0568561553955,True,12.226748768873371,12,0.001171875
0101110011,14354,"[2, 1, 0, 3]",600,232.07449913024902,False,12.226748768873371,12,0.001171875
0101110011,14355,"[2, 1, 0, 3]",600,232.0878505706787,True,12.226748768873371,12,0.001171875
0101110011,14356,"[2, 1, 0, 3]",600,232.10549354553223,False,12.226748768873371,12,0.001171875
0101110011,14357,"[2, 1, 0, 3]",600,232.1186065673828,True,12.226748768873371,12,0.001171875
0101110011,14358,"[2, 1, 0, 3]",600,232.13601112365723,False,12.226748768873371,12,0.001171875
0101110011,14359,"[2, 1, 0, 3]",600,232.1491241455078,True,12.226748768873371,12,0.001171875
0101110011,14360,"[2, 1, 0, 3]",600,232.16652870178223,False,12.226748768873371,12,0.001171875
0101110011,14361,"[2, 1, 0, 3]",600,232.1794033050537,True,12.226748768873371,12,0.001171875
0101110011,14362,"[2, 1, 0, 3]",600,232.19847679138184,False,12.226748768873371,12,0.001171875
0101110011,14363,"[2, 1, 0, 3]",600,232.21182823181152,True,12.226748768873371,12,0.001171875
0101110011,14364,"[2, 1, 0, 3]",600,232.22947120666504,False,12.226748768873371,12,0.001171875
0101110011,14365,"[2, 1, 0, 3]",600,232.24282264709473,True,12.226748768873371,12,0.001171875
0101110011,14366,"[2, 1, 0, 3]",600,232.25998878479004,False,12.226748768873371,12,0.001171875
0101110011,14367,"[2, 1, 0, 3]",600,232.27310180664062,True,12.226748768873371,12,0.001171875
0101110011,14368,"[2, 1, 0, 3]",600,232.29050636291504,False,12.226748768873371,12,0.001171875
0101110011,14369,"[2, 1, 0, 3]",600,232.30409622192383,True,12.226748768873371,12,0.001171875
0101110011,14370,"[2, 1, 0, 3]",600,232.32150077819824,False,12.226748768873371,12,0.001171875
0101110011,14371,"[2, 1, 0, 3]",600,232.33485221862793,True,12.226748768873371,12,0.001171875
0101110011,14372,"[2, 1, 0, 3]",600,232.35201835632324,False,12.226748768873371,12,0.001171875
0101110011,14373,"[2, 1, 0, 3]",600,232.36513137817383,True,12.226748768873371,12,0.001171875
0011110100,14374,"[2, 1, 3, 0]",9300,232.38229751586914,False,21.772163534040928,11,0.00107421875
0011110100,14375,"[2, 1, 0, 3]",600,232.39564895629883,True,21.772163534040928,11,0.00107421875
0011110100,14376,"[2, 1, 3, 0]",9300,232.41305351257324,False,21.772163534040928,11,0.00107421875
0011110100,14377,"[2, 1, 0, 3]",600,232.42592811584473,True,21.772163534040928,11,0.00107421875
0011110100,14378,"[2, 1, 3, 0]",9300,232.44309425354004,False,21.772163534040928,11,0.00107421875
0011110100,14379,"[2, 1, 0, 3]",600,232.45620727539062,True,21.772163534040928,11,0.00107421875
0011110100,14380,"[2, 1, 3, 0]",9300,232.47361183166504,False,21.772163534040928,11,0.00107421875
0011110100,14381,"[2, 1, 0, 3]",600,232.48696327209473,True,21.772163534040928,11,0.00107421875
0011110100,14382,"[2, 1, 3, 0]",9300,232.50436782836914,False,21.772163534040928,11,0.00107421875
0011110100,14383,"[2, 1, 0, 3]",600,232.51891136169434,True,21.772163534040928,11,0.00107421875
0011110100,14384,"[2, 1, 3, 0]",9300,232.53703117370605,False,21.772163534040928,11,0.00107421875
0011110100,14385,"[2, 1, 0, 3]",600,232.55038261413574,True,21.772163534040928,11,0.00107421875
0011110100,14386,"[2, 1, 3, 0]",9300,232.56778717041016,False,21.772163534040928,11,0.00107421875
0011110100,14387,"[2, 1, 0, 3]",600,232.58090019226074,True,21.772163534040928,11,0.00107421875
0011110100,14388,"[2, 1, 3, 0]",9300,232.59806632995605,False,21.772163534040928,11,0.00107421875
0011110100,14389,"[2, 1, 0, 3]",600,232.61117935180664,True,21.772163534040928,11,0.00107421875
0011110100,14390,"[2, 1, 3, 0]",9300,232.62858390808105,False,21.772163534040928,11,0.00107421875
0011110100,14391,"[2, 1, 0, 3]",600,232.64169692993164,True,21.772163534040928,11,0.00107421875
0011110100,14392,"[2, 1, 3, 0]",9300,232.65933990478516,False,21.772163534040928,11,0.00107421875
0011110100,14393,"[2, 1, 0, 3]",600,232.67221450805664,True,21.772163534040928,11,0.00107421875
0011110100,14394,"[2, 1, 3, 0]",9300,232.68985748291016,False,21.772163534040928,11,0.00107421875
0011110100,14395,"[2, 1, 0, 3]",600,232.70320892333984,True,21.772163534040928,11,0.00107421875
0010010001,14396,"[1, 2, 3, 0]",9300,232.72109031677246,False,17.473809707916637,11,0.00107421875
0010010001,14397,"[1, 0, 2, 3]",315,232.73563385009766,True,17.473809707916637,11,0.00107421875
0010010001,14398,"[1, 2, 3, 0]",9300,232.75303840637207,False,17.473809707916637,11,0.00107421875
0010010001,14399,"[1, 0, 2, 3]",315,232.76638984680176,True,17.473809707916637,11,0.00107421875
0010010001,14400,"[1, 2, 3, 0]",9300,232.78570175170898,False,17.473809707916637,11,0.00107421875
0010010001,14401,"[1, 0, 2, 3]",315,232.80024528503418,True,17.473809707916637,11,0.00107421875
0010010001,14402,"[1, 2, 3, 0]",9300,232.8178882598877,False,17.473809707916637,11,0.00107421875
0010010001,14403,"[1, 0, 2, 3]",315,232.8317165374756,True,17.473809707916637,11,0.00107421875
0010010001,14404,"[1, 2, 3, 0]",9300,232.8507900238037,False,17.473809707916637,11,0.00107421875
0010010001,14405,"[1, 0, 2, 3]",315,232.8643798828125,True,17.473809707916637,11,0.00107421875
0010010001,14406,"[1, 2, 3, 0]",9300,232.88202285766602,False,17.473809707916637,11,0.00107421875
0010010001,14407,"[1, 0, 2, 3]",315,232.8953742980957,True,17.473809707916637,11,0.00107421875
0010010001,14408,"[1, 2, 3, 0]",9300,232.91277885437012,False,17.473809707916637,11,0.00107421875
0010010001,14409,"[1, 0, 2, 3]",315,232.9256534576416,True,17.473809707916637,11,0.00107421875
0010010001,14410,"[1, 2, 3, 0]",9300,232.94305801391602,False,17.473809707916637,11,0.00107421875
0010010001,14411,"[1, 0, 2, 3]",315,232.9561710357666,True,17.473809707916637,11,0.00107421875
0010010001,14412,"[1, 2, 3, 0]",9300,232.97357559204102,False,17.473809707916637,11,0.00107421875
0010010001,14413,"[1, 0, 2, 3]",315,232.9864501953125,True,17.473809707916637,11,0.00107421875
0010010001,14414,"[1, 2, 3, 0]",9300,233.0036163330078,False,17.473809707916637,11,0.00107421875
0010010001,14415,"[1, 0, 2, 3]",315,233.0167293548584,True,17.473809707916637,11,0.00107421875
0010010001,14416,"[1, 2, 3, 0]",9300,233.0336570739746,False,17.473809707916637,11,0.00107421875
0010010001,14417,"[1, 0, 2, 3]",315,233.0467700958252,True,17.473809707916637,11,0.00107421875
0110011000,14418,"[3, 1, 2, 0]",9450,233.0641746520996,False,18.33427568419946,11,0.00107421875
0110011000,14419,"[3, 1, 0, 2]",900,233.0775260925293,True,18.33427568419946,11,0.00107421875
0110011000,14420,"[3, 1, 2, 0]",9450,233.0949306488037,False,18.33427568419946,11,0.00107421875
0110011000,14421,"[3, 1, 0, 2]",900,233.1085205078125,True,18.33427568419946,11,0.00107421875
0110011000,14422,"[3, 1, 2, 0]",9450,233.1256866455078,False,18.33427568419946,11,0.00107421875
0110011000,14423,"[3, 1, 0, 2]",900,233.1411838531494,True,18.33427568419946,11,0.00107421875
0110011000,14424,"[3, 1, 2, 0]",9450,233.15906524658203,False,18.33427568419946,11,0.00107421875
0110011000,14425,"[3, 1, 0, 2]",900,233.17313194274902,True,18.33427568419946,11,0.00107421875
0110011000,14426,"[3, 1, 2, 0]",9450,233.19268226623535,False,18.33427568419946,11,0.00107421875
0110011000,14427,"[3, 1, 0, 2]",900,233.20627212524414,True,18.33427568419946,11,0.00107421875
0110011000,14428,"[3, 1, 2, 0]",9450,233.22391510009766,False,18.33427568419946,11,0.00107421875
0110011000,14429,"[3, 1, 0, 2]",900,233.23726654052734,True,18.33427568419946,11,0.00107421875
0110011000,14430,"[3, 1, 2, 0]",9450,233.25443267822266,False,18.33427568419946,11,0.00107421875
0110011000,14431,"[3, 1, 0, 2]",900,233.26754570007324,True,18.33427568419946,11,0.00107421875
0110011000,14432,"[3, 1, 2, 0]",9450,233.28495025634766,False,18.33427568419946,11,0.00107421875
0110011000,14433,"[3, 1, 0, 2]",900,233.29806327819824,True,18.33427568419946,11,0.00107421875
0110011000,14434,"[3, 1, 2, 0]",9450,233.31522941589355,False,18.33427568419946,11,0.00107421875
0110011000,14435,"[3, 1, 0, 2]",900,233.32834243774414,True,18.33427568419946,11,0.00107421875
0110011000,14436,"[3, 1, 2, 0]",9450,233.34574699401855,False,18.33427568419946,11,0.00107421875
0110011000,14437,"[3, 1, 0, 2]",900,233.35862159729004,True,18.33427568419946,11,0.00107421875
0110011000,14438,"[3, 1, 2, 0]",9450,233.37626457214355,False,18.33427568419946,11,0.00107421875
0110011000,14439,"[3, 1, 0, 2]",900,233.38913917541504,True,18.33427568419946,11,0.00107421875
0010000101,14440,"[1, 3, 2, 0]",9450,233.40654373168945,False,17.610835341332443,11,0.00107421875
0010000101,14441,"[1, 0, 3, 2]",465,233.41989517211914,True,17.610835341332443,11,0.00107421875
0010000101,14442,"[1, 3, 2, 0]",9450,233.43729972839355,False,17.610835341332443,11,0.00107421875
0010000101,14443,"[1, 0, 3, 2]",465,233.45017433166504,True,17.610835341332443,11,0.00107421875
0010000101,14444,"[1, 3, 2, 0]",9450,233.46757888793945,False,17.610835341332443,11,0.00107421875
0010000101,14445,"[1, 0, 3, 2]",465,233.48069190979004,True,17.610835341332443,11,0.00107421875
0010000101,14446,"[1, 3, 2, 0]",9450,233.5031032562256,False,17.610835341332443,11,0.00107421875
0010000101,14447,"[1, 0, 3, 2]",465,233.51669311523438,True,17.610835341332443,11,0.00107421875
0010000101,14448,"[1, 3, 2, 0]",9450,233.534574508667,False,17.610835341332443,11,0.00107421875
0010000101,14449,"[1, 0, 3, 2]",465,233.54744911193848,True,17.610835341332443,11,0.00107421875
0010000101,14450,"[1, 3, 2, 0]",9450,233.5672378540039,False,17.610835341332443,11,0.00107421875
0010000101,14451,"[1, 0, 3, 2]",465,233.5813045501709,True,17.610835341332443,11,0.00107421875
0010000101,14452,"[1, 3, 2, 0]",9450,233.59942436218262,False,17.610835341332443,11,0.00107421875
0010000101,14453,"[1, 0, 3, 2]",465,233.6132526397705,True,17.610835341332443,11,0.00107421875
0010000101,14454,"[1, 3, 2, 0]",9450,233.63113403320312,False,17.610835341332443,11,0.00107421875
0010000101,14455,"[1, 0, 3, 2]",465,233.6442470550537,True,17.610835341332443,11,0.00107421875
0010000101,14456,"[1, 3, 2, 0]",9450,233.66165161132812,False,17.610835341332443,11,0.00107421875
0010000101,14457,"[1, 0, 3, 2]",465,233.6750030517578,True,17.610835341332443,11,0.00107421875
0010000101,14458,"[1, 3, 2, 0]",9450,233.69240760803223,False,17.610835341332443,11,0.00107421875
0010000101,14459,"[1, 0, 3, 2]",465,233.7055206298828,True,17.610835341332443,11,0.00107421875
0010000101,14460,"[1, 3, 2, 0]",9450,233.72292518615723,False,17.610835341332443,11,0.00107421875
0010000101,14461,"[1, 0, 3, 2]",465,233.7360382080078,True,17.610835341332443,11,0.00107421875
1011000100,14462,"[1, 0, 3, 2]",465,233.75344276428223,False,15.774909810992618,11,0.00107421875
1011000100,14463,"[1, 0, 3, 2]",465,233.7665557861328,True,15.774909810992618,11,0.00107421875
1011000100,14464,"[1, 0, 3, 2]",465,233.78396034240723,False,15.774909810992618,11,0.00107421875
1011000100,14465,"[1, 0, 3, 2]",465,233.7965965270996,True,15.774909810992618,11,0.00107421875
1011000100,14466,"[1, 0, 3, 2]",465,233.83069038391113,False,15.774909810992618,11,0.00107421875
1011000100,14467,"[1, 0, 3, 2]",465,233.84571075439453,True,15.774909810992618,11,0.00107421875
1011000100,14468,"[1, 0, 3, 2]",465,233.86478424072266,False,15.774909810992618,11,0.00107421875
1011000100,14469,"[1, 0, 3, 2]",465,233.87837409973145,True,15.774909810992618,11,0.00107421875
1011000100,14470,"[1, 0, 3, 2]",465,233.89649391174316,False,15.774909810992618,11,0.00107421875
1011000100,14471,"[1, 0, 3, 2]",465,233.90984535217285,True,15.774909810992618,11,0.00107421875
1011000100,14472,"[1, 0, 3, 2]",465,233.92772674560547,False,15.774909810992618,11,0.00107421875
1011000100,14473,"[1, 0, 3, 2]",465,233.94131660461426,True,15.774909810992618,11,0.00107421875
1011000100,14474,"[1, 0, 3, 2]",465,233.95919799804688,False,15.774909810992618,11,0.00107421875
1011000100,14475,"[1, 0, 3, 2]",465,233.97278785705566,True,15.774909810992618,11,0.00107421875
1011000100,14476,"[1, 0, 3, 2]",465,233.99090766906738,False,15.774909810992618,11,0.00107421875
1011000100,14477,"[1, 0, 3, 2]",465,234.00425910949707,True,15.774909810992618,11,0.00107421875
1011000100,14478,"[1, 0, 3, 2]",465,234.0223789215088,False,15.774909810992618,11,0.00107421875
1011000100,14479,"[1, 0, 3, 2]",465,234.03596878051758,True,15.774909810992618,11,0.00107421875
1011000100,14480,"[1, 0, 3, 2]",465,234.0543270111084,False,15.774909810992618,11,0.00107421875
1011000100,14481,"[1, 0, 3, 2]",465,234.0681552886963,True,15.774909810992618,11,0.00107421875
1011000100,14482,"[1, 0, 3, 2]",465,234.0865135192871,False,15.774909810992618,11,0.00107421875
1011000100,14483,"[1, 0, 3, 2]",465,234.1001033782959,True,15.774909810992618,11,0.00107421875
1100100111,14484,"[0, 2, 3, 1]",6200,234.12775993347168,False,11.874566250762008,11,0.00107421875
1100100111,14485,"[0, 1, 2, 3]",315,234.14111137390137,True,11.874566250762008,11,0.00107421875
1100100111,14486,"[0, 2, 3, 1]",6200,234.15827751159668,False,11.874566250762008,11,0.00107421875
1100100111,14487,"[0, 1, 2, 3]",315,234.17139053344727,True,11.874566250762008,11,0.00107421875
1100100111,14488,"[0, 2, 3, 1]",6200,234.1902256011963,False,11.874566250762008,11,0.00107421875
1100100111,14489,"[0, 1, 2, 3]",315,234.20333862304688,True,11.874566250762008,11,0.00107421875
1100100111,14490,"[0, 2, 3, 1]",6200,234.2209815979004,False,11.874566250762008,11,0.00107421875
1100100111,14491,"[0, 1, 2, 3]",315,234.23409461975098,True,11.874566250762008,11,0.00107421875
1100100111,14492,"[0, 2, 3, 1]",6200,234.2512607574463,False,11.874566250762008,11,0.00107421875
1100100111,14493,"[0, 1, 2, 3]",315,234.26437377929688,True,11.874566250762008,11,0.00107421875
1100100111,14494,"[0, 2, 3, 1]",6200,234.2817783355713,False,11.874566250762008,11,0.00107421875
1100100111,14495,"[0, 1, 2, 3]",315,234.29465293884277,True,11.874566250762008,11,0.00107421875
1100100111,14496,"[0, 2, 3, 1]",6200,234.3120574951172,False,11.874566250762008,11,0.00107421875
1100100111,14497,"[0, 1, 2, 3]",315,234.32469367980957,True,11.874566250762008,11,0.00107421875
1100100111,14498,"[0, 2, 3, 1]",6200,234.34185981750488,False,11.874566250762008,11,0.00107421875
1100100111,14499,"[0, 1, 2, 3]",315,234.35449600219727,True,11.874566250762008,11,0.00107421875
1100100111,14500,"[0, 2, 3, 1]",6200,234.37166213989258,False,11.874566250762008,11,0.00107421875
1100100111,14501,"[0, 1, 2, 3]",315,234.38596725463867,True,11.874566250762008,11,0.00107421875
1100100111,14502,"[0, 2, 3, 1]",6200,234.4036102294922,False,11.874566250762008,11,0.00107421875
1100100111,14503,"[0, 1, 2, 3]",315,234.41672325134277,True,11.874566250762008,11,0.00107421875
1100100111,14504,"[0, 2, 3, 1]",6200,234.4341278076172,False,11.874566250762008,11,0.00107421875
1100100111,14505,"[0, 1, 2, 3]",315,234.44724082946777,True,11.874566250762008,11,0.00107421875
0111110000,14506,"[2, 1, 0, 3]",600,234.4646453857422,False,18.226501930607157,11,0.00107421875
0111110000,14507,"[2, 1, 0, 3]",600,234.47847366333008,True,18.226501930607157,11,0.00107421875
0111110000,14508,"[2, 1, 0, 3]",600,234.4958782196045,False,18.226501930607157,11,0.00107421875
0111110000,14509,"[2, 1, 0, 3]",600,234.5108985900879,True,18.226501930607157,11,0.00107421875
0111110000,14510,"[2, 1, 0, 3]",600,234.5290184020996,False,18.226501930607157,11,0.00107421875
0111110000,14511,"[2, 1, 0, 3]",600,234.5426082611084,True,18.226501930607157,11,0.00107421875
0111110000,14512,"[2, 1, 0, 3]",600,234.5597743988037,False,18.226501930607157,11,0.00107421875
0111110000,14513,"[2, 1, 0, 3]",600,234.5728874206543,True,18.226501930607157,11,0.00107421875
0111110000,14514,"[2, 1, 0, 3]",600,234.5900535583496,False,18.226501930607157,11,0.00107421875
0111110000,14515,"[2, 1, 0, 3]",600,234.6034049987793,True,18.226501930607157,11,0.00107421875
0111110000,14516,"[2, 1, 0, 3]",600,234.6205711364746,False,18.226501930607157,11,0.00107421875
0111110000,14517,"[2, 1, 0, 3]",600,234.6336841583252,True,18.226501930607157,11,0.00107421875
0111110000,14518,"[2, 1, 0, 3]",600,234.6508502960205,False,18.226501930607157,11,0.00107421875
0111110000,14519,"[2, 1, 0, 3]",600,234.6642017364502,True,18.226501930607157,11,0.00107421875
0111110000,14520,"[2, 1, 0, 3]",600,234.6816062927246,False,18.226501930607157,11,0.00107421875
0111110000,14521,"[2, 1, 0, 3]",600,234.6947193145752,True,18.226501930607157,11,0.00107421875
0111110000,14522,"[2, 1, 0, 3]",600,234.7116470336914,False,18.226501930607157,11,0.00107421875
0111110000,14523,"[2, 1, 0, 3]",600,234.724760055542,True,18.226501930607157,11,0.00107421875
0111110000,14524,"[2, 1, 0, 3]",600,234.7416877746582,False,18.226501930607157,11,0.00107421875
0111110000,14525,"[2, 1, 0, 3]",600,234.7545623779297,True,18.226501930607157,11,0.00107421875
0111110000,14526,"[2, 1, 0, 3]",600,234.7719669342041,False,18.226501930607157,11,0.00107421875
0111110000,14527,"[2, 1, 0, 3]",600,234.7850799560547,True,18.226501930607157,11,0.00107421875
1001101000,14528,"[3, 2, 0, 1]",6600,234.80224609375,False,31.657617520402667,11,0.00107421875
1001101000,14529,"[3, 2, 0, 1]",6600,234.8153591156006,True,31.657617520402667,11,0.00107421875
1001101000,14530,"[3, 2, 0, 1]",6600,234.849214553833,False,31.657617520402667,11,0.00107421875
1001101000,14531,"[3, 2, 0, 1]",6600,234.86757278442383,True,31.657617520402667,11,0.00107421875
1001101000,14532,"[3, 2, 0, 1]",6600,234.88712310791016,False,31.657617520402667,11,0.00107421875
1001101000,14533,"[3, 2, 0, 1]",6600,234.90047454833984,True,31.657617520402667,11,0.00107421875
1001101000,14534,"[3, 2, 0, 1]",6600,234.91787910461426,False,31.657617520402667,11,0.00107421875
1001101000,14535,"[3, 2, 0, 1]",6600,234.93123054504395,True,31.657617520402667,11,0.00107421875
1001101000,14536,"[3, 2, 0, 1]",6600,234.94863510131836,False,31.657617520402667,11,0.00107421875
1001101000,14537,"[3, 2, 0, 1]",6600,234.96150970458984,True,31.657617520402667,11,0.00107421875
1001101000,14538,"[3, 2, 0, 1]",6600,234.97891426086426,False,31.657617520402667,11,0.00107421875
1001101000,14539,"[3, 2, 0, 1]",6600,234.99155044555664,True,31.657617520402667,11,0.00107421875
1001101000,14540,"[3, 2, 0, 1]",6600,235.00847816467285,False,31.657617520402667,11,0.00107421875
1001101000,14541,"[3, 2, 0, 1]",6600,235.02135276794434,True,31.657617520402667,11,0.00107421875
1001101000,14542,"[3, 2, 0, 1]",6600,235.03851890563965,False,31.657617520402667,11,0.00107421875
1001101000,14543,"[3, 2, 0, 1]",6600,235.05115509033203,True,31.657617520402667,11,0.00107421875
1001101000,14544,"[3, 2, 0, 1]",6600,235.06879806518555,False,31.657617520402667,11,0.00107421875
1001101000,14545,"[3, 2, 0, 1]",6600,235.08119583129883,True,31.657617520402667,11,0.00107421875
1001101000,14546,"[3, 2, 0, 1]",6600,235.09883880615234,False,31.657617520402667,11,0.00107421875
1001101000,14547,"[3, 2, 0, 1]",6600,235.11171340942383,True,31.657617520402667,11,0.00107421875
1001101000,14548,"[3, 2, 0, 1]",6600,235.12887954711914,False,31.657617520402667,11,0.00107421875
1001101000,14549,"[3, 2, 0, 1]",6600,235.14175415039062,True,31.657617520402667,11,0.00107421875
1011111111,14550,"[3, 2, 1, 0]",9600,235.15915870666504,False,36.363582628035374,11,0.00107421875
1011111111,14551,"[3, 2, 1, 0]",9600,235.17394065856934,True,36.363582628035374,11,0.00107421875
1011111111,14552,"[3, 2, 1, 0]",9600,235.19372940063477,False,36.363582628035374,11,0.00107421875
1011111111,14553,"[3, 2, 1, 0]",9600,235.20684242248535,True,36.363582628035374,11,0.00107421875
1011111111,14554,"[3, 2, 1, 0]",9600,235.22472381591797,False,36.363582628035374,11,0.00107421875
1011111111,14555,"[3, 2, 1, 0]",9600,235.23736000061035,True,36.363582628035374,11,0.00107421875
1011111111,14556,"[3, 2, 1, 0]",9600,235.25476455688477,False,36.363582628035374,11,0.00107421875
1011111111,14557,"[3, 2, 1, 0]",9600,235.26787757873535,True,36.363582628035374,11,0.00107421875
1011111111,14558,"[3, 2, 1, 0]",9600,235.28504371643066,False,36.363582628035374,11,0.00107421875
1011111111,14559,"[3, 2, 1, 0]",9600,235.29791831970215,True,36.363582628035374,11,0.00107421875
1011111111,14560,"[3, 2, 1, 0]",9600,235.31508445739746,False,36.363582628035374,11,0.00107421875
1011111111,14561,"[3, 2, 1, 0]",9600,235.32772064208984,True,36.363582628035374,11,0.00107421875
1011111111,14562,"[3, 2, 1, 0]",9600,235.34488677978516,False,36.363582628035374,11,0.00107421875
1011111111,14563,"[3, 2, 1, 0]",9600,235.35776138305664,True,36.363582628035374,11,0.00107421875
1011111111,14564,"[3, 2, 1, 0]",9600,235.37492752075195,False,36.363582628035374,11,0.00107421875
1011111111,14565,"[3, 2, 1, 0]",9600,235.38732528686523,True,36.363582628035374,11,0.00107421875
1011111111,14566,"[3, 2, 1, 0]",9600,235.40425300598145,False,36.363582628035374,11,0.00107421875
1011111111,14567,"[3, 2, 1, 0]",9600,235.41712760925293,True,36.363582628035374,11,0.00107421875
1011111111,14568,"[3, 2, 1, 0]",9600,235.43429374694824,False,36.363582628035374,11,0.00107421875
1011111111,14569,"[3, 2, 1, 0]",9600,235.44692993164062,True,36.363582628035374,11,0.00107421875
1011111111,14570,"[3, 2, 1, 0]",9600,235.46409606933594,False,36.363582628035374,11,0.00107421875
1011111111,14571,"[3, 2, 1, 0]",9600,235.47649383544922,True,36.363582628035374,11,0.00107421875
0011001000,14572,"[1, 3, 2, 0]",9450,235.49556732177734,False,18.422727292881255,11,0.00107421875
0011001000,14573,"[1, 0, 3, 2]",465,235.50939559936523,True,18.422727292881255,11,0.00107421875
0011001000,14574,"[1, 3, 2, 0]",9450,235.52727699279785,False,18.422727292881255,11,0.00107421875
0011001000,14575,"[1, 0, 3, 2]",465,235.54015159606934,True,18.422727292881255,11,0.00107421875
0011001000,14576,"[1, 3, 2, 0]",9450,235.55803298950195,False,18.422727292881255,11,0.00107421875
0011001000,14577,"[1, 0, 3, 2]",465,235.57090759277344,True,18.422727292881255,11,0.00107421875
0011001000,14578,"[1, 3, 2, 0]",9450,235.58831214904785,False,18.422727292881255,11,0.00107421875
0011001000,14579,"[1, 0, 3, 2]",465,235.60142517089844,True,18.422727292881255,11,0.00107421875
0011001000,14580,"[1, 3, 2, 0]",9450,235.61882972717285,False,18.422727292881255,11,0.00107421875
0011001000,14581,"[1, 0, 3, 2]",465,235.63218116760254,True,18.422727292881255,11,0.00107421875
0011001000,14582,"[1, 3, 2, 0]",9450,235.64958572387695,False,18.422727292881255,11,0.00107421875
0011001000,14583,"[1, 0, 3, 2]",465,235.66293716430664,True,18.422727292881255,11,0.00107421875
0011001000,14584,"[1, 3, 2, 0]",9450,235.68034172058105,False,18.422727292881255,11,0.00107421875
0011001000,14585,"[1, 0, 3, 2]",465,235.69369316101074,True,18.422727292881255,11,0.00107421875
0011001000,14586,"[1, 3, 2, 0]",9450,235.71109771728516,False,18.422727292881255,11,0.00107421875
0011001000,14587,"[1, 0, 3, 2]",465,235.72444915771484,True,18.422727292881255,11,0.00107421875
0011001000,14588,"[1, 3, 2, 0]",9450,235.74137687683105,False,18.422727292881255,11,0.00107421875
0011001000,14589,"[1, 0, 3, 2]",465,235.75472831726074,True,18.422727292881255,11,0.00107421875
0011001000,14590,"[1, 3, 2, 0]",9450,235.77189445495605,False,18.422727292881255,11,0.00107421875
0011001000,14591,"[1, 0, 3, 2]",465,235.78667640686035,True,18.422727292881255,11,0.00107421875
0011001000,14592,"[1, 3, 2, 0]",9450,235.80455780029297,False,18.422727292881255,11,0.00107421875
0011001000,14593,"[1, 0, 3, 2]",465,235.81862449645996,True,18.422727292881255,11,0.00107421875
0110111000,14594,"[2, 3, 1, 0]",9600,235.8376979827881,False,28.930772864402385,11,0.00107421875
0110111000,14595,"[2, 3, 1, 0]",9600,235.85152626037598,True,28.930772864402385,11,0.00107421875
0110111000,14596,"[2, 3, 1, 0]",9600,235.8691692352295,False,28.930772864402385,11,0.00107421875
0110111000,14597,"[2, 3, 1, 0]",9600,235.88252067565918,True,28.930772864402385,11,0.00107421875
0110111000,14598,"[2, 3, 1, 0]",9600,235.8999252319336,False,28.930772864402385,11,0.00107421875
0110111000,14599,"[2, 3, 1, 0]",9600,235.91303825378418,True,28.930772864402385,11,0.00107421875
0110111000,14600,"[2, 3, 1, 0]",9600,235.9302043914795,False,28.930772864402385,11,0.00107421875
0110111000,14601,"[2, 3, 1, 0]",9600,235.94284057617188,True,28.930772864402385,11,0.00107421875
0110111000,14602,"[2, 3, 1, 0]",9600,235.9614372253418,False,28.930772864402385,11,0.00107421875
0110111000,14603,"[2, 3, 1, 0]",9600,235.97478866577148,True,28.930772864402385,11,0.00107421875
0110111000,14604,"[2, 3, 1, 0]",9600,235.992431640625,False,28.930772864402385,11,0.00107421875
0110111000,14605,"[2, 3, 1, 0]",9600,236.00482940673828,True,28.930772864402385,11,0.00107421875
0110111000,14606,"[2, 3, 1, 0]",9600,236.0219955444336,False,28.930772864402385,11,0.00107421875
0110111000,14607,"[2, 3, 1, 0]",9600,236.03439331054688,True,28.930772864402385,11,0.00107421875
0110111000,14608,"[2, 3, 1, 0]",9600,236.0515594482422,False,28.930772864402385,11,0.00107421875
0110111000,14609,"[2, 3, 1, 0]",9600,236.06467247009277,True,28.930772864402385,11,0.00107421875
0110111000,14610,"[2, 3, 1, 0]",9600,236.08160018920898,False,28.930772864402385,11,0.00107421875
0110111000,14611,"[2, 3, 1, 0]",9600,236.09471321105957,True,28.930772864402385,11,0.00107421875
0110111000,14612,"[2, 3, 1, 0]",9600,236.11187934875488,False,28.930772864402385,11,0.00107421875
0110111000,14613,"[2, 3, 1, 0]",9600,236.12499237060547,True,28.930772864402385,11,0.00107421875
0110111000,14614,"[2, 3, 1, 0]",9600,236.1433506011963,False,28.930772864402385,11,0.00107421875
0110111000,14615,"[2, 3, 1, 0]",9600,236.15646362304688,True,28.930772864402385,11,0.00107421875
1111110110,14616,"[2, 1, 0, 3]",600,236.1743450164795,False,34.68064855291958,11,0.00107421875
1111110110,14617,"[2, 1, 0, 3]",600,236.18793487548828,True,34.68064855291958,11,0.00107421875
1111110110,14618,"[2, 1, 0, 3]",600,236.2058162689209,False,34.68064855291958,11,0.00107421875
1111110110,14619,"[2, 1, 0, 3]",600,236.21892929077148,True,34.68064855291958,11,0.00107421875
1111110110,14620,"[2, 1, 0, 3]",600,236.2363338470459,False,34.68064855291958,11,0.00107421875
1111110110,14621,"[2, 1, 0, 3]",600,236.24944686889648,True,34.68064855291958,11,0.00107421875
1111110110,14622,"[2, 1, 0, 3]",600,236.26708984375,False,34.68064855291958,11,0.00107421875
1111110110,14623,"[2, 1, 0, 3]",600,236.27996444702148,True,34.68064855291958,11,0.00107421875
1111110110,14624,"[2, 1, 0, 3]",600,236.2973690032959,False,34.68064855291958,11,0.00107421875
1111110110,14625,"[2, 1, 0, 3]",600,236.31024360656738,True,34.68064855291958,11,0.00107421875
1111110110,14626,"[2, 1, 0, 3]",600,236.3276481628418,False,34.68064855291958,11,0.00107421875
1111110110,14627,"[2, 1, 0, 3]",600,236.34052276611328,True,34.68064855291958,11,0.00107421875
1111110110,14628,"[2, 1, 0, 3]",600,236.3579273223877,False,34.68064855291958,11,0.00107421875
1111110110,14629,"[2, 1, 0, 3]",600,236.37080192565918,True,34.68064855291958,11,0.00107421875
1111110110,14630,"[2, 1, 0, 3]",600,236.3879680633545,False,34.68064855291958,11,0.00107421875
1111110110,14631,"[2, 1, 0, 3]",600,236.40084266662598,True,34.68064855291958,11,0.00107421875
1111110110,14632,"[2, 1, 0, 3]",600,236.4177703857422,False,34.68064855291958,11,0.00107421875
1111110110,14633,"[2, 1, 0, 3]",600,236.43112182617188,True,34.68064855291958,11,0.00107421875
1111110110,14634,"[2, 1, 0, 3]",600,236.4480495452881,False,34.68064855291958,11,0.00107421875
1111110110,14635,"[2, 1, 0, 3]",600,236.46283149719238,True,34.68064855291958,11,0.00107421875
1111110110,14636,"[2, 1, 0, 3]",600,236.480712890625,False,34.68064855291958,11,0.00107421875
1111110110,14637,"[2, 1, 0, 3]",600,236.4940643310547,True,34.68064855291958,11,0.00107421875
0100110001,14638,"[2, 0, 3, 1]",6200,236.5114688873291,False,9.385358099234839,11,0.00107421875
0100110001,14639,"[2, 0, 1, 3]",500,236.5250587463379,True,9.385358099234839,11,0.00107421875
0100110001,14640,"[2, 0, 3, 1]",6200,236.5424633026123,False,9.385358099234839,11,0.00107421875
0100110001,14641,"[2, 0, 1, 3]",500,236.5555763244629,True,9.385358099234839,11,0.00107421875
0100110001,14642,"[2, 0, 3, 1]",6200,236.5732192993164,False,9.385358099234839,11,0.00107421875
0100110001,14643,"[2, 0, 1, 3]",500,236.5860939025879,True,9.385358099234839,11,0.00107421875
0100110001,14644,"[2, 0, 3, 1]",6200,236.6037368774414,False,9.385358099234839,11,0.00107421875
0100110001,14645,"[2, 0, 1, 3]",500,236.6170883178711,True,9.385358099234839,11,0.00107421875
0100110001,14646,"[2, 0, 3, 1]",6200,236.6347312927246,False,9.385358099234839,11,0.00107421875
0100110001,14647,"[2, 0, 1, 3]",500,236.647367477417,True,9.385358099234839,11,0.00107421875
0100110001,14648,"[2, 0, 3, 1]",6200,236.6652488708496,False,9.385358099234839,11,0.00107421875
0100110001,14649,"[2, 0, 1, 3]",500,236.677885055542,True,9.385358099234839,11,0.00107421875
0100110001,14650,"[2, 0, 3, 1]",6200,236.6955280303955,False,9.385358099234839,11,0.00107421875
0100110001,14651,"[2, 0, 1, 3]",500,236.7086410522461,True,9.385358099234839,11,0.00107421875
0100110001,14652,"[2, 0, 3, 1]",6200,236.72747611999512,False,9.385358099234839,11,0.00107421875
0100110001,14653,"[2, 0, 1, 3]",500,236.7410659790039,True,9.385358099234839,11,0.00107421875
0100110001,14654,"[2, 0, 3, 1]",6200,236.75942420959473,False,9.385358099234839,11,0.00107421875
0100110001,14655,"[2, 0, 1, 3]",500,236.7720603942871,True,9.385358099234839,11,0.00107421875
0100110001,14656,"[2, 0, 3, 1]",6200,236.79089546203613,False,9.385358099234839,11,0.00107421875
0100110001,14657,"[2, 0, 1, 3]",500,236.80424690246582,True,9.385358099234839,11,0.00107421875
0100110001,14658,"[2, 0, 3, 1]",6200,236.82188987731934,False,9.385358099234839,11,0.00107421875
0100110001,14659,"[2, 0, 1, 3]",500,236.83476448059082,True,9.385358099234839,11,0.00107421875
0000001110,14660,"[3, 2, 1, 0]",9600,236.85240745544434,False,16.409531892849856,11,0.00107421875
0000001110,14661,"[3, 2, 1, 0]",9600,236.86623573303223,True,16.409531892849856,11,0.00107421875
0000001110,14662,"[3, 2, 1, 0]",9600,236.88435554504395,False,16.409531892849856,11,0.00107421875
0000001110,14663,"[3, 2, 1, 0]",9600,236.89723014831543,True,16.409531892849856,11,0.00107421875
0000001110,14664,"[3, 2, 1, 0]",9600,236.91487312316895,False,16.409531892849856,11,0.00107421875
0000001110,14665,"[3, 2, 1, 0]",9600,236.92798614501953,True,16.409531892849856,11,0.00107421875
0000001110,14666,"[3, 2, 1, 0]",9600,236.94515228271484,False,16.409531892849856,11,0.00107421875
0000001110,14667,"[3, 2, 1, 0]",9600,236.95826530456543,True,16.409531892849856,11,0.00107421875
0000001110,14668,"[3, 2, 1, 0]",9600,236.97543144226074,False,16.409531892849856,11,0.00107421875
0000001110,14669,"[3, 2, 1, 0]",9600,236.98782920837402,True,16.409531892849856,11,0.00107421875
0000001110,14670,"[3, 2, 1, 0]",9600,237.00499534606934,False,16.409531892849856,11,0.00107421875
0000001110,14671,"[3, 2, 1, 0]",9600,237.01763153076172,True,16.409531892849856,11,0.00107421875
0000001110,14672,"[3, 2, 1, 0]",9600,237.03479766845703,False,16.409531892849856,11,0.00107421875
0000001110,14673,"[3, 2, 1, 0]",9600,237.04791069030762,True,16.409531892849856,11,0.00107421875
0000001110,14674,"[3, 2, 1, 0]",9600,237.06531524658203,False,16.409531892849856,11,0.00107421875
0000001110,14675,"[3, 2, 1, 0]",9600,237.0777130126953,True,16.409531892849856,11,0.00107421875
0000001110,14676,"[3, 2, 1, 0]",9600,237.09464073181152,False,16.409531892849856,11,0.00107421875
0000001110,14677,"[3, 2, 1, 0]",9600,237.10894584655762,True,16.409531892849856,11,0.00107421875
0000001110,14678,"[3, 2, 1, 0]",9600,237.12658882141113,False,16.409531892849856,11,0.00107421875
0000001110,14679,"[3, 2, 1, 0]",9600,237.13946342468262,True,16.409531892849856,11,0.00107421875
0000001110,14680,"[3, 2, 1, 0]",9600,237.15686798095703,False,16.409531892849856,11,0.00107421875
0000001110,14681,"[3, 2, 1, 0]",9600,237.16998100280762,True,16.409531892849856,11,0.00107421875
1101110010,14682,"[2, 0, 1, 3]",500,237.18738555908203,False,15.783051269640666,11,0.00107421875
1101110010,14683,"[2, 0, 1, 3]",500,237.20097541809082,True,15.783051269640666,11,0.00107421875
1101110010,14684,"[2, 0, 1, 3]",500,237.21885681152344,False,15.783051269640666,11,0.00107421875
1101110010,14685,"[2, 0, 1, 3]",500,237.23220825195312,True,15.783051269640666,11,0.00107421875
1101110010,14686,"[2, 0, 1, 3]",500,237.24961280822754,False,15.783051269640666,11,0.00107421875
1101110010,14687,"[2, 0, 1, 3]",500,237.26296424865723,True,15.783051269640666,11,0.00107421875
1101110010,14688,"[2, 0, 1, 3]",500,237.28036880493164,False,15.783051269640666,11,0.00107421875
1101110010,14689,"[2, 0, 1, 3]",500,237.29324340820312,True,15.783051269640666,11,0.00107421875
1101110010,14690,"[2, 0, 1, 3]",500,237.31064796447754,False,15.783051269640666,11,0.00107421875
1101110010,14691,"[2, 0, 1, 3]",500,237.32376098632812,True,15.783051269640666,11,0.00107421875
1101110010,14692,"[2, 0, 1, 3]",500,237.34116554260254,False,15.783051269640666,11,0.00107421875
1101110010,14693,"[2, 0, 1, 3]",500,237.35404014587402,True,15.783051269640666,11,0.00107421875
1101110010,14694,"[2, 0, 1, 3]",500,237.37144470214844,False,15.783051269640666,11,0.00107421875
1101110010,14695,"[2, 0, 1, 3]",500,237.40720748901367,True,15.783051269640666,11,0.00107421875
1101110010,14696,"[2, 0, 1, 3]",500,237.4248504638672,False,15.783051269640666,11,0.00107421875
1101110010,14697,"[2, 0, 1, 3]",500,237.43820190429688,True,15.783051269640666,11,0.00107421875
1101110010,14698,"[2, 0, 1, 3]",500,237.4570369720459,False,15.783051269640666,11,0.00107421875
1101110010,14699,"[2, 0, 1, 3]",500,237.47014999389648,True,15.783051269640666,11,0.00107421875
1101110010,14700,"[2, 0, 1, 3]",500,237.49160766601562,False,15.783051269640666,11,0.00107421875
1101110010,14701,"[2, 0, 1, 3]",500,237.5044822692871,True,15.783051269640666,11,0.00107421875
1101110010,14702,"[2, 0, 1, 3]",500,237.52355575561523,False,15.783051269640666,11,0.00107421875
1101110010,14703,"[2, 0, 1, 3]",500,237.53690719604492,True,15.783051269640666,11,0.00107421875
1111100011,14704,"[1, 0, 2, 3]",315,237.55478858947754,False,13.519320360211097,11,0.00107421875
1111100011,14705,"[1, 0, 2, 3]",315,237.56814002990723,True,13.519320360211097,11,0.00107421875
1111100011,14706,"[1, 0, 2, 3]",315,237.58554458618164,False,13.519320360211097,11,0.00107421875
1111100011,14707,"[1, 0, 2, 3]",315,237.59841918945312,True,13.519320360211097,11,0.00107421875
1111100011,14708,"[1, 0, 2, 3]",315,237.61582374572754,False,13.519320360211097,11,0.00107421875
1111100011,14709,"[1, 0, 2, 3]",315,237.62893676757812,True,13.519320360211097,11,0.00107421875
1111100011,14710,"[1, 0, 2, 3]",315,237.64634132385254,False,13.519320360211097,11,0.00107421875
1111100011,14711,"[1, 0, 2, 3]",315,237.65921592712402,True,13.519320360211097,11,0.00107421875
1111100011,14712,"[1, 0, 2, 3]",315,237.67662048339844,False,13.519320360211097,11,0.00107421875
1111100011,14713,"[1, 0, 2, 3]",315,237.68973350524902,True,13.519320360211097,11,0.00107421875
1111100011,14714,"[1, 0, 2, 3]",315,237.70689964294434,False,13.519320360211097,11,0.00107421875
1111100011,14715,"[1, 0, 2, 3]",315,237.72001266479492,True,13.519320360211097,11,0.00107421875
1111100011,14716,"[1, 0, 2, 3]",315,237.73741722106934,False,13.519320360211097,11,0.00107421875
1111100011,14717,"[1, 0, 2, 3]",315,237.75053024291992,True,13.519320360211097,11,0.00107421875
1111100011,14718,"[1, 0, 2, 3]",315,237.76817321777344,False,13.519320360211097,11,0.00107421875
1111100011,14719,"[1, 0, 2, 3]",315,237.78390884399414,True,13.519320360211097,11,0.00107421875
1111100011,14720,"[1, 0, 2, 3]",315,237.80179023742676,False,13.519320360211097,11,0.00107421875
1111100011,14721,"[1, 0, 2, 3]",315,237.81514167785645,True,13.519320360211097,11,0.00107421875
1111100011,14722,"[1, 0, 2, 3]",315,237.83230781555176,False,13.519320360211097,11,0.00107421875
1111100011,14723,"[1, 0, 2, 3]",315,237.84518241882324,True,13.519320360211097,11,0.00107421875
1111100011,14724,"[1, 0, 2, 3]",315,237.86234855651855,False,13.519320360211097,11,0.00107421875
1111100011,14725,"[1, 0, 2, 3]",315,237.87546157836914,True,13.519320360211097,11,0.00107421875
1011100011,14726,"[1, 2, 0, 3]",600,237.89286613464355,False,22.16713784209973,11,0.00107421875
1011100011,14727,"[1, 0, 2, 3]",315,237.90621757507324,True,22.16713784209973,11,0.00107421875
1011100011,14728,"[1, 2, 0, 3]",600,237.92338371276855,False,22.16713784209973,11,0.00107421875
1011100011,14729,"[1, 0, 2, 3]",315,237.93649673461914,True,22.16713784209973,11,0.00107421875
1011100011,14730,"[1, 2, 0, 3]",600,237.95390129089355,False,22.16713784209973,11,0.00107421875
1011100011,14731,"[1, 0, 2, 3]",315,237.96677589416504,True,22.16713784209973,11,0.00107421875
1011100011,14732,"[1, 2, 0, 3]",600,237.98465728759766,False,22.16713784209973,11,0.00107421875
1011100011,14733,"[1, 0, 2, 3]",315,237.99729347229004,True,22.16713784209973,11,0.00107421875
1011100011,14734,"[1, 2, 0, 3]",600,238.01493644714355,False,22.16713784209973,11,0.00107421875
1011100011,14735,"[1, 0, 2, 3]",315,238.02804946899414,True,22.16713784209973,11,0.00107421875
1011100011,14736,"[1, 2, 0, 3]",600,238.04545402526855,False,22.16713784209973,11,0.00107421875
1011100011,14737,"[1, 0, 2, 3]",315,238.05832862854004,True,22.16713784209973,11,0.00107421875
1011100011,14738,"[1, 2, 0, 3]",600,238.07549476623535,False,22.16713784209973,11,0.00107421875
1011100011,14739,"[1, 0, 2, 3]",315,238.08860778808594,True,22.16713784209973,11,0.00107421875
1011100011,14740,"[1, 2, 0, 3]",600,238.10720443725586,False,22.16713784209973,11,0.00107421875
1011100011,14741,"[1, 0, 2, 3]",315,238.12055587768555,True,22.16713784209973,11,0.00107421875
1011100011,14742,"[1, 2, 0, 3]",600,238.13819885253906,False,22.16713784209973,11,0.00107421875
1011100011,14743,"[1, 0, 2, 3]",315,238.15107345581055,True,22.16713784209973,11,0.00107421875
1011100011,14744,"[1, 2, 0, 3]",600,238.16776275634766,False,22.16713784209973,11,0.00107421875
1011100011,14745,"[1, 0, 2, 3]",315,238.18111419677734,True,22.16713784209973,11,0.00107421875
1011100011,14746,"[1, 2, 0, 3]",600,238.19851875305176,False,22.16713784209973,11,0.00107421875
1011100011,14747,"[1, 0, 2, 3]",315,238.21163177490234,True,22.16713784209973,11,0.00107421875
0010010101,14748,"[1, 3, 2, 0]",9450,238.22879791259766,False,14.545012518868091,11,0.00107421875
0010010101,14749,"[1, 0, 3, 2]",465,238.24191093444824,True,14.545012518868091,11,0.00107421875
0010010101,14750,"[1, 3, 2, 0]",9450,238.25955390930176,False,14.545012518868091,11,0.00107421875
0010010101,14751,"[1, 0, 3, 2]",465,238.27266693115234,True,14.545012518868091,11,0.00107421875
0010010101,14752,"[1, 3, 2, 0]",9450,238.29007148742676,False,14.545012518868091,11,0.00107421875
0010010101,14753,"[1, 0, 3, 2]",465,238.30461502075195,True,14.545012518868091,11,0.00107421875
0010010101,14754,"[1, 3, 2, 0]",9450,238.32249641418457,False,14.545012518868091,11,0.00107421875
0010010101,14755,"[1, 0, 3, 2]",465,238.33608627319336,True,14.545012518868091,11,0.00107421875
0010010101,14756,"[1, 3, 2, 0]",9450,238.35349082946777,False,14.545012518868091,11,0.00107421875
0010010101,14757,"[1, 0, 3, 2]",465,238.36684226989746,True,14.545012518868091,11,0.00107421875
0010010101,14758,"[1, 3, 2, 0]",9450,238.38400840759277,False,14.545012518868091,11,0.00107421875
0010010101,14759,"[1, 0, 3, 2]",465,238.39879035949707,True,14.545012518868091,11,0.00107421875
0010010101,14760,"[1, 3, 2, 0]",9450,238.4164333343506,False,14.545012518868091,11,0.00107421875
0010010101,14761,"[1, 0, 3, 2]",465,238.43026161193848,True,14.545012518868091,11,0.00107421875
0010010101,14762,"[1, 3, 2, 0]",9450,238.4493350982666,False,14.545012518868091,11,0.00107421875
0010010101,14763,"[1, 0, 3, 2]",465,238.4629249572754,True,14.545012518868091,11,0.00107421875
0010010101,14764,"[1, 3, 2, 0]",9450,238.4805679321289,False,14.545012518868091,11,0.00107421875
0010010101,14765,"[1, 0, 3, 2]",465,238.4939193725586,True,14.545012518868091,11,0.00107421875
0010010101,14766,"[1, 3, 2, 0]",9450,238.5110855102539,False,14.545012518868091,11,0.00107421875
0010010101,14767,"[1, 0, 3, 2]",465,238.5241985321045,True,14.545012518868091,11,0.00107421875
0010010101,14768,"[1, 3, 2, 0]",9450,238.5413646697998,False,14.545012518868091,11,0.00107421875
0010010101,14769,"[1, 0, 3, 2]",465,238.5542392730713,True,14.545012518868091,11,0.00107421875
0100001101,14770,"[3, 0, 2, 1]",6300,238.5716438293457,False,10.363774402289181,11,0.00107421875
0100001101,14771,"[3, 0, 1, 2]",750,238.5852336883545,True,10.363774402289181,11,0.00107421875
0100001101,14772,"[3, 0, 2, 1]",6300,238.6026382446289,False,10.363774402289181,11,0.00107421875
0100001101,14773,"[3, 0, 1, 2]",750,238.6159896850586,True,10.363774402289181,11,0.00107421875
0100001101,14774,"[3, 0, 2, 1]",6300,238.6331558227539,False,10.363774402289181,11,0.00107421875
0100001101,14775,"[3, 0, 1, 2]",750,238.6465072631836,True,10.363774402289181,11,0.00107421875
0100001101,14776,"[3, 0, 2, 1]",6300,238.663911819458,False,10.363774402289181,11,0.00107421875
0100001101,14777,"[3, 0, 1, 2]",750,238.6772632598877,True,10.363774402289181,11,0.00107421875
0100001101,14778,"[3, 0, 2, 1]",6300,238.6946678161621,False,10.363774402289181,11,0.00107421875
0100001101,14779,"[3, 0, 1, 2]",750,238.7080192565918,True,10.363774402289181,11,0.00107421875
0100001101,14780,"[3, 0, 2, 1]",6300,238.7254238128662,False,10.363774402289181,11,0.00107421875
0100001101,14781,"[3, 0, 1, 2]",750,238.7387752532959,True,10.363774402289181,11,0.00107421875
0100001101,14782,"[3, 0, 2, 1]",6300,238.75761032104492,False,10.363774402289181,11,0.00107421875
0100001101,14783,"[3, 0, 1, 2]",750,238.7712001800537,True,10.363774402289181,11,0.00107421875
0100001101,14784,"[3, 0, 2, 1]",6300,238.78908157348633,False,10.363774402289181,11,0.00107421875
0100001101,14785,"[3, 0, 1, 2]",750,238.8021945953369,True,10.363774402289181,11,0.00107421875
0100001101,14786,"[3, 0, 2, 1]",6300,238.81959915161133,False,10.363774402289181,11,0.00107421875
0100001101,14787,"[3, 0, 1, 2]",750,238.83295059204102,True,10.363774402289181,11,0.00107421875
0100001101,14788,"[3, 0, 2, 1]",6300,238.85059356689453,False,10.363774402289181,11,0.00107421875
0100001101,14789,"[3, 0, 1, 2]",750,238.86370658874512,True,10.363774402289181,11,0.00107421875
0100001101,14790,"[3, 0, 2, 1]",6300,238.88111114501953,False,10.363774402289181,11,0.00107421875
0100001101,14791,"[3, 0, 1, 2]",750,238.89422416687012,True,10.363774402289181,11,0.00107421875
0010011111,14792,"[3, 1, 2, 0]",9450,238.91162872314453,False,15.894933484944307,11,0.00107421875
0010011111,14793,"[3, 1, 0, 2]",900,238.92474174499512,True,15.894933484944307,11,0.00107421875
0010011111,14794,"[3, 1, 2, 0]",9450,238.94214630126953,False,15.894933484944307,11,0.00107421875
0010011111,14795,"[3, 1, 0, 2]",900,238.95549774169922,True,15.894933484944307,11,0.00107421875
0010011111,14796,"[3, 1, 2, 0]",9450,238.97314071655273,False,15.894933484944307,11,0.00107421875
0010011111,14797,"[3, 1, 0, 2]",900,238.98625373840332,True,15.894933484944307,11,0.00107421875
0010011111,14798,"[3, 1, 2, 0]",9450,239.00365829467773,False,15.894933484944307,11,0.00107421875
0010011111,14799,"[3, 1, 0, 2]",900,239.01700973510742,True,15.894933484944307,11,0.00107421875
0010011111,14800,"[3, 1, 2, 0]",9450,239.03441429138184,False,15.894933484944307,11,0.00107421875
0010011111,14801,"[3, 1, 0, 2]",900,239.04776573181152,True,15.894933484944307,11,0.00107421875
0010011111,14802,"[3, 1, 2, 0]",9450,239.06517028808594,False,15.894933484944307,11,0.00107421875
0010011111,14803,"[3, 1, 0, 2]",900,239.08019065856934,True,15.894933484944307,11,0.00107421875
0010011111,14804,"[3, 1, 2, 0]",9450,239.09997940063477,False,15.894933484944307,11,0.00107421875
0010011111,14805,"[3, 1, 0, 2]",900,239.11380767822266,True,15.894933484944307,11,0.00107421875
0010011111,14806,"[3, 1, 2, 0]",9450,239.13168907165527,False,15.894933484944307,11,0.00107421875
0010011111,14807,"[3, 1, 0, 2]",900,239.14504051208496,True,15.894933484944307,11,0.00107421875
0010011111,14808,"[3, 1, 2, 0]",9450,239.16268348693848,False,15.894933484944307,11,0.00107421875
0010011111,14809,"[3, 1, 0, 2]",900,239.17603492736816,True,15.894933484944307,11,0.00107421875
0010011111,14810,"[3, 1, 2, 0]",9450,239.19343948364258,False,15.894933484944307,11,0.00107421875
0010011111,14811,"[3, 1, 0, 2]",900,239.20679092407227,True,15.894933484944307,11,0.00107421875
0010011111,14812,"[3, 1, 2, 0]",9450,239.22395706176758,False,15.894933484944307,11,0.00107421875
0010011111,14813,"[3, 1, 0, 2]",900,239.23707008361816,True,15.894933484944307,11,0.00107421875
1111001110,14814,"[3, 1, 0, 2]",900,239.25471305847168,False,22.385498314058843,11,0.00107421875
1111001110,14815,"[3, 1, 0, 2]",900,239.26830291748047,True,22.385498314058843,11,0.00107421875
1111001110,14816,"[3, 1, 0, 2]",900,239.28570747375488,False,22.385498314058843,11,0.00107421875
1111001110,14817,"[3, 1, 0, 2]",900,239.29905891418457,True,22.385498314058843,11,0.00107421875
1111001110,14818,"[3, 1, 0, 2]",900,239.31622505187988,False,22.385498314058843,11,0.00107421875
1111001110,14819,"[3, 1, 0, 2]",900,239.32957649230957,True,22.385498314058843,11,0.00107421875
1111001110,14820,"[3, 1, 0, 2]",900,239.3472194671631,False,22.385498314058843,11,0.00107421875
1111001110,14821,"[3, 1, 0, 2]",900,239.36033248901367,True,22.385498314058843,11,0.00107421875
1111001110,14822,"[3, 1, 0, 2]",900,239.3777370452881,False,22.385498314058843,11,0.00107421875
1111001110,14823,"[3, 1, 0, 2]",900,239.39108848571777,True,22.385498314058843,11,0.00107421875
1111001110,14824,"[3, 1, 0, 2]",900,239.4094467163086,False,22.385498314058843,11,0.00107421875
1111001110,14825,"[3, 1, 0, 2]",900,239.42279815673828,True,22.385498314058843,11,0.00107421875
1111001110,14826,"[3, 1, 0, 2]",900,239.4404411315918,False,22.385498314058843,11,0.00107421875
1111001110,14827,"[3, 1, 0, 2]",900,239.45379257202148,True,22.385498314058843,11,0.00107421875
1111001110,14828,"[3, 1, 0, 2]",900,239.4711971282959,False,22.385498314058843,11,0.00107421875
1111001110,14829,"[3, 1, 0, 2]",900,239.4845485687256,True,22.385498314058843,11,0.00107421875
1111001110,14830,"[3, 1, 0, 2]",900,239.5017147064209,False,22.385498314058843,11,0.00107421875
1111001110,14831,"[3, 1, 0, 2]",900,239.51482772827148,True,22.385498314058843,11,0.00107421875
1111001110,14832,"[3, 1, 0, 2]",900,239.5322322845459,False,22.385498314058843,11,0.00107421875
1111001110,14833,"[3, 1, 0, 2]",900,239.5455837249756,True,22.385498314058843,11,0.00107421875
1111001110,14834,"[3, 1, 0, 2]",900,239.5627498626709,False,22.385498314058843,11,0.00107421875
1111001110,14835,"[3, 1, 0, 2]",900,239.5761013031006,True,22.385498314058843,11,0.00107421875
1010001111,14836,"[3, 1, 0, 2]",900,239.5932674407959,False,25.26718133495934,11,0.00107421875
1010001111,14837,"[3, 1, 0, 2]",900,239.60614204406738,True,25.26718133495934,11,0.00107421875
1010001111,14838,"[3, 1, 0, 2]",900,239.6235466003418,False,25.26718133495934,11,0.00107421875
1010001111,14839,"[3, 1, 0, 2]",900,239.63642120361328,True,25.26718133495934,11,0.00107421875
1010001111,14840,"[3, 1, 0, 2]",900,239.6535873413086,False,25.26718133495934,11,0.00107421875
1010001111,14841,"[3, 1, 0, 2]",900,239.66646194458008,True,25.26718133495934,11,0.00107421875
1010001111,14842,"[3, 1, 0, 2]",900,239.6838665008545,False,25.26718133495934,11,0.00107421875
1010001111,14843,"[3, 1, 0, 2]",900,239.69697952270508,True,25.26718133495934,11,0.00107421875
1010001111,14844,"[3, 1, 0, 2]",900,239.7143840789795,False,25.26718133495934,11,0.00107421875
1010001111,14845,"[3, 1, 0, 2]",900,239.7289276123047,True,25.26718133495934,11,0.00107421875
1010001111,14846,"[3, 1, 0, 2]",900,239.7468090057373,False,25.26718133495934,11,0.00107421875
1010001111,14847,"[3, 1, 0, 2]",900,239.760160446167,True,25.26718133495934,11,0.00107421875
1010001111,14848,"[3, 1, 0, 2]",900,239.7773265838623,False,25.26718133495934,11,0.00107421875
1010001111,14849,"[3, 1, 0, 2]",900,239.7904396057129,True,25.26718133495934,11,0.00107421875
1010001111,14850,"[3, 1, 0, 2]",900,239.8078441619873,False,25.26718133495934,11,0.00107421875
1010001111,14851,"[3, 1, 0, 2]",900,239.8204803466797,True,25.26718133495934,11,0.00107421875
1010001111,14852,"[3, 1, 0, 2]",900,239.837646484375,False,25.26718133495934,11,0.00107421875
1010001111,14853,"[3, 1, 0, 2]",900,239.85052108764648,True,25.26718133495934,11,0.00107421875
1010001111,14854,"[3, 1, 0, 2]",900,239.8695945739746,False,25.26718133495934,11,0.00107421875
1010001111,14855,"[3, 1, 0, 2]",900,239.8827075958252,True,25.26718133495934,11,0.00107421875
1010001111,14856,"[3, 1, 0, 2]",900,239.9008274078369,False,25.26718133495934,11,0.00107421875
1010001111,14857,"[3, 1, 0, 2]",900,239.9137020111084,True,25.26718133495934,11,0.00107421875
1101011001,14858,"[0, 3, 2, 1]",6300,239.9313449859619,False,14.272259421167831,11,0.00107421875
1101011001,14859,"[0, 1, 3, 2]",465,239.9451732635498,True,14.272259421167831,11,0.00107421875
1101011001,14860,"[0, 3, 2, 1]",6300,239.96281623840332,False,14.272259421167831,11,0.00107421875
1101011001,14861,"[0, 1, 3, 2]",465,239.9766445159912,True,14.272259421167831,11,0.00107421875
1101011001,14862,"[0, 3, 2, 1]",6300,239.99404907226562,False,14.272259421167831,11,0.00107421875
1101011001,14863,"[0, 1, 3, 2]",465,240.0074005126953,True,14.272259421167831,11,0.00107421875
1101011001,14864,"[0, 3, 2, 1]",6300,240.02456665039062,False,14.272259421167831,11,0.00107421875
1101011001,14865,"[0, 1, 3, 2]",465,240.0379180908203,True,14.272259421167831,11,0.00107421875
1101011001,14866,"[0, 3, 2, 1]",6300,240.05627632141113,False,14.272259421167831,11,0.00107421875
1101011001,14867,"[0, 1, 3, 2]",465,240.06962776184082,True,14.272259421167831,11,0.00107421875
1101011001,14868,"[0, 3, 2, 1]",6300,240.08703231811523,False,14.272259421167831,11,0.00107421875
1101011001,14869,"[0, 1, 3, 2]",465,240.09990692138672,True,14.272259421167831,11,0.00107421875
1101011001,14870,"[0, 3, 2, 1]",6300,240.11731147766113,False,14.272259421167831,11,0.00107421875
1101011001,14871,"[0, 1, 3, 2]",465,240.13018608093262,True,14.272259421167831,11,0.00107421875
1101011001,14872,"[0, 3, 2, 1]",6300,240.14759063720703,False,14.272259421167831,11,0.00107421875
1101011001,14873,"[0, 1, 3, 2]",465,240.1599884033203,True,14.272259421167831,11,0.00107421875
1101011001,14874,"[0, 3, 2, 1]",6300,240.17763137817383,False,14.272259421167831,11,0.00107421875
1101011001,14875,"[0, 1, 3, 2]",465,240.1905059814453,True,14.272259421167831,11,0.00107421875
1101011001,14876,"[0, 3, 2, 1]",6300,240.20791053771973,False,14.272259421167831,11,0.00107421875
1101011001,14877,"[0, 1, 3, 2]",465,240.2207851409912,True,14.272259421167831,11,0.00107421875
1101011001,14878,"[0, 3, 2, 1]",6300,240.23818969726562,False,14.272259421167831,11,0.00107421875
1101011001,14879,"[0, 1, 3, 2]",465,240.2505874633789,True,14.272259421167831,11,0.00107421875
1111111000,14880,"[2, 1, 0, 3]",600,240.26799201965332,False,46.6348910623589,11,0.00107421875
1111111000,14881,"[2, 1, 0, 3]",600,240.281343460083,True,46.6348910623589,11,0.00107421875
1111111000,14882,"[2, 1, 0, 3]",600,240.29874801635742,False,46.6348910623589,11,0.00107421875
1111111000,14883,"[2, 1, 0, 3]",600,240.3120994567871,True,46.6348910623589,11,0.00107421875
1111111000,14884,"[2, 1, 0, 3]",600,240.32950401306152,False,46.6348910623589,11,0.00107421875
1111111000,14885,"[2, 1, 0, 3]",600,240.3428554534912,True,46.6348910623589,11,0.00107421875
1111111000,14886,"[2, 1, 0, 3]",600,240.36026000976562,False,46.6348910623589,11,0.00107421875
1111111000,14887,"[2, 1, 0, 3]",600,240.37480354309082,True,46.6348910623589,11,0.00107421875
1111111000,14888,"[2, 1, 0, 3]",600,240.39292335510254,False,46.6348910623589,11,0.00107421875
1111111000,14889,"[2, 1, 0, 3]",600,240.40627479553223,True,46.6348910623589,11,0.00107421875
1111111000,14890,"[2, 1, 0, 3]",600,240.42367935180664,False,46.6348910623589,11,0.00107421875
1111111000,14891,"[2, 1, 0, 3]",600,240.43679237365723,True,46.6348910623589,11,0.00107421875
1111111000,14892,"[2, 1, 0, 3]",600,240.45419692993164,False,46.6348910623589,11,0.00107421875
1111111000,14893,"[2, 1, 0, 3]",600,240.46730995178223,True,46.6348910623589,11,0.00107421875
1111111000,14894,"[2, 1, 0, 3]",600,240.48423767089844,False,46.6348910623589,11,0.00107421875
1111111000,14895,"[2, 1, 0, 3]",600,240.49735069274902,True,46.6348910623589,11,0.00107421875
1111111000,14896,"[2, 1, 0, 3]",600,240.51451683044434,False,46.6348910623589,11,0.00107421875
1111111000,14897,"[2, 1, 0, 3]",600,240.52739143371582,True,46.6348910623589,11,0.00107421875
1111111000,14898,"[2, 1, 0, 3]",600,240.54503440856934,False,46.6348910623589,11,0.00107421875
1111111000,14899,"[2, 1, 0, 3]",600,240.55814743041992,True,46.6348910623589,11,0.00107421875
1111111000,14900,"[2, 1, 0, 3]",600,240.57555198669434,False,46.6348910623589,11,0.00107421875
1111111000,14901,"[2, 1, 0, 3]",600,240.58842658996582,True,46.6348910623589,11,0.00107421875
1011100111,14902,"[1, 2, 0, 3]",600,240.60583114624023,False,18.86924132628731,11,0.00107421875
1011100111,14903,"[1, 0, 2, 3]",315,240.61894416809082,True,18.86924132628731,11,0.00107421875
1011100111,14904,"[1, 2, 0, 3]",600,240.63801765441895,False,18.86924132628731,11,0.00107421875
1011100111,14905,"[1, 0, 2, 3]",315,240.65160751342773,True,18.86924132628731,11,0.00107421875
1011100111,14906,"[1, 2, 0, 3]",600,240.66925048828125,False,18.86924132628731,11,0.00107421875
1011100111,14907,"[1, 0, 2, 3]",315,240.68260192871094,True,18.86924132628731,11,0.00107421875
1011100111,14908,"[1, 2, 0, 3]",600,240.70167541503906,False,18.86924132628731,11,0.00107421875
1011100111,14909,"[1, 0, 2, 3]",315,240.71502685546875,True,18.86924132628731,11,0.00107421875
1011100111,14910,"[1, 2, 0, 3]",600,240.73266983032227,False,18.86924132628731,11,0.00107421875
1011100111,14911,"[1, 0, 2, 3]",315,240.74602127075195,True,18.86924132628731,11,0.00107421875
1011100111,14912,"[1, 2, 0, 3]",600,240.76318740844727,False,18.86924132628731,11,0.00107421875
1011100111,14913,"[1, 0, 2, 3]",315,240.77653884887695,True,18.86924132628731,11,0.00107421875
1011100111,14914,"[1, 2, 0, 3]",600,240.79370498657227,False,18.86924132628731,11,0.00107421875
1011100111,14915,"[1, 0, 2, 3]",315,240.80681800842285,True,18.86924132628731,11,0.00107421875
1011100111,14916,"[1, 2, 0, 3]",600,240.82374572753906,False,18.86924132628731,11,0.00107421875
1011100111,14917,"[1, 0, 2, 3]",315,240.83685874938965,True,18.86924132628731,11,0.00107421875
1011100111,14918,"[1, 2, 0, 3]",600,240.85402488708496,False,18.86924132628731,11,0.00107421875
1011100111,14919,"[1, 0, 2, 3]",315,240.86713790893555,True,18.86924132628731,11,0.00107421875
1011100111,14920,"[1, 2, 0, 3]",600,240.88406562805176,False,18.86924132628731,11,0.00107421875
1011100111,14921,"[1, 0, 2, 3]",315,240.89670181274414,True,18.86924132628731,11,0.00107421875
1011100111,14922,"[1, 2, 0, 3]",600,240.91386795043945,False,18.86924132628731,11,0.00107421875
1011100111,14923,"[1, 0, 2, 3]",315,240.92674255371094,True,18.86924132628731,11,0.00107421875
0100110010,14924,"[2, 0, 3, 1]",6200,240.94414710998535,False,13.385358099234839,11,0.00107421875
0100110010,14925,"[2, 0, 1, 3]",500,240.95773696899414,True,13.385358099234839,11,0.00107421875
0100110010,14926,"[2, 0, 3, 1]",6200,240.97537994384766,False,13.385358099234839,11,0.00107421875
0100110010,14927,"[2, 0, 1, 3]",500,240.99206924438477,True,13.385358099234839,11,0.00107421875
0100110010,14928,"[2, 0, 3, 1]",6200,241.00995063781738,False,13.385358099234839,11,0.00107421875
0100110010,14929,"[2, 0, 1, 3]",500,241.02425575256348,True,13.385358099234839,11,0.00107421875
0100110010,14930,"[2, 0, 3, 1]",6200,241.0435676574707,False,13.385358099234839,11,0.00107421875
0100110010,14931,"[2, 0, 1, 3]",500,241.0573959350586,True,13.385358099234839,11,0.00107421875
0100110010,14932,"[2, 0, 3, 1]",6200,241.0750389099121,False,13.385358099234839,11,0.00107421875
0100110010,14933,"[2, 0, 1, 3]",500,241.0883903503418,True,13.385358099234839,11,0.00107421875
0100110010,14934,"[2, 0, 3, 1]",6200,241.1057949066162,False,13.385358099234839,11,0.00107421875
0100110010,14935,"[2, 0, 1, 3]",500,241.1186695098877,True,13.385358099234839,11,0.00107421875
0100110010,14936,"[2, 0, 3, 1]",6200,241.1360740661621,False,13.385358099234839,11,0.00107421875
0100110010,14937,"[2, 0, 1, 3]",500,241.1494255065918,True,13.385358099234839,11,0.00107421875
0100110010,14938,"[2, 0, 3, 1]",6200,241.1670684814453,False,13.385358099234839,11,0.00107421875
0100110010,14939,"[2, 0, 1, 3]",500,241.180419921875,True,13.385358099234839,11,0.00107421875
0100110010,14940,"[2, 0, 3, 1]",6200,241.19806289672852,False,13.385358099234839,11,0.00107421875
0100110010,14941,"[2, 0, 1, 3]",500,241.2111759185791,True,13.385358099234839,11,0.00107421875
0100110010,14942,"[2, 0, 3, 1]",6200,241.22881889343262,False,13.385358099234839,11,0.00107421875
0100110010,14943,"[2, 0, 1, 3]",500,241.2419319152832,True,13.385358099234839,11,0.00107421875
0100110010,14944,"[2, 0, 3, 1]",6200,241.25933647155762,False,13.385358099234839,11,0.00107421875
0100110010,14945,"[2, 0, 1, 3]",500,241.2726879119873,True,13.385358099234839,11,0.00107421875
0011100101,14946,"[1, 2, 3, 0]",9300,241.29009246826172,False,14.869241326287305,11,0.00107421875
0011100101,14947,"[1, 0, 2, 3]",315,241.3036823272705,True,14.869241326287305,11,0.00107421875
0011100101,14948,"[1, 2, 3, 0]",9300,241.32108688354492,False,14.869241326287305,11,0.00107421875
0011100101,14949,"[1, 0, 2, 3]",315,241.3341999053955,True,14.869241326287305,11,0.00107421875
0011100101,14950,"[1, 2, 3, 0]",9300,241.35303497314453,False,14.869241326287305,11,0.00107421875
0011100101,14951,"[1, 0, 2, 3]",315,241.36638641357422,True,14.869241326287305,11,0.00107421875
0011100101,14952,"[1, 2, 3, 0]",9300,241.38426780700684,False,14.869241326287305,11,0.00107421875
0011100101,14953,"[1, 0, 2, 3]",315,241.39738082885742,True,14.869241326287305,11,0.00107421875
0011100101,14954,"[1, 2, 3, 0]",9300,241.41621589660645,False,14.869241326287305,11,0.00107421875
0011100101,14955,"[1, 0, 2, 3]",315,241.43004417419434,True,14.869241326287305,11,0.00107421875
0011100101,14956,"[1, 2, 3, 0]",9300,241.44792556762695,False,14.869241326287305,11,0.00107421875
0011100101,14957,"[1, 0, 2, 3]",315,241.46127700805664,True,14.869241326287305,11,0.00107421875
0011100101,14958,"[1, 2, 3, 0]",9300,241.47868156433105,False,14.869241326287305,11,0.00107421875
0011100101,14959,"[1, 0, 2, 3]",315,241.49537086486816,True,14.869241326287305,11,0.00107421875
0011100101,14960,"[1, 2, 3, 0]",9300,241.51301383972168,False,14.869241326287305,11,0.00107421875
0011100101,14961,"[1, 0, 2, 3]",315,241.52612686157227,True,14.869241326287305,11,0.00107421875
0011100101,14962,"[1, 2, 3, 0]",9300,241.54353141784668,False,14.869241326287305,11,0.00107421875
0011100101,14963,"[1, 0, 2, 3]",315,241.55616760253906,True,14.869241326287305,11,0.00107421875
0011100101,14964,"[1, 2, 3, 0]",9300,241.57333374023438,False,14.869241326287305,11,0.00107421875
0011100101,14965,"[1, 0, 2, 3]",315,241.58644676208496,True,14.869241326287305,11,0.00107421875
0011100101,14966,"[1, 2, 3, 0]",9300,241.60385131835938,False,14.869241326287305,11,0.00107421875
0011100101,14967,"[1, 0, 2, 3]",315,241.61720275878906,True,14.869241326287305,11,0.00107421875
1011110000,14968,"[2, 1, 0, 3]",600,241.63484573364258,False,24.226501930607157,11,0.00107421875
1011110000,14969,"[2, 1, 0, 3]",600,241.64867401123047,True,24.226501930607157,11,0.00107421875
1011110000,14970,"[2, 1, 0, 3]",600,241.66607856750488,False,24.226501930607157,11,0.00107421875
1011110000,14971,"[2, 1, 0, 3]",600,241.68109893798828,True,24.226501930607157,11,0.00107421875
1011110000,14972,"[2, 1, 0, 3]",600,241.69921875,False,24.226501930607157,11,0.00107421875
1011110000,14973,"[2, 1, 0, 3]",600,241.7123317718506,True,24.226501930607157,11,0.00107421875
1011110000,14974,"[2, 1, 0, 3]",600,241.729736328125,False,24.226501930607157,11,0.00107421875
1011110000,14975,"[2, 1, 0, 3]",600,241.7428493499756,True,24.226501930607157,11,0.00107421875
1011110000,14976,"[2, 1, 0, 3]",600,241.7600154876709,False,24.226501930607157,11,0.00107421875
1011110000,14977,"[2, 1, 0, 3]",600,241.77312850952148,True,24.226501930607157,11,0.00107421875
1011110000,14978,"[2, 1, 0, 3]",600,241.7902946472168,False,24.226501930607157,11,0.00107421875
1011110000,14979,"[2, 1, 0, 3]",600,241.80340766906738,True,24.226501930607157,11,0.00107421875
1011110000,14980,"[2, 1, 0, 3]",600,241.8208122253418,False,24.226501930607157,11,0.00107421875
1011110000,14981,"[2, 1, 0, 3]",600,241.83368682861328,True,24.226501930607157,11,0.00107421875
1011110000,14982,"[2, 1, 0, 3]",600,241.8510913848877,False,24.226501930607157,11,0.00107421875
1011110000,14983,"[2, 1, 0, 3]",600,241.86420440673828,True,24.226501930607157,11,0.00107421875
1011110000,14984,"[2, 1, 0, 3]",600,241.8813705444336,False,24.226501930607157,11,0.00107421875
1011110000,14985,"[2, 1, 0, 3]",600,241.89448356628418,True,24.226501930607157,11,0.00107421875
1011110000,14986,"[2, 1, 0, 3]",600,241.9118881225586,False,24.226501930607157,11,0.00107421875
1011110000,14987,"[2, 1, 0, 3]",600,241.92476272583008,True,24.226501930607157,11,0.00107421875
1011110000,14988,"[2, 1, 0, 3]",600,241.9421672821045,False,24.226501930607157,11,0.00107421875
1011110000,14989,"[2, 1, 0, 3]",600,241.95504188537598,True,24.226501930607157,11,0.00107421875
0010011100,14990,"[3, 1, 2, 0]",9450,241.9722080230713,False,18.757661013262283,11,0.00107421875
0010011100,14991,"[3, 1, 0, 2]",900,241.98555946350098,True,18.757661013262283,11,0.00107421875
0010011100,14992,"[3, 1, 2, 0]",9450,242.0041561126709,False,18.757661013262283,11,0.00107421875
0010011100,14993,"[3, 1, 0, 2]",900,242.0177459716797,True,18.757661013262283,11,0.00107421875
0010011100,14994,"[3, 1, 2, 0]",9450,242.0353889465332,False,18.757661013262283,11,0.00107421875
0010011100,14995,"[3, 1, 0, 2]",900,242.048978805542,True,18.757661013262283,11,0.00107421875
0010011100,14996,"[3, 1, 2, 0]",9450,242.0663833618164,False,18.757661013262283,11,0.00107421875
0010011100,14997,"[3, 1, 0, 2]",900,242.0799732208252,True,18.757661013262283,11,0.00107421875
0010011100,14998,"[3, 1, 2, 0]",9450,242.0973777770996,False,18.757661013262283,11,0.00107421875
0010011100,14999,"[3, 1, 0, 2]",900,242.1107292175293,True,18.757661013262283,11,0.00107421875
0010011100,15000,"[3, 1, 2, 0]",9450,242.1281337738037,False,18.757661013262283,11,0.00107421875
0010011100,15001,"[3, 1, 0, 2]",900,242.1414852142334,True,18.757661013262283,11,0.00107421875
0010011100,15002,"[3, 1, 2, 0]",9450,242.1588897705078,False,18.757661013262283,11,0.00107421875
0010011100,15003,"[3, 1, 0, 2]",900,242.1720027923584,True,18.757661013262283,11,0.00107421875
0010011100,15004,"[3, 1, 2, 0]",9450,242.1891689300537,False,18.757661013262283,11,0.00107421875
0010011100,15005,"[3, 1, 0, 2]",900,242.203950881958,True,18.757661013262283,11,0.00107421875
0010011100,15006,"[3, 1, 2, 0]",9450,242.22230911254883,False,18.757661013262283,11,0.00107421875
0010011100,15007,"[3, 1, 0, 2]",900,242.23566055297852,True,18.757661013262283,11,0.00107421875
0010011100,15008,"[3, 1, 2, 0]",9450,242.25330352783203,False,18.757661013262283,11,0.00107421875
0010011100,15009,"[3, 1, 0, 2]",900,242.26665496826172,True,18.757661013262283,11,0.00107421875
0010011100,15010,"[3, 1, 2, 0]",9450,242.28405952453613,False,18.757661013262283,11,0.00107421875
0010011100,15011,"[3, 1, 0, 2]",900,242.29717254638672,True,18.757661013262283,11,0.00107421875
0001110110,15012,"[2, 3, 1, 0]",9600,242.31457710266113,False,21.726652881746467,11,0.00107421875
0001110110,15013,"[2, 3, 1, 0]",9600,242.32912063598633,True,21.726652881746467,11,0.00107421875
0001110110,15014,"[2, 3, 1, 0]",9600,242.34700202941895,False,21.726652881746467,11,0.00107421875
0001110110,15015,"[2, 3, 1, 0]",9600,242.35987663269043,True,21.726652881746467,11,0.00107421875
0001110110,15016,"[2, 3, 1, 0]",9600,242.37704277038574,False,21.726652881746467,11,0.00107421875
0001110110,15017,"[2, 3, 1, 0]",9600,242.38991737365723,True,21.726652881746467,11,0.00107421875
0001110110,15018,"[2, 3, 1, 0]",9600,242.40660667419434,False,21.726652881746467,11,0.00107421875
0001110110,15019,"[2, 3, 1, 0]",9600,242.41948127746582,True,21.726652881746467,11,0.00107421875
0001110110,15020,"[2, 3, 1, 0]",9600,242.43664741516113,False,21.726652881746467,11,0.00107421875
0001110110,15021,"[2, 3, 1, 0]",9600,242.44976043701172,True,21.726652881746467,11,0.00107421875
0001110110,15022,"[2, 3, 1, 0]",9600,242.46716499328613,False,21.726652881746467,11,0.00107421875
0001110110,15023,"[2, 3, 1, 0]",9600,242.47980117797852,True,21.726652881746467,11,0.00107421875
0001110110,15024,"[2, 3, 1, 0]",9600,242.49696731567383,False,21.726652881746467,11,0.00107421875
0001110110,15025,"[2, 3, 1, 0]",9600,242.5100803375244,True,21.726652881746467,11,0.00107421875
0001110110,15026,"[2, 3, 1, 0]",9600,242.52700805664062,False,21.726652881746467,11,0.00107421875
0001110110,15027,"[2, 3, 1, 0]",9600,242.5398826599121,True,21.726652881746467,11,0.00107421875
0001110110,15028,"[2, 3, 1, 0]",9600,242.55681037902832,False,21.726652881746467,11,0.00107421875
0001110110,15029,"[2, 3, 1, 0]",9600,242.5694465637207,True,21.726652881746467,11,0.00107421875
0001110110,15030,"[2, 3, 1, 0]",9600,242.58661270141602,False,21.726652881746467,11,0.00107421875
0001110110,15031,"[2, 3, 1, 0]",9600,242.5992488861084,True,21.726652881746467,11,0.00107421875
0001110110,15032,"[2, 3, 1, 0]",9600,242.6166534423828,False,21.726652881746467,11,0.00107421875
0001110110,15033,"[2, 3, 1, 0]",9600,242.6290512084961,True,21.726652881746467,11,0.00107421875
1011010011,15034,"[1, 0, 2, 3]",315,242.64812469482422,False,9.565077850771768,11,0.00107421875
1011010011,15035,"[1, 0, 2, 3]",315,242.6619529724121,True,9.565077850771768,11,0.00107421875
1011010011,15036,"[1, 0, 2, 3]",315,242.67983436584473,False,9.565077850771768,11,0.00107421875
1011010011,15037,"[1, 0, 2, 3]",315,242.6929473876953,True,9.565077850771768,11,0.00107421875
1011010011,15038,"[1, 0, 2, 3]",315,242.71011352539062,False,9.565077850771768,11,0.00107421875
1011010011,15039,"[1, 0, 2, 3]",315,242.7234649658203,True,9.565077850771768,11,0.00107421875
1011010011,15040,"[1, 0, 2, 3]",315,242.74086952209473,False,9.565077850771768,11,0.00107421875
1011010011,15041,"[1, 0, 2, 3]",315,242.7539825439453,True,9.565077850771768,11,0.00107421875
1011010011,15042,"[1, 0, 2, 3]",315,242.77138710021973,False,9.565077850771768,11,0.00107421875
1011010011,15043,"[1, 0, 2, 3]",315,242.80619621276855,True,9.565077850771768,11,0.00107421875
1011010011,15044,"[1, 0, 2, 3]",315,242.82431602478027,False,9.565077850771768,11,0.00107421875
1011010011,15045,"[1, 0, 2, 3]",315,242.83790588378906,True,9.565077850771768,11,0.00107421875
1011010011,15046,"[1, 0, 2, 3]",315,242.85531044006348,False,9.565077850771768,11,0.00107421875
1011010011,15047,"[1, 0, 2, 3]",315,242.86818504333496,True,9.565077850771768,11,0.00107421875
1011010011,15048,"[1, 0, 2, 3]",315,242.88535118103027,False,9.565077850771768,11,0.00107421875
1011010011,15049,"[1, 0, 2, 3]",315,242.89870262145996,True,9.565077850771768,11,0.00107421875
1011010011,15050,"[1, 0, 2, 3]",315,242.91610717773438,False,9.565077850771768,11,0.00107421875
1011010011,15051,"[1, 0, 2, 3]",315,242.92922019958496,True,9.565077850771768,11,0.00107421875
1011010011,15052,"[1, 0, 2, 3]",315,242.94662475585938,False,9.565077850771768,11,0.00107421875
1011010011,15053,"[1, 0, 2, 3]",315,242.95949935913086,True,9.565077850771768,11,0.00107421875
1011010011,15054,"[1, 0, 2, 3]",315,242.97690391540527,False,9.565077850771768,11,0.00107421875
1011010011,15055,"[1, 0, 2, 3]",315,242.99240112304688,True,9.565077850771768,11,0.00107421875
1000001110,15056,"[3, 0, 2, 1]",6300,243.0107593536377,False,16.36377440228918,11,0.00107421875
1000001110,15057,"[3, 0, 1, 2]",750,243.0245876312256,True,16.36377440228918,11,0.00107421875
1000001110,15058,"[3, 0, 2, 1]",6300,243.0427074432373,False,16.36377440228918,11,0.00107421875
1000001110,15059,"[3, 0, 1, 2]",750,243.0555820465088,True,16.36377440228918,11,0.00107421875
1000001110,15060,"[3, 0, 2, 1]",6300,243.0729866027832,False,16.36377440228918,11,0.00107421875
1000001110,15061,"[3, 0, 1, 2]",750,243.0863380432129,True,16.36377440228918,11,0.00107421875
1000001110,15062,"[3, 0, 2, 1]",6300,243.1037425994873,False,16.36377440228918,11,0.00107421875
1000001110,15063,"[3, 0, 1, 2]",750,243.1168556213379,True,16.36377440228918,11,0.00107421875
1000001110,15064,"[3, 0, 2, 1]",6300,243.1340217590332,False,16.36377440228918,11,0.00107421875
1000001110,15065,"[3, 0, 1, 2]",750,243.1471347808838,True,16.36377440228918,11,0.00107421875
1000001110,15066,"[3, 0, 2, 1]",6300,243.1645393371582,False,16.36377440228918,11,0.00107421875
1000001110,15067,"[3, 0, 1, 2]",750,243.1771755218506,True,16.36377440228918,11,0.00107421875
1000001110,15068,"[3, 0, 2, 1]",6300,243.1943416595459,False,16.36377440228918,11,0.00107421875
1000001110,15069,"[3, 0, 1, 2]",750,243.20745468139648,True,16.36377440228918,11,0.00107421875
1000001110,15070,"[3, 0, 2, 1]",6300,243.2246208190918,False,16.36377440228918,11,0.00107421875
1000001110,15071,"[3, 0, 1, 2]",750,243.23773384094238,True,16.36377440228918,11,0.00107421875
1000001110,15072,"[3, 0, 2, 1]",6300,243.2551383972168,False,16.36377440228918,11,0.00107421875
1000001110,15073,"[3, 0, 1, 2]",750,243.26777458190918,True,16.36377440228918,11,0.00107421875
1000001110,15074,"[3, 0, 2, 1]",6300,243.2851791381836,False,16.36377440228918,11,0.00107421875
1000001110,15075,"[3, 0, 1, 2]",750,243.29829216003418,True,16.36377440228918,11,0.00107421875
1000001110,15076,"[3, 0, 2, 1]",6300,243.3171272277832,False,16.36377440228918,11,0.00107421875
1000001110,15077,"[3, 0, 1, 2]",750,243.330717086792,True,16.36377440228918,11,0.00107421875
0000000100,15078,"[3, 2, 1, 0]",9600,243.3483600616455,False,18.18188720114459,11,0.00107421875
0000000100,15079,"[3, 2, 1, 0]",9600,243.361234664917,True,18.18188720114459,11,0.00107421875
0000000100,15080,"[3, 2, 1, 0]",9600,243.3786392211914,False,18.18188720114459,11,0.00107421875
0000000100,15081,"[3, 2, 1, 0]",9600,243.3915138244629,True,18.18188720114459,11,0.00107421875
0000000100,15082,"[3, 2, 1, 0]",9600,243.4089183807373,False,18.18188720114459,11,0.00107421875
0000000100,15083,"[3, 2, 1, 0]",9600,243.4217929840088,True,18.18188720114459,11,0.00107421875
0000000100,15084,"[3, 2, 1, 0]",9600,243.438720703125,False,18.18188720114459,11,0.00107421875
0000000100,15085,"[3, 2, 1, 0]",9600,243.45135688781738,True,18.18188720114459,11,0.00107421875
0000000100,15086,"[3, 2, 1, 0]",9600,243.4685230255127,False,18.18188720114459,11,0.00107421875
0000000100,15087,"[3, 2, 1, 0]",9600,243.48139762878418,True,18.18188720114459,11,0.00107421875
0000000100,15088,"[3, 2, 1, 0]",9600,243.4985637664795,False,18.18188720114459,11,0.00107421875
0000000100,15089,"[3, 2, 1, 0]",9600,243.51143836975098,True,18.18188720114459,11,0.00107421875
0000000100,15090,"[3, 2, 1, 0]",9600,243.5286045074463,False,18.18188720114459,11,0.00107421875
0000000100,15091,"[3, 2, 1, 0]",9600,243.54100227355957,True,18.18188720114459,11,0.00107421875
0000000100,15092,"[3, 2, 1, 0]",9600,243.55816841125488,False,18.18188720114459,11,0.00107421875
0000000100,15093,"[3, 2, 1, 0]",9600,243.57104301452637,True,18.18188720114459,11,0.00107421875
0000000100,15094,"[3, 2, 1, 0]",9600,243.58844757080078,False,18.18188720114459,11,0.00107421875
0000000100,15095,"[3, 2, 1, 0]",9600,243.60299110412598,True,18.18188720114459,11,0.00107421875
0000000100,15096,"[3, 2, 1, 0]",9600,243.6206340789795,False,18.18188720114459,11,0.00107421875
0000000100,15097,"[3, 2, 1, 0]",9600,243.63398551940918,True,18.18188720114459,11,0.00107421875
0000000100,15098,"[3, 2, 1, 0]",9600,243.6528205871582,False,18.18188720114459,11,0.00107421875
0000000100,15099,"[3, 2, 1, 0]",9600,243.6659336090088,True,18.18188720114459,11,0.00107421875
0011100010,15100,"[1, 2, 3, 0]",9300,243.6833381652832,False,15.565077850771768,11,0.00107421875
0011100010,15101,"[1, 0, 2, 3]",315,243.6974048614502,True,15.565077850771768,11,0.00107421875
0011100010,15102,"[1, 2, 3, 0]",9300,243.7148094177246,False,15.565077850771768,11,0.00107421875
0011100010,15103,"[1, 0, 2, 3]",315,243.7283992767334,True,15.565077850771768,11,0.00107421875
0011100010,15104,"[1, 2, 3, 0]",9300,243.7458038330078,False,15.565077850771768,11,0.00107421875
0011100010,15105,"[1, 0, 2, 3]",315,243.7591552734375,True,15.565077850771768,11,0.00107421875
0011100010,15106,"[1, 2, 3, 0]",9300,243.77870559692383,False,15.565077850771768,11,0.00107421875
0011100010,15107,"[1, 0, 2, 3]",315,243.79253387451172,True,15.565077850771768,11,0.00107421875
0011100010,15108,"[1, 2, 3, 0]",9300,243.81017684936523,False,15.565077850771768,11,0.00107421875
0011100010,15109,"[1, 0, 2, 3]",315,243.82376670837402,True,15.565077850771768,11,0.00107421875
0011100010,15110,"[1, 2, 3, 0]",9300,243.84117126464844,False,15.565077850771768,11,0.00107421875
0011100010,15111,"[1, 0, 2, 3]",315,243.85404586791992,True,15.565077850771768,11,0.00107421875
0011100010,15112,"[1, 2, 3, 0]",9300,243.87121200561523,False,15.565077850771768,11,0.00107421875
0011100010,15113,"[1, 0, 2, 3]",315,243.88456344604492,True,15.565077850771768,11,0.00107421875
0011100010,15114,"[1, 2, 3, 0]",9300,243.90172958374023,False,15.565077850771768,11,0.00107421875
0011100010,15115,"[1, 0, 2, 3]",315,243.91460418701172,True,15.565077850771768,11,0.00107421875
0011100010,15116,"[1, 2, 3, 0]",9300,243.93200874328613,False,15.565077850771768,11,0.00107421875
0011100010,15117,"[1, 0, 2, 3]",315,243.94464492797852,True,15.565077850771768,11,0.00107421875
0011100010,15118,"[1, 2, 3, 0]",9300,243.96419525146484,False,15.565077850771768,11,0.00107421875
0011100010,15119,"[1, 0, 2, 3]",315,243.97730827331543,True,15.565077850771768,11,0.00107421875
0011100010,15120,"[1, 2, 3, 0]",9300,243.99471282958984,False,15.565077850771768,11,0.00107421875
0011100010,15121,"[1, 0, 2, 3]",315,244.00782585144043,True,15.565077850771768,11,0.00107421875
0010001111,15122,"[3, 1, 2, 0]",9450,244.02523040771484,False,18.960756307408655,11,0.00107421875
0010001111,15123,"[3, 1, 0, 2]",900,244.03834342956543,True,18.960756307408655,11,0.00107421875
0010001111,15124,"[3, 1, 2, 0]",9450,244.05622482299805,False,18.960756307408655,11,0.00107421875
0010001111,15125,"[3, 1, 0, 2]",900,244.06933784484863,True,18.960756307408655,11,0.00107421875
0010001111,15126,"[3, 1, 2, 0]",9450,244.08674240112305,False,18.960756307408655,11,0.00107421875
0010001111,15127,"[3, 1, 0, 2]",900,244.10009384155273,True,18.960756307408655,11,0.00107421875
0010001111,15128,"[3, 1, 2, 0]",9450,244.11773681640625,False,18.960756307408655,11,0.00107421875
0010001111,15129,"[3, 1, 0, 2]",900,244.13108825683594,True,18.960756307408655,11,0.00107421875
0010001111,15130,"[3, 1, 2, 0]",9450,244.14873123168945,False,18.960756307408655,11,0.00107421875
0010001111,15131,"[3, 1, 0, 2]",900,244.16184425354004,True,18.960756307408655,11,0.00107421875
0010001111,15132,"[3, 1, 2, 0]",9450,244.17948722839355,False,18.960756307408655,11,0.00107421875
0010001111,15133,"[3, 1, 0, 2]",900,244.19283866882324,True,18.960756307408655,11,0.00107421875
0010001111,15134,"[3, 1, 2, 0]",9450,244.21024322509766,False,18.960756307408655,11,0.00107421875
0010001111,15135,"[3, 1, 0, 2]",900,244.22359466552734,True,18.960756307408655,11,0.00107421875
0010001111,15136,"[3, 1, 2, 0]",9450,244.24099922180176,False,18.960756307408655,11,0.00107421875
0010001111,15137,"[3, 1, 0, 2]",900,244.25411224365234,True,18.960756307408655,11,0.00107421875
0010001111,15138,"[3, 1, 2, 0]",9450,244.27151679992676,False,18.960756307408655,11,0.00107421875
0010001111,15139,"[3, 1, 0, 2]",900,244.28606033325195,True,18.960756307408655,11,0.00107421875
0010001111,15140,"[3, 1, 2, 0]",9450,244.30418014526367,False,18.960756307408655,11,0.00107421875
0010001111,15141,"[3, 1, 0, 2]",900,244.31729316711426,True,18.960756307408655,11,0.00107421875
0010001111,15142,"[3, 1, 2, 0]",9450,244.33493614196777,False,18.960756307408655,11,0.00107421875
0010001111,15143,"[3, 1, 0, 2]",900,244.34757232666016,True,18.960756307408655,11,0.00107421875
1010011001,15144,"[3, 1, 0, 2]",900,244.36545372009277,False,33.43658072909422,10,0.0009765625
1010011001,15145,"[3, 1, 0, 2]",900,244.37832832336426,True,33.43658072909422,10,0.0009765625
1010011001,15146,"[3, 1, 0, 2]",900,244.39549446105957,False,33.43658072909422,10,0.0009765625
1010011001,15147,"[3, 1, 0, 2]",900,244.40836906433105,True,33.43658072909422,10,0.0009765625
1010011001,15148,"[3, 1, 0, 2]",900,244.42577362060547,False,33.43658072909422,10,0.0009765625
1010011001,15149,"[3, 1, 0, 2]",900,244.43864822387695,True,33.43658072909422,10,0.0009765625
1010011001,15150,"[3, 1, 0, 2]",900,244.45605278015137,False,33.43658072909422,10,0.0009765625
1010011001,15151,"[3, 1, 0, 2]",900,244.46868896484375,True,33.43658072909422,10,0.0009765625
1010011001,15152,"[3, 1, 0, 2]",900,244.48633193969727,False,33.43658072909422,10,0.0009765625
1010011001,15153,"[3, 1, 0, 2]",900,244.49920654296875,True,33.43658072909422,10,0.0009765625
1010011001,15154,"[3, 1, 0, 2]",900,244.51637268066406,False,33.43658072909422,10,0.0009765625
1010011001,15155,"[3, 1, 0, 2]",900,244.52948570251465,True,33.43658072909422,10,0.0009765625
1010011001,15156,"[3, 1, 0, 2]",900,244.54832077026367,False,33.43658072909422,10,0.0009765625
1010011001,15157,"[3, 1, 0, 2]",900,244.56214904785156,True,33.43658072909422,10,0.0009765625
1010011001,15158,"[3, 1, 0, 2]",900,244.58050727844238,False,33.43658072909422,10,0.0009765625
1010011001,15159,"[3, 1, 0, 2]",900,244.59338188171387,True,33.43658072909422,10,0.0009765625
1010011001,15160,"[3, 1, 0, 2]",900,244.6122169494629,False,33.43658072909422,10,0.0009765625
1010011001,15161,"[3, 1, 0, 2]",900,244.62556838989258,True,33.43658072909422,10,0.0009765625
1010011001,15162,"[3, 1, 0, 2]",900,244.6432113647461,False,33.43658072909422,10,0.0009765625
1010011001,15163,"[3, 1, 0, 2]",900,244.65608596801758,True,33.43658072909422,10,0.0009765625
0100111100,15164,"[3, 2, 0, 1]",6600,244.6737289428711,False,21.992551240783698,10,0.0009765625
0100111100,15165,"[3, 2, 0, 1]",6600,244.68708038330078,True,21.992551240783698,10,0.0009765625
0100111100,15166,"[3, 2, 0, 1]",6600,244.7044849395752,False,21.992551240783698,10,0.0009765625
0100111100,15167,"[3, 2, 0, 1]",6600,244.71759796142578,True,21.992551240783698,10,0.0009765625
0100111100,15168,"[3, 2, 0, 1]",6600,244.7347640991211,False,21.992551240783698,10,0.0009765625
0100111100,15169,"[3, 2, 0, 1]",6600,244.74763870239258,True,21.992551240783698,10,0.0009765625
0100111100,15170,"[3, 2, 0, 1]",6600,244.765043258667,False,21.992551240783698,10,0.0009765625
0100111100,15171,"[3, 2, 0, 1]",6600,244.77791786193848,True,21.992551240783698,10,0.0009765625
0100111100,15172,"[3, 2, 0, 1]",6600,244.7950839996338,False,21.992551240783698,10,0.0009765625
0100111100,15173,"[3, 2, 0, 1]",6600,244.80795860290527,True,21.992551240783698,10,0.0009765625
0100111100,15174,"[3, 2, 0, 1]",6600,244.8253631591797,False,21.992551240783698,10,0.0009765625
0100111100,15175,"[3, 2, 0, 1]",6600,244.83823776245117,True,21.992551240783698,10,0.0009765625
0100111100,15176,"[3, 2, 0, 1]",6600,244.85540390014648,False,21.992551240783698,10,0.0009765625
0100111100,15177,"[3, 2, 0, 1]",6600,244.86804008483887,True,21.992551240783698,10,0.0009765625
0100111100,15178,"[3, 2, 0, 1]",6600,244.88520622253418,False,21.992551240783698,10,0.0009765625
0100111100,15179,"[3, 2, 0, 1]",6600,244.89831924438477,True,21.992551240783698,10,0.0009765625
0100111100,15180,"[3, 2, 0, 1]",6600,244.91548538208008,False,21.992551240783698,10,0.0009765625
0100111100,15181,"[3, 2, 0, 1]",6600,244.92979049682617,True,21.992551240783698,10,0.0009765625
0100111100,15182,"[3, 2, 0, 1]",6600,244.9474334716797,False,21.992551240783698,10,0.0009765625
0100111100,15183,"[3, 2, 0, 1]",6600,244.96054649353027,True,21.992551240783698,10,0.0009765625
1000101111,15184,"[3, 2, 0, 1]",6600,244.9779510498047,False,27.94576906171347,10,0.0009765625
1000101111,15185,"[3, 2, 0, 1]",6600,244.99082565307617,True,27.94576906171347,10,0.0009765625
1000101111,15186,"[3, 2, 0, 1]",6600,245.00775337219238,False,27.94576906171347,10,0.0009765625
1000101111,15187,"[3, 2, 0, 1]",6600,245.02038955688477,True,27.94576906171347,10,0.0009765625
1000101111,15188,"[3, 2, 0, 1]",6600,245.03731727600098,False,27.94576906171347,10,0.0009765625
1000101111,15189,"[3, 2, 0, 1]",6600,245.05019187927246,True,27.94576906171347,10,0.0009765625
1000101111,15190,"[3, 2, 0, 1]",6600,245.06711959838867,False,27.94576906171347,10,0.0009765625
1000101111,15191,"[3, 2, 0, 1]",6600,245.09620666503906,True,27.94576906171347,10,0.0009765625
1000101111,15192,"[3, 2, 0, 1]",6600,245.11408805847168,False,27.94576906171347,10,0.0009765625
1000101111,15193,"[3, 2, 0, 1]",6600,245.12743949890137,True,27.94576906171347,10,0.0009765625
1000101111,15194,"[3, 2, 0, 1]",6600,245.1455593109131,False,27.94576906171347,10,0.0009765625
1000101111,15195,"[3, 2, 0, 1]",6600,245.15867233276367,True,27.94576906171347,10,0.0009765625
1000101111,15196,"[3, 2, 0, 1]",6600,245.1767921447754,False,27.94576906171347,10,0.0009765625
1000101111,15197,"[3, 2, 0, 1]",6600,245.18990516662598,True,27.94576906171347,10,0.0009765625
1000101111,15198,"[3, 2, 0, 1]",6600,245.2075481414795,False,27.94576906171347,10,0.0009765625
1000101111,15199,"[3, 2, 0, 1]",6600,245.22066116333008,True,27.94576906171347,10,0.0009765625
1000101111,15200,"[3, 2, 0, 1]",6600,245.2387809753418,False,27.94576906171347,10,0.0009765625
1000101111,15201,"[3, 2, 0, 1]",6600,245.25165557861328,True,27.94576906171347,10,0.0009765625
1000101111,15202,"[3, 2, 0, 1]",6600,245.2709674835205,False,27.94576906171347,10,0.0009765625
1000101111,15203,"[3, 2, 0, 1]",6600,245.2843189239502,True,27.94576906171347,10,0.0009765625
0111011111,15204,"[3, 1, 2, 0]",9450,245.30267715454102,False,22.369145439160405,10,0.0009765625
0111011111,15205,"[3, 1, 0, 2]",900,245.316743850708,True,22.369145439160405,10,0.0009765625
0111011111,15206,"[3, 1, 2, 0]",9450,245.33843994140625,False,22.369145439160405,10,0.0009765625
0111011111,15207,"[3, 1, 0, 2]",900,245.35298347473145,True,22.369145439160405,10,0.0009765625
0111011111,15208,"[3, 1, 2, 0]",9450,245.37205696105957,False,22.369145439160405,10,0.0009765625
0111011111,15209,"[3, 1, 0, 2]",900,245.38612365722656,True,22.369145439160405,10,0.0009765625
0111011111,15210,"[3, 1, 2, 0]",9450,245.40424346923828,False,22.369145439160405,10,0.0009765625
0111011111,15211,"[3, 1, 0, 2]",900,245.41807174682617,True,22.369145439160405,10,0.0009765625
0111011111,15212,"[3, 1, 2, 0]",9450,245.4359531402588,False,22.369145439160405,10,0.0009765625
0111011111,15213,"[3, 1, 0, 2]",900,245.45001983642578,True,22.369145439160405,10,0.0009765625
0111011111,15214,"[3, 1, 2, 0]",9450,245.4679012298584,False,22.369145439160405,10,0.0009765625
0111011111,15215,"[3, 1, 0, 2]",900,245.4845905303955,True,22.369145439160405,10,0.0009765625
0111011111,15216,"[3, 1, 2, 0]",9450,245.50342559814453,False,22.369145439160405,10,0.0009765625
0111011111,15217,"[3, 1, 0, 2]",900,245.51749229431152,True,22.369145439160405,10,0.0009765625
0111011111,15218,"[3, 1, 2, 0]",9450,245.53608894348145,False,22.369145439160405,10,0.0009765625
0111011111,15219,"[3, 1, 0, 2]",900,245.54967880249023,True,22.369145439160405,10,0.0009765625
0111011111,15220,"[3, 1, 2, 0]",9450,245.56803703308105,False,22.369145439160405,10,0.0009765625
0111011111,15221,"[3, 1, 0, 2]",900,245.58186531066895,True,22.369145439160405,10,0.0009765625
0111011111,15222,"[3, 1, 2, 0]",9450,245.59998512268066,False,22.369145439160405,10,0.0009765625
0111011111,15223,"[3, 1, 0, 2]",900,245.61500549316406,True,22.369145439160405,10,0.0009765625
0010011001,15224,"[3, 1, 2, 0]",9450,245.6340789794922,False,23.130155701543536,10,0.0009765625
0010011001,15225,"[3, 1, 0, 2]",900,245.64743041992188,True,23.130155701543536,10,0.0009765625
0010011001,15226,"[3, 1, 2, 0]",9450,245.6660270690918,False,23.130155701543536,10,0.0009765625
0010011001,15227,"[3, 1, 0, 2]",900,245.67937850952148,True,23.130155701543536,10,0.0009765625
0010011001,15228,"[3, 1, 2, 0]",9450,245.6974983215332,False,23.130155701543536,10,0.0009765625
0010011001,15229,"[3, 1, 0, 2]",900,245.7113265991211,True,23.130155701543536,10,0.0009765625
0010011001,15230,"[3, 1, 2, 0]",9450,245.7296848297119,False,23.130155701543536,10,0.0009765625
0010011001,15231,"[3, 1, 0, 2]",900,245.7435131072998,True,23.130155701543536,10,0.0009765625
0010011001,15232,"[3, 1, 2, 0]",9450,245.76163291931152,False,23.130155701543536,10,0.0009765625
0010011001,15233,"[3, 1, 0, 2]",900,245.7752227783203,True,23.130155701543536,10,0.0009765625
0010011001,15234,"[3, 1, 2, 0]",9450,245.79358100891113,False,23.130155701543536,10,0.0009765625
0010011001,15235,"[3, 1, 0, 2]",900,245.80764770507812,True,23.130155701543536,10,0.0009765625
0010011001,15236,"[3, 1, 2, 0]",9450,245.82552909851074,False,23.130155701543536,10,0.0009765625
0010011001,15237,"[3, 1, 0, 2]",900,245.83935737609863,True,23.130155701543536,10,0.0009765625
0010011001,15238,"[3, 1, 2, 0]",9450,245.85795402526855,False,23.130155701543536,10,0.0009765625
0010011001,15239,"[3, 1, 0, 2]",900,245.87154388427734,True,23.130155701543536,10,0.0009765625
0010011001,15240,"[3, 1, 2, 0]",9450,245.88990211486816,False,23.130155701543536,10,0.0009765625
0010011001,15241,"[3, 1, 0, 2]",900,245.90373039245605,True,23.130155701543536,10,0.0009765625
0010011001,15242,"[3, 1, 2, 0]",9450,245.92185020446777,False,23.130155701543536,10,0.0009765625
0010011001,15243,"[3, 1, 0, 2]",900,245.93544006347656,True,23.130155701543536,10,0.0009765625
0011001111,15244,"[3, 1, 2, 0]",9450,245.9547519683838,False,11.46622323140678,10,0.0009765625
0011001111,15245,"[3, 1, 0, 2]",900,245.96929550170898,True,11.46622323140678,10,0.0009765625
0011001111,15246,"[3, 1, 2, 0]",9450,245.9878921508789,False,11.46622323140678,10,0.0009765625
0011001111,15247,"[3, 1, 0, 2]",900,246.0181713104248,True,11.46622323140678,10,0.0009765625
0011001111,15248,"[3, 1, 2, 0]",9450,246.03724479675293,False,11.46622323140678,10,0.0009765625
0011001111,15249,"[3, 1, 0, 2]",900,246.05131149291992,True,11.46622323140678,10,0.0009765625
0011001111,15250,"[3, 1, 2, 0]",9450,246.07014656066895,False,11.46622323140678,10,0.0009765625
0011001111,15251,"[3, 1, 0, 2]",900,246.08445167541504,True,11.46622323140678,10,0.0009765625
0011001111,15252,"[3, 1, 2, 0]",9450,246.10304832458496,False,11.46622323140678,10,0.0009765625
0011001111,15253,"[3, 1, 0, 2]",900,246.11711502075195,True,11.46622323140678,10,0.0009765625
0011001111,15254,"[3, 1, 2, 0]",9450,246.13595008850098,False,11.46622323140678,10,0.0009765625
0011001111,15255,"[3, 1, 0, 2]",900,246.14977836608887,True,11.46622323140678,10,0.0009765625
0011001111,15256,"[3, 1, 2, 0]",9450,246.1683750152588,False,11.46622323140678,10,0.0009765625
0011001111,15257,"[3, 1, 0, 2]",900,246.1838722229004,True,11.46622323140678,10,0.0009765625
0011001111,15258,"[3, 1, 2, 0]",9450,246.20318412780762,False,11.46622323140678,10,0.0009765625
0011001111,15259,"[3, 1, 0, 2]",900,246.2174892425537,True,11.46622323140678,10,0.0009765625
0011001111,15260,"[3, 1, 2, 0]",9450,246.23656272888184,False,11.46622323140678,10,0.0009765625
0011001111,15261,"[3, 1, 0, 2]",900,246.25110626220703,True,11.46622323140678,10,0.0009765625
0011001111,15262,"[3, 1, 2, 0]",9450,246.26970291137695,False,11.46622323140678,10,0.0009765625
0011001111,15263,"[3, 1, 0, 2]",900,246.28615379333496,True,11.46622323140678,10,0.0009765625
1011101101,15264,"[3, 1, 2, 0]",9450,246.3052272796631,False,43.277630458039056,10,0.0009765625
1011101101,15265,"[3, 1, 0, 2]",900,246.3204860687256,True,43.277630458039056,10,0.0009765625
1011101101,15266,"[3, 1, 2, 0]",9450,246.34075164794922,False,43.277630458039056,10,0.0009765625
1011101101,15267,"[3, 1, 0, 2]",900,246.35553359985352,True,43.277630458039056,10,0.0009765625
1011101101,15268,"[3, 1, 2, 0]",9450,246.37413024902344,False,43.277630458039056,10,0.0009765625
1011101101,15269,"[3, 1, 0, 2]",900,246.38843536376953,True,43.277630458039056,10,0.0009765625
1011101101,15270,"[3, 1, 2, 0]",9450,246.40727043151855,False,43.277630458039056,10,0.0009765625
1011101101,15271,"[3, 1, 0, 2]",900,246.42086029052734,True,43.277630458039056,10,0.0009765625
1011101101,15272,"[3, 1, 2, 0]",9450,246.43945693969727,False,43.277630458039056,10,0.0009765625
1011101101,15273,"[3, 1, 0, 2]",900,246.45352363586426,True,43.277630458039056,10,0.0009765625
1011101101,15274,"[3, 1, 2, 0]",9450,246.47212028503418,False,43.277630458039056,10,0.0009765625
1011101101,15275,"[3, 1, 0, 2]",900,246.48642539978027,True,43.277630458039056,10,0.0009765625
1011101101,15276,"[3, 1, 2, 0]",9450,246.5052604675293,False,43.277630458039056,10,0.0009765625
1011101101,15277,"[3, 1, 0, 2]",900,246.5190887451172,True,43.277630458039056,10,0.0009765625
1011101101,15278,"[3, 1, 2, 0]",9450,246.5376853942871,False,43.277630458039056,10,0.0009765625
1011101101,15279,"[3, 1, 0, 2]",900,246.551513671875,True,43.277630458039056,10,0.0009765625
1011101101,15280,"[3, 1, 2, 0]",9450,246.57034873962402,False,43.277630458039056,10,0.0009765625
1011101101,15281,"[3, 1, 0, 2]",900,246.58441543579102,True,43.277630458039056,10,0.0009765625
1011101101,15282,"[3, 1, 2, 0]",9450,246.60301208496094,False,43.277630458039056,10,0.0009765625
1011101101,15283,"[3, 1, 0, 2]",900,246.61707878112793,True,43.277630458039056,10,0.0009765625
0111111101,15284,"[3, 2, 1, 0]",9600,246.63591384887695,False,35.272067646914024,10,0.0009765625
0111111101,15285,"[3, 2, 1, 0]",9600,246.6604709625244,True,35.272067646914024,10,0.0009765625
0111111101,15286,"[3, 2, 1, 0]",9600,246.67978286743164,False,35.272067646914024,10,0.0009765625
0111111101,15287,"[3, 2, 1, 0]",9600,246.69384956359863,True,35.272067646914024,10,0.0009765625
0111111101,15288,"[3, 2, 1, 0]",9600,246.71244621276855,False,35.272067646914024,10,0.0009765625
0111111101,15289,"[3, 2, 1, 0]",9600,246.72627449035645,True,35.272067646914024,10,0.0009765625
0111111101,15290,"[3, 2, 1, 0]",9600,246.74415588378906,False,35.272067646914024,10,0.0009765625
0111111101,15291,"[3, 2, 1, 0]",9600,246.75798416137695,True,35.272067646914024,10,0.0009765625
0111111101,15292,"[3, 2, 1, 0]",9600,246.77586555480957,False,35.272067646914024,10,0.0009765625
0111111101,15293,"[3, 2, 1, 0]",9600,246.78945541381836,True,35.272067646914024,10,0.0009765625
0111111101,15294,"[3, 2, 1, 0]",9600,246.80757522583008,False,35.272067646914024,10,0.0009765625
0111111101,15295,"[3, 2, 1, 0]",9600,246.82116508483887,True,35.272067646914024,10,0.0009765625
0111111101,15296,"[3, 2, 1, 0]",9600,246.83880805969238,False,35.272067646914024,10,0.0009765625
0111111101,15297,"[3, 2, 1, 0]",9600,246.85215950012207,True,35.272067646914024,10,0.0009765625
0111111101,15298,"[3, 2, 1, 0]",9600,246.8702793121338,False,35.272067646914024,10,0.0009765625
0111111101,15299,"[3, 2, 1, 0]",9600,246.88363075256348,True,35.272067646914024,10,0.0009765625
0111111101,15300,"[3, 2, 1, 0]",9600,246.9015121459961,False,35.272067646914024,10,0.0009765625
0111111101,15301,"[3, 2, 1, 0]",9600,246.91486358642578,True,35.272067646914024,10,0.0009765625
0111111101,15302,"[3, 2, 1, 0]",9600,246.9325065612793,False,35.272067646914024,10,0.0009765625
0111111101,15303,"[3, 2, 1, 0]",9600,246.94585800170898,True,35.272067646914024,10,0.0009765625
0011000000,15304,"[1, 3, 2, 0]",9450,246.9637393951416,False,12.766381299254355,10,0.0009765625
0011000000,15305,"[1, 0, 3, 2]",465,246.9778060913086,True,12.766381299254355,10,0.0009765625
0011000000,15306,"[1, 3, 2, 0]",9450,247.00641632080078,False,12.766381299254355,10,0.0009765625
0011000000,15307,"[1, 0, 3, 2]",465,247.02143669128418,True,12.766381299254355,10,0.0009765625
0011000000,15308,"[1, 3, 2, 0]",9450,247.0407485961914,False,12.766381299254355,10,0.0009765625
0011000000,15309,"[1, 0, 3, 2]",465,247.0545768737793,True,12.766381299254355,10,0.0009765625
0011000000,15310,"[1, 3, 2, 0]",9450,247.07269668579102,False,12.766381299254355,10,0.0009765625
0011000000,15311,"[1, 0, 3, 2]",465,247.0865249633789,True,12.766381299254355,10,0.0009765625
0011000000,15312,"[1, 3, 2, 0]",9450,247.10440635681152,False,12.766381299254355,10,0.0009765625
0011000000,15313,"[1, 0, 3, 2]",465,247.1182346343994,True,12.766381299254355,10,0.0009765625
0011000000,15314,"[1, 3, 2, 0]",9450,247.13563919067383,False,12.766381299254355,10,0.0009765625
0011000000,15315,"[1, 0, 3, 2]",465,247.1487522125244,True,12.766381299254355,10,0.0009765625
0011000000,15316,"[1, 3, 2, 0]",9450,247.16591835021973,False,12.766381299254355,10,0.0009765625
0011000000,15317,"[1, 0, 3, 2]",465,247.17974662780762,True,12.766381299254355,10,0.0009765625
0011000000,15318,"[1, 3, 2, 0]",9450,247.19691276550293,False,12.766381299254355,10,0.0009765625
0011000000,15319,"[1, 0, 3, 2]",465,247.21002578735352,True,12.766381299254355,10,0.0009765625
0011000000,15320,"[1, 3, 2, 0]",9450,247.22695350646973,False,12.766381299254355,10,0.0009765625
0011000000,15321,"[1, 0, 3, 2]",465,247.2400665283203,True,12.766381299254355,10,0.0009765625
0011000000,15322,"[1, 3, 2, 0]",9450,247.25747108459473,False,12.766381299254355,10,0.0009765625
0011000000,15323,"[1, 0, 3, 2]",465,247.2703456878662,True,12.766381299254355,10,0.0009765625
0001101000,15324,"[3, 2, 1, 0]",9600,247.28798866271973,False,21.10131501963538,10,0.0009765625
0001101000,15325,"[3, 2, 1, 0]",9600,247.3011016845703,True,21.10131501963538,10,0.0009765625
0001101000,15326,"[3, 2, 1, 0]",9600,247.31826782226562,False,21.10131501963538,10,0.0009765625
0001101000,15327,"[3, 2, 1, 0]",9600,247.3311424255371,True,21.10131501963538,10,0.0009765625
0001101000,15328,"[3, 2, 1, 0]",9600,247.35045433044434,False,21.10131501963538,10,0.0009765625
0001101000,15329,"[3, 2, 1, 0]",9600,247.36356735229492,True,21.10131501963538,10,0.0009765625
0001101000,15330,"[3, 2, 1, 0]",9600,247.38121032714844,False,21.10131501963538,10,0.0009765625
0001101000,15331,"[3, 2, 1, 0]",9600,247.39408493041992,True,21.10131501963538,10,0.0009765625
0001101000,15332,"[3, 2, 1, 0]",9600,247.41125106811523,False,21.10131501963538,10,0.0009765625
0001101000,15333,"[3, 2, 1, 0]",9600,247.42388725280762,True,21.10131501963538,10,0.0009765625
0001101000,15334,"[3, 2, 1, 0]",9600,247.44105339050293,False,21.10131501963538,10,0.0009765625
0001101000,15335,"[3, 2, 1, 0]",9600,247.4539279937744,True,21.10131501963538,10,0.0009765625
0001101000,15336,"[3, 2, 1, 0]",9600,247.47109413146973,False,21.10131501963538,10,0.0009765625
0001101000,15337,"[3, 2, 1, 0]",9600,247.4842071533203,True,21.10131501963538,10,0.0009765625
0001101000,15338,"[3, 2, 1, 0]",9600,247.50137329101562,False,21.10131501963538,10,0.0009765625
0001101000,15339,"[3, 2, 1, 0]",9600,247.5142478942871,True,21.10131501963538,10,0.0009765625
0001101000,15340,"[3, 2, 1, 0]",9600,247.53141403198242,False,21.10131501963538,10,0.0009765625
0001101000,15341,"[3, 2, 1, 0]",9600,247.5440502166748,True,21.10131501963538,10,0.0009765625
0001101000,15342,"[3, 2, 1, 0]",9600,247.56121635437012,False,21.10131501963538,10,0.0009765625
0001101000,15343,"[3, 2, 1, 0]",9600,247.5740909576416,True,21.10131501963538,10,0.0009765625
0101100001,15344,"[2, 1, 0, 3]",600,247.59149551391602,False,9.075869699244596,10,0.0009765625
0101100001,15345,"[2, 1, 0, 3]",600,247.6048469543457,True,9.075869699244596,10,0.0009765625
0101100001,15346,"[2, 1, 0, 3]",600,247.62201309204102,False,9.075869699244596,10,0.0009765625
0101100001,15347,"[2, 1, 0, 3]",600,247.6348876953125,True,9.075869699244596,10,0.0009765625
0101100001,15348,"[2, 1, 0, 3]",600,247.65276908874512,False,9.075869699244596,10,0.0009765625
0101100001,15349,"[2, 1, 0, 3]",600,247.6673126220703,True,9.075869699244596,10,0.0009765625
0101100001,15350,"[2, 1, 0, 3]",600,247.68543243408203,False,9.075869699244596,10,0.0009765625
0101100001,15351,"[2, 1, 0, 3]",600,247.69854545593262,True,9.075869699244596,10,0.0009765625
0101100001,15352,"[2, 1, 0, 3]",600,247.71571159362793,False,9.075869699244596,10,0.0009765625
0101100001,15353,"[2, 1, 0, 3]",600,247.72882461547852,True,9.075869699244596,10,0.0009765625
0101100001,15354,"[2, 1, 0, 3]",600,247.74599075317383,False,9.075869699244596,10,0.0009765625
0101100001,15355,"[2, 1, 0, 3]",600,247.7591037750244,True,9.075869699244596,10,0.0009765625
0101100001,15356,"[2, 1, 0, 3]",600,247.77650833129883,False,9.075869699244596,10,0.0009765625
0101100001,15357,"[2, 1, 0, 3]",600,247.7893829345703,True,9.075869699244596,10,0.0009765625
0101100001,15358,"[2, 1, 0, 3]",600,247.80845642089844,False,9.075869699244596,10,0.0009765625
0101100001,15359,"[2, 1, 0, 3]",600,247.82180786132812,True,9.075869699244596,10,0.0009765625
0101100001,15360,"[2, 1, 0, 3]",600,247.83945083618164,False,9.075869699244596,10,0.0009765625
0101100001,15361,"[2, 1, 0, 3]",600,247.85256385803223,True,9.075869699244596,10,0.0009765625
0101100001,15362,"[2, 1, 0, 3]",600,247.86996841430664,False,9.075869699244596,10,0.0009765625
0101100001,15363,"[2, 1, 0, 3]",600,247.88308143615723,True,9.075869699244596,10,0.0009765625
0000010000,15364,"[2, 3, 1, 0]",9600,247.90024757385254,False,17.692679049617418,10,0.0009765625
0000010000,15365,"[2, 3, 1, 0]",9600,247.91336059570312,True,17.692679049617418,10,0.0009765625
0000010000,15366,"[2, 3, 1, 0]",9600,247.93052673339844,False,17.692679049617418,10,0.0009765625
0000010000,15367,"[2, 3, 1, 0]",9600,247.94340133666992,True,17.692679049617418,10,0.0009765625
0000010000,15368,"[2, 3, 1, 0]",9600,247.96056747436523,False,17.692679049617418,10,0.0009765625
0000010000,15369,"[2, 3, 1, 0]",9600,247.97344207763672,True,17.692679049617418,10,0.0009765625
0000010000,15370,"[2, 3, 1, 0]",9600,247.99180030822754,False,17.692679049617418,10,0.0009765625
0000010000,15371,"[2, 3, 1, 0]",9600,248.00515174865723,True,17.692679049617418,10,0.0009765625
0000010000,15372,"[2, 3, 1, 0]",9600,248.02231788635254,False,17.692679049617418,10,0.0009765625
0000010000,15373,"[2, 3, 1, 0]",9600,248.03519248962402,True,17.692679049617418,10,0.0009765625
0000010000,15374,"[2, 3, 1, 0]",9600,248.05235862731934,False,17.692679049617418,10,0.0009765625
0000010000,15375,"[2, 3, 1, 0]",9600,248.06499481201172,True,17.692679049617418,10,0.0009765625
0000010000,15376,"[2, 3, 1, 0]",9600,248.08216094970703,False,17.692679049617418,10,0.0009765625
0000010000,15377,"[2, 3, 1, 0]",9600,248.0947971343994,True,17.692679049617418,10,0.0009765625
0000010000,15378,"[2, 3, 1, 0]",9600,248.11172485351562,False,17.692679049617418,10,0.0009765625
0000010000,15379,"[2, 3, 1, 0]",9600,248.1241226196289,True,17.692679049617418,10,0.0009765625
0000010000,15380,"[2, 3, 1, 0]",9600,248.14128875732422,False,17.692679049617418,10,0.0009765625
0000010000,15381,"[2, 3, 1, 0]",9600,248.1536865234375,True,17.692679049617418,10,0.0009765625
0000010000,15382,"[2, 3, 1, 0]",9600,248.1706142425537,False,17.692679049617418,10,0.0009765625
0000010000,15383,"[2, 3, 1, 0]",9600,248.1832504272461,True,17.692679049617418,10,0.0009765625
1101010111,15384,"[0, 3, 2, 1]",6300,248.2004165649414,False,21.636033823457012,10,0.0009765625
1101010111,15385,"[0, 1, 3, 2]",465,248.2142448425293,True,21.636033823457012,10,0.0009765625
1101010111,15386,"[0, 3, 2, 1]",6300,248.2321262359619,False,21.636033823457012,10,0.0009765625
1101010111,15387,"[0, 1, 3, 2]",465,248.2457160949707,True,21.636033823457012,10,0.0009765625
1101010111,15388,"[0, 3, 2, 1]",6300,248.26312065124512,False,21.636033823457012,10,0.0009765625
1101010111,15389,"[0, 1, 3, 2]",465,248.2764720916748,True,21.636033823457012,10,0.0009765625
1101010111,15390,"[0, 3, 2, 1]",6300,248.29387664794922,False,21.636033823457012,10,0.0009765625
1101010111,15391,"[0, 1, 3, 2]",465,248.33083152770996,True,21.636033823457012,10,0.0009765625
1101010111,15392,"[0, 3, 2, 1]",6300,248.34918975830078,False,21.636033823457012,10,0.0009765625
1101010111,15393,"[0, 1, 3, 2]",465,248.36277961730957,True,21.636033823457012,10,0.0009765625
1101010111,15394,"[0, 3, 2, 1]",6300,248.38018417358398,False,21.636033823457012,10,0.0009765625
1101010111,15395,"[0, 1, 3, 2]",465,248.39329719543457,True,21.636033823457012,10,0.0009765625
1101010111,15396,"[0, 3, 2, 1]",6300,248.41046333312988,False,21.636033823457012,10,0.0009765625
1101010111,15397,"[0, 1, 3, 2]",465,248.42357635498047,True,21.636033823457012,10,0.0009765625
1101010111,15398,"[0, 3, 2, 1]",6300,248.44050407409668,False,21.636033823457012,10,0.0009765625
1101010111,15399,"[0, 1, 3, 2]",465,248.45337867736816,True,21.636033823457012,10,0.0009765625
1101010111,15400,"[0, 3, 2, 1]",6300,248.47078323364258,False,21.636033823457012,10,0.0009765625
1101010111,15401,"[0, 1, 3, 2]",465,248.48365783691406,True,21.636033823457012,10,0.0009765625
1101010111,15402,"[0, 3, 2, 1]",6300,248.50082397460938,False,21.636033823457012,10,0.0009765625
1101010111,15403,"[0, 1, 3, 2]",465,248.51322174072266,True,21.636033823457012,10,0.0009765625
0000100000,15404,"[2, 3, 1, 0]",9600,248.53062629699707,False,23.692679049617418,10,0.0009765625
0000100000,15405,"[2, 3, 1, 0]",9600,248.54373931884766,True,23.692679049617418,10,0.0009765625
0000100000,15406,"[2, 3, 1, 0]",9600,248.56114387512207,False,23.692679049617418,10,0.0009765625
0000100000,15407,"[2, 3, 1, 0]",9600,248.57401847839355,True,23.692679049617418,10,0.0009765625
0000100000,15408,"[2, 3, 1, 0]",9600,248.60405921936035,False,23.692679049617418,10,0.0009765625
0000100000,15409,"[2, 3, 1, 0]",9600,248.63719940185547,True,23.692679049617418,10,0.0009765625
0000100000,15410,"[2, 3, 1, 0]",9600,248.6565113067627,False,23.692679049617418,10,0.0009765625
0000100000,15411,"[2, 3, 1, 0]",9600,248.66962432861328,True,23.692679049617418,10,0.0009765625
0000100000,15412,"[2, 3, 1, 0]",9600,248.6886978149414,False,23.692679049617418,10,0.0009765625
0000100000,15413,"[2, 3, 1, 0]",9600,248.7020492553711,True,23.692679049617418,10,0.0009765625
0000100000,15414,"[2, 3, 1, 0]",9600,248.7196922302246,False,23.692679049617418,10,0.0009765625
0000100000,15415,"[2, 3, 1, 0]",9600,248.7328052520752,True,23.692679049617418,10,0.0009765625
0000100000,15416,"[2, 3, 1, 0]",9600,248.7502098083496,False,23.692679049617418,10,0.0009765625
0000100000,15417,"[2, 3, 1, 0]",9600,248.762845993042,True,23.692679049617418,10,0.0009765625
0000100000,15418,"[2, 3, 1, 0]",9600,248.7800121307373,False,23.692679049617418,10,0.0009765625
0000100000,15419,"[2, 3, 1, 0]",9600,248.7928867340088,True,23.692679049617418,10,0.0009765625
0000100000,15420,"[2, 3, 1, 0]",9600,248.809814453125,False,23.692679049617418,10,0.0009765625
0000100000,15421,"[2, 3, 1, 0]",9600,248.82221221923828,True,23.692679049617418,10,0.0009765625
0000100000,15422,"[2, 3, 1, 0]",9600,248.8391399383545,False,23.692679049617418,10,0.0009765625
0000100000,15423,"[2, 3, 1, 0]",9600,248.85177612304688,True,23.692679049617418,10,0.0009765625
1011010001,15424,"[1, 0, 2, 3]",315,248.8691806793213,False,12.917260368883131,10,0.0009765625
1011010001,15425,"[1, 0, 2, 3]",315,248.88277053833008,True,12.917260368883131,10,0.0009765625
1011010001,15426,"[1, 0, 2, 3]",315,248.8999366760254,False,12.917260368883131,10,0.0009765625
1011010001,15427,"[1, 0, 2, 3]",315,248.91352653503418,True,12.917260368883131,10,0.0009765625
1011010001,15428,"[1, 0, 2, 3]",315,248.9306926727295,False,12.917260368883131,10,0.0009765625
1011010001,15429,"[1, 0, 2, 3]",315,248.94380569458008,True,12.917260368883131,10,0.0009765625
1011010001,15430,"[1, 0, 2, 3]",315,248.9609718322754,False,12.917260368883131,10,0.0009765625
1011010001,15431,"[1, 0, 2, 3]",315,248.9762306213379,True,12.917260368883131,10,0.0009765625
1011010001,15432,"[1, 0, 2, 3]",315,248.9936351776123,False,12.917260368883131,10,0.0009765625
1011010001,15433,"[1, 0, 2, 3]",315,249.0074634552002,True,12.917260368883131,10,0.0009765625
1011010001,15434,"[1, 0, 2, 3]",315,249.02677536010742,False,12.917260368883131,10,0.0009765625
1011010001,15435,"[1, 0, 2, 3]",315,249.0401268005371,True,12.917260368883131,10,0.0009765625
1011010001,15436,"[1, 0, 2, 3]",315,249.05776977539062,False,12.917260368883131,10,0.0009765625
1011010001,15437,"[1, 0, 2, 3]",315,249.0708827972412,True,12.917260368883131,10,0.0009765625
1011010001,15438,"[1, 0, 2, 3]",315,249.08828735351562,False,12.917260368883131,10,0.0009765625
1011010001,15439,"[1, 0, 2, 3]",315,249.1011619567871,True,12.917260368883131,10,0.0009765625
1011010001,15440,"[1, 0, 2, 3]",315,249.11856651306152,False,12.917260368883131,10,0.0009765625
1011010001,15441,"[1, 0, 2, 3]",315,249.1316795349121,True,12.917260368883131,10,0.0009765625
1011010001,15442,"[1, 0, 2, 3]",315,249.14860725402832,False,12.917260368883131,10,0.0009765625
1011010001,15443,"[1, 0, 2, 3]",315,249.1617202758789,True,12.917260368883131,10,0.0009765625
0011101000,15444,"[1, 3, 2, 0]",9450,249.17888641357422,False,31.019224473084186,10,0.0009765625
0011101000,15445,"[1, 0, 3, 2]",465,249.192476272583,True,31.019224473084186,10,0.0009765625
0011101000,15446,"[1, 3, 2, 0]",9450,249.20988082885742,False,31.019224473084186,10,0.0009765625
0011101000,15447,"[1, 0, 3, 2]",465,249.222993850708,True,31.019224473084186,10,0.0009765625
0011101000,15448,"[1, 3, 2, 0]",9450,249.24015998840332,False,31.019224473084186,10,0.0009765625
0011101000,15449,"[1, 0, 3, 2]",465,249.2532730102539,True,31.019224473084186,10,0.0009765625
0011101000,15450,"[1, 3, 2, 0]",9450,249.27020072937012,False,31.019224473084186,10,0.0009765625
0011101000,15451,"[1, 0, 3, 2]",465,249.2833137512207,True,31.019224473084186,10,0.0009765625
0011101000,15452,"[1, 3, 2, 0]",9450,249.30047988891602,False,31.019224473084186,10,0.0009765625
0011101000,15453,"[1, 0, 3, 2]",465,249.3133544921875,True,31.019224473084186,10,0.0009765625
0011101000,15454,"[1, 3, 2, 0]",9450,249.33171272277832,False,31.019224473084186,10,0.0009765625
0011101000,15455,"[1, 0, 3, 2]",465,249.3453025817871,True,31.019224473084186,10,0.0009765625
0011101000,15456,"[1, 3, 2, 0]",9450,249.36270713806152,False,31.019224473084186,10,0.0009765625
0011101000,15457,"[1, 0, 3, 2]",465,249.3758201599121,True,31.019224473084186,10,0.0009765625
0011101000,15458,"[1, 3, 2, 0]",9450,249.39441680908203,False,31.019224473084186,10,0.0009765625
0011101000,15459,"[1, 0, 3, 2]",465,249.40800666809082,True,31.019224473084186,10,0.0009765625
0011101000,15460,"[1, 3, 2, 0]",9450,249.42564964294434,False,31.019224473084186,10,0.0009765625
0011101000,15461,"[1, 0, 3, 2]",465,249.43900108337402,True,31.019224473084186,10,0.0009765625
0011101000,15462,"[1, 3, 2, 0]",9450,249.45616722106934,False,31.019224473084186,10,0.0009765625
0011101000,15463,"[1, 0, 3, 2]",465,249.46928024291992,True,31.019224473084186,10,0.0009765625
1111101001,15464,"[1, 0, 3, 2]",465,249.49049949645996,False,39.927709491962844,10,0.0009765625
1111101001,15465,"[1, 0, 3, 2]",465,249.50385093688965,True,39.927709491962844,10,0.0009765625
1111101001,15466,"[1, 0, 3, 2]",465,249.52173233032227,False,39.927709491962844,10,0.0009765625
1111101001,15467,"[1, 0, 3, 2]",465,249.53484535217285,True,39.927709491962844,10,0.0009765625
1111101001,15468,"[1, 0, 3, 2]",465,249.55224990844727,False,39.927709491962844,10,0.0009765625
1111101001,15469,"[1, 0, 3, 2]",465,249.56560134887695,True,39.927709491962844,10,0.0009765625
1111101001,15470,"[1, 0, 3, 2]",465,249.58252906799316,False,39.927709491962844,10,0.0009765625
1111101001,15471,"[1, 0, 3, 2]",465,249.59588050842285,True,39.927709491962844,10,0.0009765625
1111101001,15472,"[1, 0, 3, 2]",465,249.61328506469727,False,39.927709491962844,10,0.0009765625
1111101001,15473,"[1, 0, 3, 2]",465,249.62615966796875,True,39.927709491962844,10,0.0009765625
1111101001,15474,"[1, 0, 3, 2]",465,249.64332580566406,False,39.927709491962844,10,0.0009765625
1111101001,15475,"[1, 0, 3, 2]",465,249.65763092041016,True,39.927709491962844,10,0.0009765625
1111101001,15476,"[1, 0, 3, 2]",465,249.67551231384277,False,39.927709491962844,10,0.0009765625
1111101001,15477,"[1, 0, 3, 2]",465,249.68838691711426,True,39.927709491962844,10,0.0009765625
1111101001,15478,"[1, 0, 3, 2]",465,249.70555305480957,False,39.927709491962844,10,0.0009765625
1111101001,15479,"[1, 0, 3, 2]",465,249.71866607666016,True,39.927709491962844,10,0.0009765625
1111101001,15480,"[1, 0, 3, 2]",465,249.73583221435547,False,39.927709491962844,10,0.0009765625
1111101001,15481,"[1, 0, 3, 2]",465,249.74822998046875,True,39.927709491962844,10,0.0009765625
1111101001,15482,"[1, 0, 3, 2]",465,249.76563453674316,False,39.927709491962844,10,0.0009765625
1111101001,15483,"[1, 0, 3, 2]",465,249.77850914001465,True,39.927709491962844,10,0.0009765625
0011001110,15484,"[3, 1, 2, 0]",9450,249.79591369628906,False,13.772648258957467,10,0.0009765625
0011001110,15485,"[3, 1, 0, 2]",900,249.80950355529785,True,13.772648258957467,10,0.0009765625
0011001110,15486,"[3, 1, 2, 0]",9450,249.82714653015137,False,13.772648258957467,10,0.0009765625
0011001110,15487,"[3, 1, 0, 2]",900,249.84073638916016,True,13.772648258957467,10,0.0009765625
0011001110,15488,"[3, 1, 2, 0]",9450,249.85790252685547,False,13.772648258957467,10,0.0009765625
0011001110,15489,"[3, 1, 0, 2]",900,249.87125396728516,True,13.772648258957467,10,0.0009765625
0011001110,15490,"[3, 1, 2, 0]",9450,249.88865852355957,False,13.772648258957467,10,0.0009765625
0011001110,15491,"[3, 1, 0, 2]",900,249.90153312683105,True,13.772648258957467,10,0.0009765625
0011001110,15492,"[3, 1, 2, 0]",9450,249.91917610168457,False,13.772648258957467,10,0.0009765625
0011001110,15493,"[3, 1, 0, 2]",900,249.93228912353516,True,13.772648258957467,10,0.0009765625
0011001110,15494,"[3, 1, 2, 0]",9450,249.94993209838867,False,13.772648258957467,10,0.0009765625
0011001110,15495,"[3, 1, 0, 2]",900,249.96328353881836,True,13.772648258957467,10,0.0009765625
0011001110,15496,"[3, 1, 2, 0]",9450,249.98188018798828,False,13.772648258957467,10,0.0009765625
0011001110,15497,"[3, 1, 0, 2]",900,249.99547004699707,True,13.772648258957467,10,0.0009765625
0011001110,15498,"[3, 1, 2, 0]",9450,250.0135898590088,False,13.772648258957467,10,0.0009765625
0011001110,15499,"[3, 1, 0, 2]",900,250.02694129943848,True,13.772648258957467,10,0.0009765625
0011001110,15500,"[3, 1, 2, 0]",9450,250.0448226928711,False,13.772648258957467,10,0.0009765625
0011001110,15501,"[3, 1, 0, 2]",900,250.05769729614258,True,13.772648258957467,10,0.0009765625
0011001110,15502,"[3, 1, 2, 0]",9450,250.0753402709961,False,13.772648258957467,10,0.0009765625
0011001110,15503,"[3, 1, 0, 2]",900,250.08845329284668,True,13.772648258957467,10,0.0009765625
0010011000,15504,"[3, 1, 2, 0]",9450,250.105619430542,False,20.7322156928715,10,0.0009765625
0010011000,15505,"[3, 1, 0, 2]",900,250.11897087097168,True,20.7322156928715,10,0.0009765625
0010011000,15506,"[3, 1, 2, 0]",9450,250.136137008667,False,20.7322156928715,10,0.0009765625
0010011000,15507,"[3, 1, 0, 2]",900,250.14948844909668,True,20.7322156928715,10,0.0009765625
0010011000,15508,"[3, 1, 2, 0]",9450,250.1668930053711,False,20.7322156928715,10,0.0009765625
0010011000,15509,"[3, 1, 0, 2]",900,250.1819133758545,True,20.7322156928715,10,0.0009765625
0010011000,15510,"[3, 1, 2, 0]",9450,250.2000331878662,False,20.7322156928715,10,0.0009765625
0010011000,15511,"[3, 1, 0, 2]",900,250.2133846282959,True,20.7322156928715,10,0.0009765625
0010011000,15512,"[3, 1, 2, 0]",9450,250.2310276031494,False,20.7322156928715,10,0.0009765625
0010011000,15513,"[3, 1, 0, 2]",900,250.244140625,True,20.7322156928715,10,0.0009765625
0010011000,15514,"[3, 1, 2, 0]",9450,250.2615451812744,False,20.7322156928715,10,0.0009765625
0010011000,15515,"[3, 1, 0, 2]",900,250.274658203125,True,20.7322156928715,10,0.0009765625
0010011000,15516,"[3, 1, 2, 0]",9450,250.2920627593994,False,20.7322156928715,10,0.0009765625
0010011000,15517,"[3, 1, 0, 2]",900,250.3066062927246,True,20.7322156928715,10,0.0009765625
0010011000,15518,"[3, 1, 2, 0]",9450,250.32448768615723,False,20.7322156928715,10,0.0009765625
0010011000,15519,"[3, 1, 0, 2]",900,250.3378391265869,True,20.7322156928715,10,0.0009765625
0010011000,15520,"[3, 1, 2, 0]",9450,250.35524368286133,False,20.7322156928715,10,0.0009765625
0010011000,15521,"[3, 1, 0, 2]",900,250.3683567047119,True,20.7322156928715,10,0.0009765625
0010011000,15522,"[3, 1, 2, 0]",9450,250.38576126098633,False,20.7322156928715,10,0.0009765625
0010011000,15523,"[3, 1, 0, 2]",900,250.39911270141602,True,20.7322156928715,10,0.0009765625
0110111101,15524,"[3, 2, 1, 0]",9600,250.41651725769043,False,29.35415819346521,10,0.0009765625
0110111101,15525,"[3, 2, 1, 0]",9600,250.4293918609619,True,29.35415819346521,10,0.0009765625
0110111101,15526,"[3, 2, 1, 0]",9600,250.44679641723633,False,29.35415819346521,10,0.0009765625
0110111101,15527,"[3, 2, 1, 0]",9600,250.46014785766602,True,29.35415819346521,10,0.0009765625
0110111101,15528,"[3, 2, 1, 0]",9600,250.47731399536133,False,29.35415819346521,10,0.0009765625
0110111101,15529,"[3, 2, 1, 0]",9600,250.4904270172119,True,29.35415819346521,10,0.0009765625
0110111101,15530,"[3, 2, 1, 0]",9600,250.50759315490723,False,29.35415819346521,10,0.0009765625
0110111101,15531,"[3, 2, 1, 0]",9600,250.5207061767578,True,29.35415819346521,10,0.0009765625
0110111101,15532,"[3, 2, 1, 0]",9600,250.53787231445312,False,29.35415819346521,10,0.0009765625
0110111101,15533,"[3, 2, 1, 0]",9600,250.5502700805664,True,29.35415819346521,10,0.0009765625
0110111101,15534,"[3, 2, 1, 0]",9600,250.56743621826172,False,29.35415819346521,10,0.0009765625
0110111101,15535,"[3, 2, 1, 0]",9600,250.5803108215332,True,29.35415819346521,10,0.0009765625
0110111101,15536,"[3, 2, 1, 0]",9600,250.59747695922852,False,29.35415819346521,10,0.0009765625
0110111101,15537,"[3, 2, 1, 0]",9600,250.6101131439209,True,29.35415819346521,10,0.0009765625
0110111101,15538,"[3, 2, 1, 0]",9600,250.62870979309082,False,29.35415819346521,10,0.0009765625
0110111101,15539,"[3, 2, 1, 0]",9600,250.6418228149414,True,29.35415819346521,10,0.0009765625
0110111101,15540,"[3, 2, 1, 0]",9600,250.65922737121582,False,29.35415819346521,10,0.0009765625
0110111101,15541,"[3, 2, 1, 0]",9600,250.6718635559082,True,29.35415819346521,10,0.0009765625
0110111101,15542,"[3, 2, 1, 0]",9600,250.68902969360352,False,29.35415819346521,10,0.0009765625
0110111101,15543,"[3, 2, 1, 0]",9600,250.701904296875,True,29.35415819346521,10,0.0009765625
1010001010,15544,"[3, 1, 0, 2]",900,250.7190704345703,False,33.03953664325408,10,0.0009765625
1010001010,15545,"[3, 1, 0, 2]",900,250.732421875,True,33.03953664325408,10,0.0009765625
1010001010,15546,"[3, 1, 0, 2]",900,250.7498264312744,False,33.03953664325408,10,0.0009765625
1010001010,15547,"[3, 1, 0, 2]",900,250.762939453125,True,33.03953664325408,10,0.0009765625
1010001010,15548,"[3, 1, 0, 2]",900,250.7801055908203,False,33.03953664325408,10,0.0009765625
1010001010,15549,"[3, 1, 0, 2]",900,250.7936954498291,True,33.03953664325408,10,0.0009765625
1010001010,15550,"[3, 1, 0, 2]",900,250.81110000610352,False,33.03953664325408,10,0.0009765625
1010001010,15551,"[3, 1, 0, 2]",900,250.8246898651123,True,33.03953664325408,10,0.0009765625
1010001010,15552,"[3, 1, 0, 2]",900,250.84209442138672,False,33.03953664325408,10,0.0009765625
1010001010,15553,"[3, 1, 0, 2]",900,250.8554458618164,True,33.03953664325408,10,0.0009765625
1010001010,15554,"[3, 1, 0, 2]",900,250.87261199951172,False,33.03953664325408,10,0.0009765625
1010001010,15555,"[3, 1, 0, 2]",900,250.8859634399414,True,33.03953664325408,10,0.0009765625
1010001010,15556,"[3, 1, 0, 2]",900,250.90336799621582,False,33.03953664325408,10,0.0009765625
1010001010,15557,"[3, 1, 0, 2]",900,250.9164810180664,True,33.03953664325408,10,0.0009765625
1010001010,15558,"[3, 1, 0, 2]",900,250.93388557434082,False,33.03953664325408,10,0.0009765625
1010001010,15559,"[3, 1, 0, 2]",900,250.94985961914062,True,33.03953664325408,10,0.0009765625
1010001010,15560,"[3, 1, 0, 2]",900,250.96845626831055,False,33.03953664325408,10,0.0009765625
1010001010,15561,"[3, 1, 0, 2]",900,250.98156929016113,True,33.03953664325408,10,0.0009765625
1010001010,15562,"[3, 1, 0, 2]",900,250.99945068359375,False,33.03953664325408,10,0.0009765625
1010001010,15563,"[3, 1, 0, 2]",900,251.01232528686523,True,33.03953664325408,10,0.0009765625
1110000101,15564,"[0, 1, 3, 2]",465,251.03020668029785,False,12.917260368883131,10,0.0009765625
1110000101,15565,"[0, 1, 3, 2]",465,251.04403495788574,True,12.917260368883131,10,0.0009765625
1110000101,15566,"[0, 1, 3, 2]",465,251.06143951416016,False,12.917260368883131,10,0.0009765625
1110000101,15567,"[0, 1, 3, 2]",465,251.07479095458984,True,12.917260368883131,10,0.0009765625
1110000101,15568,"[0, 1, 3, 2]",465,251.09195709228516,False,12.917260368883131,10,0.0009765625
1110000101,15569,"[0, 1, 3, 2]",465,251.10507011413574,True,12.917260368883131,10,0.0009765625
1110000101,15570,"[0, 1, 3, 2]",465,251.12223625183105,False,12.917260368883131,10,0.0009765625
1110000101,15571,"[0, 1, 3, 2]",465,251.13511085510254,True,12.917260368883131,10,0.0009765625
1110000101,15572,"[0, 1, 3, 2]",465,251.15227699279785,False,12.917260368883131,10,0.0009765625
1110000101,15573,"[0, 1, 3, 2]",465,251.16491317749023,True,12.917260368883131,10,0.0009765625
1110000101,15574,"[0, 1, 3, 2]",465,251.18207931518555,False,12.917260368883131,10,0.0009765625
1110000101,15575,"[0, 1, 3, 2]",465,251.19495391845703,True,12.917260368883131,10,0.0009765625
1110000101,15576,"[0, 1, 3, 2]",465,251.21235847473145,False,12.917260368883131,10,0.0009765625
1110000101,15577,"[0, 1, 3, 2]",465,251.22523307800293,True,12.917260368883131,10,0.0009765625
1110000101,15578,"[0, 1, 3, 2]",465,251.24263763427734,False,12.917260368883131,10,0.0009765625
1110000101,15579,"[0, 1, 3, 2]",465,251.25527381896973,True,12.917260368883131,10,0.0009765625
1110000101,15580,"[0, 1, 3, 2]",465,251.27387046813965,False,12.917260368883131,10,0.0009765625
1110000101,15581,"[0, 1, 3, 2]",465,251.28698348999023,True,12.917260368883131,10,0.0009765625
1110000101,15582,"[0, 1, 3, 2]",465,251.30438804626465,False,12.917260368883131,10,0.0009765625
1110000101,15583,"[0, 1, 3, 2]",465,251.31750106811523,True,12.917260368883131,10,0.0009765625
0110110000,15584,"[2, 1, 0, 3]",600,251.33466720581055,False,15.430868751529296,10,0.0009765625
0110110000,15585,"[2, 1, 0, 3]",600,251.34825706481934,True,15.430868751529296,10,0.0009765625
0110110000,15586,"[2, 1, 0, 3]",600,251.36566162109375,False,15.430868751529296,10,0.0009765625
0110110000,15587,"[2, 1, 0, 3]",600,251.37901306152344,True,15.430868751529296,10,0.0009765625
0110110000,15588,"[2, 1, 0, 3]",600,251.39617919921875,False,15.430868751529296,10,0.0009765625
0110110000,15589,"[2, 1, 0, 3]",600,251.40929222106934,True,15.430868751529296,10,0.0009765625
0110110000,15590,"[2, 1, 0, 3]",600,251.42669677734375,False,15.430868751529296,10,0.0009765625
0110110000,15591,"[2, 1, 0, 3]",600,251.43957138061523,True,15.430868751529296,10,0.0009765625
0110110000,15592,"[2, 1, 0, 3]",600,251.45697593688965,False,15.430868751529296,10,0.0009765625
0110110000,15593,"[2, 1, 0, 3]",600,251.47008895874023,True,15.430868751529296,10,0.0009765625
0110110000,15594,"[2, 1, 0, 3]",600,251.48701667785645,False,15.430868751529296,10,0.0009765625
0110110000,15595,"[2, 1, 0, 3]",600,251.50012969970703,True,15.430868751529296,10,0.0009765625
0110110000,15596,"[2, 1, 0, 3]",600,251.51753425598145,False,15.430868751529296,10,0.0009765625
0110110000,15597,"[2, 1, 0, 3]",600,251.53088569641113,True,15.430868751529296,10,0.0009765625
0110110000,15598,"[2, 1, 0, 3]",600,251.54757499694824,False,15.430868751529296,10,0.0009765625
0110110000,15599,"[2, 1, 0, 3]",600,251.56378746032715,True,15.430868751529296,10,0.0009765625
0110110000,15600,"[2, 1, 0, 3]",600,251.58119201660156,False,15.430868751529296,10,0.0009765625
0110110000,15601,"[2, 1, 0, 3]",600,251.59549713134766,True,15.430868751529296,10,0.0009765625
0110110000,15602,"[2, 1, 0, 3]",600,251.61480903625488,False,15.430868751529296,10,0.0009765625
0110110000,15603,"[2, 1, 0, 3]",600,251.62863731384277,True,15.430868751529296,10,0.0009765625
1000110001,15604,"[2, 0, 3, 1]",6200,251.6465187072754,False,19.38535809923484,10,0.0009765625
1000110001,15605,"[2, 0, 1, 3]",500,251.66058540344238,True,19.38535809923484,10,0.0009765625
1000110001,15606,"[2, 0, 3, 1]",6200,251.6779899597168,False,19.38535809923484,10,0.0009765625
1000110001,15607,"[2, 0, 1, 3]",500,251.6915798187256,True,19.38535809923484,10,0.0009765625
1000110001,15608,"[2, 0, 3, 1]",6200,251.7092227935791,False,19.38535809923484,10,0.0009765625
1000110001,15609,"[2, 0, 1, 3]",500,251.7223358154297,True,19.38535809923484,10,0.0009765625
1000110001,15610,"[2, 0, 3, 1]",6200,251.7414093017578,False,19.38535809923484,10,0.0009765625
1000110001,15611,"[2, 0, 1, 3]",500,251.7554759979248,True,19.38535809923484,10,0.0009765625
1000110001,15612,"[2, 0, 3, 1]",6200,251.77311897277832,False,19.38535809923484,10,0.0009765625
1000110001,15613,"[2, 0, 1, 3]",500,251.786470413208,True,19.38535809923484,10,0.0009765625
1000110001,15614,"[2, 0, 3, 1]",6200,251.80363655090332,False,19.38535809923484,10,0.0009765625
1000110001,15615,"[2, 0, 1, 3]",500,251.816987991333,True,19.38535809923484,10,0.0009765625
1000110001,15616,"[2, 0, 3, 1]",6200,251.83439254760742,False,19.38535809923484,10,0.0009765625
1000110001,15617,"[2, 0, 1, 3]",500,251.847505569458,True,19.38535809923484,10,0.0009765625
1000110001,15618,"[2, 0, 3, 1]",6200,251.86491012573242,False,19.38535809923484,10,0.0009765625
1000110001,15619,"[2, 0, 1, 3]",500,251.8777847290039,True,19.38535809923484,10,0.0009765625
1000110001,15620,"[2, 0, 3, 1]",6200,251.89518928527832,False,19.38535809923484,10,0.0009765625
1000110001,15621,"[2, 0, 1, 3]",500,251.9078254699707,True,19.38535809923484,10,0.0009765625
1000110001,15622,"[2, 0, 3, 1]",6200,251.92666053771973,False,19.38535809923484,10,0.0009765625
1000110001,15623,"[2, 0, 1, 3]",500,251.9397735595703,True,19.38535809923484,10,0.0009765625
1110111111,15624,"[3, 2, 0, 1]",6600,251.95765495300293,False,35.354158193465224,10,0.0009765625
1110111111,15625,"[3, 2, 0, 1]",6600,251.97076797485352,True,35.354158193465224,10,0.0009765625
1110111111,15626,"[3, 2, 0, 1]",6600,251.98817253112793,False,35.354158193465224,10,0.0009765625
1110111111,15627,"[3, 2, 0, 1]",6600,252.0010471343994,True,35.354158193465224,10,0.0009765625
1110111111,15628,"[3, 2, 0, 1]",6600,252.01845169067383,False,35.354158193465224,10,0.0009765625
1110111111,15629,"[3, 2, 0, 1]",6600,252.0310878753662,True,35.354158193465224,10,0.0009765625
1110111111,15630,"[3, 2, 0, 1]",6600,252.04849243164062,False,35.354158193465224,10,0.0009765625
1110111111,15631,"[3, 2, 0, 1]",6600,252.061128616333,True,35.354158193465224,10,0.0009765625
1110111111,15632,"[3, 2, 0, 1]",6600,252.07853317260742,False,35.354158193465224,10,0.0009765625
1110111111,15633,"[3, 2, 0, 1]",6600,252.091646194458,True,35.354158193465224,10,0.0009765625
1110111111,15634,"[3, 2, 0, 1]",6600,252.10905075073242,False,35.354158193465224,10,0.0009765625
1110111111,15635,"[3, 2, 0, 1]",6600,252.122163772583,True,35.354158193465224,10,0.0009765625
1110111111,15636,"[3, 2, 0, 1]",6600,252.13932991027832,False,35.354158193465224,10,0.0009765625
1110111111,15637,"[3, 2, 0, 1]",6600,252.1522045135498,True,35.354158193465224,10,0.0009765625
1110111111,15638,"[3, 2, 0, 1]",6600,252.16984748840332,False,35.354158193465224,10,0.0009765625
1110111111,15639,"[3, 2, 0, 1]",6600,252.1824836730957,True,35.354158193465224,10,0.0009765625
1110111111,15640,"[3, 2, 0, 1]",6600,252.19964981079102,False,35.354158193465224,10,0.0009765625
1110111111,15641,"[3, 2, 0, 1]",6600,252.2125244140625,True,35.354158193465224,10,0.0009765625
1110111111,15642,"[3, 2, 0, 1]",6600,252.2296905517578,False,35.354158193465224,10,0.0009765625
1110111111,15643,"[3, 2, 0, 1]",6600,252.2435188293457,True,35.354158193465224,10,0.0009765625
0010010100,15644,"[1, 3, 2, 0]",9450,252.26163864135742,False,15.10131501963538,10,0.0009765625
0010010100,15645,"[1, 0, 3, 2]",465,252.2752285003662,True,15.10131501963538,10,0.0009765625
0010010100,15646,"[1, 3, 2, 0]",9450,252.29310989379883,False,15.10131501963538,10,0.0009765625
0010010100,15647,"[1, 0, 3, 2]",465,252.30669975280762,True,15.10131501963538,10,0.0009765625
0010010100,15648,"[1, 3, 2, 0]",9450,252.32410430908203,False,15.10131501963538,10,0.0009765625
0010010100,15649,"[1, 0, 3, 2]",465,252.33745574951172,True,15.10131501963538,10,0.0009765625
0010010100,15650,"[1, 3, 2, 0]",9450,252.35462188720703,False,15.10131501963538,10,0.0009765625
0010010100,15651,"[1, 0, 3, 2]",465,252.36797332763672,True,15.10131501963538,10,0.0009765625
0010010100,15652,"[1, 3, 2, 0]",9450,252.38537788391113,False,15.10131501963538,10,0.0009765625
0010010100,15653,"[1, 0, 3, 2]",465,252.39849090576172,True,15.10131501963538,10,0.0009765625
0010010100,15654,"[1, 3, 2, 0]",9450,252.41589546203613,False,15.10131501963538,10,0.0009765625
0010010100,15655,"[1, 0, 3, 2]",465,252.42877006530762,True,15.10131501963538,10,0.0009765625
0010010100,15656,"[1, 3, 2, 0]",9450,252.44593620300293,False,15.10131501963538,10,0.0009765625
0010010100,15657,"[1, 0, 3, 2]",465,252.45928764343262,True,15.10131501963538,10,0.0009765625
0010010100,15658,"[1, 3, 2, 0]",9450,252.47669219970703,False,15.10131501963538,10,0.0009765625
0010010100,15659,"[1, 0, 3, 2]",465,252.49004364013672,True,15.10131501963538,10,0.0009765625
0010010100,15660,"[1, 3, 2, 0]",9450,252.50887870788574,False,15.10131501963538,10,0.0009765625
0010010100,15661,"[1, 0, 3, 2]",465,252.52294540405273,True,15.10131501963538,10,0.0009765625
0010010100,15662,"[1, 3, 2, 0]",9450,252.54130363464355,False,15.10131501963538,10,0.0009765625
0010010100,15663,"[1, 0, 3, 2]",465,252.55489349365234,True,15.10131501963538,10,0.0009765625
1001101111,15664,"[3, 2, 0, 1]",6600,252.57396697998047,False,22.45123598571159,10,0.0009765625
1001101111,15665,"[3, 2, 0, 1]",6600,252.58779525756836,True,22.45123598571159,10,0.0009765625
1001101111,15666,"[3, 2, 0, 1]",6600,252.60543823242188,False,22.45123598571159,10,0.0009765625
1001101111,15667,"[3, 2, 0, 1]",6600,252.61878967285156,True,22.45123598571159,10,0.0009765625
1001101111,15668,"[3, 2, 0, 1]",6600,252.63619422912598,False,22.45123598571159,10,0.0009765625
1001101111,15669,"[3, 2, 0, 1]",6600,252.64930725097656,True,22.45123598571159,10,0.0009765625
1001101111,15670,"[3, 2, 0, 1]",6600,252.66671180725098,False,22.45123598571159,10,0.0009765625
1001101111,15671,"[3, 2, 0, 1]",6600,252.68006324768066,True,22.45123598571159,10,0.0009765625
1001101111,15672,"[3, 2, 0, 1]",6600,252.69746780395508,False,22.45123598571159,10,0.0009765625
1001101111,15673,"[3, 2, 0, 1]",6600,252.71010398864746,True,22.45123598571159,10,0.0009765625
1001101111,15674,"[3, 2, 0, 1]",6600,252.72750854492188,False,22.45123598571159,10,0.0009765625
1001101111,15675,"[3, 2, 0, 1]",6600,252.74038314819336,True,22.45123598571159,10,0.0009765625
1001101111,15676,"[3, 2, 0, 1]",6600,252.75754928588867,False,22.45123598571159,10,0.0009765625
1001101111,15677,"[3, 2, 0, 1]",6600,252.76994705200195,True,22.45123598571159,10,0.0009765625
1001101111,15678,"[3, 2, 0, 1]",6600,252.78735160827637,False,22.45123598571159,10,0.0009765625
1001101111,15679,"[3, 2, 0, 1]",6600,252.79974937438965,True,22.45123598571159,10,0.0009765625
1001101111,15680,"[3, 2, 0, 1]",6600,252.81715393066406,False,22.45123598571159,10,0.0009765625
1001101111,15681,"[3, 2, 0, 1]",6600,252.82979011535645,True,22.45123598571159,10,0.0009765625
1001101111,15682,"[3, 2, 0, 1]",6600,252.84719467163086,False,22.45123598571159,10,0.0009765625
1001101111,15683,"[3, 2, 0, 1]",6600,252.86054611206055,True,22.45123598571159,10,0.0009765625
0110110111,15684,"[2, 1, 3, 0]",9300,252.87795066833496,False,15.900011571152788,10,0.0009765625
0110110111,15685,"[2, 1, 0, 3]",600,252.89297103881836,True,15.900011571152788,10,0.0009765625
0110110111,15686,"[2, 1, 3, 0]",9300,252.91132926940918,False,15.900011571152788,10,0.0009765625
0110110111,15687,"[2, 1, 0, 3]",600,252.92491912841797,True,15.900011571152788,10,0.0009765625
0110110111,15688,"[2, 1, 3, 0]",9300,252.94256210327148,False,15.900011571152788,10,0.0009765625
0110110111,15689,"[2, 1, 0, 3]",600,252.95591354370117,True,15.900011571152788,10,0.0009765625
0110110111,15690,"[2, 1, 3, 0]",9300,252.9735565185547,False,15.900011571152788,10,0.0009765625
0110110111,15691,"[2, 1, 0, 3]",600,252.98714637756348,True,15.900011571152788,10,0.0009765625
0110110111,15692,"[2, 1, 3, 0]",9300,253.004789352417,False,15.900011571152788,10,0.0009765625
0110110111,15693,"[2, 1, 0, 3]",600,253.01790237426758,True,15.900011571152788,10,0.0009765625
0110110111,15694,"[2, 1, 3, 0]",9300,253.0355453491211,False,15.900011571152788,10,0.0009765625
0110110111,15695,"[2, 1, 0, 3]",600,253.04865837097168,True,15.900011571152788,10,0.0009765625
0110110111,15696,"[2, 1, 3, 0]",9300,253.0663013458252,False,15.900011571152788,10,0.0009765625
0110110111,15697,"[2, 1, 0, 3]",600,253.07965278625488,True,15.900011571152788,10,0.0009765625
0110110111,15698,"[2, 1, 3, 0]",9300,253.0972957611084,False,15.900011571152788,10,0.0009765625
0110110111,15699,"[2, 1, 0, 3]",600,253.11040878295898,True,15.900011571152788,10,0.0009765625
0110110111,15700,"[2, 1, 3, 0]",9300,253.1280517578125,False,15.900011571152788,10,0.0009765625
0110110111,15701,"[2, 1, 0, 3]",600,253.14092636108398,True,15.900011571152788,10,0.0009765625
0110110111,15702,"[2, 1, 3, 0]",9300,253.1583309173584,False,15.900011571152788,10,0.0009765625
0110110111,15703,"[2, 1, 0, 3]",600,253.17144393920898,True,15.900011571152788,10,0.0009765625
0000000010,15704,"[3, 2, 1, 0]",9600,253.1888484954834,False,31.0,10,0.0009765625
0000000010,15705,"[3, 2, 1, 0]",9600,253.20172309875488,True,31.0,10,0.0009765625
0000000010,15706,"[3, 2, 1, 0]",9600,253.2205581665039,False,31.0,10,0.0009765625
0000000010,15707,"[3, 2, 1, 0]",9600,253.2336711883545,True,31.0,10,0.0009765625
0000000010,15708,"[3, 2, 1, 0]",9600,253.251314163208,False,31.0,10,0.0009765625
0000000010,15709,"[3, 2, 1, 0]",9600,253.2646656036377,True,31.0,10,0.0009765625
0000000010,15710,"[3, 2, 1, 0]",9600,253.2820701599121,False,31.0,10,0.0009765625
0000000010,15711,"[3, 2, 1, 0]",9600,253.2966136932373,True,31.0,10,0.0009765625
0000000010,15712,"[3, 2, 1, 0]",9600,253.31497192382812,False,31.0,10,0.0009765625
0000000010,15713,"[3, 2, 1, 0]",9600,253.3278465270996,True,31.0,10,0.0009765625
0000000010,15714,"[3, 2, 1, 0]",9600,253.34548950195312,False,31.0,10,0.0009765625
0000000010,15715,"[3, 2, 1, 0]",9600,253.3583641052246,True,31.0,10,0.0009765625
0000000010,15716,"[3, 2, 1, 0]",9600,253.37553024291992,False,31.0,10,0.0009765625
0000000010,15717,"[3, 2, 1, 0]",9600,253.3884048461914,True,31.0,10,0.0009765625
0000000010,15718,"[3, 2, 1, 0]",9600,253.40557098388672,False,31.0,10,0.0009765625
0000000010,15719,"[3, 2, 1, 0]",9600,253.4182071685791,True,31.0,10,0.0009765625
0000000010,15720,"[3, 2, 1, 0]",9600,253.4353733062744,False,31.0,10,0.0009765625
0000000010,15721,"[3, 2, 1, 0]",9600,253.4482479095459,True,31.0,10,0.0009765625
0000000010,15722,"[3, 2, 1, 0]",9600,253.4654140472412,False,31.0,10,0.0009765625
0000000010,15723,"[3, 2, 1, 0]",9600,253.4785270690918,True,31.0,10,0.0009765625
0000110000,15724,"[2, 3, 1, 0]",9600,253.49950790405273,False,13.385358099234839,10,0.0009765625
0000110000,15725,"[2, 3, 1, 0]",9600,253.51238250732422,True,13.385358099234839,10,0.0009765625
0000110000,15726,"[2, 3, 1, 0]",9600,253.52954864501953,False,13.385358099234839,10,0.0009765625
0000110000,15727,"[2, 3, 1, 0]",9600,253.54433059692383,True,13.385358099234839,10,0.0009765625
0000110000,15728,"[2, 3, 1, 0]",9600,253.56197357177734,False,13.385358099234839,10,0.0009765625
0000110000,15729,"[2, 3, 1, 0]",9600,253.57460975646973,True,13.385358099234839,10,0.0009765625
0000110000,15730,"[2, 3, 1, 0]",9600,253.59153747558594,False,13.385358099234839,10,0.0009765625
0000110000,15731,"[2, 3, 1, 0]",9600,253.60441207885742,True,13.385358099234839,10,0.0009765625
0000110000,15732,"[2, 3, 1, 0]",9600,253.62133979797363,False,13.385358099234839,10,0.0009765625
0000110000,15733,"[2, 3, 1, 0]",9600,253.63397598266602,True,13.385358099234839,10,0.0009765625
0000110000,15734,"[2, 3, 1, 0]",9600,253.65066528320312,False,13.385358099234839,10,0.0009765625
0000110000,15735,"[2, 3, 1, 0]",9600,253.6635398864746,True,13.385358099234839,10,0.0009765625
0000110000,15736,"[2, 3, 1, 0]",9600,253.68070602416992,False,13.385358099234839,10,0.0009765625
0000110000,15737,"[2, 3, 1, 0]",9600,253.6935806274414,True,13.385358099234839,10,0.0009765625
0000110000,15738,"[2, 3, 1, 0]",9600,253.71026992797852,False,13.385358099234839,10,0.0009765625
0000110000,15739,"[2, 3, 1, 0]",9600,254.09913063049316,True,13.385358099234839,10,0.0009765625
0000110000,15740,"[2, 3, 1, 0]",9600,254.12440299987793,False,13.385358099234839,10,0.0009765625
0000110000,15741,"[2, 3, 1, 0]",9600,254.13775444030762,True,13.385358099234839,10,0.0009765625
0000110000,15742,"[2, 3, 1, 0]",9600,254.15563583374023,False,13.385358099234839,10,0.0009765625
0000110000,15743,"[2, 3, 1, 0]",9600,254.16851043701172,True,13.385358099234839,10,0.0009765625
0101011000,15744,"[3, 2, 1, 0]",9600,254.18591499328613,False,18.27225942116783,10,0.0009765625
0101011000,15745,"[3, 2, 1, 0]",9600,254.19902801513672,True,18.27225942116783,10,0.0009765625
0101011000,15746,"[3, 2, 1, 0]",9600,254.21619415283203,False,18.27225942116783,10,0.0009765625
0101011000,15747,"[3, 2, 1, 0]",9600,254.22930717468262,True,18.27225942116783,10,0.0009765625
0101011000,15748,"[3, 2, 1, 0]",9600,254.24957275390625,False,18.27225942116783,10,0.0009765625
0101011000,15749,"[3, 2, 1, 0]",9600,254.26268577575684,True,18.27225942116783,10,0.0009765625
0101011000,15750,"[3, 2, 1, 0]",9600,254.28009033203125,False,18.27225942116783,10,0.0009765625
0101011000,15751,"[3, 2, 1, 0]",9600,254.29296493530273,True,18.27225942116783,10,0.0009765625
0101011000,15752,"[3, 2, 1, 0]",9600,254.31036949157715,False,18.27225942116783,10,0.0009765625
0101011000,15753,"[3, 2, 1, 0]",9600,254.32324409484863,True,18.27225942116783,10,0.0009765625
0101011000,15754,"[3, 2, 1, 0]",9600,254.34064865112305,False,18.27225942116783,10,0.0009765625
0101011000,15755,"[3, 2, 1, 0]",9600,254.35352325439453,True,18.27225942116783,10,0.0009765625
0101011000,15756,"[3, 2, 1, 0]",9600,254.37068939208984,False,18.27225942116783,10,0.0009765625
0101011000,15757,"[3, 2, 1, 0]",9600,254.38332557678223,True,18.27225942116783,10,0.0009765625
0101011000,15758,"[3, 2, 1, 0]",9600,254.40049171447754,False,18.27225942116783,10,0.0009765625
0101011000,15759,"[3, 2, 1, 0]",9600,254.41336631774902,True,18.27225942116783,10,0.0009765625
0101011000,15760,"[3, 2, 1, 0]",9600,254.43053245544434,False,18.27225942116783,10,0.0009765625
0101011000,15761,"[3, 2, 1, 0]",9600,254.44507598876953,True,18.27225942116783,10,0.0009765625
0101011000,15762,"[3, 2, 1, 0]",9600,254.46295738220215,False,18.27225942116783,10,0.0009765625
0101011000,15763,"[3, 2, 1, 0]",9600,254.47607040405273,True,18.27225942116783,10,0.0009765625
1000000101,15764,"[0, 3, 2, 1]",6300,254.49347496032715,False,17.227644691705265,10,0.0009765625
1000000101,15765,"[0, 1, 3, 2]",465,254.50754165649414,True,17.227644691705265,10,0.0009765625
1000000101,15766,"[0, 3, 2, 1]",6300,254.52470779418945,False,17.227644691705265,10,0.0009765625
1000000101,15767,"[0, 1, 3, 2]",465,254.54044342041016,True,17.227644691705265,10,0.0009765625
1000000101,15768,"[0, 3, 2, 1]",6300,254.55737113952637,False,17.227644691705265,10,0.0009765625
1000000101,15769,"[0, 1, 3, 2]",465,254.57215309143066,True,17.227644691705265,10,0.0009765625
1000000101,15770,"[0, 3, 2, 1]",6300,254.5907497406006,False,17.227644691705265,10,0.0009765625
1000000101,15771,"[0, 1, 3, 2]",465,254.60457801818848,True,17.227644691705265,10,0.0009765625
1000000101,15772,"[0, 3, 2, 1]",6300,254.6219825744629,False,17.227644691705265,10,0.0009765625
1000000101,15773,"[0, 1, 3, 2]",465,254.63533401489258,True,17.227644691705265,10,0.0009765625
1000000101,15774,"[0, 3, 2, 1]",6300,254.6522617340088,False,17.227644691705265,10,0.0009765625
1000000101,15775,"[0, 1, 3, 2]",465,254.66537475585938,True,17.227644691705265,10,0.0009765625
1000000101,15776,"[0, 3, 2, 1]",6300,254.6823024749756,False,17.227644691705265,10,0.0009765625
1000000101,15777,"[0, 1, 3, 2]",465,254.69541549682617,True,17.227644691705265,10,0.0009765625
1000000101,15778,"[0, 3, 2, 1]",6300,254.71258163452148,False,17.227644691705265,10,0.0009765625
1000000101,15779,"[0, 1, 3, 2]",465,254.72593307495117,True,17.227644691705265,10,0.0009765625
1000000101,15780,"[0, 3, 2, 1]",6300,254.7433376312256,False,17.227644691705265,10,0.0009765625
1000000101,15781,"[0, 1, 3, 2]",465,254.75645065307617,True,17.227644691705265,10,0.0009765625
1000000101,15782,"[0, 3, 2, 1]",6300,254.77337837219238,False,17.227644691705265,10,0.0009765625
1000000101,15783,"[0, 1, 3, 2]",465,254.78601455688477,True,17.227644691705265,10,0.0009765625
0110101101,15784,"[3, 2, 1, 0]",9600,254.80318069458008,False,27.817921024601603,10,0.0009765625
0110101101,15785,"[3, 2, 1, 0]",9600,254.81629371643066,True,27.817921024601603,10,0.0009765625
0110101101,15786,"[3, 2, 1, 0]",9600,254.83345985412598,False,27.817921024601603,10,0.0009765625
0110101101,15787,"[3, 2, 1, 0]",9600,254.84633445739746,True,27.817921024601603,10,0.0009765625
0110101101,15788,"[3, 2, 1, 0]",9600,254.86350059509277,False,27.817921024601603,10,0.0009765625
0110101101,15789,"[3, 2, 1, 0]",9600,254.87613677978516,True,27.817921024601603,10,0.0009765625
0110101101,15790,"[3, 2, 1, 0]",9600,254.89568710327148,False,27.817921024601603,10,0.0009765625
0110101101,15791,"[3, 2, 1, 0]",9600,254.90880012512207,True,27.817921024601603,10,0.0009765625
0110101101,15792,"[3, 2, 1, 0]",9600,254.9264430999756,False,27.817921024601603,10,0.0009765625
0110101101,15793,"[3, 2, 1, 0]",9600,254.93907928466797,True,27.817921024601603,10,0.0009765625
0110101101,15794,"[3, 2, 1, 0]",9600,254.95648384094238,False,27.817921024601603,10,0.0009765625
0110101101,15795,"[3, 2, 1, 0]",9600,254.96912002563477,True,27.817921024601603,10,0.0009765625
0110101101,15796,"[3, 2, 1, 0]",9600,254.98604774475098,False,27.817921024601603,10,0.0009765625
0110101101,15797,"[3, 2, 1, 0]",9600,254.99892234802246,True,27.817921024601603,10,0.0009765625
0110101101,15798,"[3, 2, 1, 0]",9600,255.01608848571777,False,27.817921024601603,10,0.0009765625
0110101101,15799,"[3, 2, 1, 0]",9600,255.02872467041016,True,27.817921024601603,10,0.0009765625
0110101101,15800,"[3, 2, 1, 0]",9600,255.04565238952637,False,27.817921024601603,10,0.0009765625
0110101101,15801,"[3, 2, 1, 0]",9600,255.05852699279785,True,27.817921024601603,10,0.0009765625
0110101101,15802,"[3, 2, 1, 0]",9600,255.07569313049316,False,27.817921024601603,10,0.0009765625
0110101101,15803,"[3, 2, 1, 0]",9600,255.08832931518555,True,27.817921024601603,10,0.0009765625
0111001001,15804,"[1, 3, 0, 2]",900,255.10573387145996,False,12.422727292881255,10,0.0009765625
0111001001,15805,"[1, 0, 3, 2]",465,255.11932373046875,True,12.422727292881255,10,0.0009765625
0111001001,15806,"[1, 3, 0, 2]",900,255.13672828674316,False,12.422727292881255,10,0.0009765625
0111001001,15807,"[1, 0, 3, 2]",465,255.14984130859375,True,12.422727292881255,10,0.0009765625
0111001001,15808,"[1, 3, 0, 2]",900,255.16724586486816,False,12.422727292881255,10,0.0009765625
0111001001,15809,"[1, 0, 3, 2]",465,255.18059730529785,True,12.422727292881255,10,0.0009765625
0111001001,15810,"[1, 3, 0, 2]",900,255.19776344299316,False,12.422727292881255,10,0.0009765625
0111001001,15811,"[1, 0, 3, 2]",465,255.21326065063477,True,12.422727292881255,10,0.0009765625
0111001001,15812,"[1, 3, 0, 2]",900,255.2316188812256,False,12.422727292881255,10,0.0009765625
0111001001,15813,"[1, 0, 3, 2]",465,255.24473190307617,True,12.422727292881255,10,0.0009765625
0111001001,15814,"[1, 3, 0, 2]",900,255.2626132965088,False,12.422727292881255,10,0.0009765625
0111001001,15815,"[1, 0, 3, 2]",465,255.27572631835938,True,12.422727292881255,10,0.0009765625
0111001001,15816,"[1, 3, 0, 2]",900,255.2931308746338,False,12.422727292881255,10,0.0009765625
0111001001,15817,"[1, 0, 3, 2]",465,255.30672073364258,True,12.422727292881255,10,0.0009765625
0111001001,15818,"[1, 3, 0, 2]",900,255.3243637084961,False,12.422727292881255,10,0.0009765625
0111001001,15819,"[1, 0, 3, 2]",465,255.33771514892578,True,12.422727292881255,10,0.0009765625
0111001001,15820,"[1, 3, 0, 2]",900,255.3551197052002,False,12.422727292881255,10,0.0009765625
0111001001,15821,"[1, 0, 3, 2]",465,255.36847114562988,True,12.422727292881255,10,0.0009765625
0111001001,15822,"[1, 3, 0, 2]",900,255.3856372833252,False,12.422727292881255,10,0.0009765625
0111001001,15823,"[1, 0, 3, 2]",465,255.39898872375488,True,12.422727292881255,10,0.0009765625
0010000100,15824,"[1, 3, 2, 0]",9450,255.4161548614502,False,15.565077850771768,10,0.0009765625
0010000100,15825,"[1, 0, 3, 2]",465,255.42950630187988,True,15.565077850771768,10,0.0009765625
0010000100,15826,"[1, 3, 2, 0]",9450,255.4466724395752,False,15.565077850771768,10,0.0009765625
0010000100,15827,"[1, 0, 3, 2]",465,255.45954704284668,True,15.565077850771768,10,0.0009765625
0010000100,15828,"[1, 3, 2, 0]",9450,255.4769515991211,False,15.565077850771768,10,0.0009765625
0010000100,15829,"[1, 0, 3, 2]",465,255.49030303955078,True,15.565077850771768,10,0.0009765625
0010000100,15830,"[1, 3, 2, 0]",9450,255.5077075958252,False,15.565077850771768,10,0.0009765625
0010000100,15831,"[1, 0, 3, 2]",465,255.52082061767578,True,15.565077850771768,10,0.0009765625
0010000100,15832,"[1, 3, 2, 0]",9450,255.5394172668457,False,15.565077850771768,10,0.0009765625
0010000100,15833,"[1, 0, 3, 2]",465,255.5530071258545,True,15.565077850771768,10,0.0009765625
0010000100,15834,"[1, 3, 2, 0]",9450,255.5704116821289,False,15.565077850771768,10,0.0009765625
0010000100,15835,"[1, 0, 3, 2]",465,255.5835247039795,True,15.565077850771768,10,0.0009765625
0010000100,15836,"[1, 3, 2, 0]",9450,255.6009292602539,False,15.565077850771768,10,0.0009765625
0010000100,15837,"[1, 0, 3, 2]",465,255.6140422821045,True,15.565077850771768,10,0.0009765625
0010000100,15838,"[1, 3, 2, 0]",9450,255.6312084197998,False,15.565077850771768,10,0.0009765625
0010000100,15839,"[1, 0, 3, 2]",465,255.6438446044922,True,15.565077850771768,10,0.0009765625
0010000100,15840,"[1, 3, 2, 0]",9450,255.6610107421875,False,15.565077850771768,10,0.0009765625
0010000100,15841,"[1, 0, 3, 2]",465,255.6741237640381,True,15.565077850771768,10,0.0009765625
0010000100,15842,"[1, 3, 2, 0]",9450,255.6915283203125,False,15.565077850771768,10,0.0009765625
0010000100,15843,"[1, 0, 3, 2]",465,255.7048797607422,True,15.565077850771768,10,0.0009765625
0010010011,15844,"[1, 2, 3, 0]",9300,255.7222843170166,False,18.121627189805274,10,0.0009765625
0010010011,15845,"[1, 0, 2, 3]",315,255.7361125946045,True,18.121627189805274,10,0.0009765625
0010010011,15846,"[1, 2, 3, 0]",9300,255.7535171508789,False,18.121627189805274,10,0.0009765625
0010010011,15847,"[1, 0, 2, 3]",315,255.7668685913086,True,18.121627189805274,10,0.0009765625
0010010011,15848,"[1, 2, 3, 0]",9300,255.784273147583,False,18.121627189805274,10,0.0009765625
0010010011,15849,"[1, 0, 2, 3]",315,255.7973861694336,True,18.121627189805274,10,0.0009765625
0010010011,15850,"[1, 2, 3, 0]",9300,255.8145523071289,False,18.121627189805274,10,0.0009765625
0010010011,15851,"[1, 0, 2, 3]",315,255.8276653289795,True,18.121627189805274,10,0.0009765625
0010010011,15852,"[1, 2, 3, 0]",9300,255.8448314666748,False,18.121627189805274,10,0.0009765625
0010010011,15853,"[1, 0, 2, 3]",315,255.8596134185791,True,18.121627189805274,10,0.0009765625
0010010011,15854,"[1, 2, 3, 0]",9300,255.87749481201172,False,18.121627189805274,10,0.0009765625
0010010011,15855,"[1, 0, 2, 3]",315,255.8908462524414,True,18.121627189805274,10,0.0009765625
0010010011,15856,"[1, 2, 3, 0]",9300,255.90777397155762,False,18.121627189805274,10,0.0009765625
0010010011,15857,"[1, 0, 2, 3]",315,255.9208869934082,True,18.121627189805274,10,0.0009765625
0010010011,15858,"[1, 2, 3, 0]",9300,255.93852996826172,False,18.121627189805274,10,0.0009765625
0010010011,15859,"[1, 0, 2, 3]",315,255.9516429901123,True,18.121627189805274,10,0.0009765625
0010010011,15860,"[1, 2, 3, 0]",9300,255.96904754638672,False,18.121627189805274,10,0.0009765625
0010010011,15861,"[1, 0, 2, 3]",315,255.9821605682373,True,18.121627189805274,10,0.0009765625
0010010011,15862,"[1, 2, 3, 0]",9300,256.0009956359863,False,18.121627189805274,10,0.0009765625
0010010011,15863,"[1, 0, 2, 3]",315,256.0145854949951,True,18.121627189805274,10,0.0009765625
0101111110,15864,"[3, 2, 1, 0]",9600,256.03222846984863,False,33.70634071157657,10,0.0009765625
0101111110,15865,"[3, 2, 1, 0]",9600,256.0458183288574,True,33.70634071157657,10,0.0009765625
0101111110,15866,"[3, 2, 1, 0]",9600,256.06346130371094,False,33.70634071157657,10,0.0009765625
0101111110,15867,"[3, 2, 1, 0]",9600,256.0768127441406,True,33.70634071157657,10,0.0009765625
0101111110,15868,"[3, 2, 1, 0]",9600,256.09397888183594,False,33.70634071157657,10,0.0009765625
0101111110,15869,"[3, 2, 1, 0]",9600,256.1070919036865,True,33.70634071157657,10,0.0009765625
0101111110,15870,"[3, 2, 1, 0]",9600,256.12449645996094,False,33.70634071157657,10,0.0009765625
0101111110,15871,"[3, 2, 1, 0]",9600,256.15382194519043,True,33.70634071157657,10,0.0009765625
0101111110,15872,"[3, 2, 1, 0]",9600,256.17218017578125,False,33.70634071157657,10,0.0009765625
0101111110,15873,"[3, 2, 1, 0]",9600,256.18553161621094,True,33.70634071157657,10,0.0009765625
0101111110,15874,"[3, 2, 1, 0]",9600,256.20508193969727,False,33.70634071157657,10,0.0009765625
0101111110,15875,"[3, 2, 1, 0]",9600,256.21891021728516,True,33.70634071157657,10,0.0009765625
0101111110,15876,"[3, 2, 1, 0]",9600,256.237268447876,False,33.70634071157657,10,0.0009765625
0101111110,15877,"[3, 2, 1, 0]",9600,256.25085830688477,True,33.70634071157657,10,0.0009765625
0101111110,15878,"[3, 2, 1, 0]",9600,256.2685012817383,False,33.70634071157657,10,0.0009765625
0101111110,15879,"[3, 2, 1, 0]",9600,256.28209114074707,True,33.70634071157657,10,0.0009765625
0101111110,15880,"[3, 2, 1, 0]",9600,256.2999725341797,False,33.70634071157657,10,0.0009765625
0101111110,15881,"[3, 2, 1, 0]",9600,256.3135623931885,True,33.70634071157657,10,0.0009765625
0101111110,15882,"[3, 2, 1, 0]",9600,256.3319206237793,False,33.70634071157657,10,0.0009765625
0101111110,15883,"[3, 2, 1, 0]",9600,256.3450336456299,True,33.70634071157657,10,0.0009765625
0100000101,15884,"[3, 0, 2, 1]",6300,256.3631534576416,False,14.18188720114459,10,0.0009765625
0100000101,15885,"[3, 0, 1, 2]",750,256.3774585723877,True,14.18188720114459,10,0.0009765625
0100000101,15886,"[3, 0, 2, 1]",6300,256.3958168029785,False,14.18188720114459,10,0.0009765625
0100000101,15887,"[3, 0, 1, 2]",750,256.4198970794678,True,14.18188720114459,10,0.0009765625
0100000101,15888,"[3, 0, 2, 1]",6300,256.4373016357422,False,14.18188720114459,10,0.0009765625
0100000101,15889,"[3, 0, 1, 2]",750,256.4506530761719,True,14.18188720114459,10,0.0009765625
0100000101,15890,"[3, 0, 2, 1]",6300,256.4680576324463,False,14.18188720114459,10,0.0009765625
0100000101,15891,"[3, 0, 1, 2]",750,256.4811706542969,True,14.18188720114459,10,0.0009765625
0100000101,15892,"[3, 0, 2, 1]",6300,256.4985752105713,False,14.18188720114459,10,0.0009765625
0100000101,15893,"[3, 0, 1, 2]",750,256.5114498138428,True,14.18188720114459,10,0.0009765625
0100000101,15894,"[3, 0, 2, 1]",6300,256.5288543701172,False,14.18188720114459,10,0.0009765625
0100000101,15895,"[3, 0, 1, 2]",750,256.5436363220215,True,14.18188720114459,10,0.0009765625
0100000101,15896,"[3, 0, 2, 1]",6300,256.5617561340332,False,14.18188720114459,10,0.0009765625
0100000101,15897,"[3, 0, 1, 2]",750,256.5751075744629,True,14.18188720114459,10,0.0009765625
0100000101,15898,"[3, 0, 2, 1]",6300,256.5925121307373,False,14.18188720114459,10,0.0009765625
0100000101,15899,"[3, 0, 1, 2]",750,256.6061019897461,True,14.18188720114459,10,0.0009765625
0100000101,15900,"[3, 0, 2, 1]",6300,256.6235065460205,False,14.18188720114459,10,0.0009765625
0100000101,15901,"[3, 0, 1, 2]",750,256.6366195678711,True,14.18188720114459,10,0.0009765625
0100000101,15902,"[3, 0, 2, 1]",6300,256.6537857055664,False,14.18188720114459,10,0.0009765625
0100000101,15903,"[3, 0, 1, 2]",750,256.666898727417,True,14.18188720114459,10,0.0009765625
1010000010,15904,"[1, 0, 3, 2]",465,256.6838264465332,False,23.383190649627178,9,0.00087890625
1010000010,15905,"[1, 0, 3, 2]",465,256.6971778869629,True,23.383190649627178,9,0.00087890625
1010000010,15906,"[1, 0, 3, 2]",465,256.7143440246582,False,23.383190649627178,9,0.00087890625
1010000010,15907,"[1, 0, 3, 2]",465,256.7276954650879,True,23.383190649627178,9,0.00087890625
1010000010,15908,"[1, 0, 3, 2]",465,256.7453384399414,False,23.383190649627178,9,0.00087890625
1010000010,15909,"[1, 0, 3, 2]",465,256.7582130432129,True,23.383190649627178,9,0.00087890625
1010000010,15910,"[1, 0, 3, 2]",465,256.7756175994873,False,23.383190649627178,9,0.00087890625
1010000010,15911,"[1, 0, 3, 2]",465,256.7882537841797,True,23.383190649627178,9,0.00087890625
1010000010,15912,"[1, 0, 3, 2]",465,256.8073272705078,False,23.383190649627178,9,0.00087890625
1010000010,15913,"[1, 0, 3, 2]",465,256.8204402923584,True,23.383190649627178,9,0.00087890625
1010000010,15914,"[1, 0, 3, 2]",465,256.8385601043701,False,23.383190649627178,9,0.00087890625
1010000010,15915,"[1, 0, 3, 2]",465,256.8511962890625,True,23.383190649627178,9,0.00087890625
1010000010,15916,"[1, 0, 3, 2]",465,256.8705081939697,False,23.383190649627178,9,0.00087890625
1010000010,15917,"[1, 0, 3, 2]",465,256.8833827972412,True,23.383190649627178,9,0.00087890625
1010000010,15918,"[1, 0, 3, 2]",465,256.9010257720947,False,23.383190649627178,9,0.00087890625
1010000010,15919,"[1, 0, 3, 2]",465,256.9136619567871,True,23.383190649627178,9,0.00087890625
1010000010,15920,"[1, 0, 3, 2]",465,256.9310665130615,False,23.383190649627178,9,0.00087890625
1010000010,15921,"[1, 0, 3, 2]",465,256.943941116333,True,23.383190649627178,9,0.00087890625
0111000001,15922,"[1, 0, 3, 2]",465,256.9613456726074,False,6.7663812992543555,9,0.00087890625
0111000001,15923,"[1, 0, 3, 2]",465,256.9742202758789,True,6.7663812992543555,9,0.00087890625
0111000001,15924,"[1, 0, 3, 2]",465,256.9916248321533,False,6.7663812992543555,9,0.00087890625
0111000001,15925,"[1, 0, 3, 2]",465,257.0044994354248,True,6.7663812992543555,9,0.00087890625
0111000001,15926,"[1, 0, 3, 2]",465,257.0219039916992,False,6.7663812992543555,9,0.00087890625
0111000001,15927,"[1, 0, 3, 2]",465,257.0350170135498,True,6.7663812992543555,9,0.00087890625
0111000001,15928,"[1, 0, 3, 2]",465,257.0524215698242,False,6.7663812992543555,9,0.00087890625
0111000001,15929,"[1, 0, 3, 2]",465,257.0655345916748,True,6.7663812992543555,9,0.00087890625
0111000001,15930,"[1, 0, 3, 2]",465,257.0827007293701,False,6.7663812992543555,9,0.00087890625
0111000001,15931,"[1, 0, 3, 2]",465,257.0958137512207,True,6.7663812992543555,9,0.00087890625
0111000001,15932,"[1, 0, 3, 2]",465,257.112979888916,False,6.7663812992543555,9,0.00087890625
0111000001,15933,"[1, 0, 3, 2]",465,257.1258544921875,True,6.7663812992543555,9,0.00087890625
0111000001,15934,"[1, 0, 3, 2]",465,257.1430206298828,False,6.7663812992543555,9,0.00087890625
0111000001,15935,"[1, 0, 3, 2]",465,257.1580410003662,True,6.7663812992543555,9,0.00087890625
0111000001,15936,"[1, 0, 3, 2]",465,257.19141960144043,False,6.7663812992543555,9,0.00087890625
0111000001,15937,"[1, 0, 3, 2]",465,257.2059631347656,True,6.7663812992543555,9,0.00087890625
0111000001,15938,"[1, 0, 3, 2]",465,257.22599029541016,False,6.7663812992543555,9,0.00087890625
0111000001,15939,"[1, 0, 3, 2]",465,257.23981857299805,True,6.7663812992543555,9,0.00087890625
1011011011,15940,"[1, 3, 0, 2]",900,257.25793838500977,False,19.22142384439867,9,0.00087890625
1011011011,15941,"[1, 0, 3, 2]",465,257.27152824401855,True,19.22142384439867,9,0.00087890625
1011011011,15942,"[1, 3, 0, 2]",900,257.2894096374512,False,19.22142384439867,9,0.00087890625
1011011011,15943,"[1, 0, 3, 2]",465,257.30323791503906,True,19.22142384439867,9,0.00087890625
1011011011,15944,"[1, 3, 0, 2]",900,257.3213577270508,False,19.22142384439867,9,0.00087890625
1011011011,15945,"[1, 0, 3, 2]",465,257.33470916748047,True,19.22142384439867,9,0.00087890625
1011011011,15946,"[1, 3, 0, 2]",900,257.3530673980713,False,19.22142384439867,9,0.00087890625
1011011011,15947,"[1, 0, 3, 2]",465,257.37667083740234,True,19.22142384439867,9,0.00087890625
1011011011,15948,"[1, 3, 0, 2]",900,257.39359855651855,False,19.22142384439867,9,0.00087890625
1011011011,15949,"[1, 0, 3, 2]",465,257.42316246032715,True,19.22142384439867,9,0.00087890625
1011011011,15950,"[1, 3, 0, 2]",900,257.44128227233887,False,19.22142384439867,9,0.00087890625
1011011011,15951,"[1, 0, 3, 2]",465,257.45511054992676,True,19.22142384439867,9,0.00087890625
1011011011,15952,"[1, 3, 0, 2]",900,257.4734687805176,False,19.22142384439867,9,0.00087890625
1011011011,15953,"[1, 0, 3, 2]",465,257.4927806854248,True,19.22142384439867,9,0.00087890625
1011011011,15954,"[1, 3, 0, 2]",900,257.52735137939453,False,19.22142384439867,9,0.00087890625
1011011011,15955,"[1, 0, 3, 2]",465,257.5416564941406,True,19.22142384439867,9,0.00087890625
1011011011,15956,"[1, 3, 0, 2]",900,257.56025314331055,False,19.22142384439867,9,0.00087890625
1011011011,15957,"[1, 0, 3, 2]",465,257.57408142089844,True,19.22142384439867,9,0.00087890625
1001011011,15958,"[3, 0, 2, 1]",6300,257.59410858154297,False,14.363774402289181,9,0.00087890625
1001011011,15959,"[3, 0, 1, 2]",750,257.60889053344727,True,14.363774402289181,9,0.00087890625
1001011011,15960,"[3, 0, 2, 1]",6300,257.6277256011963,False,14.363774402289181,9,0.00087890625
1001011011,15961,"[3, 0, 1, 2]",750,257.6420307159424,True,14.363774402289181,9,0.00087890625
1001011011,15962,"[3, 0, 2, 1]",6300,257.662296295166,False,14.363774402289181,9,0.00087890625
1001011011,15963,"[3, 0, 1, 2]",750,257.6768398284912,True,14.363774402289181,9,0.00087890625
1001011011,15964,"[3, 0, 2, 1]",6300,257.69615173339844,False,14.363774402289181,9,0.00087890625
1001011011,15965,"[3, 0, 1, 2]",750,257.71069526672363,True,14.363774402289181,9,0.00087890625
1001011011,15966,"[3, 0, 2, 1]",6300,257.72905349731445,False,14.363774402289181,9,0.00087890625
1001011011,15967,"[3, 0, 1, 2]",750,257.74335861206055,True,14.363774402289181,9,0.00087890625
1001011011,15968,"[3, 0, 2, 1]",6300,257.76171684265137,False,14.363774402289181,9,0.00087890625
1001011011,15969,"[3, 0, 1, 2]",750,257.77602195739746,True,14.363774402289181,9,0.00087890625
1001011011,15970,"[3, 0, 2, 1]",6300,257.7946186065674,False,14.363774402289181,9,0.00087890625
1001011011,15971,"[3, 0, 1, 2]",750,257.8084468841553,True,14.363774402289181,9,0.00087890625
1001011011,15972,"[3, 0, 2, 1]",6300,257.8270435333252,False,14.363774402289181,9,0.00087890625
1001011011,15973,"[3, 0, 1, 2]",750,257.840633392334,True,14.363774402289181,9,0.00087890625
1001011011,15974,"[3, 0, 2, 1]",6300,257.8587532043457,False,14.363774402289181,9,0.00087890625
1001011011,15975,"[3, 0, 1, 2]",750,257.8725814819336,True,14.363774402289181,9,0.00087890625
0110101110,15976,"[3, 2, 1, 0]",9600,257.8914165496826,False,24.863678515162277,9,0.00087890625
0110101110,15977,"[3, 2, 1, 0]",9600,257.9057216644287,True,24.863678515162277,9,0.00087890625
0110101110,15978,"[3, 2, 1, 0]",9600,257.92431831359863,False,24.863678515162277,9,0.00087890625
0110101110,15979,"[3, 2, 1, 0]",9600,257.94005393981934,True,24.863678515162277,9,0.00087890625
0110101110,15980,"[3, 2, 1, 0]",9600,257.95912742614746,False,24.863678515162277,9,0.00087890625
0110101110,15981,"[3, 2, 1, 0]",9600,257.97343254089355,True,24.863678515162277,9,0.00087890625
0110101110,15982,"[3, 2, 1, 0]",9600,257.9920291900635,False,24.863678515162277,9,0.00087890625
0110101110,15983,"[3, 2, 1, 0]",9600,258.00585746765137,True,24.863678515162277,9,0.00087890625
0110101110,15984,"[3, 2, 1, 0]",9600,258.0242156982422,False,24.863678515162277,9,0.00087890625
0110101110,15985,"[3, 2, 1, 0]",9600,258.0380439758301,True,24.863678515162277,9,0.00087890625
0110101110,15986,"[3, 2, 1, 0]",9600,258.0561637878418,False,24.863678515162277,9,0.00087890625
0110101110,15987,"[3, 2, 1, 0]",9600,258.0699920654297,True,24.863678515162277,9,0.00087890625
0110101110,15988,"[3, 2, 1, 0]",9600,258.0885887145996,False,24.863678515162277,9,0.00087890625
0110101110,15989,"[3, 2, 1, 0]",9600,258.1024169921875,True,24.863678515162277,9,0.00087890625
0110101110,15990,"[3, 2, 1, 0]",9600,258.1210136413574,False,24.863678515162277,9,0.00087890625
0110101110,15991,"[3, 2, 1, 0]",9600,258.1343650817871,True,24.863678515162277,9,0.00087890625
0110101110,15992,"[3, 2, 1, 0]",9600,258.15296173095703,False,24.863678515162277,9,0.00087890625
0110101110,15993,"[3, 2, 1, 0]",9600,258.1663131713867,True,24.863678515162277,9,0.00087890625
0100010110,15994,"[3, 2, 0, 1]",6600,258.18490982055664,False,27.274426870775493,9,0.00087890625
0100010110,15995,"[3, 2, 0, 1]",6600,258.19849967956543,True,27.274426870775493,9,0.00087890625
0100010110,15996,"[3, 2, 0, 1]",6600,258.21709632873535,False,27.274426870775493,9,0.00087890625
0100010110,15997,"[3, 2, 0, 1]",6600,258.23068618774414,True,27.274426870775493,9,0.00087890625
0100010110,15998,"[3, 2, 0, 1]",6600,258.24904441833496,False,27.274426870775493,9,0.00087890625
0100010110,15999,"[3, 2, 0, 1]",6600,258.26287269592285,True,27.274426870775493,9,0.00087890625
0100010110,16000,"[3, 2, 0, 1]",6600,258.2836151123047,False,27.274426870775493,9,0.00087890625
0100010110,16001,"[3, 2, 0, 1]",6600,258.2979202270508,True,27.274426870775493,9,0.00087890625
0100010110,16002,"[3, 2, 0, 1]",6600,258.3169937133789,False,27.274426870775493,9,0.00087890625
0100010110,16003,"[3, 2, 0, 1]",6600,258.3308219909668,True,27.274426870775493,9,0.00087890625
0100010110,16004,"[3, 2, 0, 1]",6600,258.3496570587158,False,27.274426870775493,9,0.00087890625
0100010110,16005,"[3, 2, 0, 1]",6600,258.3637237548828,True,27.274426870775493,9,0.00087890625
0100010110,16006,"[3, 2, 0, 1]",6600,258.38208198547363,False,27.274426870775493,9,0.00087890625
0100010110,16007,"[3, 2, 0, 1]",6600,258.3959102630615,True,27.274426870775493,9,0.00087890625
0100010110,16008,"[3, 2, 0, 1]",6600,258.41426849365234,False,27.274426870775493,9,0.00087890625
0100010110,16009,"[3, 2, 0, 1]",6600,258.42809677124023,True,27.274426870775493,9,0.00087890625
0100010110,16010,"[3, 2, 0, 1]",6600,258.44669342041016,False,27.274426870775493,9,0.00087890625
0100010110,16011,"[3, 2, 0, 1]",6600,258.46028327941895,True,27.274426870775493,9,0.00087890625
0010101000,16012,"[3, 2, 1, 0]",9600,258.47864151000977,False,41.63603382345701,9,0.00087890625
0010101000,16013,"[3, 2, 1, 0]",9600,258.49390029907227,True,41.63603382345701,9,0.00087890625
0010101000,16014,"[3, 2, 1, 0]",9600,258.5134506225586,False,41.63603382345701,9,0.00087890625
0010101000,16015,"[3, 2, 1, 0]",9600,258.5275173187256,True,41.63603382345701,9,0.00087890625
0010101000,16016,"[3, 2, 1, 0]",9600,258.5468292236328,False,41.63603382345701,9,0.00087890625
0010101000,16017,"[3, 2, 1, 0]",9600,258.5601806640625,True,41.63603382345701,9,0.00087890625
0010101000,16018,"[3, 2, 1, 0]",9600,258.5790157318115,False,41.63603382345701,9,0.00087890625
0010101000,16019,"[3, 2, 1, 0]",9600,258.5923671722412,True,41.63603382345701,9,0.00087890625
0010101000,16020,"[3, 2, 1, 0]",9600,258.6212158203125,False,41.63603382345701,9,0.00087890625
0010101000,16021,"[3, 2, 1, 0]",9600,258.6362361907959,True,41.63603382345701,9,0.00087890625
0010101000,16022,"[3, 2, 1, 0]",9600,258.655309677124,False,41.63603382345701,9,0.00087890625
0010101000,16023,"[3, 2, 1, 0]",9600,258.6686611175537,True,41.63603382345701,9,0.00087890625
0010101000,16024,"[3, 2, 1, 0]",9600,258.68678092956543,False,41.63603382345701,9,0.00087890625
0010101000,16025,"[3, 2, 1, 0]",9600,258.7001323699951,True,41.63603382345701,9,0.00087890625
0010101000,16026,"[3, 2, 1, 0]",9600,258.71825218200684,False,41.63603382345701,9,0.00087890625
0010101000,16027,"[3, 2, 1, 0]",9600,258.742094039917,True,41.63603382345701,9,0.00087890625
0010101000,16028,"[3, 2, 1, 0]",9600,258.7597370147705,False,41.63603382345701,9,0.00087890625
0010101000,16029,"[3, 2, 1, 0]",9600,258.772611618042,True,41.63603382345701,9,0.00087890625
1100101101,16030,"[3, 0, 2, 1]",6300,258.7900161743164,False,24.456314071920083,9,0.00087890625
1100101101,16031,"[3, 0, 1, 2]",750,258.803129196167,True,24.456314071920083,9,0.00087890625
1100101101,16032,"[3, 0, 2, 1]",6300,258.8205337524414,False,24.456314071920083,9,0.00087890625
1100101101,16033,"[3, 0, 1, 2]",750,258.8338851928711,True,24.456314071920083,9,0.00087890625
1100101101,16034,"[3, 0, 2, 1]",6300,258.8512897491455,False,24.456314071920083,9,0.00087890625
1100101101,16035,"[3, 0, 1, 2]",750,258.8644027709961,True,24.456314071920083,9,0.00087890625
1100101101,16036,"[3, 0, 2, 1]",6300,258.8818073272705,False,24.456314071920083,9,0.00087890625
1100101101,16037,"[3, 0, 1, 2]",750,258.8949203491211,True,24.456314071920083,9,0.00087890625
1100101101,16038,"[3, 0, 2, 1]",6300,258.9123249053955,False,24.456314071920083,9,0.00087890625
1100101101,16039,"[3, 0, 1, 2]",750,258.9254379272461,True,24.456314071920083,9,0.00087890625
1100101101,16040,"[3, 0, 2, 1]",6300,258.9428424835205,False,24.456314071920083,9,0.00087890625
1100101101,16041,"[3, 0, 1, 2]",750,258.955717086792,True,24.456314071920083,9,0.00087890625
1100101101,16042,"[3, 0, 2, 1]",6300,258.9747905731201,False,24.456314071920083,9,0.00087890625
1100101101,16043,"[3, 0, 1, 2]",750,258.9881420135498,True,24.456314071920083,9,0.00087890625
1100101101,16044,"[3, 0, 2, 1]",6300,259.0055465698242,False,24.456314071920083,9,0.00087890625
1100101101,16045,"[3, 0, 1, 2]",750,259.0181827545166,True,24.456314071920083,9,0.00087890625
1100101101,16046,"[3, 0, 2, 1]",6300,259.0353488922119,False,24.456314071920083,9,0.00087890625
1100101101,16047,"[3, 0, 1, 2]",750,259.0484619140625,True,24.456314071920083,9,0.00087890625
1000010011,16048,"[0, 2, 3, 1]",6200,259.0658664703369,False,18.090619058289455,9,0.00087890625
1000010011,16049,"[0, 1, 2, 3]",315,259.0794563293457,True,18.090619058289455,9,0.00087890625
1000010011,16050,"[0, 2, 3, 1]",6200,259.0968608856201,False,18.090619058289455,9,0.00087890625
1000010011,16051,"[0, 1, 2, 3]",315,259.1102123260498,True,18.090619058289455,9,0.00087890625
1000010011,16052,"[0, 2, 3, 1]",6200,259.1278553009033,False,18.090619058289455,9,0.00087890625
1000010011,16053,"[0, 1, 2, 3]",315,259.141206741333,True,18.090619058289455,9,0.00087890625
1000010011,16054,"[0, 2, 3, 1]",6200,259.1588497161865,False,18.090619058289455,9,0.00087890625
1000010011,16055,"[0, 1, 2, 3]",315,259.1722011566162,True,18.090619058289455,9,0.00087890625
1000010011,16056,"[0, 2, 3, 1]",6200,259.1896057128906,False,18.090619058289455,9,0.00087890625
1000010011,16057,"[0, 1, 2, 3]",315,259.2031955718994,True,18.090619058289455,9,0.00087890625
1000010011,16058,"[0, 2, 3, 1]",6200,259.2206001281738,False,18.090619058289455,9,0.00087890625
1000010011,16059,"[0, 1, 2, 3]",315,259.2334747314453,True,18.090619058289455,9,0.00087890625
1000010011,16060,"[0, 2, 3, 1]",6200,259.2506408691406,False,18.090619058289455,9,0.00087890625
1000010011,16061,"[0, 1, 2, 3]",315,259.2637538909912,True,18.090619058289455,9,0.00087890625
1000010011,16062,"[0, 2, 3, 1]",6200,259.2809200286865,False,18.090619058289455,9,0.00087890625
1000010011,16063,"[0, 1, 2, 3]",315,259.2957019805908,True,18.090619058289455,9,0.00087890625
1000010011,16064,"[0, 2, 3, 1]",6200,259.31668281555176,False,18.090619058289455,9,0.00087890625
1000010011,16065,"[0, 1, 2, 3]",315,259.33051109313965,True,18.090619058289455,9,0.00087890625
1010110110,16066,"[2, 1, 0, 3]",600,259.34863090515137,False,21.854254080592113,9,0.00087890625
1010110110,16067,"[2, 1, 0, 3]",600,259.36198234558105,True,21.854254080592113,9,0.00087890625
1010110110,16068,"[2, 1, 0, 3]",600,259.3798637390137,False,21.854254080592113,9,0.00087890625
1010110110,16069,"[2, 1, 0, 3]",600,259.39297676086426,True,21.854254080592113,9,0.00087890625
1010110110,16070,"[2, 1, 0, 3]",600,259.4103813171387,False,21.854254080592113,9,0.00087890625
1010110110,16071,"[2, 1, 0, 3]",600,259.42373275756836,True,21.854254080592113,9,0.00087890625
1010110110,16072,"[2, 1, 0, 3]",600,259.4411373138428,False,21.854254080592113,9,0.00087890625
1010110110,16073,"[2, 1, 0, 3]",600,259.45448875427246,True,21.854254080592113,9,0.00087890625
1010110110,16074,"[2, 1, 0, 3]",600,259.4718933105469,False,21.854254080592113,9,0.00087890625
1010110110,16075,"[2, 1, 0, 3]",600,259.48500633239746,True,21.854254080592113,9,0.00087890625
1010110110,16076,"[2, 1, 0, 3]",600,259.5024108886719,False,21.854254080592113,9,0.00087890625
1010110110,16077,"[2, 1, 0, 3]",600,259.51552391052246,True,21.854254080592113,9,0.00087890625
1010110110,16078,"[2, 1, 0, 3]",600,259.5326900482178,False,21.854254080592113,9,0.00087890625
1010110110,16079,"[2, 1, 0, 3]",600,259.54532623291016,True,21.854254080592113,9,0.00087890625
1010110110,16080,"[2, 1, 0, 3]",600,259.56273078918457,False,21.854254080592113,9,0.00087890625
1010110110,16081,"[2, 1, 0, 3]",600,259.57584381103516,True,21.854254080592113,9,0.00087890625
1010110110,16082,"[2, 1, 0, 3]",600,259.59324836730957,False,21.854254080592113,9,0.00087890625
1010110110,16083,"[2, 1, 0, 3]",600,259.60659980773926,True,21.854254080592113,9,0.00087890625
0000100111,16084,"[2, 3, 1, 0]",9600,259.6251964569092,False,20.31826374999472,9,0.00087890625
0000100111,16085,"[2, 3, 1, 0]",9600,259.63902473449707,True,20.31826374999472,9,0.00087890625
0000100111,16086,"[2, 3, 1, 0]",9600,259.6566677093506,False,20.31826374999472,9,0.00087890625
0000100111,16087,"[2, 3, 1, 0]",9600,259.6914768218994,True,20.31826374999472,9,0.00087890625
0000100111,16088,"[2, 3, 1, 0]",9600,259.70959663391113,False,20.31826374999472,9,0.00087890625
0000100111,16089,"[2, 3, 1, 0]",9600,259.7229480743408,True,20.31826374999472,9,0.00087890625
0000100111,16090,"[2, 3, 1, 0]",9600,259.74011421203613,False,20.31826374999472,9,0.00087890625
0000100111,16091,"[2, 3, 1, 0]",9600,259.7529888153076,True,20.31826374999472,9,0.00087890625
0000100111,16092,"[2, 3, 1, 0]",9600,259.7699165344238,False,20.31826374999472,9,0.00087890625
0000100111,16093,"[2, 3, 1, 0]",9600,259.7825527191162,True,20.31826374999472,9,0.00087890625
0000100111,16094,"[2, 3, 1, 0]",9600,259.7994804382324,False,20.31826374999472,9,0.00087890625
0000100111,16095,"[2, 3, 1, 0]",9600,259.8121166229248,True,20.31826374999472,9,0.00087890625
0000100111,16096,"[2, 3, 1, 0]",9600,259.8295211791992,False,20.31826374999472,9,0.00087890625
0000100111,16097,"[2, 3, 1, 0]",9600,259.8423957824707,True,20.31826374999472,9,0.00087890625
0000100111,16098,"[2, 3, 1, 0]",9600,259.859561920166,False,20.31826374999472,9,0.00087890625
0000100111,16099,"[2, 3, 1, 0]",9600,259.8719596862793,True,20.31826374999472,9,0.00087890625
0000100111,16100,"[2, 3, 1, 0]",9600,259.8891258239746,False,20.31826374999472,9,0.00087890625
0000100111,16101,"[2, 3, 1, 0]",9600,259.901762008667,True,20.31826374999472,9,0.00087890625
1000110000,16102,"[2, 0, 3, 1]",6200,259.9191665649414,False,16.9874180905628,9,0.00087890625
1000110000,16103,"[2, 0, 1, 3]",500,259.9344253540039,True,16.9874180905628,9,0.00087890625
1000110000,16104,"[2, 0, 3, 1]",6200,259.9525451660156,False,16.9874180905628,9,0.00087890625
1000110000,16105,"[2, 0, 1, 3]",500,259.9666118621826,True,16.9874180905628,9,0.00087890625
1000110000,16106,"[2, 0, 3, 1]",6200,259.98568534851074,False,16.9874180905628,9,0.00087890625
1000110000,16107,"[2, 0, 1, 3]",500,259.99951362609863,True,16.9874180905628,9,0.00087890625
1000110000,16108,"[2, 0, 3, 1]",6200,260.01691818237305,False,16.9874180905628,9,0.00087890625
1000110000,16109,"[2, 0, 1, 3]",500,260.03050804138184,True,16.9874180905628,9,0.00087890625
1000110000,16110,"[2, 0, 3, 1]",6200,260.04791259765625,False,16.9874180905628,9,0.00087890625
1000110000,16111,"[2, 0, 1, 3]",500,260.06150245666504,True,16.9874180905628,9,0.00087890625
1000110000,16112,"[2, 0, 3, 1]",6200,260.07866859436035,False,16.9874180905628,9,0.00087890625
1000110000,16113,"[2, 0, 1, 3]",500,260.09202003479004,True,16.9874180905628,9,0.00087890625
1000110000,16114,"[2, 0, 3, 1]",6200,260.11109352111816,False,16.9874180905628,9,0.00087890625
1000110000,16115,"[2, 0, 1, 3]",500,260.12492179870605,True,16.9874180905628,9,0.00087890625
1000110000,16116,"[2, 0, 3, 1]",6200,260.1428031921387,False,16.9874180905628,9,0.00087890625
1000110000,16117,"[2, 0, 1, 3]",500,260.15591621398926,True,16.9874180905628,9,0.00087890625
1000110000,16118,"[2, 0, 3, 1]",6200,260.17308235168457,False,16.9874180905628,9,0.00087890625
1000110000,16119,"[2, 0, 1, 3]",500,260.18595695495605,True,16.9874180905628,9,0.00087890625
0110000100,16120,"[1, 3, 0, 2]",900,260.20359992980957,False,13.519320360211093,9,0.00087890625
0110000100,16121,"[1, 0, 3, 2]",465,260.21695137023926,True,13.519320360211093,9,0.00087890625
0110000100,16122,"[1, 3, 0, 2]",900,260.2343559265137,False,13.519320360211093,9,0.00087890625
0110000100,16123,"[1, 0, 3, 2]",465,260.24770736694336,True,13.519320360211093,9,0.00087890625
0110000100,16124,"[1, 3, 0, 2]",900,260.26463508605957,False,13.519320360211093,9,0.00087890625
0110000100,16125,"[1, 0, 3, 2]",465,260.27774810791016,True,13.519320360211093,9,0.00087890625
0110000100,16126,"[1, 3, 0, 2]",900,260.2963447570801,False,13.519320360211093,9,0.00087890625
0110000100,16127,"[1, 0, 3, 2]",465,260.30945777893066,True,13.519320360211093,9,0.00087890625
0110000100,16128,"[1, 3, 0, 2]",900,260.3268623352051,False,13.519320360211093,9,0.00087890625
0110000100,16129,"[1, 0, 3, 2]",465,260.33997535705566,True,13.519320360211093,9,0.00087890625
0110000100,16130,"[1, 3, 0, 2]",900,260.3569030761719,False,13.519320360211093,9,0.00087890625
0110000100,16131,"[1, 0, 3, 2]",465,260.37001609802246,True,13.519320360211093,9,0.00087890625
0110000100,16132,"[1, 3, 0, 2]",900,260.3874206542969,False,13.519320360211093,9,0.00087890625
0110000100,16133,"[1, 0, 3, 2]",465,260.40005683898926,True,13.519320360211093,9,0.00087890625
0110000100,16134,"[1, 3, 0, 2]",900,260.4174613952637,False,13.519320360211093,9,0.00087890625
0110000100,16135,"[1, 0, 3, 2]",465,260.43057441711426,True,13.519320360211093,9,0.00087890625
0110000100,16136,"[1, 3, 0, 2]",900,260.44774055480957,False,13.519320360211093,9,0.00087890625
0110000100,16137,"[1, 0, 3, 2]",465,260.46085357666016,True,13.519320360211093,9,0.00087890625
1110100101,16138,"[0, 2, 1, 3]",500,260.47825813293457,False,24.27225942116783,9,0.00087890625
1110100101,16139,"[0, 1, 2, 3]",315,260.49160957336426,True,24.27225942116783,9,0.00087890625
1110100101,16140,"[0, 2, 1, 3]",500,260.50877571105957,False,24.27225942116783,9,0.00087890625
1110100101,16141,"[0, 1, 2, 3]",315,260.52212715148926,True,24.27225942116783,9,0.00087890625
1110100101,16142,"[0, 2, 1, 3]",500,260.53881645202637,False,24.27225942116783,9,0.00087890625
1110100101,16143,"[0, 1, 2, 3]",315,260.55216789245605,True,24.27225942116783,9,0.00087890625
1110100101,16144,"[0, 2, 1, 3]",500,260.56933403015137,False,24.27225942116783,9,0.00087890625
1110100101,16145,"[0, 1, 2, 3]",315,260.58244705200195,True,24.27225942116783,9,0.00087890625
1110100101,16146,"[0, 2, 1, 3]",500,260.59937477111816,False,24.27225942116783,9,0.00087890625
1110100101,16147,"[0, 1, 2, 3]",315,260.61367988586426,True,24.27225942116783,9,0.00087890625
1110100101,16148,"[0, 2, 1, 3]",500,260.631799697876,False,24.27225942116783,9,0.00087890625
1110100101,16149,"[0, 1, 2, 3]",315,260.64515113830566,True,24.27225942116783,9,0.00087890625
1110100101,16150,"[0, 2, 1, 3]",500,260.6625556945801,False,24.27225942116783,9,0.00087890625
1110100101,16151,"[0, 1, 2, 3]",315,260.67543029785156,True,24.27225942116783,9,0.00087890625
1110100101,16152,"[0, 2, 1, 3]",500,260.692834854126,False,24.27225942116783,9,0.00087890625
1110100101,16153,"[0, 1, 2, 3]",315,260.70547103881836,True,24.27225942116783,9,0.00087890625
1110100101,16154,"[0, 2, 1, 3]",500,260.7228755950928,False,24.27225942116783,9,0.00087890625
1110100101,16155,"[0, 1, 2, 3]",315,260.73575019836426,True,24.27225942116783,9,0.00087890625
0101000100,16156,"[3, 1, 0, 2]",900,260.7533931732178,False,21.345961670804765,9,0.00087890625
0101000100,16157,"[3, 1, 0, 2]",900,260.76674461364746,True,21.345961670804765,9,0.00087890625
0101000100,16158,"[3, 1, 0, 2]",900,260.7839107513428,False,21.345961670804765,9,0.00087890625
0101000100,16159,"[3, 1, 0, 2]",900,260.79726219177246,True,21.345961670804765,9,0.00087890625
0101000100,16160,"[3, 1, 0, 2]",900,260.8144283294678,False,21.345961670804765,9,0.00087890625
0101000100,16161,"[3, 1, 0, 2]",900,260.82777976989746,True,21.345961670804765,9,0.00087890625
0101000100,16162,"[3, 1, 0, 2]",900,260.8451843261719,False,21.345961670804765,9,0.00087890625
0101000100,16163,"[3, 1, 0, 2]",900,260.85829734802246,True,21.345961670804765,9,0.00087890625
0101000100,16164,"[3, 1, 0, 2]",900,260.8773708343506,False,21.345961670804765,9,0.00087890625
0101000100,16165,"[3, 1, 0, 2]",900,260.8911991119385,True,21.345961670804765,9,0.00087890625
0101000100,16166,"[3, 1, 0, 2]",900,260.9090805053711,False,21.345961670804765,9,0.00087890625
0101000100,16167,"[3, 1, 0, 2]",900,260.9226703643799,True,21.345961670804765,9,0.00087890625
0101000100,16168,"[3, 1, 0, 2]",900,260.9410285949707,False,21.345961670804765,9,0.00087890625
0101000100,16169,"[3, 1, 0, 2]",900,260.9543800354004,True,21.345961670804765,9,0.00087890625
0101000100,16170,"[3, 1, 0, 2]",900,260.9717845916748,False,21.345961670804765,9,0.00087890625
0101000100,16171,"[3, 1, 0, 2]",900,260.9848976135254,True,21.345961670804765,9,0.00087890625
0101000100,16172,"[3, 1, 0, 2]",900,261.0020637512207,False,21.345961670804765,9,0.00087890625
0101000100,16173,"[3, 1, 0, 2]",900,261.0151767730713,True,21.345961670804765,9,0.00087890625
1011110101,16174,"[2, 1, 0, 3]",600,261.0323429107666,False,26.817921024601603,9,0.00087890625
1011110101,16175,"[2, 1, 0, 3]",600,261.0452175140381,True,26.817921024601603,9,0.00087890625
1011110101,16176,"[2, 1, 0, 3]",600,261.0623836517334,False,26.817921024601603,9,0.00087890625
1011110101,16177,"[2, 1, 0, 3]",600,261.075496673584,True,26.817921024601603,9,0.00087890625
1011110101,16178,"[2, 1, 0, 3]",600,261.0929012298584,False,26.817921024601603,9,0.00087890625
1011110101,16179,"[2, 1, 0, 3]",600,261.106014251709,True,26.817921024601603,9,0.00087890625
1011110101,16180,"[2, 1, 0, 3]",600,261.1234188079834,False,26.817921024601603,9,0.00087890625
1011110101,16181,"[2, 1, 0, 3]",600,261.136531829834,True,26.817921024601603,9,0.00087890625
1011110101,16182,"[2, 1, 0, 3]",600,261.1536979675293,False,26.817921024601603,9,0.00087890625
1011110101,16183,"[2, 1, 0, 3]",600,261.1663341522217,True,26.817921024601603,9,0.00087890625
1011110101,16184,"[2, 1, 0, 3]",600,261.183500289917,False,26.817921024601603,9,0.00087890625
1011110101,16185,"[2, 1, 0, 3]",600,261.1963748931885,True,26.817921024601603,9,0.00087890625
1011110101,16186,"[2, 1, 0, 3]",600,261.2135410308838,False,26.817921024601603,9,0.00087890625
1011110101,16187,"[2, 1, 0, 3]",600,261.2266540527344,True,26.817921024601603,9,0.00087890625
1011110101,16188,"[2, 1, 0, 3]",600,261.2435817718506,False,26.817921024601603,9,0.00087890625
1011110101,16189,"[2, 1, 0, 3]",600,261.2588405609131,True,26.817921024601603,9,0.00087890625
1011110101,16190,"[2, 1, 0, 3]",600,261.2767219543457,False,26.817921024601603,9,0.00087890625
1011110101,16191,"[2, 1, 0, 3]",600,261.2900733947754,True,26.817921024601603,9,0.00087890625
1011111100,16192,"[3, 2, 1, 0]",9600,261.3072395324707,False,50.180552665792675,9,0.00087890625
1011111100,16193,"[3, 2, 1, 0]",9600,261.3205909729004,True,50.180552665792675,9,0.00087890625
1011111100,16194,"[3, 2, 1, 0]",9600,261.3379955291748,False,50.180552665792675,9,0.00087890625
1011111100,16195,"[3, 2, 1, 0]",9600,261.3506317138672,True,50.180552665792675,9,0.00087890625
1011111100,16196,"[3, 2, 1, 0]",9600,261.3680362701416,False,50.180552665792675,9,0.00087890625
1011111100,16197,"[3, 2, 1, 0]",9600,261.3809108734131,True,50.180552665792675,9,0.00087890625
1011111100,16198,"[3, 2, 1, 0]",9600,261.3983154296875,False,50.180552665792675,9,0.00087890625
1011111100,16199,"[3, 2, 1, 0]",9600,261.4109516143799,True,50.180552665792675,9,0.00087890625
1011111100,16200,"[3, 2, 1, 0]",9600,261.4281177520752,False,50.180552665792675,9,0.00087890625
1011111100,16201,"[3, 2, 1, 0]",9600,261.4407539367676,True,50.180552665792675,9,0.00087890625
1011111100,16202,"[3, 2, 1, 0]",9600,261.458158493042,False,50.180552665792675,9,0.00087890625
1011111100,16203,"[3, 2, 1, 0]",9600,261.4710330963135,True,50.180552665792675,9,0.00087890625
1011111100,16204,"[3, 2, 1, 0]",9600,261.4917755126953,False,50.180552665792675,9,0.00087890625
1011111100,16205,"[3, 2, 1, 0]",9600,261.5046501159668,True,50.180552665792675,9,0.00087890625
1011111100,16206,"[3, 2, 1, 0]",9600,261.5222930908203,False,50.180552665792675,9,0.00087890625
1011111100,16207,"[3, 2, 1, 0]",9600,261.5346908569336,True,50.180552665792675,9,0.00087890625
1011111100,16208,"[3, 2, 1, 0]",9600,261.5518569946289,False,50.180552665792675,9,0.00087890625
1011111100,16209,"[3, 2, 1, 0]",9600,261.5647315979004,True,50.180552665792675,9,0.00087890625
1100111011,16210,"[2, 0, 3, 1]",6200,261.5845203399658,False,19.410803419625623,9,0.00087890625
1100111011,16211,"[2, 0, 1, 3]",500,261.5983486175537,True,19.410803419625623,9,0.00087890625
1100111011,16212,"[2, 0, 3, 1]",6200,261.6162300109863,False,19.410803419625623,9,0.00087890625
1100111011,16213,"[2, 0, 1, 3]",500,261.629581451416,True,19.410803419625623,9,0.00087890625
1100111011,16214,"[2, 0, 3, 1]",6200,261.64841651916504,False,19.410803419625623,9,0.00087890625
1100111011,16215,"[2, 0, 1, 3]",500,261.66248321533203,True,19.410803419625623,9,0.00087890625
1100111011,16216,"[2, 0, 3, 1]",6200,261.68036460876465,False,19.410803419625623,9,0.00087890625
1100111011,16217,"[2, 0, 1, 3]",500,261.69371604919434,True,19.410803419625623,9,0.00087890625
1100111011,16218,"[2, 0, 3, 1]",6200,261.71135902404785,False,19.410803419625623,9,0.00087890625
1100111011,16219,"[2, 0, 1, 3]",500,261.72471046447754,True,19.410803419625623,9,0.00087890625
1100111011,16220,"[2, 0, 3, 1]",6200,261.74211502075195,False,19.410803419625623,9,0.00087890625
1100111011,16221,"[2, 0, 1, 3]",500,261.75522804260254,True,19.410803419625623,9,0.00087890625
1100111011,16222,"[2, 0, 3, 1]",6200,261.77263259887695,False,19.410803419625623,9,0.00087890625
1100111011,16223,"[2, 0, 1, 3]",500,261.78526878356934,True,19.410803419625623,9,0.00087890625
1100111011,16224,"[2, 0, 3, 1]",6200,261.80243492126465,False,19.410803419625623,9,0.00087890625
1100111011,16225,"[2, 0, 1, 3]",500,261.81554794311523,True,19.410803419625623,9,0.00087890625
1100111011,16226,"[2, 0, 3, 1]",6200,261.83271408081055,False,19.410803419625623,9,0.00087890625
1100111011,16227,"[2, 0, 1, 3]",500,261.84582710266113,True,19.410803419625623,9,0.00087890625
1011100110,16228,"[1, 2, 0, 3]",600,261.86323165893555,False,21.175666353837997,9,0.00087890625
1011100110,16229,"[1, 0, 2, 3]",315,261.87682151794434,True,21.175666353837997,9,0.00087890625
1011100110,16230,"[1, 2, 0, 3]",600,261.89446449279785,False,21.175666353837997,9,0.00087890625
1011100110,16231,"[1, 0, 2, 3]",315,261.90876960754395,True,21.175666353837997,9,0.00087890625
1011100110,16232,"[1, 2, 0, 3]",600,261.92688941955566,False,21.175666353837997,9,0.00087890625
1011100110,16233,"[1, 0, 2, 3]",315,261.94024085998535,True,21.175666353837997,9,0.00087890625
1011100110,16234,"[1, 2, 0, 3]",600,261.95788383483887,False,21.175666353837997,9,0.00087890625
1011100110,16235,"[1, 0, 2, 3]",315,261.97075843811035,True,21.175666353837997,9,0.00087890625
1011100110,16236,"[1, 2, 0, 3]",600,261.98840141296387,False,21.175666353837997,9,0.00087890625
1011100110,16237,"[1, 0, 2, 3]",315,262.00103759765625,True,21.175666353837997,9,0.00087890625
1011100110,16238,"[1, 2, 0, 3]",600,262.01844215393066,False,21.175666353837997,9,0.00087890625
1011100110,16239,"[1, 0, 2, 3]",315,262.03083992004395,True,21.175666353837997,9,0.00087890625
1011100110,16240,"[1, 2, 0, 3]",600,262.04824447631836,False,21.175666353837997,9,0.00087890625
1011100110,16241,"[1, 0, 2, 3]",315,262.06111907958984,True,21.175666353837997,9,0.00087890625
1011100110,16242,"[1, 2, 0, 3]",600,262.07852363586426,False,21.175666353837997,9,0.00087890625
1011100110,16243,"[1, 0, 2, 3]",315,262.09163665771484,True,21.175666353837997,9,0.00087890625
1011100110,16244,"[1, 2, 0, 3]",600,262.10880279541016,False,21.175666353837997,9,0.00087890625
1011100110,16245,"[1, 0, 2, 3]",315,262.12191581726074,True,21.175666353837997,9,0.00087890625
1010000000,16246,"[1, 0, 3, 2]",465,262.13932037353516,False,26.73537316773854,9,0.00087890625
1010000000,16247,"[1, 0, 3, 2]",465,262.15267181396484,True,26.73537316773854,9,0.00087890625
1010000000,16248,"[1, 0, 3, 2]",465,262.16959953308105,False,26.73537316773854,9,0.00087890625
1010000000,16249,"[1, 0, 3, 2]",465,262.18295097351074,True,26.73537316773854,9,0.00087890625
1010000000,16250,"[1, 0, 3, 2]",465,262.19987869262695,False,26.73537316773854,9,0.00087890625
1010000000,16251,"[1, 0, 3, 2]",465,262.21299171447754,True,26.73537316773854,9,0.00087890625
1010000000,16252,"[1, 0, 3, 2]",465,262.23111152648926,False,26.73537316773854,9,0.00087890625
1010000000,16253,"[1, 0, 3, 2]",465,262.24446296691895,True,26.73537316773854,9,0.00087890625
1010000000,16254,"[1, 0, 3, 2]",465,262.26210594177246,False,26.73537316773854,9,0.00087890625
1010000000,16255,"[1, 0, 3, 2]",465,262.27545738220215,True,26.73537316773854,9,0.00087890625
1010000000,16256,"[1, 0, 3, 2]",465,262.29262351989746,False,26.73537316773854,9,0.00087890625
1010000000,16257,"[1, 0, 3, 2]",465,262.30525970458984,True,26.73537316773854,9,0.00087890625
1010000000,16258,"[1, 0, 3, 2]",465,262.32242584228516,False,26.73537316773854,9,0.00087890625
1010000000,16259,"[1, 0, 3, 2]",465,262.33553886413574,True,26.73537316773854,9,0.00087890625
1010000000,16260,"[1, 0, 3, 2]",465,262.35270500183105,False,26.73537316773854,9,0.00087890625
1010000000,16261,"[1, 0, 3, 2]",465,262.36581802368164,True,26.73537316773854,9,0.00087890625
1010000000,16262,"[1, 0, 3, 2]",465,262.38298416137695,False,26.73537316773854,9,0.00087890625
1010000000,16263,"[1, 0, 3, 2]",465,262.39562034606934,True,26.73537316773854,9,0.00087890625
1111111111,16264,"[3, 2, 1, 0]",9600,262.41302490234375,False,41.272067646914024,9,0.00087890625
1111111111,16265,"[3, 2, 1, 0]",9600,262.42828369140625,True,41.272067646914024,9,0.00087890625
1111111111,16266,"[3, 2, 1, 0]",9600,262.44616508483887,False,41.272067646914024,9,0.00087890625
1111111111,16267,"[3, 2, 1, 0]",9600,262.45975494384766,True,41.272067646914024,9,0.00087890625
1111111111,16268,"[3, 2, 1, 0]",9600,262.4773979187012,False,41.272067646914024,9,0.00087890625
1111111111,16269,"[3, 2, 1, 0]",9600,262.49051094055176,True,41.272067646914024,9,0.00087890625
1111111111,16270,"[3, 2, 1, 0]",9600,262.50767707824707,False,41.272067646914024,9,0.00087890625
1111111111,16271,"[3, 2, 1, 0]",9600,262.540340423584,True,41.272067646914024,9,0.00087890625
1111111111,16272,"[3, 2, 1, 0]",9600,262.5586986541748,False,41.272067646914024,9,0.00087890625
1111111111,16273,"[3, 2, 1, 0]",9600,262.6025676727295,True,41.272067646914024,9,0.00087890625
1111111111,16274,"[3, 2, 1, 0]",9600,262.6314163208008,False,41.272067646914024,9,0.00087890625
1111111111,16275,"[3, 2, 1, 0]",9600,262.6457214355469,True,41.272067646914024,9,0.00087890625
1111111111,16276,"[3, 2, 1, 0]",9600,262.6633644104004,False,41.272067646914024,9,0.00087890625
1111111111,16277,"[3, 2, 1, 0]",9600,262.676477432251,True,41.272067646914024,9,0.00087890625
1111111111,16278,"[3, 2, 1, 0]",9600,262.6936435699463,False,41.272067646914024,9,0.00087890625
1111111111,16279,"[3, 2, 1, 0]",9600,262.7067565917969,True,41.272067646914024,9,0.00087890625
1111111111,16280,"[3, 2, 1, 0]",9600,262.7239227294922,False,41.272067646914024,9,0.00087890625
1111111111,16281,"[3, 2, 1, 0]",9600,262.7370357513428,True,41.272067646914024,9,0.00087890625
0011110010,16282,"[2, 1, 3, 0]",9300,262.7542018890381,False,12.318016911728506,9,0.00087890625
0011110010,16283,"[2, 1, 0, 3]",600,262.768030166626,True,12.318016911728506,9,0.00087890625
0011110010,16284,"[2, 1, 3, 0]",9300,262.7849578857422,False,12.318016911728506,9,0.00087890625
0011110010,16285,"[2, 1, 0, 3]",600,262.798547744751,True,12.318016911728506,9,0.00087890625
0011110010,16286,"[2, 1, 3, 0]",9300,262.8159523010254,False,12.318016911728506,9,0.00087890625
0011110010,16287,"[2, 1, 0, 3]",600,262.8295421600342,True,12.318016911728506,9,0.00087890625
0011110010,16288,"[2, 1, 3, 0]",9300,262.8469467163086,False,12.318016911728506,9,0.00087890625
0011110010,16289,"[2, 1, 0, 3]",600,262.8605365753174,True,12.318016911728506,9,0.00087890625
0011110010,16290,"[2, 1, 3, 0]",9300,262.8777027130127,False,12.318016911728506,9,0.00087890625
0011110010,16291,"[2, 1, 0, 3]",600,262.8910541534424,True,12.318016911728506,9,0.00087890625
0011110010,16292,"[2, 1, 3, 0]",9300,262.9082202911377,False,12.318016911728506,9,0.00087890625
0011110010,16293,"[2, 1, 0, 3]",600,262.9213333129883,True,12.318016911728506,9,0.00087890625
0011110010,16294,"[2, 1, 3, 0]",9300,262.9401683807373,False,12.318016911728506,9,0.00087890625
0011110010,16295,"[2, 1, 0, 3]",600,262.953519821167,True,12.318016911728506,9,0.00087890625
0011110010,16296,"[2, 1, 3, 0]",9300,262.9711627960205,False,12.318016911728506,9,0.00087890625
0011110010,16297,"[2, 1, 0, 3]",600,262.9842758178711,True,12.318016911728506,9,0.00087890625
0011110010,16298,"[2, 1, 3, 0]",9300,263.0016803741455,False,12.318016911728506,9,0.00087890625
0011110010,16299,"[2, 1, 0, 3]",600,263.0147933959961,True,12.318016911728506,9,0.00087890625
0010011101,16300,"[3, 1, 2, 0]",9450,263.0321979522705,False,18.201358512494995,9,0.00087890625
0010011101,16301,"[3, 1, 0, 2]",900,263.0453109741211,True,18.201358512494995,9,0.00087890625
0010011101,16302,"[3, 1, 2, 0]",9450,263.0627155303955,False,18.201358512494995,9,0.00087890625
0010011101,16303,"[3, 1, 0, 2]",900,263.0760669708252,True,18.201358512494995,9,0.00087890625
0010011101,16304,"[3, 1, 2, 0]",9450,263.0934715270996,False,18.201358512494995,9,0.00087890625
0010011101,16305,"[3, 1, 0, 2]",900,263.1068229675293,True,18.201358512494995,9,0.00087890625
0010011101,16306,"[3, 1, 2, 0]",9450,263.1242275238037,False,18.201358512494995,9,0.00087890625
0010011101,16307,"[3, 1, 0, 2]",900,263.1375789642334,True,18.201358512494995,9,0.00087890625
0010011101,16308,"[3, 1, 2, 0]",9450,263.1549835205078,False,18.201358512494995,9,0.00087890625
0010011101,16309,"[3, 1, 0, 2]",900,263.1680965423584,True,18.201358512494995,9,0.00087890625
0010011101,16310,"[3, 1, 2, 0]",9450,263.1852626800537,False,18.201358512494995,9,0.00087890625
0010011101,16311,"[3, 1, 0, 2]",900,263.1981372833252,True,18.201358512494995,9,0.00087890625
0010011101,16312,"[3, 1, 2, 0]",9450,263.2155418395996,False,18.201358512494995,9,0.00087890625
0010011101,16313,"[3, 1, 0, 2]",900,263.2284164428711,True,18.201358512494995,9,0.00087890625
0010011101,16314,"[3, 1, 2, 0]",9450,263.2458209991455,False,18.201358512494995,9,0.00087890625
0010011101,16315,"[3, 1, 0, 2]",900,263.2603645324707,True,18.201358512494995,9,0.00087890625
0010011101,16316,"[3, 1, 2, 0]",9450,263.27991485595703,False,18.201358512494995,9,0.00087890625
0010011101,16317,"[3, 1, 0, 2]",900,263.2932662963867,True,18.201358512494995,9,0.00087890625
1001100010,16318,"[2, 0, 1, 3]",500,263.31114768981934,False,17.0758696992446,9,0.00087890625
1001100010,16319,"[2, 0, 1, 3]",500,263.3247375488281,True,17.0758696992446,9,0.00087890625
1001100010,16320,"[2, 0, 1, 3]",500,263.34214210510254,False,17.0758696992446,9,0.00087890625
1001100010,16321,"[2, 0, 1, 3]",500,263.3552551269531,True,17.0758696992446,9,0.00087890625
1001100010,16322,"[2, 0, 1, 3]",500,263.37265968322754,False,17.0758696992446,9,0.00087890625
1001100010,16323,"[2, 0, 1, 3]",500,263.3852958679199,True,17.0758696992446,9,0.00087890625
1001100010,16324,"[2, 0, 1, 3]",500,263.40270042419434,False,17.0758696992446,9,0.00087890625
1001100010,16325,"[2, 0, 1, 3]",500,263.4155750274658,True,17.0758696992446,9,0.00087890625
1001100010,16326,"[2, 0, 1, 3]",500,263.43297958374023,False,17.0758696992446,9,0.00087890625
1001100010,16327,"[2, 0, 1, 3]",500,263.4460926055908,True,17.0758696992446,9,0.00087890625
1001100010,16328,"[2, 0, 1, 3]",500,263.46325874328613,False,17.0758696992446,9,0.00087890625
1001100010,16329,"[2, 0, 1, 3]",500,263.4763717651367,True,17.0758696992446,9,0.00087890625
1001100010,16330,"[2, 0, 1, 3]",500,263.49377632141113,False,17.0758696992446,9,0.00087890625
1001100010,16331,"[2, 0, 1, 3]",500,263.5066509246826,True,17.0758696992446,9,0.00087890625
1001100010,16332,"[2, 0, 1, 3]",500,263.52405548095703,False,17.0758696992446,9,0.00087890625
1001100010,16333,"[2, 0, 1, 3]",500,263.5371685028076,True,17.0758696992446,9,0.00087890625
1001100010,16334,"[2, 0, 1, 3]",500,263.55457305908203,False,17.0758696992446,9,0.00087890625
1001100010,16335,"[2, 0, 1, 3]",500,263.5676860809326,True,17.0758696992446,9,0.00087890625
1111000001,16336,"[1, 0, 3, 2]",465,263.60321044921875,False,8.118563817365718,9,0.00087890625
1111000001,16337,"[1, 0, 3, 2]",465,263.61775398254395,True,8.118563817365718,9,0.00087890625
1111000001,16338,"[1, 0, 3, 2]",465,263.63611221313477,False,8.118563817365718,9,0.00087890625
1111000001,16339,"[1, 0, 3, 2]",465,263.64994049072266,True,8.118563817365718,9,0.00087890625
1111000001,16340,"[1, 0, 3, 2]",465,263.6682987213135,False,8.118563817365718,9,0.00087890625
1111000001,16341,"[1, 0, 3, 2]",465,263.68188858032227,True,8.118563817365718,9,0.00087890625
1111000001,16342,"[1, 0, 3, 2]",465,263.7004852294922,False,8.118563817365718,9,0.00087890625
1111000001,16343,"[1, 0, 3, 2]",465,263.7143135070801,True,8.118563817365718,9,0.00087890625
1111000001,16344,"[1, 0, 3, 2]",465,263.7324333190918,False,8.118563817365718,9,0.00087890625
1111000001,16345,"[1, 0, 3, 2]",465,263.7457847595215,True,8.118563817365718,9,0.00087890625
1111000001,16346,"[1, 0, 3, 2]",465,263.7643814086914,False,8.118563817365718,9,0.00087890625
1111000001,16347,"[1, 0, 3, 2]",465,263.777494430542,True,8.118563817365718,9,0.00087890625
1111000001,16348,"[1, 0, 3, 2]",465,263.7958526611328,False,8.118563817365718,9,0.00087890625
1111000001,16349,"[1, 0, 3, 2]",465,263.8089656829834,True,8.118563817365718,9,0.00087890625
1111000001,16350,"[1, 0, 3, 2]",465,263.8270854949951,False,8.118563817365718,9,0.00087890625
1111000001,16351,"[1, 0, 3, 2]",465,263.8401985168457,True,8.118563817365718,9,0.00087890625
1111000001,16352,"[1, 0, 3, 2]",465,263.8583183288574,False,8.118563817365718,9,0.00087890625
1111000001,16353,"[1, 0, 3, 2]",465,263.8716697692871,True,8.118563817365718,9,0.00087890625
0111000101,16354,"[1, 3, 0, 2]",900,263.8897895812988,False,10.422727292881255,9,0.00087890625
0111000101,16355,"[1, 0, 3, 2]",465,263.9033794403076,True,10.422727292881255,9,0.00087890625
0111000101,16356,"[1, 3, 0, 2]",900,263.92149925231934,False,10.422727292881255,9,0.00087890625
0111000101,16357,"[1, 0, 3, 2]",465,263.93675804138184,True,10.422727292881255,9,0.00087890625
0111000101,16358,"[1, 3, 0, 2]",900,263.95583152770996,False,10.422727292881255,9,0.00087890625
0111000101,16359,"[1, 0, 3, 2]",465,263.96989822387695,True,10.422727292881255,9,0.00087890625
0111000101,16360,"[1, 3, 0, 2]",900,264.0042304992676,False,10.422727292881255,9,0.00087890625
0111000101,16361,"[1, 0, 3, 2]",465,264.0185356140137,True,10.422727292881255,9,0.00087890625
0111000101,16362,"[1, 3, 0, 2]",900,264.0368938446045,False,10.422727292881255,9,0.00087890625
0111000101,16363,"[1, 0, 3, 2]",465,264.0509605407715,True,10.422727292881255,9,0.00087890625
0111000101,16364,"[1, 3, 0, 2]",900,264.0690803527832,False,10.422727292881255,9,0.00087890625
0111000101,16365,"[1, 0, 3, 2]",465,264.0831470489502,True,10.422727292881255,9,0.00087890625
0111000101,16366,"[1, 3, 0, 2]",900,264.1034126281738,False,10.422727292881255,9,0.00087890625
0111000101,16367,"[1, 0, 3, 2]",465,264.1177177429199,True,10.422727292881255,9,0.00087890625
0111000101,16368,"[1, 3, 0, 2]",900,264.13679122924805,False,10.422727292881255,9,0.00087890625
0111000101,16369,"[1, 0, 3, 2]",465,264.15085792541504,True,10.422727292881255,9,0.00087890625
0111000101,16370,"[1, 3, 0, 2]",900,264.16945457458496,False,10.422727292881255,9,0.00087890625
0111000101,16371,"[1, 0, 3, 2]",465,264.18352127075195,True,10.422727292881255,9,0.00087890625
1111000000,16372,"[1, 0, 3, 2]",465,264.202356338501,False,11.470746335477081,9,0.00087890625
1111000000,16373,"[1, 0, 3, 2]",465,264.21618461608887,True,11.470746335477081,9,0.00087890625
1111000000,16374,"[1, 0, 3, 2]",465,264.2347812652588,False,11.470746335477081,9,0.00087890625
1111000000,16375,"[1, 0, 3, 2]",465,264.2486095428467,True,11.470746335477081,9,0.00087890625
1111000000,16376,"[1, 0, 3, 2]",465,264.2672061920166,False,11.470746335477081,9,0.00087890625
1111000000,16377,"[1, 0, 3, 2]",465,264.2810344696045,True,11.470746335477081,9,0.00087890625
1111000000,16378,"[1, 0, 3, 2]",465,264.3013000488281,False,11.470746335477081,9,0.00087890625
1111000000,16379,"[1, 0, 3, 2]",465,264.3153667449951,True,11.470746335477081,9,0.00087890625
1111000000,16380,"[1, 0, 3, 2]",465,264.33420181274414,False,11.470746335477081,9,0.00087890625
1111000000,16381,"[1, 0, 3, 2]",465,264.34803009033203,True,11.470746335477081,9,0.00087890625
1111000000,16382,"[1, 0, 3, 2]",465,264.36638832092285,False,11.470746335477081,9,0.00087890625
1111000000,16383,"[1, 0, 3, 2]",465,264.38021659851074,True,11.470746335477081,9,0.00087890625
1111000000,16384,"[1, 0, 3, 2]",465,264.39857482910156,False,11.470746335477081,9,0.00087890625
1111000000,16385,"[1, 0, 3, 2]",465,264.41240310668945,True,11.470746335477081,9,0.00087890625
1111000000,16386,"[1, 0, 3, 2]",465,264.4309997558594,False,11.470746335477081,9,0.00087890625
1111000000,16387,"[1, 0, 3, 2]",465,264.44530487060547,True,11.470746335477081,9,0.00087890625
1111000000,16388,"[1, 0, 3, 2]",465,264.4636631011963,False,11.470746335477081,9,0.00087890625
1111000000,16389,"[1, 0, 3, 2]",465,264.4777297973633,True,11.470746335477081,9,0.00087890625
0110010100,16390,"[1, 3, 2, 0]",9450,264.4960880279541,False,19.657617520402667,9,0.00087890625
0110010100,16391,"[1, 0, 3, 2]",465,264.52064514160156,True,19.657617520402667,9,0.00087890625
0110010100,16392,"[1, 3, 2, 0]",9450,264.5387649536133,False,19.657617520402667,9,0.00087890625
0110010100,16393,"[1, 0, 3, 2]",465,264.5528316497803,True,19.657617520402667,9,0.00087890625
0110010100,16394,"[1, 3, 2, 0]",9450,264.5704746246338,False,19.657617520402667,9,0.00087890625
0110010100,16395,"[1, 0, 3, 2]",465,264.5843029022217,True,19.657617520402667,9,0.00087890625
0110010100,16396,"[1, 3, 2, 0]",9450,264.6024227142334,False,19.657617520402667,9,0.00087890625
0110010100,16397,"[1, 0, 3, 2]",465,264.6162509918213,True,19.657617520402667,9,0.00087890625
0110010100,16398,"[1, 3, 2, 0]",9450,264.634370803833,False,19.657617520402667,9,0.00087890625
0110010100,16399,"[1, 0, 3, 2]",465,264.6496295928955,True,19.657617520402667,9,0.00087890625
0110010100,16400,"[1, 3, 2, 0]",9450,264.66870307922363,False,19.657617520402667,9,0.00087890625
0110010100,16401,"[1, 0, 3, 2]",465,264.6825313568115,True,19.657617520402667,9,0.00087890625
0110010100,16402,"[1, 3, 2, 0]",9450,264.70065116882324,False,19.657617520402667,9,0.00087890625
0110010100,16403,"[1, 0, 3, 2]",465,264.71424102783203,True,19.657617520402667,9,0.00087890625
0110010100,16404,"[1, 3, 2, 0]",9450,264.73212242126465,False,19.657617520402667,9,0.00087890625
0110010100,16405,"[1, 0, 3, 2]",465,264.74595069885254,True,19.657617520402667,9,0.00087890625
0110010100,16406,"[1, 3, 2, 0]",9450,264.76430892944336,False,19.657617520402667,9,0.00087890625
0110010100,16407,"[1, 0, 3, 2]",465,264.77766036987305,True,19.657617520402667,9,0.00087890625
1100001110,16408,"[3, 0, 2, 1]",6300,264.79601860046387,False,12.318016911728506,9,0.00087890625
1100001110,16409,"[3, 0, 1, 2]",750,264.81008529663086,True,12.318016911728506,9,0.00087890625
1100001110,16410,"[3, 0, 2, 1]",6300,264.8282051086426,False,12.318016911728506,9,0.00087890625
1100001110,16411,"[3, 0, 1, 2]",750,264.84227180480957,True,12.318016911728506,9,0.00087890625
1100001110,16412,"[3, 0, 2, 1]",6300,264.87040519714355,False,12.318016911728506,9,0.00087890625
1100001110,16413,"[3, 0, 1, 2]",750,264.88399505615234,True,12.318016911728506,9,0.00087890625
1100001110,16414,"[3, 0, 2, 1]",6300,264.90139961242676,False,12.318016911728506,9,0.00087890625
1100001110,16415,"[3, 0, 1, 2]",750,264.91498947143555,True,12.318016911728506,9,0.00087890625
1100001110,16416,"[3, 0, 2, 1]",6300,264.93358612060547,False,12.318016911728506,9,0.00087890625
1100001110,16417,"[3, 0, 1, 2]",750,264.94765281677246,True,12.318016911728506,9,0.00087890625
1100001110,16418,"[3, 0, 2, 1]",6300,264.9655342102051,False,12.318016911728506,9,0.00087890625
1100001110,16419,"[3, 0, 1, 2]",750,264.97864723205566,True,12.318016911728506,9,0.00087890625
1100001110,16420,"[3, 0, 2, 1]",6300,264.9974822998047,False,12.318016911728506,9,0.00087890625
1100001110,16421,"[3, 0, 1, 2]",750,265.0110721588135,True,12.318016911728506,9,0.00087890625
1100001110,16422,"[3, 0, 2, 1]",6300,265.0284767150879,False,12.318016911728506,9,0.00087890625
1100001110,16423,"[3, 0, 1, 2]",750,265.0415897369385,True,12.318016911728506,9,0.00087890625
1100001110,16424,"[3, 0, 2, 1]",6300,265.0587558746338,False,12.318016911728506,9,0.00087890625
1100001110,16425,"[3, 0, 1, 2]",750,265.0721073150635,True,12.318016911728506,9,0.00087890625
0111110100,16426,"[2, 1, 3, 0]",9300,265.0895118713379,False,32.68064855291958,9,0.00087890625
0111110100,16427,"[2, 1, 0, 3]",600,265.1028633117676,True,32.68064855291958,9,0.00087890625
0111110100,16428,"[2, 1, 3, 0]",9300,265.120267868042,False,32.68064855291958,9,0.00087890625
0111110100,16429,"[2, 1, 0, 3]",600,265.1336193084717,True,32.68064855291958,9,0.00087890625
0111110100,16430,"[2, 1, 3, 0]",9300,265.1510238647461,False,32.68064855291958,9,0.00087890625
0111110100,16431,"[2, 1, 0, 3]",600,265.1643753051758,True,32.68064855291958,9,0.00087890625
0111110100,16432,"[2, 1, 3, 0]",9300,265.1815414428711,False,32.68064855291958,9,0.00087890625
0111110100,16433,"[2, 1, 0, 3]",600,265.1946544647217,True,32.68064855291958,9,0.00087890625
0111110100,16434,"[2, 1, 3, 0]",9300,265.2120590209961,False,32.68064855291958,9,0.00087890625
0111110100,16435,"[2, 1, 0, 3]",600,265.2473449707031,True,32.68064855291958,9,0.00087890625
0111110100,16436,"[2, 1, 3, 0]",9300,265.26522636413574,False,32.68064855291958,9,0.00087890625
0111110100,16437,"[2, 1, 0, 3]",600,265.27857780456543,True,32.68064855291958,9,0.00087890625
0111110100,16438,"[2, 1, 3, 0]",9300,265.29598236083984,False,32.68064855291958,9,0.00087890625
0111110100,16439,"[2, 1, 0, 3]",600,265.31100273132324,True,32.68064855291958,9,0.00087890625
0111110100,16440,"[2, 1, 3, 0]",9300,265.32840728759766,False,32.68064855291958,9,0.00087890625
0111110100,16441,"[2, 1, 0, 3]",600,265.34247398376465,True,32.68064855291958,9,0.00087890625
0111110100,16442,"[2, 1, 3, 0]",9300,265.362024307251,False,32.68064855291958,9,0.00087890625
0111110100,16443,"[2, 1, 0, 3]",600,265.37561416625977,True,32.68064855291958,9,0.00087890625
0110001110,16444,"[3, 1, 0, 2]",900,265.3932571411133,False,14.869241326287305,9,0.00087890625
0110001110,16445,"[3, 1, 0, 2]",900,265.40684700012207,True,14.869241326287305,9,0.00087890625
0110001110,16446,"[3, 1, 0, 2]",900,265.4244899749756,False,14.869241326287305,9,0.00087890625
0110001110,16447,"[3, 1, 0, 2]",900,265.4378414154053,True,14.869241326287305,9,0.00087890625
0110001110,16448,"[3, 1, 0, 2]",900,265.4552459716797,False,14.869241326287305,9,0.00087890625
0110001110,16449,"[3, 1, 0, 2]",900,265.4681205749512,True,14.869241326287305,9,0.00087890625
0110001110,16450,"[3, 1, 0, 2]",900,265.4893398284912,False,14.869241326287305,9,0.00087890625
0110001110,16451,"[3, 1, 0, 2]",900,265.5026912689209,True,14.869241326287305,9,0.00087890625
0110001110,16452,"[3, 1, 0, 2]",900,265.5203342437744,False,14.869241326287305,9,0.00087890625
0110001110,16453,"[3, 1, 0, 2]",900,265.533447265625,True,14.869241326287305,9,0.00087890625
0110001110,16454,"[3, 1, 0, 2]",900,265.5506134033203,False,14.869241326287305,9,0.00087890625
0110001110,16455,"[3, 1, 0, 2]",900,265.5637264251709,True,14.869241326287305,9,0.00087890625
0110001110,16456,"[3, 1, 0, 2]",900,265.5811309814453,False,14.869241326287305,9,0.00087890625
0110001110,16457,"[3, 1, 0, 2]",900,265.594482421875,True,14.869241326287305,9,0.00087890625
0110001110,16458,"[3, 1, 0, 2]",900,265.6118869781494,False,14.869241326287305,9,0.00087890625
0110001110,16459,"[3, 1, 0, 2]",900,265.6247615814209,True,14.869241326287305,9,0.00087890625
0110001110,16460,"[3, 1, 0, 2]",900,265.6426429748535,False,14.869241326287305,9,0.00087890625
0110001110,16461,"[3, 1, 0, 2]",900,265.6552791595459,True,14.869241326287305,9,0.00087890625
0001110001,16462,"[2, 1, 3, 0]",9300,265.6750679016113,False,9.87456625076201,9,0.00087890625
0001110001,16463,"[2, 1, 0, 3]",600,265.688419342041,True,9.87456625076201,9,0.00087890625
0001110001,16464,"[2, 1, 3, 0]",9300,265.70630073547363,False,9.87456625076201,9,0.00087890625
0001110001,16465,"[2, 1, 0, 3]",600,265.7194137573242,True,9.87456625076201,9,0.00087890625
0001110001,16466,"[2, 1, 3, 0]",9300,265.73801040649414,False,9.87456625076201,9,0.00087890625
0001110001,16467,"[2, 1, 0, 3]",600,265.75160026550293,True,9.87456625076201,9,0.00087890625
0001110001,16468,"[2, 1, 3, 0]",9300,265.76948165893555,False,9.87456625076201,9,0.00087890625
0001110001,16469,"[2, 1, 0, 3]",600,265.78307151794434,True,9.87456625076201,9,0.00087890625
0001110001,16470,"[2, 1, 3, 0]",9300,265.80047607421875,False,9.87456625076201,9,0.00087890625
0001110001,16471,"[2, 1, 0, 3]",600,265.81382751464844,True,9.87456625076201,9,0.00087890625
0001110001,16472,"[2, 1, 3, 0]",9300,265.83123207092285,False,9.87456625076201,9,0.00087890625
0001110001,16473,"[2, 1, 0, 3]",600,265.84458351135254,True,9.87456625076201,9,0.00087890625
0001110001,16474,"[2, 1, 3, 0]",9300,265.86198806762695,False,9.87456625076201,9,0.00087890625
0001110001,16475,"[2, 1, 0, 3]",600,265.87510108947754,True,9.87456625076201,9,0.00087890625
0001110001,16476,"[2, 1, 3, 0]",9300,265.89250564575195,False,9.87456625076201,9,0.00087890625
0001110001,16477,"[2, 1, 0, 3]",600,265.90538024902344,True,9.87456625076201,9,0.00087890625
0001110001,16478,"[2, 1, 3, 0]",9300,265.92278480529785,False,9.87456625076201,9,0.00087890625
0001110001,16479,"[2, 1, 0, 3]",600,265.93589782714844,True,9.87456625076201,9,0.00087890625
1101001101,16480,"[3, 0, 1, 2]",750,265.95330238342285,False,13.175666353837997,9,0.00087890625
1101001101,16481,"[3, 0, 1, 2]",750,265.96665382385254,True,13.175666353837997,9,0.00087890625
1101001101,16482,"[3, 0, 1, 2]",750,265.98405838012695,False,13.175666353837997,9,0.00087890625
1101001101,16483,"[3, 0, 1, 2]",750,265.99860191345215,True,13.175666353837997,9,0.00087890625
1101001101,16484,"[3, 0, 1, 2]",750,266.01672172546387,False,13.175666353837997,9,0.00087890625
1101001101,16485,"[3, 0, 1, 2]",750,266.03007316589355,True,13.175666353837997,9,0.00087890625
1101001101,16486,"[3, 0, 1, 2]",750,266.04747772216797,False,13.175666353837997,9,0.00087890625
1101001101,16487,"[3, 0, 1, 2]",750,266.06082916259766,True,13.175666353837997,9,0.00087890625
1101001101,16488,"[3, 0, 1, 2]",750,266.07823371887207,False,13.175666353837997,9,0.00087890625
1101001101,16489,"[3, 0, 1, 2]",750,266.09158515930176,True,13.175666353837997,9,0.00087890625
1101001101,16490,"[3, 0, 1, 2]",750,266.1089897155762,False,13.175666353837997,9,0.00087890625
1101001101,16491,"[3, 0, 1, 2]",750,266.12210273742676,True,13.175666353837997,9,0.00087890625
1101001101,16492,"[3, 0, 1, 2]",750,266.13926887512207,False,13.175666353837997,9,0.00087890625
1101001101,16493,"[3, 0, 1, 2]",750,266.15190505981445,True,13.175666353837997,9,0.00087890625
1101001101,16494,"[3, 0, 1, 2]",750,266.16907119750977,False,13.175666353837997,9,0.00087890625
1101001101,16495,"[3, 0, 1, 2]",750,266.18218421936035,True,13.175666353837997,9,0.00087890625
1101001101,16496,"[3, 0, 1, 2]",750,266.19911193847656,False,13.175666353837997,9,0.00087890625
1101001101,16497,"[3, 0, 1, 2]",750,266.21222496032715,True,13.175666353837997,9,0.00087890625
1100000001,16498,"[0, 3, 2, 1]",6300,266.22939109802246,False,13.0,9,0.00087890625
1100000001,16499,"[0, 1, 3, 2]",465,266.24321937561035,True,13.0,9,0.00087890625
1100000001,16500,"[0, 3, 2, 1]",6300,266.26062393188477,False,13.0,9,0.00087890625
1100000001,16501,"[0, 1, 3, 2]",465,266.27373695373535,True,13.0,9,0.00087890625
1100000001,16502,"[0, 3, 2, 1]",6300,266.29137992858887,False,13.0,9,0.00087890625
1100000001,16503,"[0, 1, 3, 2]",465,266.30473136901855,True,13.0,9,0.00087890625
1100000001,16504,"[0, 3, 2, 1]",6300,266.3238048553467,False,13.0,9,0.00087890625
1100000001,16505,"[0, 1, 3, 2]",465,266.33739471435547,True,13.0,9,0.00087890625
1100000001,16506,"[0, 3, 2, 1]",6300,266.3552761077881,False,13.0,9,0.00087890625
1100000001,16507,"[0, 1, 3, 2]",465,266.3683891296387,True,13.0,9,0.00087890625
1100000001,16508,"[0, 3, 2, 1]",6300,266.385555267334,False,13.0,9,0.00087890625
1100000001,16509,"[0, 1, 3, 2]",465,266.39819145202637,True,13.0,9,0.00087890625
1100000001,16510,"[0, 3, 2, 1]",6300,266.4153575897217,False,13.0,9,0.00087890625
1100000001,16511,"[0, 1, 3, 2]",465,266.42847061157227,True,13.0,9,0.00087890625
1100000001,16512,"[0, 3, 2, 1]",6300,266.4458751678467,False,13.0,9,0.00087890625
1100000001,16513,"[0, 1, 3, 2]",465,266.45874977111816,True,13.0,9,0.00087890625
1100000001,16514,"[0, 3, 2, 1]",6300,266.4761543273926,False,13.0,9,0.00087890625
1100000001,16515,"[0, 1, 3, 2]",465,266.48879051208496,True,13.0,9,0.00087890625
1110101011,16516,"[0, 3, 2, 1]",6300,266.5059566497803,False,39.63603382345701,9,0.00087890625
1110101011,16517,"[0, 1, 3, 2]",465,266.52026176452637,True,39.63603382345701,9,0.00087890625
1110101011,16518,"[0, 3, 2, 1]",6300,266.5386199951172,False,39.63603382345701,9,0.00087890625
1110101011,16519,"[0, 1, 3, 2]",465,266.5514945983887,True,39.63603382345701,9,0.00087890625
1110101011,16520,"[0, 3, 2, 1]",6300,266.5688991546631,False,39.63603382345701,9,0.00087890625
1110101011,16521,"[0, 1, 3, 2]",465,266.58177375793457,True,39.63603382345701,9,0.00087890625
1110101011,16522,"[0, 3, 2, 1]",6300,266.5989398956299,False,39.63603382345701,9,0.00087890625
1110101011,16523,"[0, 1, 3, 2]",465,266.61205291748047,True,39.63603382345701,9,0.00087890625
1110101011,16524,"[0, 3, 2, 1]",6300,266.6292190551758,False,39.63603382345701,9,0.00087890625
1110101011,16525,"[0, 1, 3, 2]",465,266.6435241699219,True,39.63603382345701,9,0.00087890625
1110101011,16526,"[0, 3, 2, 1]",6300,266.6614055633545,False,39.63603382345701,9,0.00087890625
1110101011,16527,"[0, 1, 3, 2]",465,266.6747570037842,True,39.63603382345701,9,0.00087890625
1110101011,16528,"[0, 3, 2, 1]",6300,266.6921615600586,False,39.63603382345701,9,0.00087890625
1110101011,16529,"[0, 1, 3, 2]",465,266.7052745819092,True,39.63603382345701,9,0.00087890625
1110101011,16530,"[0, 3, 2, 1]",6300,266.7224407196045,False,39.63603382345701,9,0.00087890625
1110101011,16531,"[0, 1, 3, 2]",465,266.7350769042969,True,39.63603382345701,9,0.00087890625
1110101011,16532,"[0, 3, 2, 1]",6300,266.7522430419922,False,39.63603382345701,9,0.00087890625
1110101011,16533,"[0, 1, 3, 2]",465,266.7651176452637,True,39.63603382345701,9,0.00087890625
1110001111,16534,"[3, 0, 1, 2]",750,266.7825222015381,False,17.22142384439867,9,0.00087890625
1110001111,16535,"[3, 0, 1, 2]",750,266.7958736419678,True,17.22142384439867,9,0.00087890625
1110001111,16536,"[3, 0, 1, 2]",750,266.8130397796631,False,17.22142384439867,9,0.00087890625
1110001111,16537,"[3, 0, 1, 2]",750,266.8263912200928,True,17.22142384439867,9,0.00087890625
1110001111,16538,"[3, 0, 1, 2]",750,266.8440341949463,False,17.22142384439867,9,0.00087890625
1110001111,16539,"[3, 0, 1, 2]",750,266.8569087982178,True,17.22142384439867,9,0.00087890625
1110001111,16540,"[3, 0, 1, 2]",750,266.8745517730713,False,17.22142384439867,9,0.00087890625
1110001111,16541,"[3, 0, 1, 2]",750,266.8876647949219,True,17.22142384439867,9,0.00087890625
1110001111,16542,"[3, 0, 1, 2]",750,266.9050693511963,False,17.22142384439867,9,0.00087890625
1110001111,16543,"[3, 0, 1, 2]",750,266.9181823730469,True,17.22142384439867,9,0.00087890625
1110001111,16544,"[3, 0, 1, 2]",750,266.9353485107422,False,17.22142384439867,9,0.00087890625
1110001111,16545,"[3, 0, 1, 2]",750,266.9482231140137,True,17.22142384439867,9,0.00087890625
1110001111,16546,"[3, 0, 1, 2]",750,266.9668197631836,False,17.22142384439867,9,0.00087890625
1110001111,16547,"[3, 0, 1, 2]",750,266.9799327850342,True,17.22142384439867,9,0.00087890625
1110001111,16548,"[3, 0, 1, 2]",750,266.9975757598877,False,17.22142384439867,9,0.00087890625
1110001111,16549,"[3, 0, 1, 2]",750,267.0104503631592,True,17.22142384439867,9,0.00087890625
1110001111,16550,"[3, 0, 1, 2]",750,267.0276165008545,False,17.22142384439867,9,0.00087890625
1110001111,16551,"[3, 0, 1, 2]",750,267.0400142669678,True,17.22142384439867,9,0.00087890625
0000101011,16552,"[3, 2, 1, 0]",9600,267.0574188232422,False,34.16182186924092,9,0.00087890625
0000101011,16553,"[3, 2, 1, 0]",9600,267.0712471008301,True,34.16182186924092,9,0.00087890625
0000101011,16554,"[3, 2, 1, 0]",9600,267.0888900756836,False,34.16182186924092,9,0.00087890625
0000101011,16555,"[3, 2, 1, 0]",9600,267.1020030975342,True,34.16182186924092,9,0.00087890625
0000101011,16556,"[3, 2, 1, 0]",9600,267.1194076538086,False,34.16182186924092,9,0.00087890625
0000101011,16557,"[3, 2, 1, 0]",9600,267.1327590942383,True,34.16182186924092,9,0.00087890625
0000101011,16558,"[3, 2, 1, 0]",9600,267.1499252319336,False,34.16182186924092,9,0.00087890625
0000101011,16559,"[3, 2, 1, 0]",9600,267.162561416626,True,34.16182186924092,9,0.00087890625
0000101011,16560,"[3, 2, 1, 0]",9600,267.1797275543213,False,34.16182186924092,9,0.00087890625
0000101011,16561,"[3, 2, 1, 0]",9600,267.1926021575928,True,34.16182186924092,9,0.00087890625
0000101011,16562,"[3, 2, 1, 0]",9600,267.209529876709,False,34.16182186924092,9,0.00087890625
0000101011,16563,"[3, 2, 1, 0]",9600,267.22240447998047,True,34.16182186924092,9,0.00087890625
0000101011,16564,"[3, 2, 1, 0]",9600,267.2390937805176,False,34.16182186924092,9,0.00087890625
0000101011,16565,"[3, 2, 1, 0]",9600,267.25196838378906,True,34.16182186924092,9,0.00087890625
0000101011,16566,"[3, 2, 1, 0]",9600,267.2691345214844,False,34.16182186924092,9,0.00087890625
0000101011,16567,"[3, 2, 1, 0]",9600,267.28367805480957,True,34.16182186924092,9,0.00087890625
0000101011,16568,"[3, 2, 1, 0]",9600,267.3032283782959,False,34.16182186924092,9,0.00087890625
0000101011,16569,"[3, 2, 1, 0]",9600,267.3165798187256,True,34.16182186924092,9,0.00087890625
1110110100,16570,"[2, 0, 1, 3]",500,267.3344612121582,False,30.364799090798726,8,0.00078125
1110110100,16571,"[2, 0, 1, 3]",500,267.3478126525879,True,30.364799090798726,8,0.00078125
1110110100,16572,"[2, 0, 1, 3]",500,267.3654556274414,False,30.364799090798726,8,0.00078125
1110110100,16573,"[2, 0, 1, 3]",500,267.3788070678711,True,30.364799090798726,8,0.00078125
1110110100,16574,"[2, 0, 1, 3]",500,267.3959732055664,False,30.364799090798726,8,0.00078125
1110110100,16575,"[2, 0, 1, 3]",500,267.409086227417,True,30.364799090798726,8,0.00078125
1110110100,16576,"[2, 0, 1, 3]",500,267.4264907836914,False,30.364799090798726,8,0.00078125
1110110100,16577,"[2, 0, 1, 3]",500,267.4393653869629,True,30.364799090798726,8,0.00078125
1110110100,16578,"[2, 0, 1, 3]",500,267.4567699432373,False,30.364799090798726,8,0.00078125
1110110100,16579,"[2, 0, 1, 3]",500,267.4698829650879,True,30.364799090798726,8,0.00078125
1110110100,16580,"[2, 0, 1, 3]",500,267.4872875213623,False,30.364799090798726,8,0.00078125
1110110100,16581,"[2, 0, 1, 3]",500,267.500638961792,True,30.364799090798726,8,0.00078125
1110110100,16582,"[2, 0, 1, 3]",500,267.5180435180664,False,30.364799090798726,8,0.00078125
1110110100,16583,"[2, 0, 1, 3]",500,267.531156539917,True,30.364799090798726,8,0.00078125
1110110100,16584,"[2, 0, 1, 3]",500,267.5480842590332,False,30.364799090798726,8,0.00078125
1110110100,16585,"[2, 0, 1, 3]",500,267.5611972808838,True,30.364799090798726,8,0.00078125
0001011100,16586,"[3, 2, 1, 0]",9600,267.5786018371582,False,19.817921024601603,8,0.00078125
0001011100,16587,"[3, 2, 1, 0]",9600,267.5914764404297,True,19.817921024601603,8,0.00078125
0001011100,16588,"[3, 2, 1, 0]",9600,267.6100730895996,False,19.817921024601603,8,0.00078125
0001011100,16589,"[3, 2, 1, 0]",9600,267.6234245300293,True,19.817921024601603,8,0.00078125
0001011100,16590,"[3, 2, 1, 0]",9600,267.6410675048828,False,19.817921024601603,8,0.00078125
0001011100,16591,"[3, 2, 1, 0]",9600,267.6541805267334,True,19.817921024601603,8,0.00078125
0001011100,16592,"[3, 2, 1, 0]",9600,267.6715850830078,False,19.817921024601603,8,0.00078125
0001011100,16593,"[3, 2, 1, 0]",9600,267.6842212677002,True,19.817921024601603,8,0.00078125
0001011100,16594,"[3, 2, 1, 0]",9600,267.7013874053955,False,19.817921024601603,8,0.00078125
0001011100,16595,"[3, 2, 1, 0]",9600,267.7137851715088,True,19.817921024601603,8,0.00078125
0001011100,16596,"[3, 2, 1, 0]",9600,267.7309513092041,False,19.817921024601603,8,0.00078125
0001011100,16597,"[3, 2, 1, 0]",9600,267.7438259124756,True,19.817921024601603,8,0.00078125
0001011100,16598,"[3, 2, 1, 0]",9600,267.7607536315918,False,19.817921024601603,8,0.00078125
0001011100,16599,"[3, 2, 1, 0]",9600,267.7731513977051,True,19.817921024601603,8,0.00078125
0001011100,16600,"[3, 2, 1, 0]",9600,267.7900791168213,False,19.817921024601603,8,0.00078125
0001011100,16601,"[3, 2, 1, 0]",9600,267.8029537200928,True,19.817921024601603,8,0.00078125
1011000000,16602,"[1, 0, 3, 2]",465,267.8203582763672,False,16.118563817365718,8,0.00078125
1011000000,16603,"[1, 0, 3, 2]",465,267.833948135376,True,16.118563817365718,8,0.00078125
1011000000,16604,"[1, 0, 3, 2]",465,267.8513526916504,False,16.118563817365718,8,0.00078125
1011000000,16605,"[1, 0, 3, 2]",465,267.8649425506592,True,16.118563817365718,8,0.00078125
1011000000,16606,"[1, 0, 3, 2]",465,267.8823471069336,False,16.118563817365718,8,0.00078125
1011000000,16607,"[1, 0, 3, 2]",465,267.8978443145752,True,16.118563817365718,8,0.00078125
1011000000,16608,"[1, 0, 3, 2]",465,267.9152488708496,False,16.118563817365718,8,0.00078125
1011000000,16609,"[1, 0, 3, 2]",465,267.9290771484375,True,16.118563817365718,8,0.00078125
1011000000,16610,"[1, 0, 3, 2]",465,267.9481506347656,False,16.118563817365718,8,0.00078125
1011000000,16611,"[1, 0, 3, 2]",465,267.9617404937744,True,16.118563817365718,8,0.00078125
1011000000,16612,"[1, 0, 3, 2]",465,267.9789066314697,False,16.118563817365718,8,0.00078125
1011000000,16613,"[1, 0, 3, 2]",465,267.9917812347412,True,16.118563817365718,8,0.00078125
1011000000,16614,"[1, 0, 3, 2]",465,268.0089473724365,False,16.118563817365718,8,0.00078125
1011000000,16615,"[1, 0, 3, 2]",465,268.021821975708,True,16.118563817365718,8,0.00078125
1011000000,16616,"[1, 0, 3, 2]",465,268.0389881134033,False,16.118563817365718,8,0.00078125
1011000000,16617,"[1, 0, 3, 2]",465,268.0518627166748,True,16.118563817365718,8,0.00078125
1110010011,16618,"[0, 1, 2, 3]",315,268.07117462158203,False,9.075869699244599,8,0.00078125
1110010011,16619,"[0, 1, 2, 3]",315,268.0847644805908,True,9.075869699244599,8,0.00078125
1110010011,16620,"[0, 1, 2, 3]",315,268.10264587402344,False,9.075869699244599,8,0.00078125
1110010011,16621,"[0, 1, 2, 3]",315,268.115758895874,True,9.075869699244599,8,0.00078125
1110010011,16622,"[0, 1, 2, 3]",315,268.13292503356934,False,9.075869699244599,8,0.00078125
1110010011,16623,"[0, 1, 2, 3]",315,268.1460380554199,True,9.075869699244599,8,0.00078125
1110010011,16624,"[0, 1, 2, 3]",315,268.16320419311523,False,9.075869699244599,8,0.00078125
1110010011,16625,"[0, 1, 2, 3]",315,268.1758403778076,True,9.075869699244599,8,0.00078125
1110010011,16626,"[0, 1, 2, 3]",315,268.1927680969238,False,9.075869699244599,8,0.00078125
1110010011,16627,"[0, 1, 2, 3]",315,268.2054042816162,True,9.075869699244599,8,0.00078125
1110010011,16628,"[0, 1, 2, 3]",315,268.2225704193115,False,9.075869699244599,8,0.00078125
1110010011,16629,"[0, 1, 2, 3]",315,268.2352066040039,True,9.075869699244599,8,0.00078125
1110010011,16630,"[0, 1, 2, 3]",315,268.2538032531738,False,9.075869699244599,8,0.00078125
1110010011,16631,"[0, 1, 2, 3]",315,268.2671546936035,True,9.075869699244599,8,0.00078125
1110010011,16632,"[0, 1, 2, 3]",315,268.2843208312988,False,9.075869699244599,8,0.00078125
1110010011,16633,"[0, 1, 2, 3]",315,268.2969570159912,True,9.075869699244599,8,0.00078125
1100001011,16634,"[0, 3, 2, 1]",6300,268.3138847351074,False,16.18188720114459,8,0.00078125
1100001011,16635,"[0, 1, 3, 2]",465,268.3272361755371,True,16.18188720114459,8,0.00078125
1100001011,16636,"[0, 3, 2, 1]",6300,268.3441638946533,False,16.18188720114459,8,0.00078125
1100001011,16637,"[0, 1, 3, 2]",465,268.3572769165039,True,16.18188720114459,8,0.00078125
1100001011,16638,"[0, 3, 2, 1]",6300,268.373966217041,False,16.18188720114459,8,0.00078125
1100001011,16639,"[0, 1, 3, 2]",465,268.3870792388916,True,16.18188720114459,8,0.00078125
1100001011,16640,"[0, 3, 2, 1]",6300,268.4040069580078,False,16.18188720114459,8,0.00078125
1100001011,16641,"[0, 1, 3, 2]",465,268.4168815612793,True,16.18188720114459,8,0.00078125
1100001011,16642,"[0, 3, 2, 1]",6300,268.4338092803955,False,16.18188720114459,8,0.00078125
1100001011,16643,"[0, 1, 3, 2]",465,268.446683883667,True,16.18188720114459,8,0.00078125
1100001011,16644,"[0, 3, 2, 1]",6300,268.4638500213623,False,16.18188720114459,8,0.00078125
1100001011,16645,"[0, 1, 3, 2]",465,268.4767246246338,True,16.18188720114459,8,0.00078125
1100001011,16646,"[0, 3, 2, 1]",6300,268.4938907623291,False,16.18188720114459,8,0.00078125
1100001011,16647,"[0, 1, 3, 2]",465,268.5070037841797,True,16.18188720114459,8,0.00078125
1100001011,16648,"[0, 3, 2, 1]",6300,268.5239315032959,False,16.18188720114459,8,0.00078125
1100001011,16649,"[0, 1, 3, 2]",465,268.5368061065674,True,16.18188720114459,8,0.00078125
0011000111,16650,"[1, 3, 2, 0]",9450,268.5542106628418,False,10.764119747219205,8,0.00078125
0011000111,16651,"[1, 0, 3, 2]",465,268.5689926147461,True,10.764119747219205,8,0.00078125
0011000111,16652,"[1, 3, 2, 0]",9450,268.5868740081787,False,10.764119747219205,8,0.00078125
0011000111,16653,"[1, 0, 3, 2]",465,268.6002254486084,True,10.764119747219205,8,0.00078125
0011000111,16654,"[1, 3, 2, 0]",9450,268.6176300048828,False,10.764119747219205,8,0.00078125
0011000111,16655,"[1, 0, 3, 2]",465,268.6305046081543,True,10.764119747219205,8,0.00078125
0011000111,16656,"[1, 3, 2, 0]",9450,268.6479091644287,False,10.764119747219205,8,0.00078125
0011000111,16657,"[1, 0, 3, 2]",465,268.6610221862793,True,10.764119747219205,8,0.00078125
0011000111,16658,"[1, 3, 2, 0]",9450,268.6784267425537,False,10.764119747219205,8,0.00078125
0011000111,16659,"[1, 0, 3, 2]",465,268.6915397644043,True,10.764119747219205,8,0.00078125
0011000111,16660,"[1, 3, 2, 0]",9450,268.7089443206787,False,10.764119747219205,8,0.00078125
0011000111,16661,"[1, 0, 3, 2]",465,268.7222957611084,True,10.764119747219205,8,0.00078125
0011000111,16662,"[1, 3, 2, 0]",9450,268.7397003173828,False,10.764119747219205,8,0.00078125
0011000111,16663,"[1, 0, 3, 2]",465,268.7530517578125,True,10.764119747219205,8,0.00078125
0011000111,16664,"[1, 3, 2, 0]",9450,268.7699794769287,False,10.764119747219205,8,0.00078125
0011000111,16665,"[1, 0, 3, 2]",465,268.7833309173584,True,10.764119747219205,8,0.00078125
1010001101,16666,"[3, 1, 0, 2]",900,268.8007354736328,False,31.573606362510027,8,0.00078125
1010001101,16667,"[3, 1, 0, 2]",900,268.8143253326416,True,31.573606362510027,8,0.00078125
1010001101,16668,"[3, 1, 0, 2]",900,268.83387565612793,False,31.573606362510027,8,0.00078125
1010001101,16669,"[3, 1, 0, 2]",900,268.8477039337158,True,31.573606362510027,8,0.00078125
1010001101,16670,"[3, 1, 0, 2]",900,268.86582374572754,False,31.573606362510027,8,0.00078125
1010001101,16671,"[3, 1, 0, 2]",900,268.8791751861572,True,31.573606362510027,8,0.00078125
1010001101,16672,"[3, 1, 0, 2]",900,268.89824867248535,False,31.573606362510027,8,0.00078125
1010001101,16673,"[3, 1, 0, 2]",900,268.91183853149414,True,31.573606362510027,8,0.00078125
1010001101,16674,"[3, 1, 0, 2]",900,268.92971992492676,False,31.573606362510027,8,0.00078125
1010001101,16675,"[3, 1, 0, 2]",900,268.94307136535645,True,31.573606362510027,8,0.00078125
1010001101,16676,"[3, 1, 0, 2]",900,268.96023750305176,False,31.573606362510027,8,0.00078125
1010001101,16677,"[3, 1, 0, 2]",900,268.97335052490234,True,31.573606362510027,8,0.00078125
1010001101,16678,"[3, 1, 0, 2]",900,268.99075508117676,False,31.573606362510027,8,0.00078125
1010001101,16679,"[3, 1, 0, 2]",900,269.00386810302734,True,31.573606362510027,8,0.00078125
1010001101,16680,"[3, 1, 0, 2]",900,269.02103424072266,False,31.573606362510027,8,0.00078125
1010001101,16681,"[3, 1, 0, 2]",900,269.03390884399414,True,31.573606362510027,8,0.00078125
0010011110,16682,"[3, 1, 2, 0]",9450,269.05107498168945,False,16.451235985711595,8,0.00078125
0010011110,16683,"[3, 1, 0, 2]",900,269.06442642211914,True,16.451235985711595,8,0.00078125
0010011110,16684,"[3, 1, 2, 0]",9450,269.08183097839355,False,16.451235985711595,8,0.00078125
0010011110,16685,"[3, 1, 0, 2]",900,269.09542083740234,True,16.451235985711595,8,0.00078125
0010011110,16686,"[3, 1, 2, 0]",9450,269.11282539367676,False,16.451235985711595,8,0.00078125
0010011110,16687,"[3, 1, 0, 2]",900,269.12617683410645,True,16.451235985711595,8,0.00078125
0010011110,16688,"[3, 1, 2, 0]",9450,269.14358139038086,False,16.451235985711595,8,0.00078125
0010011110,16689,"[3, 1, 0, 2]",900,269.15693283081055,True,16.451235985711595,8,0.00078125
0010011110,16690,"[3, 1, 2, 0]",9450,269.17457580566406,False,16.451235985711595,8,0.00078125
0010011110,16691,"[3, 1, 0, 2]",900,269.18816566467285,True,16.451235985711595,8,0.00078125
0010011110,16692,"[3, 1, 2, 0]",9450,269.20557022094727,False,16.451235985711595,8,0.00078125
0010011110,16693,"[3, 1, 0, 2]",900,269.22059059143066,True,16.451235985711595,8,0.00078125
0010011110,16694,"[3, 1, 2, 0]",9450,269.2384719848633,False,16.451235985711595,8,0.00078125
0010011110,16695,"[3, 1, 0, 2]",900,269.25206184387207,True,16.451235985711595,8,0.00078125
0010011110,16696,"[3, 1, 2, 0]",9450,269.2697048187256,False,16.451235985711595,8,0.00078125
0010011110,16697,"[3, 1, 0, 2]",900,269.2830562591553,True,16.451235985711595,8,0.00078125
1000101001,16698,"[3, 2, 0, 1]",6600,269.3004608154297,False,45.27442687077549,8,0.00078125
1000101001,16699,"[3, 2, 0, 1]",6600,269.3138122558594,True,45.27442687077549,8,0.00078125
1000101001,16700,"[3, 2, 0, 1]",6600,269.3314552307129,False,45.27442687077549,8,0.00078125
1000101001,16701,"[3, 2, 0, 1]",6600,269.3448066711426,True,45.27442687077549,8,0.00078125
1000101001,16702,"[3, 2, 0, 1]",6600,269.3619728088379,False,45.27442687077549,8,0.00078125
1000101001,16703,"[3, 2, 0, 1]",6600,269.3753242492676,True,45.27442687077549,8,0.00078125
1000101001,16704,"[3, 2, 0, 1]",6600,269.392728805542,False,45.27442687077549,8,0.00078125
1000101001,16705,"[3, 2, 0, 1]",6600,269.4058418273926,True,45.27442687077549,8,0.00078125
1000101001,16706,"[3, 2, 0, 1]",6600,269.4230079650879,False,45.27442687077549,8,0.00078125
1000101001,16707,"[3, 2, 0, 1]",6600,269.4356441497803,True,45.27442687077549,8,0.00078125
1000101001,16708,"[3, 2, 0, 1]",6600,269.4528102874756,False,45.27442687077549,8,0.00078125
1000101001,16709,"[3, 2, 0, 1]",6600,269.46568489074707,True,45.27442687077549,8,0.00078125
1000101001,16710,"[3, 2, 0, 1]",6600,269.4861888885498,False,45.27442687077549,8,0.00078125
1000101001,16711,"[3, 2, 0, 1]",6600,269.4990634918213,True,45.27442687077549,8,0.00078125
1000101001,16712,"[3, 2, 0, 1]",6600,269.5169448852539,False,45.27442687077549,8,0.00078125
1000101001,16713,"[3, 2, 0, 1]",6600,269.5298194885254,True,45.27442687077549,8,0.00078125
0011110001,16714,"[2, 1, 3, 0]",9300,269.5486545562744,False,12.318016911728506,8,0.00078125
0011110001,16715,"[2, 1, 0, 3]",600,269.5624828338623,True,12.318016911728506,8,0.00078125
0011110001,16716,"[2, 1, 3, 0]",9300,269.580602645874,False,12.318016911728506,8,0.00078125
0011110001,16717,"[2, 1, 0, 3]",600,269.5944309234619,True,12.318016911728506,8,0.00078125
0011110001,16718,"[2, 1, 3, 0]",9300,269.61326599121094,False,12.318016911728506,8,0.00078125
0011110001,16719,"[2, 1, 0, 3]",600,269.62733268737793,True,12.318016911728506,8,0.00078125
0011110001,16720,"[2, 1, 3, 0]",9300,269.64545249938965,False,12.318016911728506,8,0.00078125
0011110001,16721,"[2, 1, 0, 3]",600,269.65880393981934,True,12.318016911728506,8,0.00078125
0011110001,16722,"[2, 1, 3, 0]",9300,269.67668533325195,False,12.318016911728506,8,0.00078125
0011110001,16723,"[2, 1, 0, 3]",600,269.68979835510254,True,12.318016911728506,8,0.00078125
0011110001,16724,"[2, 1, 3, 0]",9300,269.70720291137695,False,12.318016911728506,8,0.00078125
0011110001,16725,"[2, 1, 0, 3]",600,269.72031593322754,True,12.318016911728506,8,0.00078125
0011110001,16726,"[2, 1, 3, 0]",9300,269.73748207092285,False,12.318016911728506,8,0.00078125
0011110001,16727,"[2, 1, 0, 3]",600,269.75059509277344,True,12.318016911728506,8,0.00078125
0011110001,16728,"[2, 1, 3, 0]",9300,269.76823806762695,False,12.318016911728506,8,0.00078125
0011110001,16729,"[2, 1, 0, 3]",600,269.78135108947754,True,12.318016911728506,8,0.00078125
1110100000,16730,"[0, 2, 1, 3]",500,269.79899406433105,False,27.09037222002324,8,0.00078125
1110100000,16731,"[0, 1, 2, 3]",315,269.81282234191895,True,27.09037222002324,8,0.00078125
1110100000,16732,"[0, 2, 1, 3]",500,269.83022689819336,False,27.09037222002324,8,0.00078125
1110100000,16733,"[0, 1, 2, 3]",315,269.84357833862305,True,27.09037222002324,8,0.00078125
1110100000,16734,"[0, 2, 1, 3]",500,269.86074447631836,False,27.09037222002324,8,0.00078125
1110100000,16735,"[0, 1, 2, 3]",315,269.87528800964355,True,27.09037222002324,8,0.00078125
1110100000,16736,"[0, 2, 1, 3]",500,269.89293098449707,False,27.09037222002324,8,0.00078125
1110100000,16737,"[0, 1, 2, 3]",315,269.90628242492676,True,27.09037222002324,8,0.00078125
1110100000,16738,"[0, 2, 1, 3]",500,269.9236869812012,False,27.09037222002324,8,0.00078125
1110100000,16739,"[0, 1, 2, 3]",315,269.93632316589355,True,27.09037222002324,8,0.00078125
1110100000,16740,"[0, 2, 1, 3]",500,269.95372772216797,False,27.09037222002324,8,0.00078125
1110100000,16741,"[0, 1, 2, 3]",315,269.96684074401855,True,27.09037222002324,8,0.00078125
1110100000,16742,"[0, 2, 1, 3]",500,269.98400688171387,False,27.09037222002324,8,0.00078125
1110100000,16743,"[0, 1, 2, 3]",315,269.99711990356445,True,27.09037222002324,8,0.00078125
1110100000,16744,"[0, 2, 1, 3]",500,270.01452445983887,False,27.09037222002324,8,0.00078125
1110100000,16745,"[0, 1, 2, 3]",315,270.02763748168945,True,27.09037222002324,8,0.00078125
1100101111,16746,"[3, 0, 2, 1]",6300,270.04504203796387,False,19.900011571152795,8,0.00078125
1100101111,16747,"[3, 0, 1, 2]",750,270.05887031555176,True,19.900011571152795,8,0.00078125
1100101111,16748,"[3, 0, 2, 1]",6300,270.07603645324707,False,19.900011571152795,8,0.00078125
1100101111,16749,"[3, 0, 1, 2]",750,270.08914947509766,True,19.900011571152795,8,0.00078125
1100101111,16750,"[3, 0, 2, 1]",6300,270.10631561279297,False,19.900011571152795,8,0.00078125
1100101111,16751,"[3, 0, 1, 2]",750,270.11966705322266,True,19.900011571152795,8,0.00078125
1100101111,16752,"[3, 0, 2, 1]",6300,270.13683319091797,False,19.900011571152795,8,0.00078125
1100101111,16753,"[3, 0, 1, 2]",750,270.15018463134766,True,19.900011571152795,8,0.00078125
1100101111,16754,"[3, 0, 2, 1]",6300,270.1678276062012,False,19.900011571152795,8,0.00078125
1100101111,16755,"[3, 0, 1, 2]",750,270.18070220947266,True,19.900011571152795,8,0.00078125
1100101111,16756,"[3, 0, 2, 1]",6300,270.1995372772217,False,19.900011571152795,8,0.00078125
1100101111,16757,"[3, 0, 1, 2]",750,270.21288871765137,True,19.900011571152795,8,0.00078125
1100101111,16758,"[3, 0, 2, 1]",6300,270.2305316925049,False,19.900011571152795,8,0.00078125
1100101111,16759,"[3, 0, 1, 2]",750,270.24364471435547,True,19.900011571152795,8,0.00078125
1100101111,16760,"[3, 0, 2, 1]",6300,270.2610492706299,False,19.900011571152795,8,0.00078125
1100101111,16761,"[3, 0, 1, 2]",750,270.27416229248047,True,19.900011571152795,8,0.00078125
0000110101,16762,"[2, 3, 1, 0]",9600,270.2915668487549,False,12.854500918858335,8,0.00078125
0000110101,16763,"[2, 3, 1, 0]",9600,270.30444145202637,True,12.854500918858335,8,0.00078125
0000110101,16764,"[2, 3, 1, 0]",9600,270.3216075897217,False,12.854500918858335,8,0.00078125
0000110101,16765,"[2, 3, 1, 0]",9600,270.33472061157227,True,12.854500918858335,8,0.00078125
0000110101,16766,"[2, 3, 1, 0]",9600,270.3521251678467,False,12.854500918858335,8,0.00078125
0000110101,16767,"[2, 3, 1, 0]",9600,270.36499977111816,True,12.854500918858335,8,0.00078125
0000110101,16768,"[2, 3, 1, 0]",9600,270.3824043273926,False,12.854500918858335,8,0.00078125
0000110101,16769,"[2, 3, 1, 0]",9600,270.39647102355957,True,12.854500918858335,8,0.00078125
0000110101,16770,"[2, 3, 1, 0]",9600,270.4141139984131,False,12.854500918858335,8,0.00078125
0000110101,16771,"[2, 3, 1, 0]",9600,270.4274654388428,True,12.854500918858335,8,0.00078125
0000110101,16772,"[2, 3, 1, 0]",9600,270.4448699951172,False,12.854500918858335,8,0.00078125
0000110101,16773,"[2, 3, 1, 0]",9600,270.4577445983887,True,12.854500918858335,8,0.00078125
0000110101,16774,"[2, 3, 1, 0]",9600,270.4744338989258,False,12.854500918858335,8,0.00078125
0000110101,16775,"[2, 3, 1, 0]",9600,270.4896926879883,True,12.854500918858335,8,0.00078125
0000110101,16776,"[2, 3, 1, 0]",9600,270.5068588256836,False,12.854500918858335,8,0.00078125
0000110101,16777,"[2, 3, 1, 0]",9600,270.5204486846924,True,12.854500918858335,8,0.00078125
1111000110,16778,"[1, 0, 3, 2]",465,270.5395221710205,False,14.729152320431943,8,0.00078125
1111000110,16779,"[1, 0, 3, 2]",465,270.5538272857666,True,14.729152320431943,8,0.00078125
1111000110,16780,"[1, 0, 3, 2]",465,270.5714702606201,False,14.729152320431943,8,0.00078125
1111000110,16781,"[1, 0, 3, 2]",465,270.5848217010498,True,14.729152320431943,8,0.00078125
1111000110,16782,"[1, 0, 3, 2]",465,270.6019878387451,False,14.729152320431943,8,0.00078125
1111000110,16783,"[1, 0, 3, 2]",465,270.63751220703125,True,14.729152320431943,8,0.00078125
1111000110,16784,"[1, 0, 3, 2]",465,270.65587043762207,False,14.729152320431943,8,0.00078125
1111000110,16785,"[1, 0, 3, 2]",465,270.66993713378906,True,14.729152320431943,8,0.00078125
1111000110,16786,"[1, 0, 3, 2]",465,270.6871032714844,False,14.729152320431943,8,0.00078125
1111000110,16787,"[1, 0, 3, 2]",465,270.70021629333496,True,14.729152320431943,8,0.00078125
1111000110,16788,"[1, 0, 3, 2]",465,270.7173824310303,False,14.729152320431943,8,0.00078125
1111000110,16789,"[1, 0, 3, 2]",465,270.73073387145996,True,14.729152320431943,8,0.00078125
1111000110,16790,"[1, 0, 3, 2]",465,270.7476615905762,False,14.729152320431943,8,0.00078125
1111000110,16791,"[1, 0, 3, 2]",465,270.76053619384766,True,14.729152320431943,8,0.00078125
1111000110,16792,"[1, 0, 3, 2]",465,270.77770233154297,False,14.729152320431943,8,0.00078125
1111000110,16793,"[1, 0, 3, 2]",465,270.79033851623535,True,14.729152320431943,8,0.00078125
0000101110,16794,"[3, 2, 1, 0]",9600,270.80774307250977,False,19.343709070385504,8,0.00078125
0000101110,16795,"[3, 2, 1, 0]",9600,270.82133293151855,True,19.343709070385504,8,0.00078125
0000101110,16796,"[3, 2, 1, 0]",9600,270.83873748779297,False,19.343709070385504,8,0.00078125
0000101110,16797,"[3, 2, 1, 0]",9600,270.85208892822266,True,19.343709070385504,8,0.00078125
0000101110,16798,"[3, 2, 1, 0]",9600,270.8711624145508,False,19.343709070385504,8,0.00078125
0000101110,16799,"[3, 2, 1, 0]",9600,270.88475227355957,True,19.343709070385504,8,0.00078125
0000101110,16800,"[3, 2, 1, 0]",9600,270.902156829834,False,19.343709070385504,8,0.00078125
0000101110,16801,"[3, 2, 1, 0]",9600,270.91526985168457,True,19.343709070385504,8,0.00078125
0000101110,16802,"[3, 2, 1, 0]",9600,270.9321975708008,False,19.343709070385504,8,0.00078125
0000101110,16803,"[3, 2, 1, 0]",9600,270.94507217407227,True,19.343709070385504,8,0.00078125
0000101110,16804,"[3, 2, 1, 0]",9600,270.9619998931885,False,19.343709070385504,8,0.00078125
0000101110,16805,"[3, 2, 1, 0]",9600,270.97487449645996,True,19.343709070385504,8,0.00078125
0000101110,16806,"[3, 2, 1, 0]",9600,270.99156379699707,False,19.343709070385504,8,0.00078125
0000101110,16807,"[3, 2, 1, 0]",9600,271.00443840026855,True,19.343709070385504,8,0.00078125
0000101110,16808,"[3, 2, 1, 0]",9600,271.02136611938477,False,19.343709070385504,8,0.00078125
0000101110,16809,"[3, 2, 1, 0]",9600,271.03424072265625,True,19.343709070385504,8,0.00078125
1001101011,16810,"[3, 2, 0, 1]",6600,271.05140686035156,False,27.749132501524016,8,0.00078125
1001101011,16811,"[3, 2, 0, 1]",6600,271.06428146362305,True,27.749132501524016,8,0.00078125
1001101011,16812,"[3, 2, 0, 1]",6600,271.08144760131836,False,27.749132501524016,8,0.00078125
1001101011,16813,"[3, 2, 0, 1]",6600,271.09432220458984,True,27.749132501524016,8,0.00078125
1001101011,16814,"[3, 2, 0, 1]",6600,271.11148834228516,False,27.749132501524016,8,0.00078125
1001101011,16815,"[3, 2, 0, 1]",6600,271.12460136413574,True,27.749132501524016,8,0.00078125
1001101011,16816,"[3, 2, 0, 1]",6600,271.14176750183105,False,27.749132501524016,8,0.00078125
1001101011,16817,"[3, 2, 0, 1]",6600,271.15440368652344,True,27.749132501524016,8,0.00078125
1001101011,16818,"[3, 2, 0, 1]",6600,271.17180824279785,False,27.749132501524016,8,0.00078125
1001101011,16819,"[3, 2, 0, 1]",6600,271.18659019470215,True,27.749132501524016,8,0.00078125
1001101011,16820,"[3, 2, 0, 1]",6600,271.2059020996094,False,27.749132501524016,8,0.00078125
1001101011,16821,"[3, 2, 0, 1]",6600,271.21949195861816,True,27.749132501524016,8,0.00078125
1001101011,16822,"[3, 2, 0, 1]",6600,271.2368965148926,False,27.749132501524016,8,0.00078125
1001101011,16823,"[3, 2, 0, 1]",6600,271.25000953674316,True,27.749132501524016,8,0.00078125
1001101011,16824,"[3, 2, 0, 1]",6600,271.2674140930176,False,27.749132501524016,8,0.00078125
1001101011,16825,"[3, 2, 0, 1]",6600,271.28028869628906,True,27.749132501524016,8,0.00078125
1110110101,16826,"[2, 0, 1, 3]",500,271.2976932525635,False,25.80849659003144,8,0.00078125
1110110101,16827,"[2, 0, 1, 3]",500,271.31152153015137,True,25.80849659003144,8,0.00078125
1110110101,16828,"[2, 0, 1, 3]",500,271.3289260864258,False,25.80849659003144,8,0.00078125
1110110101,16829,"[2, 0, 1, 3]",500,271.34203910827637,True,25.80849659003144,8,0.00078125
1110110101,16830,"[2, 0, 1, 3]",500,271.3594436645508,False,25.80849659003144,8,0.00078125
1110110101,16831,"[2, 0, 1, 3]",500,271.37255668640137,True,25.80849659003144,8,0.00078125
1110110101,16832,"[2, 0, 1, 3]",500,271.3899612426758,False,25.80849659003144,8,0.00078125
1110110101,16833,"[2, 0, 1, 3]",500,271.40331268310547,True,25.80849659003144,8,0.00078125
1110110101,16834,"[2, 0, 1, 3]",500,271.4207172393799,False,25.80849659003144,8,0.00078125
1110110101,16835,"[2, 0, 1, 3]",500,271.43406867980957,True,25.80849659003144,8,0.00078125
1110110101,16836,"[2, 0, 1, 3]",500,271.4512348175049,False,25.80849659003144,8,0.00078125
1110110101,16837,"[2, 0, 1, 3]",500,271.46434783935547,True,25.80849659003144,8,0.00078125
1110110101,16838,"[2, 0, 1, 3]",500,271.4812755584717,False,25.80849659003144,8,0.00078125
1110110101,16839,"[2, 0, 1, 3]",500,271.49438858032227,True,25.80849659003144,8,0.00078125
1110110101,16840,"[2, 0, 1, 3]",500,271.5129852294922,False,25.80849659003144,8,0.00078125
1110110101,16841,"[2, 0, 1, 3]",500,271.5260982513428,True,25.80849659003144,8,0.00078125
1100000111,16842,"[0, 3, 2, 1]",6300,271.5442180633545,False,10.18188720114459,8,0.00078125
1100000111,16843,"[0, 1, 3, 2]",465,271.5575695037842,True,10.18188720114459,8,0.00078125
1100000111,16844,"[0, 3, 2, 1]",6300,271.5749740600586,False,10.18188720114459,8,0.00078125
1100000111,16845,"[0, 1, 3, 2]",465,271.5885639190674,True,10.18188720114459,8,0.00078125
1100000111,16846,"[0, 3, 2, 1]",6300,271.6059684753418,False,10.18188720114459,8,0.00078125
1100000111,16847,"[0, 1, 3, 2]",465,271.6195583343506,True,10.18188720114459,8,0.00078125
1100000111,16848,"[0, 3, 2, 1]",6300,271.636962890625,False,10.18188720114459,8,0.00078125
1100000111,16849,"[0, 1, 3, 2]",465,271.6507911682129,True,10.18188720114459,8,0.00078125
1100000111,16850,"[0, 3, 2, 1]",6300,271.6681957244873,False,10.18188720114459,8,0.00078125
1100000111,16851,"[0, 1, 3, 2]",465,271.681547164917,True,10.18188720114459,8,0.00078125
1100000111,16852,"[0, 3, 2, 1]",6300,271.6989517211914,False,10.18188720114459,8,0.00078125
1100000111,16853,"[0, 1, 3, 2]",465,271.712064743042,True,10.18188720114459,8,0.00078125
1100000111,16854,"[0, 3, 2, 1]",6300,271.7292308807373,False,10.18188720114459,8,0.00078125
1100000111,16855,"[0, 1, 3, 2]",465,271.742582321167,True,10.18188720114459,8,0.00078125
1100000111,16856,"[0, 3, 2, 1]",6300,271.7599868774414,False,10.18188720114459,8,0.00078125
1100000111,16857,"[0, 1, 3, 2]",465,271.7728614807129,True,10.18188720114459,8,0.00078125
0100110110,16858,"[2, 3, 0, 1]",6600,271.7907428741455,False,20.365045929064948,8,0.00078125
0100110110,16859,"[2, 3, 0, 1]",6600,271.8038558959961,True,20.365045929064948,8,0.00078125
0100110110,16860,"[2, 3, 0, 1]",6600,271.8212604522705,False,20.365045929064948,8,0.00078125
0100110110,16861,"[2, 3, 0, 1]",6600,271.8358039855957,True,20.365045929064948,8,0.00078125
0100110110,16862,"[2, 3, 0, 1]",6600,271.8536853790283,False,20.365045929064948,8,0.00078125
0100110110,16863,"[2, 3, 0, 1]",6600,271.8665599822998,True,20.365045929064948,8,0.00078125
0100110110,16864,"[2, 3, 0, 1]",6600,271.8837261199951,False,20.365045929064948,8,0.00078125
0100110110,16865,"[2, 3, 0, 1]",6600,271.8966007232666,True,20.365045929064948,8,0.00078125
0100110110,16866,"[2, 3, 0, 1]",6600,271.914005279541,False,20.365045929064948,8,0.00078125
0100110110,16867,"[2, 3, 0, 1]",6600,271.9266414642334,True,20.365045929064948,8,0.00078125
0100110110,16868,"[2, 3, 0, 1]",6600,271.9440460205078,False,20.365045929064948,8,0.00078125
0100110110,16869,"[2, 3, 0, 1]",6600,271.9564437866211,True,20.365045929064948,8,0.00078125
0100110110,16870,"[2, 3, 0, 1]",6600,271.9762325286865,False,20.365045929064948,8,0.00078125
0100110110,16871,"[2, 3, 0, 1]",6600,271.9900608062744,True,20.365045929064948,8,0.00078125
0100110110,16872,"[2, 3, 0, 1]",6600,272.00794219970703,False,20.365045929064948,8,0.00078125
0100110110,16873,"[2, 3, 0, 1]",6600,272.0208168029785,True,20.365045929064948,8,0.00078125
0101001001,16874,"[3, 1, 0, 2]",900,272.03845977783203,False,9.565077850771768,8,0.00078125
0101001001,16875,"[3, 1, 0, 2]",900,272.0522880554199,True,9.565077850771768,8,0.00078125
0101001001,16876,"[3, 1, 0, 2]",900,272.06969261169434,False,9.565077850771768,8,0.00078125
0101001001,16877,"[3, 1, 0, 2]",900,272.0832824707031,True,9.565077850771768,8,0.00078125
0101001001,16878,"[3, 1, 0, 2]",900,272.10068702697754,False,9.565077850771768,8,0.00078125
0101001001,16879,"[3, 1, 0, 2]",900,272.1142768859863,True,9.565077850771768,8,0.00078125
0101001001,16880,"[3, 1, 0, 2]",900,272.13144302368164,False,9.565077850771768,8,0.00078125
0101001001,16881,"[3, 1, 0, 2]",900,272.1447944641113,True,9.565077850771768,8,0.00078125
0101001001,16882,"[3, 1, 0, 2]",900,272.16362953186035,False,9.565077850771768,8,0.00078125
0101001001,16883,"[3, 1, 0, 2]",900,272.17698097229004,True,9.565077850771768,8,0.00078125
0101001001,16884,"[3, 1, 0, 2]",900,272.19462394714355,False,9.565077850771768,8,0.00078125
0101001001,16885,"[3, 1, 0, 2]",900,272.20773696899414,True,9.565077850771768,8,0.00078125
0101001001,16886,"[3, 1, 0, 2]",900,272.22490310668945,False,9.565077850771768,8,0.00078125
0101001001,16887,"[3, 1, 0, 2]",900,272.23801612854004,True,9.565077850771768,8,0.00078125
0101001001,16888,"[3, 1, 0, 2]",900,272.25518226623535,False,9.565077850771768,8,0.00078125
0101001001,16889,"[3, 1, 0, 2]",900,272.26853370666504,True,9.565077850771768,8,0.00078125
0110100110,16890,"[2, 1, 3, 0]",9300,272.28593826293945,False,16.318016911728506,8,0.00078125
0110100110,16891,"[2, 1, 0, 3]",600,272.29952812194824,True,16.318016911728506,8,0.00078125
0110100110,16892,"[2, 1, 3, 0]",9300,272.31717109680176,False,16.318016911728506,8,0.00078125
0110100110,16893,"[2, 1, 0, 3]",600,272.33028411865234,True,16.318016911728506,8,0.00078125
0110100110,16894,"[2, 1, 3, 0]",9300,272.34768867492676,False,16.318016911728506,8,0.00078125
0110100110,16895,"[2, 1, 0, 3]",600,272.36104011535645,True,16.318016911728506,8,0.00078125
0110100110,16896,"[2, 1, 3, 0]",9300,272.37844467163086,False,16.318016911728506,8,0.00078125
0110100110,16897,"[2, 1, 0, 3]",600,272.39179611206055,True,16.318016911728506,8,0.00078125
0110100110,16898,"[2, 1, 3, 0]",9300,272.40920066833496,False,16.318016911728506,8,0.00078125
0110100110,16899,"[2, 1, 0, 3]",600,272.42255210876465,True,16.318016911728506,8,0.00078125
0110100110,16900,"[2, 1, 3, 0]",9300,272.44019508361816,False,16.318016911728506,8,0.00078125
0110100110,16901,"[2, 1, 0, 3]",600,272.45378494262695,True,16.318016911728506,8,0.00078125
0110100110,16902,"[2, 1, 3, 0]",9300,272.47118949890137,False,16.318016911728506,8,0.00078125
0110100110,16903,"[2, 1, 0, 3]",600,272.48597145080566,True,16.318016911728506,8,0.00078125
0110100110,16904,"[2, 1, 3, 0]",9300,272.5038528442383,False,16.318016911728506,8,0.00078125
0110100110,16905,"[2, 1, 0, 3]",600,272.51720428466797,True,16.318016911728506,8,0.00078125
0010101101,16906,"[3, 2, 1, 0]",9600,272.5343704223633,False,33.86367851516228,8,0.00078125
0010101101,16907,"[3, 2, 1, 0]",9600,272.54748344421387,True,33.86367851516228,8,0.00078125
0010101101,16908,"[3, 2, 1, 0]",9600,272.5644111633301,False,33.86367851516228,8,0.00078125
0010101101,16909,"[3, 2, 1, 0]",9600,272.57752418518066,True,33.86367851516228,8,0.00078125
0010101101,16910,"[3, 2, 1, 0]",9600,272.594690322876,False,33.86367851516228,8,0.00078125
0010101101,16911,"[3, 2, 1, 0]",9600,272.60732650756836,True,33.86367851516228,8,0.00078125
0010101101,16912,"[3, 2, 1, 0]",9600,272.6244926452637,False,33.86367851516228,8,0.00078125
0010101101,16913,"[3, 2, 1, 0]",9600,272.63712882995605,True,33.86367851516228,8,0.00078125
0010101101,16914,"[3, 2, 1, 0]",9600,272.65429496765137,False,33.86367851516228,8,0.00078125
0010101101,16915,"[3, 2, 1, 0]",9600,272.66669273376465,True,33.86367851516228,8,0.00078125
0010101101,16916,"[3, 2, 1, 0]",9600,272.68385887145996,False,33.86367851516228,8,0.00078125
0010101101,16917,"[3, 2, 1, 0]",9600,272.69673347473145,True,33.86367851516228,8,0.00078125
0010101101,16918,"[3, 2, 1, 0]",9600,272.71342277526855,False,33.86367851516228,8,0.00078125
0010101101,16919,"[3, 2, 1, 0]",9600,272.72605895996094,True,33.86367851516228,8,0.00078125
0010101101,16920,"[3, 2, 1, 0]",9600,272.74465560913086,False,33.86367851516228,8,0.00078125
0010101101,16921,"[3, 2, 1, 0]",9600,272.75800704956055,True,33.86367851516228,8,0.00078125
1001110110,16922,"[2, 0, 3, 1]",6200,272.77612686157227,False,21.32871287307443,8,0.00078125
1001110110,16923,"[2, 0, 1, 3]",500,272.78995513916016,True,21.32871287307443,8,0.00078125
1001110110,16924,"[2, 0, 3, 1]",6200,272.810697555542,False,21.32871287307443,8,0.00078125
1001110110,16925,"[2, 0, 1, 3]",500,272.8245258331299,True,21.32871287307443,8,0.00078125
1001110110,16926,"[2, 0, 3, 1]",6200,272.8426456451416,False,21.32871287307443,8,0.00078125
1001110110,16927,"[2, 0, 1, 3]",500,272.8559970855713,True,21.32871287307443,8,0.00078125
1001110110,16928,"[2, 0, 3, 1]",6200,272.8731632232666,False,21.32871287307443,8,0.00078125
1001110110,16929,"[2, 0, 1, 3]",500,272.8867530822754,True,21.32871287307443,8,0.00078125
1001110110,16930,"[2, 0, 3, 1]",6200,272.9039192199707,False,21.32871287307443,8,0.00078125
1001110110,16931,"[2, 0, 1, 3]",500,272.9170322418213,True,21.32871287307443,8,0.00078125
1001110110,16932,"[2, 0, 3, 1]",6200,272.9341983795166,False,21.32871287307443,8,0.00078125
1001110110,16933,"[2, 0, 1, 3]",500,272.9473114013672,True,21.32871287307443,8,0.00078125
1001110110,16934,"[2, 0, 3, 1]",6200,272.9647159576416,False,21.32871287307443,8,0.00078125
1001110110,16935,"[2, 0, 1, 3]",500,272.977352142334,True,21.32871287307443,8,0.00078125
1001110110,16936,"[2, 0, 3, 1]",6200,272.9947566986084,False,21.32871287307443,8,0.00078125
1001110110,16937,"[2, 0, 1, 3]",500,273.0076313018799,True,21.32871287307443,8,0.00078125
0111001100,16938,"[3, 1, 0, 2]",900,273.0250358581543,False,20.385498314058843,8,0.00078125
0111001100,16939,"[3, 1, 0, 2]",900,273.038387298584,True,20.385498314058843,8,0.00078125
0111001100,16940,"[3, 1, 0, 2]",900,273.0560302734375,False,20.385498314058843,8,0.00078125
0111001100,16941,"[3, 1, 0, 2]",900,273.0696201324463,True,20.385498314058843,8,0.00078125
0111001100,16942,"[3, 1, 0, 2]",900,273.0870246887207,False,20.385498314058843,8,0.00078125
0111001100,16943,"[3, 1, 0, 2]",900,273.101806640625,True,20.385498314058843,8,0.00078125
0111001100,16944,"[3, 1, 0, 2]",900,273.1194496154785,False,20.385498314058843,8,0.00078125
0111001100,16945,"[3, 1, 0, 2]",900,273.1330394744873,True,20.385498314058843,8,0.00078125
0111001100,16946,"[3, 1, 0, 2]",900,273.15235137939453,False,20.385498314058843,8,0.00078125
0111001100,16947,"[3, 1, 0, 2]",900,273.1657028198242,True,20.385498314058843,8,0.00078125
0111001100,16948,"[3, 1, 0, 2]",900,273.18310737609863,False,20.385498314058843,8,0.00078125
0111001100,16949,"[3, 1, 0, 2]",900,273.195743560791,True,20.385498314058843,8,0.00078125
0111001100,16950,"[3, 1, 0, 2]",900,273.2129096984863,False,20.385498314058843,8,0.00078125
0111001100,16951,"[3, 1, 0, 2]",900,273.2260227203369,True,20.385498314058843,8,0.00078125
0111001100,16952,"[3, 1, 0, 2]",900,273.2431888580322,False,20.385498314058843,8,0.00078125
0111001100,16953,"[3, 1, 0, 2]",900,273.2565402984619,True,20.385498314058843,8,0.00078125
0001001100,16954,"[3, 1, 2, 0]",9450,273.2739448547363,False,13.221423844398668,8,0.00078125
0001001100,16955,"[3, 1, 0, 2]",900,273.287296295166,True,13.221423844398668,8,0.00078125
0001001100,16956,"[3, 1, 2, 0]",9450,273.3044624328613,False,13.221423844398668,8,0.00078125
0001001100,16957,"[3, 1, 0, 2]",900,273.3175754547119,True,13.221423844398668,8,0.00078125
0001001100,16958,"[3, 1, 2, 0]",9450,273.3349800109863,False,13.221423844398668,8,0.00078125
0001001100,16959,"[3, 1, 0, 2]",900,273.3480930328369,True,13.221423844398668,8,0.00078125
0001001100,16960,"[3, 1, 2, 0]",9450,273.3652591705322,False,13.221423844398668,8,0.00078125
0001001100,16961,"[3, 1, 0, 2]",900,273.3783721923828,True,13.221423844398668,8,0.00078125
0001001100,16962,"[3, 1, 2, 0]",9450,273.3957767486572,False,13.221423844398668,8,0.00078125
0001001100,16963,"[3, 1, 0, 2]",900,273.4088897705078,True,13.221423844398668,8,0.00078125
0001001100,16964,"[3, 1, 2, 0]",9450,273.4262943267822,False,13.221423844398668,8,0.00078125
0001001100,16965,"[3, 1, 0, 2]",900,273.4391689300537,True,13.221423844398668,8,0.00078125
0001001100,16966,"[3, 1, 2, 0]",9450,273.45824241638184,False,13.221423844398668,8,0.00078125
0001001100,16967,"[3, 1, 0, 2]",900,273.4718322753906,True,13.221423844398668,8,0.00078125
0001001100,16968,"[3, 1, 2, 0]",9450,273.4942436218262,False,13.221423844398668,8,0.00078125
0001001100,16969,"[3, 1, 0, 2]",900,273.50759506225586,True,13.221423844398668,8,0.00078125
0101110111,16970,"[2, 3, 1, 0]",9600,273.5269069671631,False,23.726652881746467,8,0.00078125
0101110111,16971,"[2, 3, 1, 0]",9600,273.5404968261719,True,23.726652881746467,8,0.00078125
0101110111,16972,"[2, 3, 1, 0]",9600,273.5581398010254,False,23.726652881746467,8,0.00078125
0101110111,16973,"[2, 3, 1, 0]",9600,273.5710144042969,True,23.726652881746467,8,0.00078125
0101110111,16974,"[2, 3, 1, 0]",9600,273.5884189605713,False,23.726652881746467,8,0.00078125
0101110111,16975,"[2, 3, 1, 0]",9600,273.6012935638428,True,23.726652881746467,8,0.00078125
0101110111,16976,"[2, 3, 1, 0]",9600,273.6186981201172,False,23.726652881746467,8,0.00078125
0101110111,16977,"[2, 3, 1, 0]",9600,273.6315727233887,True,23.726652881746467,8,0.00078125
0101110111,16978,"[2, 3, 1, 0]",9600,273.6489772796631,False,23.726652881746467,8,0.00078125
0101110111,16979,"[2, 3, 1, 0]",9600,273.66185188293457,True,23.726652881746467,8,0.00078125
0101110111,16980,"[2, 3, 1, 0]",9600,273.6787796020508,False,23.726652881746467,8,0.00078125
0101110111,16981,"[2, 3, 1, 0]",9600,273.69189262390137,True,23.726652881746467,8,0.00078125
0101110111,16982,"[2, 3, 1, 0]",9600,273.7088203430176,False,23.726652881746467,8,0.00078125
0101110111,16983,"[2, 3, 1, 0]",9600,273.72193336486816,True,23.726652881746467,8,0.00078125
0101110111,16984,"[2, 3, 1, 0]",9600,273.7390995025635,False,23.726652881746467,8,0.00078125
0101110111,16985,"[2, 3, 1, 0]",9600,273.75173568725586,True,23.726652881746467,8,0.00078125
0101110000,16986,"[2, 1, 0, 3]",600,273.7689018249512,False,15.783051269640659,8,0.00078125
0101110000,16987,"[2, 1, 0, 3]",600,273.7841606140137,True,15.783051269640659,8,0.00078125
0101110000,16988,"[2, 1, 0, 3]",600,273.8022804260254,False,15.783051269640659,8,0.00078125
0101110000,16989,"[2, 1, 0, 3]",600,273.8158702850342,True,15.783051269640659,8,0.00078125
0101110000,16990,"[2, 1, 0, 3]",600,273.8330364227295,False,15.783051269640659,8,0.00078125
0101110000,16991,"[2, 1, 0, 3]",600,273.8463878631592,True,15.783051269640659,8,0.00078125
0101110000,16992,"[2, 1, 0, 3]",600,273.8637924194336,False,15.783051269640659,8,0.00078125
0101110000,16993,"[2, 1, 0, 3]",600,273.8766670227051,True,15.783051269640659,8,0.00078125
0101110000,16994,"[2, 1, 0, 3]",600,273.8938331604004,False,15.783051269640659,8,0.00078125
0101110000,16995,"[2, 1, 0, 3]",600,273.906946182251,True,15.783051269640659,8,0.00078125
0101110000,16996,"[2, 1, 0, 3]",600,273.9241123199463,False,15.783051269640659,8,0.00078125
0101110000,16997,"[2, 1, 0, 3]",600,273.9369869232178,True,15.783051269640659,8,0.00078125
0101110000,16998,"[2, 1, 0, 3]",600,273.953914642334,False,15.783051269640659,8,0.00078125
0101110000,16999,"[2, 1, 0, 3]",600,273.96655082702637,True,15.783051269640659,8,0.00078125
0101110000,17000,"[2, 1, 0, 3]",600,274.0001678466797,False,15.783051269640659,8,0.00078125
0101110000,17001,"[2, 1, 0, 3]",600,274.0137577056885,True,15.783051269640659,8,0.00078125
0000110110,17002,"[2, 3, 1, 0]",9600,274.0316390991211,False,15.80874342829766,8,0.00078125
0000110110,17003,"[2, 3, 1, 0]",9600,274.0452289581299,True,15.80874342829766,8,0.00078125
0000110110,17004,"[2, 3, 1, 0]",9600,274.0631103515625,False,15.80874342829766,8,0.00078125
0000110110,17005,"[2, 3, 1, 0]",9600,274.0769386291504,True,15.80874342829766,8,0.00078125
0000110110,17006,"[2, 3, 1, 0]",9600,274.094820022583,False,15.80874342829766,8,0.00078125
0000110110,17007,"[2, 3, 1, 0]",9600,274.1081714630127,True,15.80874342829766,8,0.00078125
0000110110,17008,"[2, 3, 1, 0]",9600,274.1274833679199,False,15.80874342829766,8,0.00078125
0000110110,17009,"[2, 3, 1, 0]",9600,274.1410732269287,True,15.80874342829766,8,0.00078125
0000110110,17010,"[2, 3, 1, 0]",9600,274.15943145751953,False,15.80874342829766,8,0.00078125
0000110110,17011,"[2, 3, 1, 0]",9600,274.1727828979492,True,15.80874342829766,8,0.00078125
0000110110,17012,"[2, 3, 1, 0]",9600,274.19066429138184,False,15.80874342829766,8,0.00078125
0000110110,17013,"[2, 3, 1, 0]",9600,274.2040157318115,True,15.80874342829766,8,0.00078125
0000110110,17014,"[2, 3, 1, 0]",9600,274.22189712524414,False,15.80874342829766,8,0.00078125
0000110110,17015,"[2, 3, 1, 0]",9600,274.2350101470947,True,15.80874342829766,8,0.00078125
0000110110,17016,"[2, 3, 1, 0]",9600,274.25289154052734,False,15.80874342829766,8,0.00078125
0000110110,17017,"[2, 3, 1, 0]",9600,274.26600456237793,True,15.80874342829766,8,0.00078125
0101011010,17018,"[3, 2, 1, 0]",9600,274.28388595581055,False,20.318016911728506,8,0.00078125
0101011010,17019,"[3, 2, 1, 0]",9600,274.29723739624023,True,20.318016911728506,8,0.00078125
0101011010,17020,"[3, 2, 1, 0]",9600,274.31535720825195,False,20.318016911728506,8,0.00078125
0101011010,17021,"[3, 2, 1, 0]",9600,274.33013916015625,True,20.318016911728506,8,0.00078125
0101011010,17022,"[3, 2, 1, 0]",9600,274.3487358093262,False,20.318016911728506,8,0.00078125
0101011010,17023,"[3, 2, 1, 0]",9600,274.36256408691406,True,20.318016911728506,8,0.00078125
0101011010,17024,"[3, 2, 1, 0]",9600,274.3809223175049,False,20.318016911728506,8,0.00078125
0101011010,17025,"[3, 2, 1, 0]",9600,274.3945121765137,True,20.318016911728506,8,0.00078125
0101011010,17026,"[3, 2, 1, 0]",9600,274.4126319885254,False,20.318016911728506,8,0.00078125
0101011010,17027,"[3, 2, 1, 0]",9600,274.4262218475342,True,20.318016911728506,8,0.00078125
0101011010,17028,"[3, 2, 1, 0]",9600,274.4441032409668,False,20.318016911728506,8,0.00078125
0101011010,17029,"[3, 2, 1, 0]",9600,274.4596004486084,True,20.318016911728506,8,0.00078125
0101011010,17030,"[3, 2, 1, 0]",9600,274.4781970977783,False,20.318016911728506,8,0.00078125
0101011010,17031,"[3, 2, 1, 0]",9600,274.4917869567871,True,20.318016911728506,8,0.00078125
0101011010,17032,"[3, 2, 1, 0]",9600,274.5096683502197,False,20.318016911728506,8,0.00078125
0101011010,17033,"[3, 2, 1, 0]",9600,274.5230197906494,True,20.318016911728506,8,0.00078125
1001000111,17034,"[0, 3, 1, 2]",750,274.54090118408203,False,12.73311161570339,8,0.00078125
1001000111,17035,"[0, 1, 3, 2]",465,274.5554447174072,True,12.73311161570339,8,0.00078125
1001000111,17036,"[0, 3, 1, 2]",750,274.57332611083984,False,12.73311161570339,8,0.00078125
1001000111,17037,"[0, 1, 3, 2]",465,274.58739280700684,True,12.73311161570339,8,0.00078125
1001000111,17038,"[0, 3, 1, 2]",750,274.60551261901855,False,12.73311161570339,8,0.00078125
1001000111,17039,"[0, 1, 3, 2]",465,274.61934089660645,True,12.73311161570339,8,0.00078125
1001000111,17040,"[0, 3, 1, 2]",750,274.63769912719727,False,12.73311161570339,8,0.00078125
1001000111,17041,"[0, 1, 3, 2]",465,274.6613025665283,True,12.73311161570339,8,0.00078125
1001000111,17042,"[0, 3, 1, 2]",750,274.67846870422363,False,12.73311161570339,8,0.00078125
1001000111,17043,"[0, 1, 3, 2]",465,274.6913433074951,True,12.73311161570339,8,0.00078125
1001000111,17044,"[0, 3, 1, 2]",750,274.70850944519043,False,12.73311161570339,8,0.00078125
1001000111,17045,"[0, 1, 3, 2]",465,274.7213840484619,True,12.73311161570339,8,0.00078125
1001000111,17046,"[0, 3, 1, 2]",750,274.7385501861572,False,12.73311161570339,8,0.00078125
1001000111,17047,"[0, 1, 3, 2]",465,274.7511863708496,True,12.73311161570339,8,0.00078125
1001000111,17048,"[0, 3, 1, 2]",750,274.7683525085449,False,12.73311161570339,8,0.00078125
1001000111,17049,"[0, 1, 3, 2]",465,274.7812271118164,True,12.73311161570339,8,0.00078125
0010101010,17050,"[3, 2, 1, 0]",9600,274.7995853424072,False,36.72754880457836,8,0.00078125
0010101010,17051,"[3, 2, 1, 0]",9600,274.813175201416,True,36.72754880457836,8,0.00078125
0010101010,17052,"[3, 2, 1, 0]",9600,274.83105659484863,False,36.72754880457836,8,0.00078125
0010101010,17053,"[3, 2, 1, 0]",9600,274.8446464538574,True,36.72754880457836,8,0.00078125
0010101010,17054,"[3, 2, 1, 0]",9600,274.86181259155273,False,36.72754880457836,8,0.00078125
0010101010,17055,"[3, 2, 1, 0]",9600,274.8751640319824,True,36.72754880457836,8,0.00078125
0010101010,17056,"[3, 2, 1, 0]",9600,274.89209175109863,False,36.72754880457836,8,0.00078125
0010101010,17057,"[3, 2, 1, 0]",9600,274.9054431915283,True,36.72754880457836,8,0.00078125
0010101010,17058,"[3, 2, 1, 0]",9600,274.92237091064453,False,36.72754880457836,8,0.00078125
0010101010,17059,"[3, 2, 1, 0]",9600,274.935245513916,True,36.72754880457836,8,0.00078125
0010101010,17060,"[3, 2, 1, 0]",9600,274.9521732330322,False,36.72754880457836,8,0.00078125
0010101010,17061,"[3, 2, 1, 0]",9600,274.9652862548828,True,36.72754880457836,8,0.00078125
0010101010,17062,"[3, 2, 1, 0]",9600,274.982213973999,False,36.72754880457836,8,0.00078125
0010101010,17063,"[3, 2, 1, 0]",9600,274.9950885772705,True,36.72754880457836,8,0.00078125
0010101010,17064,"[3, 2, 1, 0]",9600,275.0122547149658,False,36.72754880457836,8,0.00078125
0010101010,17065,"[3, 2, 1, 0]",9600,275.0248908996582,True,36.72754880457836,8,0.00078125
1111001001,17066,"[1, 0, 3, 2]",465,275.0422954559326,False,20.729152320431943,8,0.00078125
1111001001,17067,"[1, 0, 3, 2]",465,275.0558853149414,True,20.729152320431943,8,0.00078125
1111001001,17068,"[1, 0, 3, 2]",465,275.0732898712158,False,20.729152320431943,8,0.00078125
1111001001,17069,"[1, 0, 3, 2]",465,275.0866413116455,True,20.729152320431943,8,0.00078125
1111001001,17070,"[1, 0, 3, 2]",465,275.1038074493408,False,20.729152320431943,8,0.00078125
1111001001,17071,"[1, 0, 3, 2]",465,275.1202583312988,True,20.729152320431943,8,0.00078125
1111001001,17072,"[1, 0, 3, 2]",465,275.13837814331055,False,20.729152320431943,8,0.00078125
1111001001,17073,"[1, 0, 3, 2]",465,275.15172958374023,True,20.729152320431943,8,0.00078125
1111001001,17074,"[1, 0, 3, 2]",465,275.16913414001465,False,20.729152320431943,8,0.00078125
1111001001,17075,"[1, 0, 3, 2]",465,275.18200874328613,True,20.729152320431943,8,0.00078125
1111001001,17076,"[1, 0, 3, 2]",465,275.19917488098145,False,20.729152320431943,8,0.00078125
1111001001,17077,"[1, 0, 3, 2]",465,275.21204948425293,True,20.729152320431943,8,0.00078125
1111001001,17078,"[1, 0, 3, 2]",465,275.22945404052734,False,20.729152320431943,8,0.00078125
1111001001,17079,"[1, 0, 3, 2]",465,275.24256706237793,True,20.729152320431943,8,0.00078125
1111001001,17080,"[1, 0, 3, 2]",465,275.25973320007324,False,20.729152320431943,8,0.00078125
1111001001,17081,"[1, 0, 3, 2]",465,275.2728462219238,True,20.729152320431943,8,0.00078125
1101001111,17082,"[3, 0, 1, 2]",750,275.29001235961914,False,11.221423844398672,7,0.00068359375
1101001111,17083,"[3, 0, 1, 2]",750,275.30384063720703,True,11.221423844398672,7,0.00068359375
1101001111,17084,"[3, 0, 1, 2]",750,275.32052993774414,False,11.221423844398672,7,0.00068359375
1101001111,17085,"[3, 0, 1, 2]",750,275.33411979675293,True,11.221423844398672,7,0.00068359375
1101001111,17086,"[3, 0, 1, 2]",750,275.35128593444824,False,11.221423844398672,7,0.00068359375
1101001111,17087,"[3, 0, 1, 2]",750,275.3643989562988,True,11.221423844398672,7,0.00068359375
1101001111,17088,"[3, 0, 1, 2]",750,275.38132667541504,False,11.221423844398672,7,0.00068359375
1101001111,17089,"[3, 0, 1, 2]",750,275.3944396972656,True,11.221423844398672,7,0.00068359375
1101001111,17090,"[3, 0, 1, 2]",750,275.41160583496094,False,11.221423844398672,7,0.00068359375
1101001111,17091,"[3, 0, 1, 2]",750,275.4244804382324,True,11.221423844398672,7,0.00068359375
1101001111,17092,"[3, 0, 1, 2]",750,275.44307708740234,False,11.221423844398672,7,0.00068359375
1101001111,17093,"[3, 0, 1, 2]",750,275.45666694641113,True,11.221423844398672,7,0.00068359375
1101001111,17094,"[3, 0, 1, 2]",750,275.47407150268555,False,11.221423844398672,7,0.00068359375
1101001111,17095,"[3, 0, 1, 2]",750,275.48694610595703,True,11.221423844398672,7,0.00068359375
1100001101,17096,"[3, 0, 2, 1]",6300,275.50411224365234,False,12.318016911728506,7,0.00068359375
1100001101,17097,"[3, 0, 1, 2]",750,275.51722526550293,True,12.318016911728506,7,0.00068359375
1100001101,17098,"[3, 0, 2, 1]",6300,275.53439140319824,False,12.318016911728506,7,0.00068359375
1100001101,17099,"[3, 0, 1, 2]",750,275.5472660064697,True,12.318016911728506,7,0.00068359375
1100001101,17100,"[3, 0, 2, 1]",6300,275.56443214416504,False,12.318016911728506,7,0.00068359375
1100001101,17101,"[3, 0, 1, 2]",750,275.5775451660156,True,12.318016911728506,7,0.00068359375
1100001101,17102,"[3, 0, 2, 1]",6300,275.59494972229004,False,12.318016911728506,7,0.00068359375
1100001101,17103,"[3, 0, 1, 2]",750,275.6080627441406,True,12.318016911728506,7,0.00068359375
1100001101,17104,"[3, 0, 2, 1]",6300,275.62522888183594,False,12.318016911728506,7,0.00068359375
1100001101,17105,"[3, 0, 1, 2]",750,275.6383419036865,True,12.318016911728506,7,0.00068359375
1100001101,17106,"[3, 0, 2, 1]",6300,275.65550804138184,False,12.318016911728506,7,0.00068359375
1100001101,17107,"[3, 0, 1, 2]",750,275.6688594818115,True,12.318016911728506,7,0.00068359375
1100001101,17108,"[3, 0, 2, 1]",6300,275.68626403808594,False,12.318016911728506,7,0.00068359375
1100001101,17109,"[3, 0, 1, 2]",750,275.6996154785156,True,12.318016911728506,7,0.00068359375
0101111000,17110,"[2, 3, 1, 0]",9600,275.71725845336914,False,21.80849659003144,7,0.00068359375
0101111000,17111,"[2, 3, 1, 0]",9600,275.73204040527344,True,21.80849659003144,7,0.00068359375
0101111000,17112,"[2, 3, 1, 0]",9600,275.74944496154785,False,21.80849659003144,7,0.00068359375
0101111000,17113,"[2, 3, 1, 0]",9600,275.76327323913574,True,21.80849659003144,7,0.00068359375
0101111000,17114,"[2, 3, 1, 0]",9600,275.78210830688477,False,21.80849659003144,7,0.00068359375
0101111000,17115,"[2, 3, 1, 0]",9600,275.79545974731445,True,21.80849659003144,7,0.00068359375
0101111000,17116,"[2, 3, 1, 0]",9600,275.81262588500977,False,21.80849659003144,7,0.00068359375
0101111000,17117,"[2, 3, 1, 0]",9600,275.82550048828125,True,21.80849659003144,7,0.00068359375
0101111000,17118,"[2, 3, 1, 0]",9600,275.84266662597656,False,21.80849659003144,7,0.00068359375
0101111000,17119,"[2, 3, 1, 0]",9600,275.85530281066895,True,21.80849659003144,7,0.00068359375
0101111000,17120,"[2, 3, 1, 0]",9600,275.87270736694336,False,21.80849659003144,7,0.00068359375
0101111000,17121,"[2, 3, 1, 0]",9600,275.88534355163574,True,21.80849659003144,7,0.00068359375
0101111000,17122,"[2, 3, 1, 0]",9600,275.90394020080566,False,21.80849659003144,7,0.00068359375
0101111000,17123,"[2, 3, 1, 0]",9600,275.91729164123535,True,21.80849659003144,7,0.00068359375
1010101010,17124,"[3, 2, 1, 0]",9600,275.93517303466797,False,49.63603382345701,7,0.00068359375
1010101010,17125,"[3, 2, 1, 0]",9600,275.94780921936035,True,49.63603382345701,7,0.00068359375
1010101010,17126,"[3, 2, 1, 0]",9600,275.96521377563477,False,49.63603382345701,7,0.00068359375
1010101010,17127,"[3, 2, 1, 0]",9600,275.97784996032715,True,49.63603382345701,7,0.00068359375
1010101010,17128,"[3, 2, 1, 0]",9600,275.99501609802246,False,49.63603382345701,7,0.00068359375
1010101010,17129,"[3, 2, 1, 0]",9600,276.00741386413574,True,49.63603382345701,7,0.00068359375
1010101010,17130,"[3, 2, 1, 0]",9600,276.02458000183105,False,49.63603382345701,7,0.00068359375
1010101010,17131,"[3, 2, 1, 0]",9600,276.0593891143799,True,49.63603382345701,7,0.00068359375
1010101010,17132,"[3, 2, 1, 0]",9600,276.0772705078125,False,49.63603382345701,7,0.00068359375
1010101010,17133,"[3, 2, 1, 0]",9600,276.0910987854004,True,49.63603382345701,7,0.00068359375
1010101010,17134,"[3, 2, 1, 0]",9600,276.1213779449463,False,49.63603382345701,7,0.00068359375
1010101010,17135,"[3, 2, 1, 0]",9600,276.1375904083252,True,49.63603382345701,7,0.00068359375
1010101010,17136,"[3, 2, 1, 0]",9600,276.155948638916,False,49.63603382345701,7,0.00068359375
1010101010,17137,"[3, 2, 1, 0]",9600,276.1693000793457,True,49.63603382345701,7,0.00068359375
1111100001,17138,"[1, 0, 2, 3]",315,276.1869430541992,False,19.473562869650422,7,0.00068359375
1111100001,17139,"[1, 0, 2, 3]",315,276.2010097503662,True,19.473562869650422,7,0.00068359375
1111100001,17140,"[1, 0, 2, 3]",315,276.2184143066406,False,19.473562869650422,7,0.00068359375
1111100001,17141,"[1, 0, 2, 3]",315,276.2315273284912,True,19.473562869650422,7,0.00068359375
1111100001,17142,"[1, 0, 2, 3]",315,276.2486934661865,False,19.473562869650422,7,0.00068359375
1111100001,17143,"[1, 0, 2, 3]",315,276.2613296508789,True,19.473562869650422,7,0.00068359375
1111100001,17144,"[1, 0, 2, 3]",315,276.2787342071533,False,19.473562869650422,7,0.00068359375
1111100001,17145,"[1, 0, 2, 3]",315,276.2918472290039,True,19.473562869650422,7,0.00068359375
1111100001,17146,"[1, 0, 2, 3]",315,276.3090133666992,False,19.473562869650422,7,0.00068359375
1111100001,17147,"[1, 0, 2, 3]",315,276.3221263885498,True,19.473562869650422,7,0.00068359375
1111100001,17148,"[1, 0, 2, 3]",315,276.3392925262451,False,19.473562869650422,7,0.00068359375
1111100001,17149,"[1, 0, 2, 3]",315,276.3519287109375,True,19.473562869650422,7,0.00068359375
1111100001,17150,"[1, 0, 2, 3]",315,276.3690948486328,False,19.473562869650422,7,0.00068359375
1111100001,17151,"[1, 0, 2, 3]",315,276.3819694519043,True,19.473562869650422,7,0.00068359375
1100011001,17152,"[0, 3, 2, 1]",6300,276.3991355895996,False,13.828808760201333,7,0.00068359375
1100011001,17153,"[0, 1, 3, 2]",465,276.4127254486084,True,13.828808760201333,7,0.00068359375
1100011001,17154,"[0, 3, 2, 1]",6300,276.4301300048828,False,13.828808760201333,7,0.00068359375
1100011001,17155,"[0, 1, 3, 2]",465,276.444673538208,True,13.828808760201333,7,0.00068359375
1100011001,17156,"[0, 3, 2, 1]",6300,276.4627933502197,False,13.828808760201333,7,0.00068359375
1100011001,17157,"[0, 1, 3, 2]",465,276.4761447906494,True,13.828808760201333,7,0.00068359375
1100011001,17158,"[0, 3, 2, 1]",6300,276.4935493469238,False,13.828808760201333,7,0.00068359375
1100011001,17159,"[0, 1, 3, 2]",465,276.5069007873535,True,13.828808760201333,7,0.00068359375
1100011001,17160,"[0, 3, 2, 1]",6300,276.52454376220703,False,13.828808760201333,7,0.00068359375
1100011001,17161,"[0, 1, 3, 2]",465,276.5381336212158,True,13.828808760201333,7,0.00068359375
1100011001,17162,"[0, 3, 2, 1]",6300,276.55577659606934,False,13.828808760201333,7,0.00068359375
1100011001,17163,"[0, 1, 3, 2]",465,276.5688896179199,True,13.828808760201333,7,0.00068359375
1100011001,17164,"[0, 3, 2, 1]",6300,276.58605575561523,False,13.828808760201333,7,0.00068359375
1100011001,17165,"[0, 1, 3, 2]",465,276.5991687774658,True,13.828808760201333,7,0.00068359375
0111101010,17166,"[1, 3, 2, 0]",9450,276.61657333374023,False,23.4629219723169,7,0.00068359375
0111101010,17167,"[1, 0, 3, 2]",465,276.6296863555908,True,23.4629219723169,7,0.00068359375
0111101010,17168,"[1, 3, 2, 0]",9450,276.64732933044434,False,23.4629219723169,7,0.00068359375
0111101010,17169,"[1, 0, 3, 2]",465,276.6602039337158,True,23.4629219723169,7,0.00068359375
0111101010,17170,"[1, 3, 2, 0]",9450,276.67760848999023,False,23.4629219723169,7,0.00068359375
0111101010,17171,"[1, 0, 3, 2]",465,276.6907215118408,True,23.4629219723169,7,0.00068359375
0111101010,17172,"[1, 3, 2, 0]",9450,276.71003341674805,False,23.4629219723169,7,0.00068359375
0111101010,17173,"[1, 0, 3, 2]",465,276.72433853149414,True,23.4629219723169,7,0.00068359375
0111101010,17174,"[1, 3, 2, 0]",9450,276.74245834350586,False,23.4629219723169,7,0.00068359375
0111101010,17175,"[1, 0, 3, 2]",465,276.75580978393555,True,23.4629219723169,7,0.00068359375
0111101010,17176,"[1, 3, 2, 0]",9450,276.7748832702637,False,23.4629219723169,7,0.00068359375
0111101010,17177,"[1, 0, 3, 2]",465,276.78847312927246,True,23.4629219723169,7,0.00068359375
0111101010,17178,"[1, 3, 2, 0]",9450,276.8063545227051,False,23.4629219723169,7,0.00068359375
0111101010,17179,"[1, 0, 3, 2]",465,276.81922912597656,True,23.4629219723169,7,0.00068359375
1010100011,17180,"[2, 1, 0, 3]",600,276.8368721008301,False,37.136129710583916,7,0.00068359375
1010100011,17181,"[2, 1, 0, 3]",600,276.85046195983887,True,37.136129710583916,7,0.00068359375
1010100011,17182,"[2, 1, 0, 3]",600,276.8678665161133,False,37.136129710583916,7,0.00068359375
1010100011,17183,"[2, 1, 0, 3]",600,276.88121795654297,True,37.136129710583916,7,0.00068359375
1010100011,17184,"[2, 1, 0, 3]",600,276.8986225128174,False,37.136129710583916,7,0.00068359375
1010100011,17185,"[2, 1, 0, 3]",600,276.91197395324707,True,37.136129710583916,7,0.00068359375
1010100011,17186,"[2, 1, 0, 3]",600,276.9293785095215,False,37.136129710583916,7,0.00068359375
1010100011,17187,"[2, 1, 0, 3]",600,276.9429683685303,True,37.136129710583916,7,0.00068359375
1010100011,17188,"[2, 1, 0, 3]",600,276.9603729248047,False,37.136129710583916,7,0.00068359375
1010100011,17189,"[2, 1, 0, 3]",600,276.9739627838135,True,37.136129710583916,7,0.00068359375
1010100011,17190,"[2, 1, 0, 3]",600,276.9913673400879,False,37.136129710583916,7,0.00068359375
1010100011,17191,"[2, 1, 0, 3]",600,277.0042419433594,True,37.136129710583916,7,0.00068359375
1010100011,17192,"[2, 1, 0, 3]",600,277.0214080810547,False,37.136129710583916,7,0.00068359375
1010100011,17193,"[2, 1, 0, 3]",600,277.0345211029053,True,37.136129710583916,7,0.00068359375
1001111101,17194,"[3, 2, 0, 1]",6600,277.0519256591797,False,29.001975675353847,7,0.00068359375
1001111101,17195,"[3, 2, 0, 1]",6600,277.0652770996094,True,29.001975675353847,7,0.00068359375
1001111101,17196,"[3, 2, 0, 1]",6600,277.0826816558838,False,29.001975675353847,7,0.00068359375
1001111101,17197,"[3, 2, 0, 1]",6600,277.0974636077881,True,29.001975675353847,7,0.00068359375
1001111101,17198,"[3, 2, 0, 1]",6600,277.1155834197998,False,29.001975675353847,7,0.00068359375
1001111101,17199,"[3, 2, 0, 1]",6600,277.1284580230713,True,29.001975675353847,7,0.00068359375
1001111101,17200,"[3, 2, 0, 1]",6600,277.1461009979248,False,29.001975675353847,7,0.00068359375
1001111101,17201,"[3, 2, 0, 1]",6600,277.1587371826172,True,29.001975675353847,7,0.00068359375
1001111101,17202,"[3, 2, 0, 1]",6600,277.1761417388916,False,29.001975675353847,7,0.00068359375
1001111101,17203,"[3, 2, 0, 1]",6600,277.1890163421631,True,29.001975675353847,7,0.00068359375
1001111101,17204,"[3, 2, 0, 1]",6600,277.2059440612793,False,29.001975675353847,7,0.00068359375
1001111101,17205,"[3, 2, 0, 1]",6600,277.2188186645508,True,29.001975675353847,7,0.00068359375
1001111101,17206,"[3, 2, 0, 1]",6600,277.2362232208252,False,29.001975675353847,7,0.00068359375
1001111101,17207,"[3, 2, 0, 1]",6600,277.2488594055176,True,29.001975675353847,7,0.00068359375
0101111001,17208,"[2, 3, 1, 0]",9600,277.2660255432129,False,15.854254080592113,7,0.00068359375
0101111001,17209,"[2, 3, 1, 0]",9600,277.2786617279053,True,15.854254080592113,7,0.00068359375
0101111001,17210,"[2, 3, 1, 0]",9600,277.2960662841797,False,15.854254080592113,7,0.00068359375
0101111001,17211,"[2, 3, 1, 0]",9600,277.3089408874512,True,15.854254080592113,7,0.00068359375
0101111001,17212,"[2, 3, 1, 0]",9600,277.3258686065674,False,15.854254080592113,7,0.00068359375
0101111001,17213,"[2, 3, 1, 0]",9600,277.33922004699707,True,15.854254080592113,7,0.00068359375
0101111001,17214,"[2, 3, 1, 0]",9600,277.3561477661133,False,15.854254080592113,7,0.00068359375
0101111001,17215,"[2, 3, 1, 0]",9600,277.36878395080566,True,15.854254080592113,7,0.00068359375
0101111001,17216,"[2, 3, 1, 0]",9600,277.3854732513428,False,15.854254080592113,7,0.00068359375
0101111001,17217,"[2, 3, 1, 0]",9600,277.39834785461426,True,15.854254080592113,7,0.00068359375
0101111001,17218,"[2, 3, 1, 0]",9600,277.416467666626,False,15.854254080592113,7,0.00068359375
0101111001,17219,"[2, 3, 1, 0]",9600,277.42958068847656,True,15.854254080592113,7,0.00068359375
0101111001,17220,"[2, 3, 1, 0]",9600,277.4465084075928,False,15.854254080592113,7,0.00068359375
0101111001,17221,"[2, 3, 1, 0]",9600,277.45890617370605,True,15.854254080592113,7,0.00068359375
1000100000,17222,"[2, 0, 3, 1]",6200,277.47631072998047,False,27.29473904094538,7,0.00068359375
1000100000,17223,"[2, 0, 1, 3]",500,277.4953842163086,True,27.29473904094538,7,0.00068359375
1000100000,17224,"[2, 0, 3, 1]",6200,277.5297164916992,False,27.29473904094538,7,0.00068359375
1000100000,17225,"[2, 0, 1, 3]",500,277.5437831878662,True,27.29473904094538,7,0.00068359375
1000100000,17226,"[2, 0, 3, 1]",6200,277.56214141845703,False,27.29473904094538,7,0.00068359375
1000100000,17227,"[2, 0, 1, 3]",500,277.5757312774658,True,27.29473904094538,7,0.00068359375
1000100000,17228,"[2, 0, 3, 1]",6200,277.59385108947754,False,27.29473904094538,7,0.00068359375
1000100000,17229,"[2, 0, 1, 3]",500,277.6074409484863,True,27.29473904094538,7,0.00068359375
1000100000,17230,"[2, 0, 3, 1]",6200,277.62556076049805,False,27.29473904094538,7,0.00068359375
1000100000,17231,"[2, 0, 1, 3]",500,277.6491641998291,True,27.29473904094538,7,0.00068359375
1000100000,17232,"[2, 0, 3, 1]",6200,277.6665687561035,False,27.29473904094538,7,0.00068359375
1000100000,17233,"[2, 0, 1, 3]",500,277.6796817779541,True,27.29473904094538,7,0.00068359375
1000100000,17234,"[2, 0, 3, 1]",6200,277.6970863342285,False,27.29473904094538,7,0.00068359375
1000100000,17235,"[2, 0, 1, 3]",500,277.7101993560791,True,27.29473904094538,7,0.00068359375
0000110001,17236,"[2, 3, 1, 0]",9600,277.7276039123535,False,15.783298107906877,7,0.00068359375
0000110001,17237,"[2, 3, 1, 0]",9600,277.7409553527832,True,15.783298107906877,7,0.00068359375
0000110001,17238,"[2, 3, 1, 0]",9600,277.7578830718994,False,15.783298107906877,7,0.00068359375
0000110001,17239,"[2, 3, 1, 0]",9600,277.7729034423828,True,15.783298107906877,7,0.00068359375
0000110001,17240,"[2, 3, 1, 0]",9600,277.79078483581543,False,15.783298107906877,7,0.00068359375
0000110001,17241,"[2, 3, 1, 0]",9600,277.803897857666,True,15.783298107906877,7,0.00068359375
0000110001,17242,"[2, 3, 1, 0]",9600,277.8210639953613,False,15.783298107906877,7,0.00068359375
0000110001,17243,"[2, 3, 1, 0]",9600,277.8339385986328,True,15.783298107906877,7,0.00068359375
0000110001,17244,"[2, 3, 1, 0]",9600,277.8511047363281,False,15.783298107906877,7,0.00068359375
0000110001,17245,"[2, 3, 1, 0]",9600,277.8639793395996,True,15.783298107906877,7,0.00068359375
0000110001,17246,"[2, 3, 1, 0]",9600,277.8811454772949,False,15.783298107906877,7,0.00068359375
0000110001,17247,"[2, 3, 1, 0]",9600,277.8940200805664,True,15.783298107906877,7,0.00068359375
0000110001,17248,"[2, 3, 1, 0]",9600,277.9114246368408,False,15.783298107906877,7,0.00068359375
0000110001,17249,"[2, 3, 1, 0]",9600,277.9238224029541,True,15.783298107906877,7,0.00068359375
0000001010,17250,"[3, 2, 1, 0]",9600,277.9412269592285,False,26.227644691705265,7,0.00068359375
0000001010,17251,"[3, 2, 1, 0]",9600,277.9538631439209,True,26.227644691705265,7,0.00068359375
0000001010,17252,"[3, 2, 1, 0]",9600,277.9712677001953,False,26.227644691705265,7,0.00068359375
0000001010,17253,"[3, 2, 1, 0]",9600,277.9841423034668,True,26.227644691705265,7,0.00068359375
0000001010,17254,"[3, 2, 1, 0]",9600,278.0015468597412,False,26.227644691705265,7,0.00068359375
0000001010,17255,"[3, 2, 1, 0]",9600,278.0141830444336,True,26.227644691705265,7,0.00068359375
0000001010,17256,"[3, 2, 1, 0]",9600,278.0313491821289,False,26.227644691705265,7,0.00068359375
0000001010,17257,"[3, 2, 1, 0]",9600,278.0442237854004,True,26.227644691705265,7,0.00068359375
0000001010,17258,"[3, 2, 1, 0]",9600,278.0616283416748,False,26.227644691705265,7,0.00068359375
0000001010,17259,"[3, 2, 1, 0]",9600,278.0747413635254,True,26.227644691705265,7,0.00068359375
0000001010,17260,"[3, 2, 1, 0]",9600,278.0933380126953,False,26.227644691705265,7,0.00068359375
0000001010,17261,"[3, 2, 1, 0]",9600,278.106689453125,True,26.227644691705265,7,0.00068359375
0000001010,17262,"[3, 2, 1, 0]",9600,278.1240940093994,False,26.227644691705265,7,0.00068359375
0000001010,17263,"[3, 2, 1, 0]",9600,278.1369686126709,True,26.227644691705265,7,0.00068359375
1011110100,17264,"[2, 1, 0, 3]",600,278.1543731689453,False,31.726406043480253,7,0.00068359375
1011110100,17265,"[2, 1, 0, 3]",600,278.1679630279541,True,31.726406043480253,7,0.00068359375
1011110100,17266,"[2, 1, 0, 3]",600,278.1853675842285,False,31.726406043480253,7,0.00068359375
1011110100,17267,"[2, 1, 0, 3]",600,278.1987190246582,True,31.726406043480253,7,0.00068359375
1011110100,17268,"[2, 1, 0, 3]",600,278.2161235809326,False,31.726406043480253,7,0.00068359375
1011110100,17269,"[2, 1, 0, 3]",600,278.2294750213623,True,31.726406043480253,7,0.00068359375
1011110100,17270,"[2, 1, 0, 3]",600,278.2471179962158,False,31.726406043480253,7,0.00068359375
1011110100,17271,"[2, 1, 0, 3]",600,278.2599925994873,True,31.726406043480253,7,0.00068359375
1011110100,17272,"[2, 1, 0, 3]",600,278.2776355743408,False,31.726406043480253,7,0.00068359375
1011110100,17273,"[2, 1, 0, 3]",600,278.292179107666,True,31.726406043480253,7,0.00068359375
1011110100,17274,"[2, 1, 0, 3]",600,278.31053733825684,False,31.726406043480253,7,0.00068359375
1011110100,17275,"[2, 1, 0, 3]",600,278.3234119415283,True,31.726406043480253,7,0.00068359375
1011110100,17276,"[2, 1, 0, 3]",600,278.34081649780273,False,31.726406043480253,7,0.00068359375
1011110100,17277,"[2, 1, 0, 3]",600,278.3539295196533,True,31.726406043480253,7,0.00068359375
0010001001,17278,"[3, 1, 2, 0]",9450,278.37133407592773,False,34.03953664325408,7,0.00068359375
0010001001,17279,"[3, 1, 0, 2]",900,278.38611602783203,True,34.03953664325408,7,0.00068359375
0010001001,17280,"[3, 1, 2, 0]",9450,278.40399742126465,False,34.03953664325408,7,0.00068359375
0010001001,17281,"[3, 1, 0, 2]",900,278.41830253601074,True,34.03953664325408,7,0.00068359375
0010001001,17282,"[3, 1, 2, 0]",9450,278.43713760375977,False,34.03953664325408,7,0.00068359375
0010001001,17283,"[3, 1, 0, 2]",900,278.45072746276855,True,34.03953664325408,7,0.00068359375
0010001001,17284,"[3, 1, 2, 0]",9450,278.46837043762207,False,34.03953664325408,7,0.00068359375
0010001001,17285,"[3, 1, 0, 2]",900,278.48196029663086,True,34.03953664325408,7,0.00068359375
0010001001,17286,"[3, 1, 2, 0]",9450,278.4993648529053,False,34.03953664325408,7,0.00068359375
0010001001,17287,"[3, 1, 0, 2]",900,278.51295471191406,True,34.03953664325408,7,0.00068359375
0010001001,17288,"[3, 1, 2, 0]",9450,278.5305976867676,False,34.03953664325408,7,0.00068359375
0010001001,17289,"[3, 1, 0, 2]",900,278.54442596435547,True,34.03953664325408,7,0.00068359375
0010001001,17290,"[3, 1, 2, 0]",9450,278.5618305206299,False,34.03953664325408,7,0.00068359375
0010001001,17291,"[3, 1, 0, 2]",900,278.57518196105957,True,34.03953664325408,7,0.00068359375
0100101000,17292,"[3, 2, 0, 1]",6600,278.592586517334,False,20.718124370008205,7,0.00068359375
0100101000,17293,"[3, 2, 0, 1]",6600,278.6059379577637,True,20.718124370008205,7,0.00068359375
0100101000,17294,"[3, 2, 0, 1]",6600,278.623104095459,False,20.718124370008205,7,0.00068359375
0100101000,17295,"[3, 2, 0, 1]",6600,278.63621711730957,True,20.718124370008205,7,0.00068359375
0100101000,17296,"[3, 2, 0, 1]",6600,278.6533832550049,False,20.718124370008205,7,0.00068359375
0100101000,17297,"[3, 2, 0, 1]",6600,278.66649627685547,True,20.718124370008205,7,0.00068359375
0100101000,17298,"[3, 2, 0, 1]",6600,278.6836624145508,False,20.718124370008205,7,0.00068359375
0100101000,17299,"[3, 2, 0, 1]",6600,278.69653701782227,True,20.718124370008205,7,0.00068359375
0100101000,17300,"[3, 2, 0, 1]",6600,278.7139415740967,False,20.718124370008205,7,0.00068359375
0100101000,17301,"[3, 2, 0, 1]",6600,278.72681617736816,True,20.718124370008205,7,0.00068359375
0100101000,17302,"[3, 2, 0, 1]",6600,278.7454128265381,False,20.718124370008205,7,0.00068359375
0100101000,17303,"[3, 2, 0, 1]",6600,278.7585258483887,True,20.718124370008205,7,0.00068359375
0100101000,17304,"[3, 2, 0, 1]",6600,278.7759304046631,False,20.718124370008205,7,0.00068359375
0100101000,17305,"[3, 2, 0, 1]",6600,278.78832817077637,True,20.718124370008205,7,0.00068359375
1101010100,17306,"[0, 3, 2, 1]",6300,278.8054943084717,False,29.544518842335663,7,0.00068359375
1101010100,17307,"[0, 1, 3, 2]",465,278.81884574890137,True,29.544518842335663,7,0.00068359375
1101010100,17308,"[0, 3, 2, 1]",6300,278.8527011871338,False,29.544518842335663,7,0.00068359375
1101010100,17309,"[0, 1, 3, 2]",465,278.8667678833008,True,29.544518842335663,7,0.00068359375
1101010100,17310,"[0, 3, 2, 1]",6300,278.8846492767334,False,29.544518842335663,7,0.00068359375
1101010100,17311,"[0, 1, 3, 2]",465,278.8987159729004,True,29.544518842335663,7,0.00068359375
1101010100,17312,"[0, 3, 2, 1]",6300,278.9168357849121,False,29.544518842335663,7,0.00068359375
1101010100,17313,"[0, 1, 3, 2]",465,278.9304256439209,True,29.544518842335663,7,0.00068359375
1101010100,17314,"[0, 3, 2, 1]",6300,278.9483070373535,False,29.544518842335663,7,0.00068359375
1101010100,17315,"[0, 1, 3, 2]",465,278.9621353149414,True,29.544518842335663,7,0.00068359375
1101010100,17316,"[0, 3, 2, 1]",6300,278.9797782897949,False,29.544518842335663,7,0.00068359375
1101010100,17317,"[0, 1, 3, 2]",465,278.9933681488037,True,29.544518842335663,7,0.00068359375
1101010100,17318,"[0, 3, 2, 1]",6300,279.0110111236572,False,29.544518842335663,7,0.00068359375
1101010100,17319,"[0, 1, 3, 2]",465,279.0243625640869,True,29.544518842335663,7,0.00068359375
1010110011,17320,"[2, 1, 0, 3]",600,279.04272079467773,False,24.22674876887337,7,0.00068359375
1010110011,17321,"[2, 1, 0, 3]",600,279.0563106536865,True,24.22674876887337,7,0.00068359375
1010110011,17322,"[2, 1, 0, 3]",600,279.07466888427734,False,24.22674876887337,7,0.00068359375
1010110011,17323,"[2, 1, 0, 3]",600,279.09255027770996,True,24.22674876887337,7,0.00068359375
1010110011,17324,"[2, 1, 0, 3]",600,279.1116237640381,False,24.22674876887337,7,0.00068359375
1010110011,17325,"[2, 1, 0, 3]",600,279.1261672973633,True,24.22674876887337,7,0.00068359375
1010110011,17326,"[2, 1, 0, 3]",600,279.1447639465332,False,24.22674876887337,7,0.00068359375
1010110011,17327,"[2, 1, 0, 3]",600,279.1585922241211,True,24.22674876887337,7,0.00068359375
1010110011,17328,"[2, 1, 0, 3]",600,279.1769504547119,False,24.22674876887337,7,0.00068359375
1010110011,17329,"[2, 1, 0, 3]",600,279.1905403137207,True,24.22674876887337,7,0.00068359375
1010110011,17330,"[2, 1, 0, 3]",600,279.2086601257324,False,24.22674876887337,7,0.00068359375
1010110011,17331,"[2, 1, 0, 3]",600,279.2224884033203,True,24.22674876887337,7,0.00068359375
1010110011,17332,"[2, 1, 0, 3]",600,279.24084663391113,False,24.22674876887337,7,0.00068359375
1010110011,17333,"[2, 1, 0, 3]",600,279.2541980743408,True,24.22674876887337,7,0.00068359375
1110011001,17334,"[0, 3, 1, 2]",750,279.27255630493164,False,25.038640720422187,7,0.00068359375
1110011001,17335,"[0, 1, 3, 2]",465,279.28638458251953,True,25.038640720422187,7,0.00068359375
1110011001,17336,"[0, 3, 1, 2]",750,279.30474281311035,False,25.038640720422187,7,0.00068359375
1110011001,17337,"[0, 1, 3, 2]",465,279.31857109069824,True,25.038640720422187,7,0.00068359375
1110011001,17338,"[0, 3, 1, 2]",750,279.33645248413086,False,25.038640720422187,7,0.00068359375
1110011001,17339,"[0, 1, 3, 2]",465,279.35028076171875,True,25.038640720422187,7,0.00068359375
1110011001,17340,"[0, 3, 1, 2]",750,279.36840057373047,False,25.038640720422187,7,0.00068359375
1110011001,17341,"[0, 1, 3, 2]",465,279.39844131469727,True,25.038640720422187,7,0.00068359375
1110011001,17342,"[0, 3, 1, 2]",750,279.4167995452881,False,25.038640720422187,7,0.00068359375
1110011001,17343,"[0, 1, 3, 2]",465,279.430627822876,True,25.038640720422187,7,0.00068359375
1110011001,17344,"[0, 3, 1, 2]",750,279.4504165649414,False,25.038640720422187,7,0.00068359375
1110011001,17345,"[0, 1, 3, 2]",465,279.4647216796875,True,25.038640720422187,7,0.00068359375
1110011001,17346,"[0, 3, 1, 2]",750,279.4833183288574,False,25.038640720422187,7,0.00068359375
1110011001,17347,"[0, 1, 3, 2]",465,279.4971466064453,True,25.038640720422187,7,0.00068359375
0101100111,17348,"[2, 3, 1, 0]",9600,279.51550483703613,False,15.13015570154353,7,0.00068359375
0101100111,17349,"[2, 3, 1, 0]",9600,279.5298099517822,True,15.13015570154353,7,0.00068359375
0101100111,17350,"[2, 3, 1, 0]",9600,279.54840660095215,False,15.13015570154353,7,0.00068359375
0101100111,17351,"[2, 3, 1, 0]",9600,279.56247329711914,True,15.13015570154353,7,0.00068359375
0101100111,17352,"[2, 3, 1, 0]",9600,279.58130836486816,False,15.13015570154353,7,0.00068359375
0101100111,17353,"[2, 3, 1, 0]",9600,279.59489822387695,True,15.13015570154353,7,0.00068359375
0101100111,17354,"[2, 3, 1, 0]",9600,279.6132564544678,False,15.13015570154353,7,0.00068359375
0101100111,17355,"[2, 3, 1, 0]",9600,279.62684631347656,True,15.13015570154353,7,0.00068359375
0101100111,17356,"[2, 3, 1, 0]",9600,279.6449661254883,False,15.13015570154353,7,0.00068359375
0101100111,17357,"[2, 3, 1, 0]",9600,279.65831756591797,True,15.13015570154353,7,0.00068359375
0101100111,17358,"[2, 3, 1, 0]",9600,279.6766757965088,False,15.13015570154353,7,0.00068359375
0101100111,17359,"[2, 3, 1, 0]",9600,279.6900272369385,True,15.13015570154353,7,0.00068359375
0101100111,17360,"[2, 3, 1, 0]",9600,279.7081470489502,False,15.13015570154353,7,0.00068359375
0101100111,17361,"[2, 3, 1, 0]",9600,279.721736907959,True,15.13015570154353,7,0.00068359375
1100001001,17362,"[0, 3, 2, 1]",6300,279.7400951385498,False,18.136129710583916,7,0.00068359375
1100001001,17363,"[0, 1, 3, 2]",465,279.7544002532959,True,18.136129710583916,7,0.00068359375
1100001001,17364,"[0, 3, 2, 1]",6300,279.7729969024658,False,18.136129710583916,7,0.00068359375
1100001001,17365,"[0, 1, 3, 2]",465,279.7884941101074,True,18.136129710583916,7,0.00068359375
1100001001,17366,"[0, 3, 2, 1]",6300,279.80780601501465,False,18.136129710583916,7,0.00068359375
1100001001,17367,"[0, 1, 3, 2]",465,279.82187271118164,True,18.136129710583916,7,0.00068359375
1100001001,17368,"[0, 3, 2, 1]",6300,279.84023094177246,False,18.136129710583916,7,0.00068359375
1100001001,17369,"[0, 1, 3, 2]",465,279.85429763793945,True,18.136129710583916,7,0.00068359375
1100001001,17370,"[0, 3, 2, 1]",6300,279.8726558685303,False,18.136129710583916,7,0.00068359375
1100001001,17371,"[0, 1, 3, 2]",465,279.88648414611816,True,18.136129710583916,7,0.00068359375
1100001001,17372,"[0, 3, 2, 1]",6300,279.9046039581299,False,18.136129710583916,7,0.00068359375
1100001001,17373,"[0, 1, 3, 2]",465,279.9181938171387,True,18.136129710583916,7,0.00068359375
1100001001,17374,"[0, 3, 2, 1]",6300,279.9389362335205,False,18.136129710583916,7,0.00068359375
1100001001,17375,"[0, 1, 3, 2]",465,279.9532413482666,True,18.136129710583916,7,0.00068359375
1101100011,17376,"[0, 2, 1, 3]",500,279.9723148345947,False,9.075869699244599,7,0.00068359375
1101100011,17377,"[0, 1, 2, 3]",315,279.9863815307617,True,9.075869699244599,7,0.00068359375
1101100011,17378,"[0, 2, 1, 3]",500,280.0157070159912,False,9.075869699244599,7,0.00068359375
1101100011,17379,"[0, 1, 2, 3]",315,280.029296875,True,9.075869699244599,7,0.00068359375
1101100011,17380,"[0, 2, 1, 3]",500,280.0476551055908,False,9.075869699244599,7,0.00068359375
1101100011,17381,"[0, 1, 2, 3]",315,280.0610065460205,True,9.075869699244599,7,0.00068359375
1101100011,17382,"[0, 2, 1, 3]",500,280.0791263580322,False,9.075869699244599,7,0.00068359375
1101100011,17383,"[0, 1, 2, 3]",315,280.0924777984619,True,9.075869699244599,7,0.00068359375
1101100011,17384,"[0, 2, 1, 3]",500,280.11059761047363,False,9.075869699244599,7,0.00068359375
1101100011,17385,"[0, 1, 2, 3]",315,280.1237106323242,True,9.075869699244599,7,0.00068359375
1101100011,17386,"[0, 2, 1, 3]",500,280.14326095581055,False,9.075869699244599,7,0.00068359375
1101100011,17387,"[0, 1, 2, 3]",315,280.15708923339844,True,9.075869699244599,7,0.00068359375
1101100011,17388,"[0, 2, 1, 3]",500,280.17544746398926,False,9.075869699244599,7,0.00068359375
1101100011,17389,"[0, 1, 2, 3]",315,280.18927574157715,True,9.075869699244599,7,0.00068359375
0111001101,17390,"[3, 1, 0, 2]",900,280.20739555358887,False,14.079073286508155,7,0.00068359375
0111001101,17391,"[3, 1, 0, 2]",900,280.22193908691406,True,14.079073286508155,7,0.00068359375
0111001101,17392,"[3, 1, 0, 2]",900,280.2400588989258,False,14.079073286508155,7,0.00068359375
0111001101,17393,"[3, 1, 0, 2]",900,280.254602432251,True,14.079073286508155,7,0.00068359375
0111001101,17394,"[3, 1, 0, 2]",900,280.2724838256836,False,14.079073286508155,7,0.00068359375
0111001101,17395,"[3, 1, 0, 2]",900,280.2863121032715,True,14.079073286508155,7,0.00068359375
0111001101,17396,"[3, 1, 0, 2]",900,280.3044319152832,False,14.079073286508155,7,0.00068359375
0111001101,17397,"[3, 1, 0, 2]",900,280.318021774292,True,14.079073286508155,7,0.00068359375
0111001101,17398,"[3, 1, 0, 2]",900,280.3361415863037,False,14.079073286508155,7,0.00068359375
0111001101,17399,"[3, 1, 0, 2]",900,280.3497314453125,True,14.079073286508155,7,0.00068359375
0111001101,17400,"[3, 1, 0, 2]",900,280.3678512573242,False,14.079073286508155,7,0.00068359375
0111001101,17401,"[3, 1, 0, 2]",900,280.3816795349121,True,14.079073286508155,7,0.00068359375
0111001101,17402,"[3, 1, 0, 2]",900,280.3995609283447,False,14.079073286508155,7,0.00068359375
0111001101,17403,"[3, 1, 0, 2]",900,280.4131507873535,True,14.079073286508155,7,0.00068359375
0111111111,17404,"[3, 2, 1, 0]",9600,280.43150901794434,False,30.363582628035374,7,0.00068359375
0111111111,17405,"[3, 2, 1, 0]",9600,280.444860458374,True,30.363582628035374,7,0.00068359375
0111111111,17406,"[3, 2, 1, 0]",9600,280.46321868896484,False,30.363582628035374,7,0.00068359375
0111111111,17407,"[3, 2, 1, 0]",9600,280.47800064086914,True,30.363582628035374,7,0.00068359375
0111111111,17408,"[3, 2, 1, 0]",9600,280.49659729003906,False,30.363582628035374,7,0.00068359375
0111111111,17409,"[3, 2, 1, 0]",9600,280.51018714904785,True,30.363582628035374,7,0.00068359375
0111111111,17410,"[3, 2, 1, 0]",9600,280.5285453796387,False,30.363582628035374,7,0.00068359375
0111111111,17411,"[3, 2, 1, 0]",9600,280.54165840148926,True,30.363582628035374,7,0.00068359375
0111111111,17412,"[3, 2, 1, 0]",9600,280.559778213501,False,30.363582628035374,7,0.00068359375
0111111111,17413,"[3, 2, 1, 0]",9600,280.57312965393066,True,30.363582628035374,7,0.00068359375
0111111111,17414,"[3, 2, 1, 0]",9600,280.60197830200195,False,30.363582628035374,7,0.00068359375
0111111111,17415,"[3, 2, 1, 0]",9600,280.61485290527344,True,30.363582628035374,7,0.00068359375
0111111111,17416,"[3, 2, 1, 0]",9600,280.63201904296875,False,30.363582628035374,7,0.00068359375
0111111111,17417,"[3, 2, 1, 0]",9600,280.64489364624023,True,30.363582628035374,7,0.00068359375
1001000000,17418,"[0, 1, 3, 2]",465,280.66205978393555,False,14.383190649627178,7,0.00068359375
1001000000,17419,"[0, 1, 3, 2]",465,280.67588806152344,True,14.383190649627178,7,0.00068359375
1001000000,17420,"[0, 1, 3, 2]",465,280.69305419921875,False,14.383190649627178,7,0.00068359375
1001000000,17421,"[0, 1, 3, 2]",465,280.70592880249023,True,14.383190649627178,7,0.00068359375
1001000000,17422,"[0, 1, 3, 2]",465,280.72261810302734,False,14.383190649627178,7,0.00068359375
1001000000,17423,"[0, 1, 3, 2]",465,280.7354927062988,True,14.383190649627178,7,0.00068359375
1001000000,17424,"[0, 1, 3, 2]",465,280.75385093688965,False,14.383190649627178,7,0.00068359375
1001000000,17425,"[0, 1, 3, 2]",465,280.76744079589844,True,14.383190649627178,7,0.00068359375
1001000000,17426,"[0, 1, 3, 2]",465,280.78508377075195,False,14.383190649627178,7,0.00068359375
1001000000,17427,"[0, 1, 3, 2]",465,280.79819679260254,True,14.383190649627178,7,0.00068359375
1001000000,17428,"[0, 1, 3, 2]",465,280.81727027893066,False,14.383190649627178,7,0.00068359375
1001000000,17429,"[0, 1, 3, 2]",465,280.83014488220215,True,14.383190649627178,7,0.00068359375
1001000000,17430,"[0, 1, 3, 2]",465,280.84754943847656,False,14.383190649627178,7,0.00068359375
1001000000,17431,"[0, 1, 3, 2]",465,280.86018562316895,True,14.383190649627178,7,0.00068359375
0111100000,17432,"[1, 2, 0, 3]",600,280.87759017944336,False,14.871502878322456,7,0.00068359375
0111100000,17433,"[1, 0, 2, 3]",315,280.89070320129395,True,14.871502878322456,7,0.00068359375
0111100000,17434,"[1, 2, 0, 3]",600,280.90786933898926,False,14.871502878322456,7,0.00068359375
0111100000,17435,"[1, 0, 2, 3]",315,280.92122077941895,True,14.871502878322456,7,0.00068359375
0111100000,17436,"[1, 2, 0, 3]",600,280.93838691711426,False,14.871502878322456,7,0.00068359375
0111100000,17437,"[1, 0, 2, 3]",315,280.95126152038574,True,14.871502878322456,7,0.00068359375
0111100000,17438,"[1, 2, 0, 3]",600,280.96866607666016,False,14.871502878322456,7,0.00068359375
0111100000,17439,"[1, 0, 2, 3]",315,280.98201751708984,True,14.871502878322456,7,0.00068359375
0111100000,17440,"[1, 2, 0, 3]",600,280.99942207336426,False,14.871502878322456,7,0.00068359375
0111100000,17441,"[1, 0, 2, 3]",315,281.01253509521484,True,14.871502878322456,7,0.00068359375
0111100000,17442,"[1, 2, 0, 3]",600,281.02970123291016,False,14.871502878322456,7,0.00068359375
0111100000,17443,"[1, 0, 2, 3]",315,281.04281425476074,True,14.871502878322456,7,0.00068359375
0111100000,17444,"[1, 2, 0, 3]",600,281.05998039245605,False,14.871502878322456,7,0.00068359375
0111100000,17445,"[1, 0, 2, 3]",315,281.07357025146484,True,14.871502878322456,7,0.00068359375
1011111000,17446,"[2, 1, 3, 0]",9300,281.09097480773926,False,44.68064855291958,7,0.00068359375
1011111000,17447,"[2, 1, 0, 3]",600,281.10671043395996,True,44.68064855291958,7,0.00068359375
1011111000,17448,"[2, 1, 3, 0]",9300,281.1243534088135,False,44.68064855291958,7,0.00068359375
1011111000,17449,"[2, 1, 0, 3]",600,281.13842010498047,True,44.68064855291958,7,0.00068359375
1011111000,17450,"[2, 1, 3, 0]",9300,281.1577320098877,False,44.68064855291958,7,0.00068359375
1011111000,17451,"[2, 1, 0, 3]",600,281.1715602874756,True,44.68064855291958,7,0.00068359375
1011111000,17452,"[2, 1, 3, 0]",9300,281.1894416809082,False,44.68064855291958,7,0.00068359375
1011111000,17453,"[2, 1, 0, 3]",600,281.2025547027588,True,44.68064855291958,7,0.00068359375
1011111000,17454,"[2, 1, 3, 0]",9300,281.2199592590332,False,44.68064855291958,7,0.00068359375
1011111000,17455,"[2, 1, 0, 3]",600,281.2328338623047,True,44.68064855291958,7,0.00068359375
1011111000,17456,"[2, 1, 3, 0]",9300,281.2502384185791,False,44.68064855291958,7,0.00068359375
1011111000,17457,"[2, 1, 0, 3]",600,281.2631130218506,True,44.68064855291958,7,0.00068359375
1011111000,17458,"[2, 1, 3, 0]",9300,281.280517578125,False,44.68064855291958,7,0.00068359375
1011111000,17459,"[2, 1, 0, 3]",600,281.2933921813965,True,44.68064855291958,7,0.00068359375
0100100010,17460,"[2, 0, 3, 1]",6200,281.3107967376709,False,17.090619058289455,7,0.00068359375
0100100010,17461,"[2, 0, 1, 3]",500,281.3241481781006,True,17.090619058289455,7,0.00068359375
0100100010,17462,"[2, 0, 3, 1]",6200,281.3413143157959,False,17.090619058289455,7,0.00068359375
0100100010,17463,"[2, 0, 1, 3]",500,281.3544273376465,True,17.090619058289455,7,0.00068359375
0100100010,17464,"[2, 0, 3, 1]",6200,281.3718318939209,False,17.090619058289455,7,0.00068359375
0100100010,17465,"[2, 0, 1, 3]",500,281.3851833343506,True,17.090619058289455,7,0.00068359375
0100100010,17466,"[2, 0, 3, 1]",6200,281.402587890625,False,17.090619058289455,7,0.00068359375
0100100010,17467,"[2, 0, 1, 3]",500,281.4161777496338,True,17.090619058289455,7,0.00068359375
0100100010,17468,"[2, 0, 3, 1]",6200,281.4333438873291,False,17.090619058289455,7,0.00068359375
0100100010,17469,"[2, 0, 1, 3]",500,281.4466953277588,True,17.090619058289455,7,0.00068359375
0100100010,17470,"[2, 0, 3, 1]",6200,281.4652919769287,False,17.090619058289455,7,0.00068359375
0100100010,17471,"[2, 0, 1, 3]",500,281.4788818359375,True,17.090619058289455,7,0.00068359375
0100100010,17472,"[2, 0, 3, 1]",6200,281.50057792663574,False,17.090619058289455,7,0.00068359375
0100100010,17473,"[2, 0, 1, 3]",500,281.5134525299072,True,17.090619058289455,7,0.00068359375
1011111001,17474,"[2, 1, 3, 0]",9300,281.53252601623535,False,42.72640604348025,7,0.00068359375
1011111001,17475,"[2, 1, 0, 3]",600,281.54635429382324,True,42.72640604348025,7,0.00068359375
1011111001,17476,"[2, 1, 3, 0]",9300,281.56423568725586,False,42.72640604348025,7,0.00068359375
1011111001,17477,"[2, 1, 0, 3]",600,281.57758712768555,True,42.72640604348025,7,0.00068359375
1011111001,17478,"[2, 1, 3, 0]",9300,281.59499168395996,False,42.72640604348025,7,0.00068359375
1011111001,17479,"[2, 1, 0, 3]",600,281.6317081451416,True,42.72640604348025,7,0.00068359375
1011111001,17480,"[2, 1, 3, 0]",9300,281.6500663757324,False,42.72640604348025,7,0.00068359375
1011111001,17481,"[2, 1, 0, 3]",600,281.663179397583,True,42.72640604348025,7,0.00068359375
1011111001,17482,"[2, 1, 3, 0]",9300,281.6808223724365,False,42.72640604348025,7,0.00068359375
1011111001,17483,"[2, 1, 0, 3]",600,281.6941738128662,True,42.72640604348025,7,0.00068359375
1011111001,17484,"[2, 1, 3, 0]",9300,281.7115783691406,False,42.72640604348025,7,0.00068359375
1011111001,17485,"[2, 1, 0, 3]",600,281.7249298095703,True,42.72640604348025,7,0.00068359375
1011111001,17486,"[2, 1, 3, 0]",9300,281.7423343658447,False,42.72640604348025,7,0.00068359375
1011111001,17487,"[2, 1, 0, 3]",600,281.7556858062744,True,42.72640604348025,7,0.00068359375
1110111100,17488,"[3, 2, 0, 1]",6600,281.77332878112793,False,48.81894571311116,7,0.00068359375
1110111100,17489,"[3, 2, 0, 1]",6600,281.7864418029785,True,48.81894571311116,7,0.00068359375
1110111100,17490,"[3, 2, 0, 1]",6600,281.80384635925293,False,48.81894571311116,7,0.00068359375
1110111100,17491,"[3, 2, 0, 1]",6600,281.818151473999,True,48.81894571311116,7,0.00068359375
1110111100,17492,"[3, 2, 0, 1]",6600,281.83627128601074,False,48.81894571311116,7,0.00068359375
1110111100,17493,"[3, 2, 0, 1]",6600,281.8491458892822,True,48.81894571311116,7,0.00068359375
1110111100,17494,"[3, 2, 0, 1]",6600,281.86655044555664,False,48.81894571311116,7,0.00068359375
1110111100,17495,"[3, 2, 0, 1]",6600,281.8794250488281,True,48.81894571311116,7,0.00068359375
1110111100,17496,"[3, 2, 0, 1]",6600,281.89682960510254,False,48.81894571311116,7,0.00068359375
1110111100,17497,"[3, 2, 0, 1]",6600,281.9092273712158,True,48.81894571311116,7,0.00068359375
1110111100,17498,"[3, 2, 0, 1]",6600,281.92639350891113,False,48.81894571311116,7,0.00068359375
1110111100,17499,"[3, 2, 0, 1]",6600,281.9390296936035,True,48.81894571311116,7,0.00068359375
1110111100,17500,"[3, 2, 0, 1]",6600,281.9561958312988,False,48.81894571311116,7,0.00068359375
1110111100,17501,"[3, 2, 0, 1]",6600,281.9688320159912,True,48.81894571311116,7,0.00068359375
1100000100,17502,"[0, 3, 2, 1]",6300,281.9857597351074,False,11.136129710583916,7,0.00068359375
1100000100,17503,"[0, 1, 3, 2]",465,281.9991111755371,True,11.136129710583916,7,0.00068359375
1100000100,17504,"[0, 3, 2, 1]",6300,282.0162773132324,False,11.136129710583916,7,0.00068359375
1100000100,17505,"[0, 1, 3, 2]",465,282.029390335083,True,11.136129710583916,7,0.00068359375
1100000100,17506,"[0, 3, 2, 1]",6300,282.0463180541992,False,11.136129710583916,7,0.00068359375
1100000100,17507,"[0, 1, 3, 2]",465,282.0596694946289,True,11.136129710583916,7,0.00068359375
1100000100,17508,"[0, 3, 2, 1]",6300,282.0765972137451,False,11.136129710583916,7,0.00068359375
1100000100,17509,"[0, 1, 3, 2]",465,282.0897102355957,True,11.136129710583916,7,0.00068359375
1100000100,17510,"[0, 3, 2, 1]",6300,282.106876373291,False,11.136129710583916,7,0.00068359375
1100000100,17511,"[0, 1, 3, 2]",465,282.1197509765625,True,11.136129710583916,7,0.00068359375
1100000100,17512,"[0, 3, 2, 1]",6300,282.1383476257324,False,11.136129710583916,7,0.00068359375
1100000100,17513,"[0, 1, 3, 2]",465,282.1516990661621,True,11.136129710583916,7,0.00068359375
1100000100,17514,"[0, 3, 2, 1]",6300,282.1693420410156,False,11.136129710583916,7,0.00068359375
1100000100,17515,"[0, 1, 3, 2]",465,282.1824550628662,True,11.136129710583916,7,0.00068359375
1000000011,17516,"[0, 3, 2, 1]",6300,282.1996212005615,False,29.0,7,0.00068359375
1000000011,17517,"[0, 1, 3, 2]",465,282.2122573852539,True,29.0,7,0.00068359375
1000000011,17518,"[0, 3, 2, 1]",6300,282.2291851043701,False,29.0,7,0.00068359375
1000000011,17519,"[0, 1, 3, 2]",465,282.2420597076416,True,29.0,7,0.00068359375
1000000011,17520,"[0, 3, 2, 1]",6300,282.2592258453369,False,29.0,7,0.00068359375
1000000011,17521,"[0, 1, 3, 2]",465,282.2725772857666,True,29.0,7,0.00068359375
1000000011,17522,"[0, 3, 2, 1]",6300,282.2897434234619,False,29.0,7,0.00068359375
1000000011,17523,"[0, 1, 3, 2]",465,282.3028564453125,True,29.0,7,0.00068359375
1000000011,17524,"[0, 3, 2, 1]",6300,282.3200225830078,False,29.0,7,0.00068359375
1000000011,17525,"[0, 1, 3, 2]",465,282.3343276977539,True,29.0,7,0.00068359375
1000000011,17526,"[0, 3, 2, 1]",6300,282.3522090911865,False,29.0,7,0.00068359375
1000000011,17527,"[0, 1, 3, 2]",465,282.3655605316162,True,29.0,7,0.00068359375
1000000011,17528,"[0, 3, 2, 1]",6300,282.3832035064697,False,29.0,7,0.00068359375
1000000011,17529,"[0, 1, 3, 2]",465,282.3958396911621,True,29.0,7,0.00068359375
1001010000,17530,"[0, 2, 1, 3]",500,282.4130058288574,False,13.136129710583916,7,0.00068359375
1001010000,17531,"[0, 1, 2, 3]",315,282.4258804321289,True,13.136129710583916,7,0.00068359375
1001010000,17532,"[0, 2, 1, 3]",500,282.4432849884033,False,13.136129710583916,7,0.00068359375
1001010000,17533,"[0, 1, 2, 3]",315,282.4587821960449,True,13.136129710583916,7,0.00068359375
1001010000,17534,"[0, 2, 1, 3]",500,282.47666358947754,False,13.136129710583916,7,0.00068359375
1001010000,17535,"[0, 1, 2, 3]",315,282.489538192749,True,13.136129710583916,7,0.00068359375
1001010000,17536,"[0, 2, 1, 3]",500,282.50694274902344,False,13.136129710583916,7,0.00068359375
1001010000,17537,"[0, 1, 2, 3]",315,282.5195789337158,True,13.136129710583916,7,0.00068359375
1001010000,17538,"[0, 2, 1, 3]",500,282.53698348999023,False,13.136129710583916,7,0.00068359375
1001010000,17539,"[0, 1, 2, 3]",315,282.5496196746826,True,13.136129710583916,7,0.00068359375
1001010000,17540,"[0, 2, 1, 3]",500,282.56678581237793,False,13.136129710583916,7,0.00068359375
1001010000,17541,"[0, 1, 2, 3]",315,282.5791835784912,True,13.136129710583916,7,0.00068359375
1001010000,17542,"[0, 2, 1, 3]",500,282.5961112976074,False,13.136129710583916,7,0.00068359375
1001010000,17543,"[0, 1, 2, 3]",315,282.6089859008789,True,13.136129710583916,7,0.00068359375
1000100110,17544,"[2, 0, 3, 1]",6200,282.6261520385742,False,17.87456625076201,7,0.00068359375
1000100110,17545,"[2, 0, 1, 3]",500,282.6395034790039,True,17.87456625076201,7,0.00068359375
1000100110,17546,"[2, 0, 3, 1]",6200,282.6569080352783,False,17.87456625076201,7,0.00068359375
1000100110,17547,"[2, 0, 1, 3]",500,282.6704978942871,True,17.87456625076201,7,0.00068359375
1000100110,17548,"[2, 0, 3, 1]",6200,282.6879024505615,False,17.87456625076201,7,0.00068359375
1000100110,17549,"[2, 0, 1, 3]",500,282.7010154724121,True,17.87456625076201,7,0.00068359375
1000100110,17550,"[2, 0, 3, 1]",6200,282.7184200286865,False,17.87456625076201,7,0.00068359375
1000100110,17551,"[2, 0, 1, 3]",500,282.7315330505371,True,17.87456625076201,7,0.00068359375
1000100110,17552,"[2, 0, 3, 1]",6200,282.7486991882324,False,17.87456625076201,7,0.00068359375
1000100110,17553,"[2, 0, 1, 3]",500,282.761812210083,True,17.87456625076201,7,0.00068359375
1000100110,17554,"[2, 0, 3, 1]",6200,282.78064727783203,False,17.87456625076201,7,0.00068359375
1000100110,17555,"[2, 0, 1, 3]",500,282.7939987182617,True,17.87456625076201,7,0.00068359375
1000100110,17556,"[2, 0, 3, 1]",6200,282.81188011169434,False,17.87456625076201,7,0.00068359375
1000100110,17557,"[2, 0, 1, 3]",500,282.8249931335449,True,17.87456625076201,7,0.00068359375
0101011101,17558,"[3, 2, 1, 0]",9600,282.84239768981934,False,21.817921024601603,7,0.00068359375
0101011101,17559,"[3, 2, 1, 0]",9600,282.8559875488281,True,21.817921024601603,7,0.00068359375
0101011101,17560,"[3, 2, 1, 0]",9600,282.87363052368164,False,21.817921024601603,7,0.00068359375
0101011101,17561,"[3, 2, 1, 0]",9600,282.8869819641113,True,21.817921024601603,7,0.00068359375
0101011101,17562,"[3, 2, 1, 0]",9600,282.90438652038574,False,21.817921024601603,7,0.00068359375
0101011101,17563,"[3, 2, 1, 0]",9600,282.9172611236572,True,21.817921024601603,7,0.00068359375
0101011101,17564,"[3, 2, 1, 0]",9600,282.93466567993164,False,21.817921024601603,7,0.00068359375
0101011101,17565,"[3, 2, 1, 0]",9600,282.947301864624,True,21.817921024601603,7,0.00068359375
0101011101,17566,"[3, 2, 1, 0]",9600,282.96518325805664,False,21.817921024601603,7,0.00068359375
0101011101,17567,"[3, 2, 1, 0]",9600,282.9780578613281,True,21.817921024601603,7,0.00068359375
0101011101,17568,"[3, 2, 1, 0]",9600,282.99546241760254,False,21.817921024601603,7,0.00068359375
0101011101,17569,"[3, 2, 1, 0]",9600,283.0080986022949,True,21.817921024601603,7,0.00068359375
0101011101,17570,"[3, 2, 1, 0]",9600,283.02574157714844,False,21.817921024601603,7,0.00068359375
0101011101,17571,"[3, 2, 1, 0]",9600,283.0386161804199,True,21.817921024601603,7,0.00068359375
0101110001,17572,"[2, 1, 0, 3]",600,283.05602073669434,False,9.828808760201333,7,0.00068359375
0101110001,17573,"[2, 1, 0, 3]",600,283.069372177124,True,9.828808760201333,7,0.00068359375
0101110001,17574,"[2, 1, 0, 3]",600,283.08725357055664,False,9.828808760201333,7,0.00068359375
0101110001,17575,"[2, 1, 0, 3]",600,283.10370445251465,True,9.828808760201333,7,0.00068359375
0101110001,17576,"[2, 1, 0, 3]",600,283.12230110168457,False,9.828808760201333,7,0.00068359375
0101110001,17577,"[2, 1, 0, 3]",600,283.13612937927246,True,9.828808760201333,7,0.00068359375
0101110001,17578,"[2, 1, 0, 3]",600,283.153772354126,False,9.828808760201333,7,0.00068359375
0101110001,17579,"[2, 1, 0, 3]",600,283.16712379455566,True,9.828808760201333,7,0.00068359375
0101110001,17580,"[2, 1, 0, 3]",600,283.1845283508301,False,9.828808760201333,7,0.00068359375
0101110001,17581,"[2, 1, 0, 3]",600,283.19740295410156,True,9.828808760201333,7,0.00068359375
0101110001,17582,"[2, 1, 0, 3]",600,283.214807510376,False,9.828808760201333,7,0.00068359375
0101110001,17583,"[2, 1, 0, 3]",600,283.22815895080566,True,9.828808760201333,7,0.00068359375
0101110001,17584,"[2, 1, 0, 3]",600,283.245325088501,False,9.828808760201333,7,0.00068359375
0101110001,17585,"[2, 1, 0, 3]",600,283.25867652893066,True,9.828808760201333,7,0.00068359375
1101011010,17586,"[0, 3, 2, 1]",6300,283.2763195037842,False,18.27225942116783,7,0.00068359375
1101011010,17587,"[0, 1, 3, 2]",465,283.28990936279297,True,18.27225942116783,7,0.00068359375
1101011010,17588,"[0, 3, 2, 1]",6300,283.3075523376465,False,18.27225942116783,7,0.00068359375
1101011010,17589,"[0, 1, 3, 2]",465,283.3211421966553,True,18.27225942116783,7,0.00068359375
1101011010,17590,"[0, 3, 2, 1]",6300,283.3385467529297,False,18.27225942116783,7,0.00068359375
1101011010,17591,"[0, 1, 3, 2]",465,283.3518981933594,True,18.27225942116783,7,0.00068359375
1101011010,17592,"[0, 3, 2, 1]",6300,283.3688259124756,False,18.27225942116783,7,0.00068359375
1101011010,17593,"[0, 1, 3, 2]",465,283.38170051574707,True,18.27225942116783,7,0.00068359375
1101011010,17594,"[0, 3, 2, 1]",6300,283.3988666534424,False,18.27225942116783,7,0.00068359375
1101011010,17595,"[0, 1, 3, 2]",465,283.41150283813477,True,18.27225942116783,7,0.00068359375
1101011010,17596,"[0, 3, 2, 1]",6300,283.4303379058838,False,18.27225942116783,7,0.00068359375
1101011010,17597,"[0, 1, 3, 2]",465,283.4434509277344,True,18.27225942116783,7,0.00068359375
1101011010,17598,"[0, 3, 2, 1]",6300,283.4610939025879,False,18.27225942116783,7,0.00068359375
1101011010,17599,"[0, 1, 3, 2]",465,283.4737300872803,True,18.27225942116783,7,0.00068359375
1101101001,17600,"[0, 3, 2, 1]",6300,283.4911346435547,False,23.657617520402667,7,0.00068359375
1101101001,17601,"[0, 1, 3, 2]",465,283.5040092468262,True,23.657617520402667,7,0.00068359375
1101101001,17602,"[0, 3, 2, 1]",6300,283.5211753845215,False,23.657617520402667,7,0.00068359375
1101101001,17603,"[0, 1, 3, 2]",465,283.53381156921387,True,23.657617520402667,7,0.00068359375
1101101001,17604,"[0, 3, 2, 1]",6300,283.5507392883301,False,23.657617520402667,7,0.00068359375
1101101001,17605,"[0, 1, 3, 2]",465,283.56361389160156,True,23.657617520402667,7,0.00068359375
1101101001,17606,"[0, 3, 2, 1]",6300,283.5805416107178,False,23.657617520402667,7,0.00068359375
1101101001,17607,"[0, 1, 3, 2]",465,283.59317779541016,True,23.657617520402667,7,0.00068359375
1101101001,17608,"[0, 3, 2, 1]",6300,283.61010551452637,False,23.657617520402667,7,0.00068359375
1101101001,17609,"[0, 1, 3, 2]",465,283.62321853637695,True,23.657617520402667,7,0.00068359375
1101101001,17610,"[0, 3, 2, 1]",6300,283.64038467407227,False,23.657617520402667,7,0.00068359375
1101101001,17611,"[0, 1, 3, 2]",465,283.65325927734375,True,23.657617520402667,7,0.00068359375
1101101001,17612,"[0, 3, 2, 1]",6300,283.67042541503906,False,23.657617520402667,7,0.00068359375
1101101001,17613,"[0, 1, 3, 2]",465,283.68306159973145,True,23.657617520402667,7,0.00068359375
0111100101,17614,"[1, 2, 3, 0]",9300,283.70046615600586,False,15.175666353837997,7,0.00068359375
0111100101,17615,"[1, 0, 2, 3]",315,283.71620178222656,True,15.175666353837997,7,0.00068359375
0111100101,17616,"[1, 2, 3, 0]",9300,283.7338447570801,False,15.175666353837997,7,0.00068359375
0111100101,17617,"[1, 0, 2, 3]",315,283.74791145324707,True,15.175666353837997,7,0.00068359375
0111100101,17618,"[1, 2, 3, 0]",9300,283.7667465209961,False,15.175666353837997,7,0.00068359375
0111100101,17619,"[1, 0, 2, 3]",315,283.7803363800049,True,15.175666353837997,7,0.00068359375
0111100101,17620,"[1, 2, 3, 0]",9300,283.7979793548584,False,15.175666353837997,7,0.00068359375
0111100101,17621,"[1, 0, 2, 3]",315,283.8113307952881,True,15.175666353837997,7,0.00068359375
0111100101,17622,"[1, 2, 3, 0]",9300,283.8287353515625,False,15.175666353837997,7,0.00068359375
0111100101,17623,"[1, 0, 2, 3]",315,283.8420867919922,True,15.175666353837997,7,0.00068359375
0111100101,17624,"[1, 2, 3, 0]",9300,283.8594913482666,False,15.175666353837997,7,0.00068359375
0111100101,17625,"[1, 0, 2, 3]",315,283.8730812072754,True,15.175666353837997,7,0.00068359375
0111100101,17626,"[1, 2, 3, 0]",9300,283.8921546936035,False,15.175666353837997,7,0.00068359375
0111100101,17627,"[1, 0, 2, 3]",315,283.9059829711914,True,15.175666353837997,7,0.00068359375
1111110111,17628,"[2, 1, 0, 3]",600,283.923864364624,False,25.772163534040928,7,0.00068359375
1111110111,17629,"[2, 1, 0, 3]",600,283.9372158050537,True,25.772163534040928,7,0.00068359375
1111110111,17630,"[2, 1, 0, 3]",600,283.954381942749,False,25.772163534040928,7,0.00068359375
1111110111,17631,"[2, 1, 0, 3]",600,283.9674949645996,True,25.772163534040928,7,0.00068359375
1111110111,17632,"[2, 1, 0, 3]",600,283.9846611022949,False,25.772163534040928,7,0.00068359375
1111110111,17633,"[2, 1, 0, 3]",600,283.9977741241455,True,25.772163534040928,7,0.00068359375
1111110111,17634,"[2, 1, 0, 3]",600,284.0149402618408,False,25.772163534040928,7,0.00068359375
1111110111,17635,"[2, 1, 0, 3]",600,284.0280532836914,True,25.772163534040928,7,0.00068359375
1111110111,17636,"[2, 1, 0, 3]",600,284.0454578399658,False,25.772163534040928,7,0.00068359375
1111110111,17637,"[2, 1, 0, 3]",600,284.0580940246582,True,25.772163534040928,7,0.00068359375
1111110111,17638,"[2, 1, 0, 3]",600,284.0771675109863,False,25.772163534040928,7,0.00068359375
1111110111,17639,"[2, 1, 0, 3]",600,284.090518951416,True,25.772163534040928,7,0.00068359375
1111110111,17640,"[2, 1, 0, 3]",600,284.10816192626953,False,25.772163534040928,7,0.00068359375
1111110111,17641,"[2, 1, 0, 3]",600,284.1207981109619,True,25.772163534040928,7,0.00068359375
1111000010,17642,"[1, 0, 3, 2]",465,284.1382026672363,False,8.118563817365718,7,0.00068359375
1111000010,17643,"[1, 0, 3, 2]",465,284.1513156890869,True,8.118563817365718,7,0.00068359375
1111000010,17644,"[1, 0, 3, 2]",465,284.1687202453613,False,8.118563817365718,7,0.00068359375
1111000010,17645,"[1, 0, 3, 2]",465,284.1818332672119,True,8.118563817365718,7,0.00068359375
1111000010,17646,"[1, 0, 3, 2]",465,284.1992378234863,False,8.118563817365718,7,0.00068359375
1111000010,17647,"[1, 0, 3, 2]",465,284.2118740081787,True,8.118563817365718,7,0.00068359375
1111000010,17648,"[1, 0, 3, 2]",465,284.2292785644531,False,8.118563817365718,7,0.00068359375
1111000010,17649,"[1, 0, 3, 2]",465,284.2419147491455,True,8.118563817365718,7,0.00068359375
1111000010,17650,"[1, 0, 3, 2]",465,284.2593193054199,False,8.118563817365718,7,0.00068359375
1111000010,17651,"[1, 0, 3, 2]",465,284.2724323272705,True,8.118563817365718,7,0.00068359375
1111000010,17652,"[1, 0, 3, 2]",465,284.2895984649658,False,8.118563817365718,7,0.00068359375
1111000010,17653,"[1, 0, 3, 2]",465,284.3029499053955,True,8.118563817365718,7,0.00068359375
1111000010,17654,"[1, 0, 3, 2]",465,284.320592880249,False,8.118563817365718,7,0.00068359375
1111000010,17655,"[1, 0, 3, 2]",465,284.3337059020996,True,8.118563817365718,7,0.00068359375
0111101111,17656,"[3, 1, 2, 0]",9450,284.351110458374,False,21.767085447832436,7,0.00068359375
0111101111,17657,"[3, 1, 0, 2]",900,284.3649387359619,True,21.767085447832436,7,0.00068359375
0111101111,17658,"[3, 1, 2, 0]",9450,284.3823432922363,False,21.767085447832436,7,0.00068359375
0111101111,17659,"[3, 1, 0, 2]",900,284.3976020812988,True,21.767085447832436,7,0.00068359375
0111101111,17660,"[3, 1, 2, 0]",9450,284.41572189331055,False,21.767085447832436,7,0.00068359375
0111101111,17661,"[3, 1, 0, 2]",900,284.42907333374023,True,21.767085447832436,7,0.00068359375
0111101111,17662,"[3, 1, 2, 0]",9450,284.44671630859375,False,21.767085447832436,7,0.00068359375
0111101111,17663,"[3, 1, 0, 2]",900,284.46006774902344,True,21.767085447832436,7,0.00068359375
0111101111,17664,"[3, 1, 2, 0]",9450,284.47747230529785,False,21.767085447832436,7,0.00068359375
0111101111,17665,"[3, 1, 0, 2]",900,284.49082374572754,True,21.767085447832436,7,0.00068359375
0111101111,17666,"[3, 1, 2, 0]",9450,284.50846672058105,False,21.767085447832436,7,0.00068359375
0111101111,17667,"[3, 1, 0, 2]",900,284.52181816101074,True,21.767085447832436,7,0.00068359375
0111101111,17668,"[3, 1, 2, 0]",9450,284.53946113586426,False,21.767085447832436,7,0.00068359375
0111101111,17669,"[3, 1, 0, 2]",900,284.55233573913574,True,21.767085447832436,7,0.00068359375
1101010110,17670,"[0, 3, 2, 1]",6300,284.56974029541016,False,30.544518842335663,7,0.00068359375
1101010110,17671,"[0, 1, 3, 2]",465,284.58285331726074,True,30.544518842335663,7,0.00068359375
1101010110,17672,"[0, 3, 2, 1]",6300,284.60073471069336,False,30.544518842335663,7,0.00068359375
1101010110,17673,"[0, 1, 3, 2]",465,284.61360931396484,True,30.544518842335663,7,0.00068359375
1101010110,17674,"[0, 3, 2, 1]",6300,284.63077545166016,False,30.544518842335663,7,0.00068359375
1101010110,17675,"[0, 1, 3, 2]",465,284.64365005493164,True,30.544518842335663,7,0.00068359375
1101010110,17676,"[0, 3, 2, 1]",6300,284.66272354125977,False,30.544518842335663,7,0.00068359375
1101010110,17677,"[0, 1, 3, 2]",465,284.67655181884766,True,30.544518842335663,7,0.00068359375
1101010110,17678,"[0, 3, 2, 1]",6300,284.6944332122803,False,30.544518842335663,7,0.00068359375
1101010110,17679,"[0, 1, 3, 2]",465,284.70754623413086,True,30.544518842335663,7,0.00068359375
1101010110,17680,"[0, 3, 2, 1]",6300,284.7263813018799,False,30.544518842335663,7,0.00068359375
1101010110,17681,"[0, 1, 3, 2]",465,284.7399711608887,True,30.544518842335663,7,0.00068359375
1101010110,17682,"[0, 3, 2, 1]",6300,284.7573757171631,False,30.544518842335663,7,0.00068359375
1101010110,17683,"[0, 1, 3, 2]",465,284.77025032043457,True,30.544518842335663,7,0.00068359375
0101111111,17684,"[3, 2, 1, 0]",9600,284.787654876709,False,24.797855692697922,7,0.00068359375
0101111111,17685,"[3, 2, 1, 0]",9600,284.8012447357178,True,24.797855692697922,7,0.00068359375
0101111111,17686,"[3, 2, 1, 0]",9600,284.8186492919922,False,24.797855692697922,7,0.00068359375
0101111111,17687,"[3, 2, 1, 0]",9600,284.8317623138428,True,24.797855692697922,7,0.00068359375
0101111111,17688,"[3, 2, 1, 0]",9600,284.8489284515381,False,24.797855692697922,7,0.00068359375
0101111111,17689,"[3, 2, 1, 0]",9600,284.8620414733887,True,24.797855692697922,7,0.00068359375
0101111111,17690,"[3, 2, 1, 0]",9600,284.879207611084,False,24.797855692697922,7,0.00068359375
0101111111,17691,"[3, 2, 1, 0]",9600,284.89184379577637,True,24.797855692697922,7,0.00068359375
0101111111,17692,"[3, 2, 1, 0]",9600,284.9090099334717,False,24.797855692697922,7,0.00068359375
0101111111,17693,"[3, 2, 1, 0]",9600,284.92188453674316,True,24.797855692697922,7,0.00068359375
0101111111,17694,"[3, 2, 1, 0]",9600,284.9390506744385,False,24.797855692697922,7,0.00068359375
0101111111,17695,"[3, 2, 1, 0]",9600,284.95192527770996,True,24.797855692697922,7,0.00068359375
0101111111,17696,"[3, 2, 1, 0]",9600,284.9688529968262,False,24.797855692697922,7,0.00068359375
0101111111,17697,"[3, 2, 1, 0]",9600,284.98148918151855,True,24.797855692697922,7,0.00068359375
0100000110,17698,"[3, 0, 2, 1]",6300,284.99841690063477,False,21.136129710583916,7,0.00068359375
0100000110,17699,"[3, 0, 1, 2]",750,285.01200675964355,True,21.136129710583916,7,0.00068359375
0100000110,17700,"[3, 0, 2, 1]",6300,285.02941131591797,False,21.136129710583916,7,0.00068359375
0100000110,17701,"[3, 0, 1, 2]",750,285.04443168640137,True,21.136129710583916,7,0.00068359375
0100000110,17702,"[3, 0, 2, 1]",6300,285.0625514984131,False,21.136129710583916,7,0.00068359375
0100000110,17703,"[3, 0, 1, 2]",750,285.0759029388428,True,21.136129710583916,7,0.00068359375
0100000110,17704,"[3, 0, 2, 1]",6300,285.0937843322754,False,21.136129710583916,7,0.00068359375
0100000110,17705,"[3, 0, 1, 2]",750,285.1071357727051,True,21.136129710583916,7,0.00068359375
0100000110,17706,"[3, 0, 2, 1]",6300,285.1245403289795,False,21.136129710583916,7,0.00068359375
0100000110,17707,"[3, 0, 1, 2]",750,285.1378917694092,True,21.136129710583916,7,0.00068359375
0100000110,17708,"[3, 0, 2, 1]",6300,285.1552963256836,False,21.136129710583916,7,0.00068359375
0100000110,17709,"[3, 0, 1, 2]",750,285.1686477661133,True,21.136129710583916,7,0.00068359375
0100000110,17710,"[3, 0, 2, 1]",6300,285.1860523223877,False,21.136129710583916,7,0.00068359375
0100000110,17711,"[3, 0, 1, 2]",750,285.1991653442383,True,21.136129710583916,7,0.00068359375
1100110101,17712,"[2, 0, 3, 1]",6200,285.2165699005127,False,15.012863410953585,7,0.00068359375
1100110101,17713,"[2, 0, 1, 3]",500,285.2301597595215,True,15.012863410953585,7,0.00068359375
1100110101,17714,"[2, 0, 3, 1]",6200,285.2473258972168,False,15.012863410953585,7,0.00068359375
1100110101,17715,"[2, 0, 1, 3]",500,285.2604389190674,True,15.012863410953585,7,0.00068359375
1100110101,17716,"[2, 0, 3, 1]",6200,285.2778434753418,False,15.012863410953585,7,0.00068359375
1100110101,17717,"[2, 0, 1, 3]",500,285.2907180786133,True,15.012863410953585,7,0.00068359375
1100110101,17718,"[2, 0, 3, 1]",6200,285.3083610534668,False,15.012863410953585,7,0.00068359375
1100110101,17719,"[2, 0, 1, 3]",500,285.3214740753174,True,15.012863410953585,7,0.00068359375
1100110101,17720,"[2, 0, 3, 1]",6200,285.3386402130127,False,15.012863410953585,7,0.00068359375
1100110101,17721,"[2, 0, 1, 3]",500,285.3517532348633,True,15.012863410953585,7,0.00068359375
1100110101,17722,"[2, 0, 3, 1]",6200,285.3703498840332,False,15.012863410953585,7,0.00068359375
1100110101,17723,"[2, 0, 1, 3]",500,285.3834629058838,True,15.012863410953585,7,0.00068359375
1100110101,17724,"[2, 0, 3, 1]",6200,285.4011058807373,False,15.012863410953585,7,0.00068359375
1100110101,17725,"[2, 0, 1, 3]",500,285.4142189025879,True,15.012863410953585,7,0.00068359375
1110111000,17726,"[2, 0, 3, 1]",6200,285.4328155517578,False,43.83925788328105,7,0.00068359375
1110111000,17727,"[2, 0, 1, 3]",500,285.4466438293457,True,43.83925788328105,7,0.00068359375
1110111000,17728,"[2, 0, 3, 1]",6200,285.4645252227783,False,43.83925788328105,7,0.00068359375
1110111000,17729,"[2, 0, 1, 3]",500,285.4776382446289,True,43.83925788328105,7,0.00068359375
1110111000,17730,"[2, 0, 3, 1]",6200,285.49885749816895,False,43.83925788328105,7,0.00068359375
1110111000,17731,"[2, 0, 1, 3]",500,285.51220893859863,True,43.83925788328105,7,0.00068359375
1110111000,17732,"[2, 0, 3, 1]",6200,285.52961349487305,False,43.83925788328105,7,0.00068359375
1110111000,17733,"[2, 0, 1, 3]",500,285.54296493530273,True,43.83925788328105,7,0.00068359375
1110111000,17734,"[2, 0, 3, 1]",6200,285.56036949157715,False,43.83925788328105,7,0.00068359375
1110111000,17735,"[2, 0, 1, 3]",500,285.57372093200684,True,43.83925788328105,7,0.00068359375
1110111000,17736,"[2, 0, 3, 1]",6200,285.59112548828125,False,43.83925788328105,7,0.00068359375
1110111000,17737,"[2, 0, 1, 3]",500,285.60423851013184,True,43.83925788328105,7,0.00068359375
1110111000,17738,"[2, 0, 3, 1]",6200,285.62164306640625,False,43.83925788328105,7,0.00068359375
1110111000,17739,"[2, 0, 1, 3]",500,285.63451766967773,True,43.83925788328105,7,0.00068359375
1000111000,17740,"[2, 3, 0, 1]",6600,285.65192222595215,False,29.96710592039291,7,0.00068359375
1000111000,17741,"[2, 3, 0, 1]",6600,285.66527366638184,True,29.96710592039291,7,0.00068359375
1000111000,17742,"[2, 3, 0, 1]",6600,285.68267822265625,False,29.96710592039291,7,0.00068359375
1000111000,17743,"[2, 3, 0, 1]",6600,285.69817543029785,True,29.96710592039291,7,0.00068359375
1000111000,17744,"[2, 3, 0, 1]",6600,285.71605682373047,False,29.96710592039291,7,0.00068359375
1000111000,17745,"[2, 3, 0, 1]",6600,285.72869300842285,True,29.96710592039291,7,0.00068359375
1000111000,17746,"[2, 3, 0, 1]",6600,285.74633598327637,False,29.96710592039291,7,0.00068359375
1000111000,17747,"[2, 3, 0, 1]",6600,285.75873374938965,True,29.96710592039291,7,0.00068359375
1000111000,17748,"[2, 3, 0, 1]",6600,285.77589988708496,False,29.96710592039291,7,0.00068359375
1000111000,17749,"[2, 3, 0, 1]",6600,285.78829765319824,True,29.96710592039291,7,0.00068359375
1000111000,17750,"[2, 3, 0, 1]",6600,285.80546379089355,False,29.96710592039291,7,0.00068359375
1000111000,17751,"[2, 3, 0, 1]",6600,285.81786155700684,True,29.96710592039291,7,0.00068359375
1000111000,17752,"[2, 3, 0, 1]",6600,285.83502769470215,False,29.96710592039291,7,0.00068359375
1000111000,17753,"[2, 3, 0, 1]",6600,285.84766387939453,True,29.96710592039291,7,0.00068359375
0101000000,17754,"[1, 0, 3, 2]",465,285.86506843566895,False,14.73537316773854,7,0.00068359375
0101000000,17755,"[1, 0, 3, 2]",465,285.87865829467773,True,14.73537316773854,7,0.00068359375
0101000000,17756,"[1, 0, 3, 2]",465,285.89630126953125,False,14.73537316773854,7,0.00068359375
0101000000,17757,"[1, 0, 3, 2]",465,285.90965270996094,True,14.73537316773854,7,0.00068359375
0101000000,17758,"[1, 0, 3, 2]",465,285.92658042907715,False,14.73537316773854,7,0.00068359375
0101000000,17759,"[1, 0, 3, 2]",465,285.94017028808594,True,14.73537316773854,7,0.00068359375
0101000000,17760,"[1, 0, 3, 2]",465,285.95733642578125,False,14.73537316773854,7,0.00068359375
0101000000,17761,"[1, 0, 3, 2]",465,285.97044944763184,True,14.73537316773854,7,0.00068359375
0101000000,17762,"[1, 0, 3, 2]",465,285.98761558532715,False,14.73537316773854,7,0.00068359375
0101000000,17763,"[1, 0, 3, 2]",465,286.00072860717773,True,14.73537316773854,7,0.00068359375
0101000000,17764,"[1, 0, 3, 2]",465,286.01932525634766,False,14.73537316773854,7,0.00068359375
0101000000,17765,"[1, 0, 3, 2]",465,286.03267669677734,True,14.73537316773854,7,0.00068359375
0101000000,17766,"[1, 0, 3, 2]",465,286.05008125305176,False,14.73537316773854,7,0.00068359375
0101000000,17767,"[1, 0, 3, 2]",465,286.06295585632324,True,14.73537316773854,7,0.00068359375
0100101001,17768,"[3, 2, 0, 1]",6600,286.08059883117676,False,21.718124370008205,7,0.00068359375
0100101001,17769,"[3, 2, 0, 1]",6600,286.09395027160645,True,21.718124370008205,7,0.00068359375
0100101001,17770,"[3, 2, 0, 1]",6600,286.11111640930176,False,21.718124370008205,7,0.00068359375
0100101001,17771,"[3, 2, 0, 1]",6600,286.12399101257324,True,21.718124370008205,7,0.00068359375
0100101001,17772,"[3, 2, 0, 1]",6600,286.14139556884766,False,21.718124370008205,7,0.00068359375
0100101001,17773,"[3, 2, 0, 1]",6600,286.15403175354004,True,21.718124370008205,7,0.00068359375
0100101001,17774,"[3, 2, 0, 1]",6600,286.17143630981445,False,21.718124370008205,7,0.00068359375
0100101001,17775,"[3, 2, 0, 1]",6600,286.18407249450684,True,21.718124370008205,7,0.00068359375
0100101001,17776,"[3, 2, 0, 1]",6600,286.20123863220215,False,21.718124370008205,7,0.00068359375
0100101001,17777,"[3, 2, 0, 1]",6600,286.21530532836914,True,21.718124370008205,7,0.00068359375
0100101001,17778,"[3, 2, 0, 1]",6600,286.23294830322266,False,21.718124370008205,7,0.00068359375
0100101001,17779,"[3, 2, 0, 1]",6600,286.24558448791504,True,21.718124370008205,7,0.00068359375
0100101001,17780,"[3, 2, 0, 1]",6600,286.26322746276855,False,21.718124370008205,7,0.00068359375
0100101001,17781,"[3, 2, 0, 1]",6600,286.27610206604004,True,21.718124370008205,7,0.00068359375
1100100010,17782,"[0, 2, 3, 1]",6200,286.29374504089355,False,14.69267904961742,7,0.00068359375
1100100010,17783,"[0, 1, 2, 3]",315,286.31067276000977,True,14.69267904961742,7,0.00068359375
1100100010,17784,"[0, 2, 3, 1]",6200,286.3285541534424,False,14.69267904961742,7,0.00068359375
1100100010,17785,"[0, 1, 2, 3]",315,286.3426208496094,True,14.69267904961742,7,0.00068359375
1100100010,17786,"[0, 2, 3, 1]",6200,286.3619327545166,False,14.69267904961742,7,0.00068359375
1100100010,17787,"[0, 1, 2, 3]",315,286.3755226135254,True,14.69267904961742,7,0.00068359375
1100100010,17788,"[0, 2, 3, 1]",6200,286.3926887512207,False,14.69267904961742,7,0.00068359375
1100100010,17789,"[0, 1, 2, 3]",315,286.4060401916504,True,14.69267904961742,7,0.00068359375
1100100010,17790,"[0, 2, 3, 1]",6200,286.4227294921875,False,14.69267904961742,7,0.00068359375
1100100010,17791,"[0, 1, 2, 3]",315,286.4358425140381,True,14.69267904961742,7,0.00068359375
1100100010,17792,"[0, 2, 3, 1]",6200,286.4530086517334,False,14.69267904961742,7,0.00068359375
1100100010,17793,"[0, 1, 2, 3]",315,286.466121673584,True,14.69267904961742,7,0.00068359375
1100100010,17794,"[0, 2, 3, 1]",6200,286.4832878112793,False,14.69267904961742,7,0.00068359375
1100100010,17795,"[0, 1, 2, 3]",315,286.4959239959717,True,14.69267904961742,7,0.00068359375
1000111101,17796,"[3, 2, 0, 1]",6600,286.5138053894043,False,27.43624874001641,7,0.00068359375
1000111101,17797,"[3, 2, 0, 1]",6600,286.5266799926758,True,27.43624874001641,7,0.00068359375
1000111101,17798,"[3, 2, 0, 1]",6600,286.5440845489502,False,27.43624874001641,7,0.00068359375
1000111101,17799,"[3, 2, 0, 1]",6600,286.5569591522217,True,27.43624874001641,7,0.00068359375
1000111101,17800,"[3, 2, 0, 1]",6600,286.5738868713379,False,27.43624874001641,7,0.00068359375
1000111101,17801,"[3, 2, 0, 1]",6600,286.5867614746094,True,27.43624874001641,7,0.00068359375
1000111101,17802,"[3, 2, 0, 1]",6600,286.6034507751465,False,27.43624874001641,7,0.00068359375
1000111101,17803,"[3, 2, 0, 1]",6600,286.61608695983887,True,27.43624874001641,7,0.00068359375
1000111101,17804,"[3, 2, 0, 1]",6600,286.6332530975342,False,27.43624874001641,7,0.00068359375
1000111101,17805,"[3, 2, 0, 1]",6600,286.64636611938477,True,27.43624874001641,7,0.00068359375
1000111101,17806,"[3, 2, 0, 1]",6600,286.6647243499756,False,27.43624874001641,7,0.00068359375
1000111101,17807,"[3, 2, 0, 1]",6600,286.6778373718262,True,27.43624874001641,7,0.00068359375
1000111101,17808,"[3, 2, 0, 1]",6600,286.6954803466797,False,27.43624874001641,7,0.00068359375
1000111101,17809,"[3, 2, 0, 1]",6600,286.7085933685303,True,27.43624874001641,7,0.00068359375
1010011111,17810,"[3, 1, 0, 2]",900,286.7257595062256,False,22.20135851249499,7,0.00068359375
1010011111,17811,"[3, 1, 0, 2]",900,286.7393493652344,True,22.20135851249499,7,0.00068359375
1010011111,17812,"[3, 1, 0, 2]",900,286.7567539215088,False,22.20135851249499,7,0.00068359375
1010011111,17813,"[3, 1, 0, 2]",900,286.7698669433594,True,22.20135851249499,7,0.00068359375
1010011111,17814,"[3, 1, 0, 2]",900,286.7870330810547,False,22.20135851249499,7,0.00068359375
1010011111,17815,"[3, 1, 0, 2]",900,286.8003845214844,True,22.20135851249499,7,0.00068359375
1010011111,17816,"[3, 1, 0, 2]",900,286.8175506591797,False,22.20135851249499,7,0.00068359375
1010011111,17817,"[3, 1, 0, 2]",900,286.8306636810303,True,22.20135851249499,7,0.00068359375
1010011111,17818,"[3, 1, 0, 2]",900,286.8483066558838,False,22.20135851249499,7,0.00068359375
1010011111,17819,"[3, 1, 0, 2]",900,286.8614196777344,True,22.20135851249499,7,0.00068359375
1010011111,17820,"[3, 1, 0, 2]",900,286.8788242340088,False,22.20135851249499,7,0.00068359375
1010011111,17821,"[3, 1, 0, 2]",900,286.8914604187012,True,22.20135851249499,7,0.00068359375
1010011111,17822,"[3, 1, 0, 2]",900,286.9093418121338,False,22.20135851249499,7,0.00068359375
1010011111,17823,"[3, 1, 0, 2]",900,286.9219779968262,True,22.20135851249499,7,0.00068359375
0000101001,17824,"[3, 2, 1, 0]",9600,286.9393825531006,False,34.718124370008205,7,0.00068359375
0000101001,17825,"[3, 2, 1, 0]",9600,286.95225715637207,True,34.718124370008205,7,0.00068359375
0000101001,17826,"[3, 2, 1, 0]",9600,286.9696617126465,False,34.718124370008205,7,0.00068359375
0000101001,17827,"[3, 2, 1, 0]",9600,287.0066165924072,True,34.718124370008205,7,0.00068359375
0000101001,17828,"[3, 2, 1, 0]",9600,287.02688217163086,False,34.718124370008205,7,0.00068359375
0000101001,17829,"[3, 2, 1, 0]",9600,287.04047203063965,True,34.718124370008205,7,0.00068359375
0000101001,17830,"[3, 2, 1, 0]",9600,287.05883026123047,False,34.718124370008205,7,0.00068359375
0000101001,17831,"[3, 2, 1, 0]",9600,287.07170486450195,True,34.718124370008205,7,0.00068359375
0000101001,17832,"[3, 2, 1, 0]",9600,287.08910942077637,False,34.718124370008205,7,0.00068359375
0000101001,17833,"[3, 2, 1, 0]",9600,287.10222244262695,True,34.718124370008205,7,0.00068359375
0000101001,17834,"[3, 2, 1, 0]",9600,287.11938858032227,False,34.718124370008205,7,0.00068359375
0000101001,17835,"[3, 2, 1, 0]",9600,287.13226318359375,True,34.718124370008205,7,0.00068359375
0000101001,17836,"[3, 2, 1, 0]",9600,287.16588020324707,False,34.718124370008205,7,0.00068359375
0000101001,17837,"[3, 2, 1, 0]",9600,287.17947006225586,True,34.718124370008205,7,0.00068359375
1101000000,17838,"[0, 1, 3, 2]",465,287.1983051300049,False,9.73537316773854,6,0.0005859375
1101000000,17839,"[0, 1, 3, 2]",465,287.212610244751,True,9.73537316773854,6,0.0005859375
1101000000,17840,"[0, 1, 3, 2]",465,287.2307300567627,False,9.73537316773854,6,0.0005859375
1101000000,17841,"[0, 1, 3, 2]",465,287.2445583343506,True,9.73537316773854,6,0.0005859375
1101000000,17842,"[0, 1, 3, 2]",465,287.2624397277832,False,9.73537316773854,6,0.0005859375
1101000000,17843,"[0, 1, 3, 2]",465,287.276029586792,True,9.73537316773854,6,0.0005859375
1101000000,17844,"[0, 1, 3, 2]",465,287.2939109802246,False,9.73537316773854,6,0.0005859375
1101000000,17845,"[0, 1, 3, 2]",465,287.3072624206543,True,9.73537316773854,6,0.0005859375
1101000000,17846,"[0, 1, 3, 2]",465,287.3251438140869,False,9.73537316773854,6,0.0005859375
1101000000,17847,"[0, 1, 3, 2]",465,287.3382568359375,True,9.73537316773854,6,0.0005859375
1101000000,17848,"[0, 1, 3, 2]",465,287.35804557800293,False,9.73537316773854,6,0.0005859375
1101000000,17849,"[0, 1, 3, 2]",465,287.3718738555908,True,9.73537316773854,6,0.0005859375
1111100110,17850,"[1, 0, 2, 3]",315,287.39047050476074,False,23.482091381388685,6,0.0005859375
1111100110,17851,"[1, 0, 2, 3]",315,287.40429878234863,True,23.482091381388685,6,0.0005859375
1111100110,17852,"[1, 0, 2, 3]",315,287.42241859436035,False,23.482091381388685,6,0.0005859375
1111100110,17853,"[1, 0, 2, 3]",315,287.43600845336914,True,23.482091381388685,6,0.0005859375
1111100110,17854,"[1, 0, 2, 3]",315,287.45460510253906,False,23.482091381388685,6,0.0005859375
1111100110,17855,"[1, 0, 2, 3]",315,287.46771812438965,True,23.482091381388685,6,0.0005859375
1111100110,17856,"[1, 0, 2, 3]",315,287.48631477355957,False,23.482091381388685,6,0.0005859375
1111100110,17857,"[1, 0, 2, 3]",315,287.49966621398926,True,23.482091381388685,6,0.0005859375
1111100110,17858,"[1, 0, 2, 3]",315,287.5180244445801,False,23.482091381388685,6,0.0005859375
1111100110,17859,"[1, 0, 2, 3]",315,287.53137588500977,True,23.482091381388685,6,0.0005859375
1111100110,17860,"[1, 0, 2, 3]",315,287.5494956970215,False,23.482091381388685,6,0.0005859375
1111100110,17861,"[1, 0, 2, 3]",315,287.5628471374512,True,23.482091381388685,6,0.0005859375
1010111111,17862,"[3, 2, 1, 0]",9600,287.5809669494629,False,36.79785569269792,6,0.0005859375
1010111111,17863,"[3, 2, 1, 0]",9600,287.5950336456299,True,36.79785569269792,6,0.0005859375
1010111111,17864,"[3, 2, 1, 0]",9600,287.6131534576416,False,36.79785569269792,6,0.0005859375
1010111111,17865,"[3, 2, 1, 0]",9600,287.6269817352295,True,36.79785569269792,6,0.0005859375
1010111111,17866,"[3, 2, 1, 0]",9600,287.6448631286621,False,36.79785569269792,6,0.0005859375
1010111111,17867,"[3, 2, 1, 0]",9600,287.6584529876709,True,36.79785569269792,6,0.0005859375
1010111111,17868,"[3, 2, 1, 0]",9600,287.6768112182617,False,36.79785569269792,6,0.0005859375
1010111111,17869,"[3, 2, 1, 0]",9600,287.6920700073242,True,36.79785569269792,6,0.0005859375
1010111111,17870,"[3, 2, 1, 0]",9600,287.71090507507324,False,36.79785569269792,6,0.0005859375
1010111111,17871,"[3, 2, 1, 0]",9600,287.72425651550293,True,36.79785569269792,6,0.0005859375
1010111111,17872,"[3, 2, 1, 0]",9600,287.74213790893555,False,36.79785569269792,6,0.0005859375
1010111111,17873,"[3, 2, 1, 0]",9600,287.75572776794434,True,36.79785569269792,6,0.0005859375
0110011111,17874,"[3, 1, 2, 0]",9450,287.77384757995605,False,16.45123598571159,6,0.0005859375
0110011111,17875,"[3, 1, 0, 2]",900,287.78767585754395,True,16.45123598571159,6,0.0005859375
0110011111,17876,"[3, 1, 2, 0]",9450,287.80603408813477,False,16.45123598571159,6,0.0005859375
0110011111,17877,"[3, 1, 0, 2]",900,287.81962394714355,True,16.45123598571159,6,0.0005859375
0110011111,17878,"[3, 1, 2, 0]",9450,287.8398895263672,False,16.45123598571159,6,0.0005859375
0110011111,17879,"[3, 1, 0, 2]",900,287.8541946411133,True,16.45123598571159,6,0.0005859375
0110011111,17880,"[3, 1, 2, 0]",9450,287.8730297088623,False,16.45123598571159,6,0.0005859375
0110011111,17881,"[3, 1, 0, 2]",900,287.8868579864502,True,16.45123598571159,6,0.0005859375
0110011111,17882,"[3, 1, 2, 0]",9450,287.905216217041,False,16.45123598571159,6,0.0005859375
0110011111,17883,"[3, 1, 0, 2]",900,287.9195213317871,True,16.45123598571159,6,0.0005859375
0110011111,17884,"[3, 1, 2, 0]",9450,287.9376411437988,False,16.45123598571159,6,0.0005859375
0110011111,17885,"[3, 1, 0, 2]",900,287.9514694213867,True,16.45123598571159,6,0.0005859375
1001111100,17886,"[3, 2, 0, 1]",6600,287.96982765197754,False,33.9104606942325,6,0.0005859375
1001111100,17887,"[3, 2, 0, 1]",6600,287.98365592956543,True,33.9104606942325,6,0.0005859375
1001111100,17888,"[3, 2, 0, 1]",6600,288.00177574157715,False,33.9104606942325,6,0.0005859375
1001111100,17889,"[3, 2, 0, 1]",6600,288.01536560058594,True,33.9104606942325,6,0.0005859375
1001111100,17890,"[3, 2, 0, 1]",6600,288.03515434265137,False,33.9104606942325,6,0.0005859375
1001111100,17891,"[3, 2, 0, 1]",6600,288.04922103881836,True,33.9104606942325,6,0.0005859375
1001111100,17892,"[3, 2, 0, 1]",6600,288.0675792694092,False,33.9104606942325,6,0.0005859375
1001111100,17893,"[3, 2, 0, 1]",6600,288.0973815917969,True,33.9104606942325,6,0.0005859375
1001111100,17894,"[3, 2, 0, 1]",6600,288.1157398223877,False,33.9104606942325,6,0.0005859375
1001111100,17895,"[3, 2, 0, 1]",6600,288.1295680999756,True,33.9104606942325,6,0.0005859375
1001111100,17896,"[3, 2, 0, 1]",6600,288.1479263305664,False,33.9104606942325,6,0.0005859375
1001111100,17897,"[3, 2, 0, 1]",6600,288.1615161895752,True,33.9104606942325,6,0.0005859375
0010010000,17898,"[1, 2, 3, 0]",9300,288.1796360015869,False,15.075869699244597,6,0.0005859375
0010010000,17899,"[1, 0, 2, 3]",315,288.1941795349121,True,15.075869699244597,6,0.0005859375
0010010000,17900,"[1, 2, 3, 0]",9300,288.21301460266113,False,15.075869699244597,6,0.0005859375
0010010000,17901,"[1, 0, 2, 3]",315,288.2273197174072,True,15.075869699244597,6,0.0005859375
0010010000,17902,"[1, 2, 3, 0]",9300,288.24615478515625,False,15.075869699244597,6,0.0005859375
0010010000,17903,"[1, 0, 2, 3]",315,288.26045989990234,True,15.075869699244597,6,0.0005859375
0010010000,17904,"[1, 2, 3, 0]",9300,288.27881813049316,False,15.075869699244597,6,0.0005859375
0010010000,17905,"[1, 0, 2, 3]",315,288.29288482666016,True,15.075869699244597,6,0.0005859375
0010010000,17906,"[1, 2, 3, 0]",9300,288.311243057251,False,15.075869699244597,6,0.0005859375
0010010000,17907,"[1, 0, 2, 3]",315,288.32507133483887,True,15.075869699244597,6,0.0005859375
0010010000,17908,"[1, 2, 3, 0]",9300,288.3436679840088,False,15.075869699244597,6,0.0005859375
0010010000,17909,"[1, 0, 2, 3]",315,288.3574962615967,True,15.075869699244597,6,0.0005859375
1100010111,17910,"[0, 3, 2, 1]",6300,288.38610649108887,False,13.718124370008205,6,0.0005859375
1100010111,17911,"[0, 1, 3, 2]",465,288.40112686157227,True,13.718124370008205,6,0.0005859375
1100010111,17912,"[0, 3, 2, 1]",6300,288.4202003479004,False,13.718124370008205,6,0.0005859375
1100010111,17913,"[0, 1, 3, 2]",465,288.4337902069092,True,13.718124370008205,6,0.0005859375
1100010111,17914,"[0, 3, 2, 1]",6300,288.4519100189209,False,13.718124370008205,6,0.0005859375
1100010111,17915,"[0, 1, 3, 2]",465,288.4657382965088,True,13.718124370008205,6,0.0005859375
1100010111,17916,"[0, 3, 2, 1]",6300,288.4838581085205,False,13.718124370008205,6,0.0005859375
1100010111,17917,"[0, 1, 3, 2]",465,288.4976863861084,True,13.718124370008205,6,0.0005859375
1100010111,17918,"[0, 3, 2, 1]",6300,288.5158061981201,False,13.718124370008205,6,0.0005859375
1100010111,17919,"[0, 1, 3, 2]",465,288.5293960571289,True,13.718124370008205,6,0.0005859375
1100010111,17920,"[0, 3, 2, 1]",6300,288.5472774505615,False,13.718124370008205,6,0.0005859375
1100010111,17921,"[0, 1, 3, 2]",465,288.5606288909912,True,13.718124370008205,6,0.0005859375
1001011100,17922,"[3, 0, 2, 1]",6300,288.5785102844238,False,23.772163534040928,6,0.0005859375
1001011100,17923,"[3, 0, 1, 2]",750,288.5925769805908,True,23.772163534040928,6,0.0005859375
1001011100,17924,"[3, 0, 2, 1]",6300,288.61093521118164,False,23.772163534040928,6,0.0005859375
1001011100,17925,"[3, 0, 1, 2]",750,288.62452507019043,True,23.772163534040928,6,0.0005859375
1001011100,17926,"[3, 0, 2, 1]",6300,288.64264488220215,False,23.772163534040928,6,0.0005859375
1001011100,17927,"[3, 0, 1, 2]",750,288.65647315979004,True,23.772163534040928,6,0.0005859375
1001011100,17928,"[3, 0, 2, 1]",6300,288.67650032043457,False,23.772163534040928,6,0.0005859375
1001011100,17929,"[3, 0, 1, 2]",750,288.69080543518066,True,23.772163534040928,6,0.0005859375
1001011100,17930,"[3, 0, 2, 1]",6300,288.7094020843506,False,23.772163534040928,6,0.0005859375
1001011100,17931,"[3, 0, 1, 2]",750,288.7232303619385,True,23.772163534040928,6,0.0005859375
1001011100,17932,"[3, 0, 2, 1]",6300,288.7427806854248,False,23.772163534040928,6,0.0005859375
1001011100,17933,"[3, 0, 1, 2]",750,288.7566089630127,True,23.772163534040928,6,0.0005859375
0001000100,17934,"[3, 1, 2, 0]",9450,288.7749671936035,False,17.039536643254078,6,0.0005859375
0001000100,17935,"[3, 1, 0, 2]",900,288.7885570526123,True,17.039536643254078,6,0.0005859375
0001000100,17936,"[3, 1, 2, 0]",9450,288.8069152832031,False,17.039536643254078,6,0.0005859375
0001000100,17937,"[3, 1, 0, 2]",900,288.820743560791,True,17.039536643254078,6,0.0005859375
0001000100,17938,"[3, 1, 2, 0]",9450,288.83886337280273,False,17.039536643254078,6,0.0005859375
0001000100,17939,"[3, 1, 0, 2]",900,288.8526916503906,True,17.039536643254078,6,0.0005859375
0001000100,17940,"[3, 1, 2, 0]",9450,288.87104988098145,False,17.039536643254078,6,0.0005859375
0001000100,17941,"[3, 1, 0, 2]",900,288.88487815856934,True,17.039536643254078,6,0.0005859375
0001000100,17942,"[3, 1, 2, 0]",9450,288.90299797058105,False,17.039536643254078,6,0.0005859375
0001000100,17943,"[3, 1, 0, 2]",900,288.91682624816895,True,17.039536643254078,6,0.0005859375
0001000100,17944,"[3, 1, 2, 0]",9450,288.93494606018066,False,17.039536643254078,6,0.0005859375
0001000100,17945,"[3, 1, 0, 2]",900,288.94877433776855,True,17.039536643254078,6,0.0005859375
1001001011,17946,"[3, 0, 1, 2]",750,288.9668941497803,False,18.212895332660406,6,0.0005859375
1001001011,17947,"[3, 0, 1, 2]",750,288.98072242736816,True,18.212895332660406,6,0.0005859375
1001001011,17948,"[3, 0, 1, 2]",750,288.9988422393799,False,18.212895332660406,6,0.0005859375
1001001011,17949,"[3, 0, 1, 2]",750,289.0126705169678,True,18.212895332660406,6,0.0005859375
1001001011,17950,"[3, 0, 1, 2]",750,289.0312671661377,False,18.212895332660406,6,0.0005859375
1001001011,17951,"[3, 0, 1, 2]",750,289.0479564666748,True,18.212895332660406,6,0.0005859375
1001001011,17952,"[3, 0, 1, 2]",750,289.0663146972656,False,18.212895332660406,6,0.0005859375
1001001011,17953,"[3, 0, 1, 2]",750,289.0808582305908,True,18.212895332660406,6,0.0005859375
1001001011,17954,"[3, 0, 1, 2]",750,289.1106605529785,False,18.212895332660406,6,0.0005859375
1001001011,17955,"[3, 0, 1, 2]",750,289.1242504119873,True,18.212895332660406,6,0.0005859375
1001001011,17956,"[3, 0, 1, 2]",750,289.1418933868408,False,18.212895332660406,6,0.0005859375
1001001011,17957,"[3, 0, 1, 2]",750,289.1547679901123,True,18.212895332660406,6,0.0005859375
1100100100,17958,"[0, 2, 3, 1]",6200,289.1721725463867,False,15.430868751529296,6,0.0005859375
1100100100,17959,"[0, 1, 2, 3]",315,289.1857624053955,True,15.430868751529296,6,0.0005859375
1100100100,17960,"[0, 2, 3, 1]",6200,289.2029285430908,False,15.430868751529296,6,0.0005859375
1100100100,17961,"[0, 1, 2, 3]",315,289.2160415649414,True,15.430868751529296,6,0.0005859375
1100100100,17962,"[0, 2, 3, 1]",6200,289.2332077026367,False,15.430868751529296,6,0.0005859375
1100100100,17963,"[0, 1, 2, 3]",315,289.2463207244873,True,15.430868751529296,6,0.0005859375
1100100100,17964,"[0, 2, 3, 1]",6200,289.2634868621826,False,15.430868751529296,6,0.0005859375
1100100100,17965,"[0, 1, 2, 3]",315,289.2763614654541,True,15.430868751529296,6,0.0005859375
1100100100,17966,"[0, 2, 3, 1]",6200,289.2935276031494,False,15.430868751529296,6,0.0005859375
1100100100,17967,"[0, 1, 2, 3]",315,289.306640625,True,15.430868751529296,6,0.0005859375
1100100100,17968,"[0, 2, 3, 1]",6200,289.3238067626953,False,15.430868751529296,6,0.0005859375
1100100100,17969,"[0, 1, 2, 3]",315,289.3369197845459,True,15.430868751529296,6,0.0005859375
1100101010,17970,"[0, 3, 2, 1]",6300,289.3540859222412,False,24.718124370008205,6,0.0005859375
1100101010,17971,"[0, 1, 3, 2]",465,289.3671989440918,True,24.718124370008205,6,0.0005859375
1100101010,17972,"[0, 3, 2, 1]",6300,289.3838882446289,False,24.718124370008205,6,0.0005859375
1100101010,17973,"[0, 1, 3, 2]",465,289.3970012664795,True,24.718124370008205,6,0.0005859375
1100101010,17974,"[0, 3, 2, 1]",6300,289.4160747528076,False,24.718124370008205,6,0.0005859375
1100101010,17975,"[0, 1, 3, 2]",465,289.4289493560791,True,24.718124370008205,6,0.0005859375
1100101010,17976,"[0, 3, 2, 1]",6300,289.4465923309326,False,24.718124370008205,6,0.0005859375
1100101010,17977,"[0, 1, 3, 2]",465,289.459228515625,True,24.718124370008205,6,0.0005859375
1100101010,17978,"[0, 3, 2, 1]",6300,289.4783020019531,False,24.718124370008205,6,0.0005859375
1100101010,17979,"[0, 1, 3, 2]",465,289.49522972106934,True,24.718124370008205,6,0.0005859375
1100101010,17980,"[0, 3, 2, 1]",6300,289.51358795166016,False,24.718124370008205,6,0.0005859375
1100101010,17981,"[0, 1, 3, 2]",465,289.52646255493164,True,24.718124370008205,6,0.0005859375
0011110000,17982,"[2, 1, 3, 0]",9300,289.54434394836426,False,14.272259421167831,6,0.0005859375
0011110000,17983,"[2, 1, 0, 3]",600,289.55769538879395,True,14.272259421167831,6,0.0005859375
0011110000,17984,"[2, 1, 3, 0]",9300,289.59131240844727,False,14.272259421167831,6,0.0005859375
0011110000,17985,"[2, 1, 0, 3]",600,289.60537910461426,True,14.272259421167831,6,0.0005859375
0011110000,17986,"[2, 1, 3, 0]",9300,289.623498916626,False,14.272259421167831,6,0.0005859375
0011110000,17987,"[2, 1, 0, 3]",600,289.63708877563477,True,14.272259421167831,6,0.0005859375
0011110000,17988,"[2, 1, 3, 0]",9300,289.6549701690674,False,14.272259421167831,6,0.0005859375
0011110000,17989,"[2, 1, 0, 3]",600,289.6687984466553,True,14.272259421167831,6,0.0005859375
0011110000,17990,"[2, 1, 3, 0]",9300,289.686918258667,False,14.272259421167831,6,0.0005859375
0011110000,17991,"[2, 1, 0, 3]",600,289.7005081176758,True,14.272259421167831,6,0.0005859375
0011110000,17992,"[2, 1, 3, 0]",9300,289.7186279296875,False,14.272259421167831,6,0.0005859375
0011110000,17993,"[2, 1, 0, 3]",600,289.7322177886963,True,14.272259421167831,6,0.0005859375
0001010100,17994,"[3, 2, 1, 0]",9600,289.7505760192871,False,23.636033823457012,6,0.0005859375
0001010100,17995,"[3, 2, 1, 0]",9600,289.7658348083496,True,23.636033823457012,6,0.0005859375
0001010100,17996,"[3, 2, 1, 0]",9600,289.78514671325684,False,23.636033823457012,6,0.0005859375
0001010100,17997,"[3, 2, 1, 0]",9600,289.7992134094238,True,23.636033823457012,6,0.0005859375
0001010100,17998,"[3, 2, 1, 0]",9600,289.81709480285645,False,23.636033823457012,6,0.0005859375
0001010100,17999,"[3, 2, 1, 0]",9600,289.83044624328613,True,23.636033823457012,6,0.0005859375
0001010100,18000,"[3, 2, 1, 0]",9600,289.84832763671875,False,23.636033823457012,6,0.0005859375
0001010100,18001,"[3, 2, 1, 0]",9600,289.86167907714844,True,23.636033823457012,6,0.0005859375
0001010100,18002,"[3, 2, 1, 0]",9600,289.87979888916016,False,23.636033823457012,6,0.0005859375
0001010100,18003,"[3, 2, 1, 0]",9600,289.89315032958984,True,23.636033823457012,6,0.0005859375
0001010100,18004,"[3, 2, 1, 0]",9600,289.91103172302246,False,23.636033823457012,6,0.0005859375
0001010100,18005,"[3, 2, 1, 0]",9600,289.92462158203125,True,23.636033823457012,6,0.0005859375
1000011001,18006,"[3, 0, 2, 1]",6300,289.94297981262207,False,22.22674876887337,6,0.0005859375
1000011001,18007,"[3, 0, 1, 2]",750,289.95680809020996,True,22.22674876887337,6,0.0005859375
1000011001,18008,"[3, 0, 2, 1]",6300,289.9754047393799,False,22.22674876887337,6,0.0005859375
1000011001,18009,"[3, 0, 1, 2]",750,289.9892330169678,True,22.22674876887337,6,0.0005859375
1000011001,18010,"[3, 0, 2, 1]",6300,290.0073528289795,False,22.22674876887337,6,0.0005859375
1000011001,18011,"[3, 0, 1, 2]",750,290.0211811065674,True,22.22674876887337,6,0.0005859375
1000011001,18012,"[3, 0, 2, 1]",6300,290.0395393371582,False,22.22674876887337,6,0.0005859375
1000011001,18013,"[3, 0, 1, 2]",750,290.053129196167,True,22.22674876887337,6,0.0005859375
1000011001,18014,"[3, 0, 2, 1]",6300,290.0714874267578,False,22.22674876887337,6,0.0005859375
1000011001,18015,"[3, 0, 1, 2]",750,290.0850772857666,True,22.22674876887337,6,0.0005859375
1000011001,18016,"[3, 0, 2, 1]",6300,290.1170253753662,False,22.22674876887337,6,0.0005859375
1000011001,18017,"[3, 0, 1, 2]",750,290.1332378387451,True,22.22674876887337,6,0.0005859375
1100001000,18018,"[0, 3, 2, 1]",6300,290.15254974365234,False,17.136129710583916,6,0.0005859375
1100001000,18019,"[0, 1, 3, 2]",465,290.16661643981934,True,17.136129710583916,6,0.0005859375
1100001000,18020,"[0, 3, 2, 1]",6300,290.18497467041016,False,17.136129710583916,6,0.0005859375
1100001000,18021,"[0, 1, 3, 2]",465,290.19927978515625,True,17.136129710583916,6,0.0005859375
1100001000,18022,"[0, 3, 2, 1]",6300,290.21739959716797,False,17.136129710583916,6,0.0005859375
1100001000,18023,"[0, 1, 3, 2]",465,290.23170471191406,True,17.136129710583916,6,0.0005859375
1100001000,18024,"[0, 3, 2, 1]",6300,290.2495861053467,False,17.136129710583916,6,0.0005859375
1100001000,18025,"[0, 1, 3, 2]",465,290.26317596435547,True,17.136129710583916,6,0.0005859375
1100001000,18026,"[0, 3, 2, 1]",6300,290.2810573577881,False,17.136129710583916,6,0.0005859375
1100001000,18027,"[0, 1, 3, 2]",465,290.294885635376,True,17.136129710583916,6,0.0005859375
1100001000,18028,"[0, 3, 2, 1]",6300,290.3127670288086,False,17.136129710583916,6,0.0005859375
1100001000,18029,"[0, 1, 3, 2]",465,290.3275489807129,True,17.136129710583916,6,0.0005859375
0110011010,18030,"[3, 1, 2, 0]",9450,290.3468608856201,False,16.027850656648774,6,0.0005859375
0110011010,18031,"[3, 1, 0, 2]",900,290.3609275817871,True,16.027850656648774,6,0.0005859375
0110011010,18032,"[3, 1, 2, 0]",9450,290.37976264953613,False,16.027850656648774,6,0.0005859375
0110011010,18033,"[3, 1, 0, 2]",900,290.3938293457031,True,16.027850656648774,6,0.0005859375
0110011010,18034,"[3, 1, 2, 0]",9450,290.41242599487305,False,16.027850656648774,6,0.0005859375
0110011010,18035,"[3, 1, 0, 2]",900,290.42601585388184,True,16.027850656648774,6,0.0005859375
0110011010,18036,"[3, 1, 2, 0]",9450,290.44437408447266,False,16.027850656648774,6,0.0005859375
0110011010,18037,"[3, 1, 0, 2]",900,290.45963287353516,True,16.027850656648774,6,0.0005859375
0110011010,18038,"[3, 1, 2, 0]",9450,290.4789447784424,False,16.027850656648774,6,0.0005859375
0110011010,18039,"[3, 1, 0, 2]",900,290.4927730560303,True,16.027850656648774,6,0.0005859375
0110011010,18040,"[3, 1, 2, 0]",9450,290.510892868042,False,16.027850656648774,6,0.0005859375
0110011010,18041,"[3, 1, 0, 2]",900,290.5244827270508,True,16.027850656648774,6,0.0005859375
1110101000,18042,"[0, 3, 2, 1]",6300,290.5426025390625,False,47.54451884233566,6,0.0005859375
1110101000,18043,"[0, 1, 3, 2]",465,290.5561923980713,True,47.54451884233566,6,0.0005859375
1110101000,18044,"[0, 3, 2, 1]",6300,290.5745506286621,False,47.54451884233566,6,0.0005859375
1110101000,18045,"[0, 1, 3, 2]",465,290.5881404876709,True,47.54451884233566,6,0.0005859375
1110101000,18046,"[0, 3, 2, 1]",6300,290.6062602996826,False,47.54451884233566,6,0.0005859375
1110101000,18047,"[0, 1, 3, 2]",465,290.6200885772705,True,47.54451884233566,6,0.0005859375
1110101000,18048,"[0, 3, 2, 1]",6300,290.6382083892822,False,47.54451884233566,6,0.0005859375
1110101000,18049,"[0, 1, 3, 2]",465,290.6520366668701,True,47.54451884233566,6,0.0005859375
1110101000,18050,"[0, 3, 2, 1]",6300,290.67015647888184,False,47.54451884233566,6,0.0005859375
1110101000,18051,"[0, 1, 3, 2]",465,290.6839847564697,True,47.54451884233566,6,0.0005859375
1110101000,18052,"[0, 3, 2, 1]",6300,290.70162773132324,False,47.54451884233566,6,0.0005859375
1110101000,18053,"[0, 1, 3, 2]",465,290.71545600891113,True,47.54451884233566,6,0.0005859375
0110111011,18054,"[2, 3, 1, 0]",9600,290.73333740234375,False,22.420227854195772,6,0.0005859375
0110111011,18055,"[2, 3, 1, 0]",9600,290.74716567993164,True,22.420227854195772,6,0.0005859375
0110111011,18056,"[2, 3, 1, 0]",9600,290.76504707336426,False,22.420227854195772,6,0.0005859375
0110111011,18057,"[2, 3, 1, 0]",9600,290.7884120941162,True,22.420227854195772,6,0.0005859375
0110111011,18058,"[2, 3, 1, 0]",9600,290.80700874328613,False,22.420227854195772,6,0.0005859375
0110111011,18059,"[2, 3, 1, 0]",9600,290.8201217651367,True,22.420227854195772,6,0.0005859375
0110111011,18060,"[2, 3, 1, 0]",9600,290.83800315856934,False,22.420227854195772,6,0.0005859375
0110111011,18061,"[2, 3, 1, 0]",9600,290.8506393432617,True,22.420227854195772,6,0.0005859375
0110111011,18062,"[2, 3, 1, 0]",9600,290.86804389953613,False,22.420227854195772,6,0.0005859375
0110111011,18063,"[2, 3, 1, 0]",9600,290.8804416656494,True,22.420227854195772,6,0.0005859375
0110111011,18064,"[2, 3, 1, 0]",9600,290.8976078033447,False,22.420227854195772,6,0.0005859375
0110111011,18065,"[2, 3, 1, 0]",9600,290.9102439880371,True,22.420227854195772,6,0.0005859375
1100110010,18066,"[2, 0, 3, 1]",6200,290.9278869628906,False,10.987418090562802,6,0.0005859375
1100110010,18067,"[2, 0, 1, 3]",500,290.9412384033203,True,10.987418090562802,6,0.0005859375
1100110010,18068,"[2, 0, 3, 1]",6200,290.9586429595947,False,10.987418090562802,6,0.0005859375
1100110010,18069,"[2, 0, 1, 3]",500,290.9722328186035,True,10.987418090562802,6,0.0005859375
1100110010,18070,"[2, 0, 3, 1]",6200,290.98987579345703,False,10.987418090562802,6,0.0005859375
1100110010,18071,"[2, 0, 1, 3]",500,291.0032272338867,True,10.987418090562802,6,0.0005859375
1100110010,18072,"[2, 0, 3, 1]",6200,291.02039337158203,False,10.987418090562802,6,0.0005859375
1100110010,18073,"[2, 0, 1, 3]",500,291.0337448120117,True,10.987418090562802,6,0.0005859375
1100110010,18074,"[2, 0, 3, 1]",6200,291.05091094970703,False,10.987418090562802,6,0.0005859375
1100110010,18075,"[2, 0, 1, 3]",500,291.0642623901367,True,10.987418090562802,6,0.0005859375
1100110010,18076,"[2, 0, 3, 1]",6200,291.08166694641113,False,10.987418090562802,6,0.0005859375
1100110010,18077,"[2, 0, 1, 3]",500,291.0945415496826,True,10.987418090562802,6,0.0005859375
0101010010,18078,"[2, 1, 0, 3]",600,291.11218452453613,False,25.09037222002324,6,0.0005859375
0101010010,18079,"[2, 1, 0, 3]",600,291.12887382507324,True,25.09037222002324,6,0.0005859375
0101010010,18080,"[2, 1, 0, 3]",600,291.14747047424316,False,25.09037222002324,6,0.0005859375
0101010010,18081,"[2, 1, 0, 3]",600,291.16082191467285,True,25.09037222002324,6,0.0005859375
0101010010,18082,"[2, 1, 0, 3]",600,291.17870330810547,False,25.09037222002324,6,0.0005859375
0101010010,18083,"[2, 1, 0, 3]",600,291.19157791137695,True,25.09037222002324,6,0.0005859375
0101010010,18084,"[2, 1, 0, 3]",600,291.20922088623047,False,25.09037222002324,6,0.0005859375
0101010010,18085,"[2, 1, 0, 3]",600,291.22233390808105,True,25.09037222002324,6,0.0005859375
0101010010,18086,"[2, 1, 0, 3]",600,291.23973846435547,False,25.09037222002324,6,0.0005859375
0101010010,18087,"[2, 1, 0, 3]",600,291.25261306762695,True,25.09037222002324,6,0.0005859375
0101010010,18088,"[2, 1, 0, 3]",600,291.27001762390137,False,25.09037222002324,6,0.0005859375
0101010010,18089,"[2, 1, 0, 3]",600,291.28289222717285,True,25.09037222002324,6,0.0005859375
0111010110,18090,"[1, 3, 2, 0]",9450,291.30029678344727,False,30.57552697385148,6,0.0005859375
0111010110,18091,"[1, 0, 3, 2]",465,291.31388664245605,True,30.57552697385148,6,0.0005859375
0111010110,18092,"[1, 3, 2, 0]",9450,291.33129119873047,False,30.57552697385148,6,0.0005859375
0111010110,18093,"[1, 0, 3, 2]",465,291.34440422058105,True,30.57552697385148,6,0.0005859375
0111010110,18094,"[1, 3, 2, 0]",9450,291.36180877685547,False,30.57552697385148,6,0.0005859375
0111010110,18095,"[1, 0, 3, 2]",465,291.37492179870605,True,30.57552697385148,6,0.0005859375
0111010110,18096,"[1, 3, 2, 0]",9450,291.39232635498047,False,30.57552697385148,6,0.0005859375
0111010110,18097,"[1, 0, 3, 2]",465,291.40543937683105,True,30.57552697385148,6,0.0005859375
0111010110,18098,"[1, 3, 2, 0]",9450,291.42284393310547,False,30.57552697385148,6,0.0005859375
0111010110,18099,"[1, 0, 3, 2]",465,291.43571853637695,True,30.57552697385148,6,0.0005859375
0111010110,18100,"[1, 3, 2, 0]",9450,291.454553604126,False,30.57552697385148,6,0.0005859375
0111010110,18101,"[1, 0, 3, 2]",465,291.46838188171387,True,30.57552697385148,6,0.0005859375
0110001001,18102,"[3, 1, 0, 2]",900,291.4857864379883,False,21.039536643254078,6,0.0005859375
0110001001,18103,"[3, 1, 0, 2]",900,291.49913787841797,True,21.039536643254078,6,0.0005859375
0110001001,18104,"[3, 1, 0, 2]",900,291.5165424346924,False,21.039536643254078,6,0.0005859375
0110001001,18105,"[3, 1, 0, 2]",900,291.52965545654297,True,21.039536643254078,6,0.0005859375
0110001001,18106,"[3, 1, 0, 2]",900,291.5470600128174,False,21.039536643254078,6,0.0005859375
0110001001,18107,"[3, 1, 0, 2]",900,291.56017303466797,True,21.039536643254078,6,0.0005859375
0110001001,18108,"[3, 1, 0, 2]",900,291.5773391723633,False,21.039536643254078,6,0.0005859375
0110001001,18109,"[3, 1, 0, 2]",900,291.59069061279297,True,21.039536643254078,6,0.0005859375
0110001001,18110,"[3, 1, 0, 2]",900,291.6078567504883,False,21.039536643254078,6,0.0005859375
0110001001,18111,"[3, 1, 0, 2]",900,291.62096977233887,True,21.039536643254078,6,0.0005859375
0110001001,18112,"[3, 1, 0, 2]",900,291.6381359100342,False,21.039536643254078,6,0.0005859375
0110001001,18113,"[3, 1, 0, 2]",900,291.65101051330566,True,21.039536643254078,6,0.0005859375
0110010000,18114,"[1, 2, 0, 3]",600,291.6684150695801,False,12.677929690572562,6,0.0005859375
0110010000,18115,"[1, 0, 2, 3]",315,291.68176651000977,True,12.677929690572562,6,0.0005859375
0110010000,18116,"[1, 2, 0, 3]",600,291.6991710662842,False,12.677929690572562,6,0.0005859375
0110010000,18117,"[1, 0, 2, 3]",315,291.71252250671387,True,12.677929690572562,6,0.0005859375
0110010000,18118,"[1, 2, 0, 3]",600,291.7296886444092,False,12.677929690572562,6,0.0005859375
0110010000,18119,"[1, 0, 2, 3]",315,291.7444705963135,True,12.677929690572562,6,0.0005859375
0110010000,18120,"[1, 2, 0, 3]",600,291.7618751525879,False,12.677929690572562,6,0.0005859375
0110010000,18121,"[1, 0, 2, 3]",315,291.7759418487549,True,12.677929690572562,6,0.0005859375
0110010000,18122,"[1, 2, 0, 3]",600,291.795015335083,False,12.677929690572562,6,0.0005859375
0110010000,18123,"[1, 0, 2, 3]",315,291.8088436126709,True,12.677929690572562,6,0.0005859375
0110010000,18124,"[1, 2, 0, 3]",600,291.8262481689453,False,12.677929690572562,6,0.0005859375
0110010000,18125,"[1, 0, 2, 3]",315,291.839599609375,True,12.677929690572562,6,0.0005859375
0001101101,18126,"[3, 2, 1, 0]",9600,291.8570041656494,False,16.45123598571159,6,0.0005859375
0001101101,18127,"[3, 2, 1, 0]",9600,291.8708324432373,True,16.45123598571159,6,0.0005859375
0001101101,18128,"[3, 2, 1, 0]",9600,291.8882369995117,False,16.45123598571159,6,0.0005859375
0001101101,18129,"[3, 2, 1, 0]",9600,291.9015884399414,True,16.45123598571159,6,0.0005859375
0001101101,18130,"[3, 2, 1, 0]",9600,291.9201850891113,False,16.45123598571159,6,0.0005859375
0001101101,18131,"[3, 2, 1, 0]",9600,291.9337749481201,True,16.45123598571159,6,0.0005859375
0001101101,18132,"[3, 2, 1, 0]",9600,291.95141792297363,False,16.45123598571159,6,0.0005859375
0001101101,18133,"[3, 2, 1, 0]",9600,291.9642925262451,True,16.45123598571159,6,0.0005859375
0001101101,18134,"[3, 2, 1, 0]",9600,291.98145866394043,False,16.45123598571159,6,0.0005859375
0001101101,18135,"[3, 2, 1, 0]",9600,291.9943332672119,True,16.45123598571159,6,0.0005859375
0001101101,18136,"[3, 2, 1, 0]",9600,292.0114994049072,False,16.45123598571159,6,0.0005859375
0001101101,18137,"[3, 2, 1, 0]",9600,292.0241355895996,True,16.45123598571159,6,0.0005859375
1001100111,18138,"[2, 0, 3, 1]",6200,292.0417785644531,False,14.425790665320811,6,0.0005859375
1001100111,18139,"[2, 0, 1, 3]",500,292.0551300048828,True,14.425790665320811,6,0.0005859375
1001100111,18140,"[2, 0, 3, 1]",6200,292.0727729797363,False,14.425790665320811,6,0.0005859375
1001100111,18141,"[2, 0, 1, 3]",500,292.0858860015869,True,14.425790665320811,6,0.0005859375
1001100111,18142,"[2, 0, 3, 1]",6200,292.10472106933594,False,14.425790665320811,6,0.0005859375
1001100111,18143,"[2, 0, 1, 3]",500,292.1183109283447,True,14.425790665320811,6,0.0005859375
1001100111,18144,"[2, 0, 3, 1]",6200,292.13595390319824,False,14.425790665320811,6,0.0005859375
1001100111,18145,"[2, 0, 1, 3]",500,292.1490669250488,True,14.425790665320811,6,0.0005859375
1001100111,18146,"[2, 0, 3, 1]",6200,292.16647148132324,False,14.425790665320811,6,0.0005859375
1001100111,18147,"[2, 0, 1, 3]",500,292.1793460845947,True,14.425790665320811,6,0.0005859375
1001100111,18148,"[2, 0, 3, 1]",6200,292.19675064086914,False,14.425790665320811,6,0.0005859375
1001100111,18149,"[2, 0, 1, 3]",500,292.2096252441406,True,14.425790665320811,6,0.0005859375
0101000101,18150,"[3, 1, 0, 2]",900,292.22726821899414,False,15.039536643254078,6,0.0005859375
0101000101,18151,"[3, 1, 0, 2]",900,292.24085807800293,True,15.039536643254078,6,0.0005859375
0101000101,18152,"[3, 1, 0, 2]",900,292.25850105285645,False,15.039536643254078,6,0.0005859375
0101000101,18153,"[3, 1, 0, 2]",900,292.27185249328613,True,15.039536643254078,6,0.0005859375
0101000101,18154,"[3, 1, 0, 2]",900,292.28949546813965,False,15.039536643254078,6,0.0005859375
0101000101,18155,"[3, 1, 0, 2]",900,292.30284690856934,True,15.039536643254078,6,0.0005859375
0101000101,18156,"[3, 1, 0, 2]",900,292.32025146484375,False,15.039536643254078,6,0.0005859375
0101000101,18157,"[3, 1, 0, 2]",900,292.33360290527344,True,15.039536643254078,6,0.0005859375
0101000101,18158,"[3, 1, 0, 2]",900,292.35100746154785,False,15.039536643254078,6,0.0005859375
0101000101,18159,"[3, 1, 0, 2]",900,292.36435890197754,True,15.039536643254078,6,0.0005859375
0101000101,18160,"[3, 1, 0, 2]",900,292.38176345825195,False,15.039536643254078,6,0.0005859375
0101000101,18161,"[3, 1, 0, 2]",900,292.39511489868164,True,15.039536643254078,6,0.0005859375
0111101001,18162,"[1, 3, 2, 0]",9450,292.41251945495605,False,25.019224473084186,6,0.0005859375
0111101001,18163,"[1, 0, 3, 2]",465,292.42730140686035,True,25.019224473084186,6,0.0005859375
0111101001,18164,"[1, 3, 2, 0]",9450,292.44518280029297,False,25.019224473084186,6,0.0005859375
0111101001,18165,"[1, 0, 3, 2]",465,292.45853424072266,True,25.019224473084186,6,0.0005859375
0111101001,18166,"[1, 3, 2, 0]",9450,292.4761772155762,False,25.019224473084186,6,0.0005859375
0111101001,18167,"[1, 0, 3, 2]",465,292.48929023742676,True,25.019224473084186,6,0.0005859375
0111101001,18168,"[1, 3, 2, 0]",9450,292.5066947937012,False,25.019224473084186,6,0.0005859375
0111101001,18169,"[1, 0, 3, 2]",465,292.51980781555176,True,25.019224473084186,6,0.0005859375
0111101001,18170,"[1, 3, 2, 0]",9450,292.5372123718262,False,25.019224473084186,6,0.0005859375
0111101001,18171,"[1, 0, 3, 2]",465,292.55008697509766,True,25.019224473084186,6,0.0005859375
0111101001,18172,"[1, 3, 2, 0]",9450,292.56725311279297,False,25.019224473084186,6,0.0005859375
0111101001,18173,"[1, 0, 3, 2]",465,292.58036613464355,True,25.019224473084186,6,0.0005859375
1000010110,18174,"[0, 3, 2, 1]",6300,292.59753227233887,False,15.718124370008205,6,0.0005859375
1000010110,18175,"[0, 1, 3, 2]",465,292.6332950592041,True,15.718124370008205,6,0.0005859375
1000010110,18176,"[0, 3, 2, 1]",6300,292.6514148712158,False,15.718124370008205,6,0.0005859375
1000010110,18177,"[0, 1, 3, 2]",465,292.6652431488037,True,15.718124370008205,6,0.0005859375
1000010110,18178,"[0, 3, 2, 1]",6300,292.6821708679199,False,15.718124370008205,6,0.0005859375
1000010110,18179,"[0, 1, 3, 2]",465,292.6955223083496,True,15.718124370008205,6,0.0005859375
1000010110,18180,"[0, 3, 2, 1]",6300,292.71435737609863,False,15.718124370008205,6,0.0005859375
1000010110,18181,"[0, 1, 3, 2]",465,292.7286624908447,True,15.718124370008205,6,0.0005859375
1000010110,18182,"[0, 3, 2, 1]",6300,292.74654388427734,False,15.718124370008205,6,0.0005859375
1000010110,18183,"[0, 1, 3, 2]",465,292.76013374328613,True,15.718124370008205,6,0.0005859375
1000010110,18184,"[0, 3, 2, 1]",6300,292.77896881103516,False,15.718124370008205,6,0.0005859375
1000010110,18185,"[0, 1, 3, 2]",465,292.79232025146484,True,15.718124370008205,6,0.0005859375
0111011110,18186,"[3, 1, 2, 0]",9450,292.81020164489746,False,31.277630458039056,6,0.0005859375
0111011110,18187,"[3, 1, 0, 2]",900,292.82379150390625,True,31.277630458039056,6,0.0005859375
0111011110,18188,"[3, 1, 2, 0]",9450,292.84119606018066,False,31.277630458039056,6,0.0005859375
0111011110,18189,"[3, 1, 0, 2]",900,292.85454750061035,True,31.277630458039056,6,0.0005859375
0111011110,18190,"[3, 1, 2, 0]",9450,292.87195205688477,False,31.277630458039056,6,0.0005859375
0111011110,18191,"[3, 1, 0, 2]",900,292.88530349731445,True,31.277630458039056,6,0.0005859375
0111011110,18192,"[3, 1, 2, 0]",9450,292.90246963500977,False,31.277630458039056,6,0.0005859375
0111011110,18193,"[3, 1, 0, 2]",900,292.91558265686035,True,31.277630458039056,6,0.0005859375
0111011110,18194,"[3, 1, 2, 0]",9450,292.93298721313477,False,31.277630458039056,6,0.0005859375
0111011110,18195,"[3, 1, 0, 2]",900,292.94610023498535,True,31.277630458039056,6,0.0005859375
0111011110,18196,"[3, 1, 2, 0]",9450,292.96326637268066,False,31.277630458039056,6,0.0005859375
0111011110,18197,"[3, 1, 0, 2]",900,292.97661781311035,True,31.277630458039056,6,0.0005859375
0011011001,18198,"[1, 3, 2, 0]",9450,292.99378395080566,False,15.221423844398668,6,0.0005859375
0011011001,18199,"[1, 0, 3, 2]",465,293.00713539123535,True,15.221423844398668,6,0.0005859375
0011011001,18200,"[1, 3, 2, 0]",9450,293.02430152893066,False,15.221423844398668,6,0.0005859375
0011011001,18201,"[1, 0, 3, 2]",465,293.03741455078125,True,15.221423844398668,6,0.0005859375
0011011001,18202,"[1, 3, 2, 0]",9450,293.05458068847656,False,15.221423844398668,6,0.0005859375
0011011001,18203,"[1, 0, 3, 2]",465,293.06793212890625,True,15.221423844398668,6,0.0005859375
0011011001,18204,"[1, 3, 2, 0]",9450,293.08485984802246,False,15.221423844398668,6,0.0005859375
0011011001,18205,"[1, 0, 3, 2]",465,293.10035705566406,True,15.221423844398668,6,0.0005859375
0011011001,18206,"[1, 3, 2, 0]",9450,293.1182384490967,False,15.221423844398668,6,0.0005859375
0011011001,18207,"[1, 0, 3, 2]",465,293.13135147094727,True,15.221423844398668,6,0.0005859375
0011011001,18208,"[1, 3, 2, 0]",9450,293.1489944458008,False,15.221423844398668,6,0.0005859375
0011011001,18209,"[1, 0, 3, 2]",465,293.16210746765137,True,15.221423844398668,6,0.0005859375
0101011001,18210,"[3, 2, 1, 0]",9600,293.1797504425049,False,12.318016911728506,6,0.0005859375
0101011001,18211,"[3, 2, 1, 0]",9600,293.19310188293457,True,12.318016911728506,6,0.0005859375
0101011001,18212,"[3, 2, 1, 0]",9600,293.210506439209,False,12.318016911728506,6,0.0005859375
0101011001,18213,"[3, 2, 1, 0]",9600,293.22361946105957,True,12.318016911728506,6,0.0005859375
0101011001,18214,"[3, 2, 1, 0]",9600,293.241024017334,False,12.318016911728506,6,0.0005859375
0101011001,18215,"[3, 2, 1, 0]",9600,293.2543754577637,True,12.318016911728506,6,0.0005859375
0101011001,18216,"[3, 2, 1, 0]",9600,293.271541595459,False,12.318016911728506,6,0.0005859375
0101011001,18217,"[3, 2, 1, 0]",9600,293.28441619873047,True,12.318016911728506,6,0.0005859375
0101011001,18218,"[3, 2, 1, 0]",9600,293.3015823364258,False,12.318016911728506,6,0.0005859375
0101011001,18219,"[3, 2, 1, 0]",9600,293.31445693969727,True,12.318016911728506,6,0.0005859375
0101011001,18220,"[3, 2, 1, 0]",9600,293.3313846588135,False,12.318016911728506,6,0.0005859375
0101011001,18221,"[3, 2, 1, 0]",9600,293.34425926208496,True,12.318016911728506,6,0.0005859375
1101001110,18222,"[3, 0, 1, 2]",750,293.3616638183594,False,17.52784887194936,6,0.0005859375
1101001110,18223,"[3, 0, 1, 2]",750,293.37549209594727,True,17.52784887194936,6,0.0005859375
1101001110,18224,"[3, 0, 1, 2]",750,293.3928966522217,False,17.52784887194936,6,0.0005859375
1101001110,18225,"[3, 0, 1, 2]",750,293.40624809265137,True,17.52784887194936,6,0.0005859375
1101001110,18226,"[3, 0, 1, 2]",750,293.4248447418213,False,17.52784887194936,6,0.0005859375
1101001110,18227,"[3, 0, 1, 2]",750,293.4384346008301,True,17.52784887194936,6,0.0005859375
1101001110,18228,"[3, 0, 1, 2]",750,293.4558391571045,False,17.52784887194936,6,0.0005859375
1101001110,18229,"[3, 0, 1, 2]",750,293.4691905975342,True,17.52784887194936,6,0.0005859375
1101001110,18230,"[3, 0, 1, 2]",750,293.4911251068115,False,17.52784887194936,6,0.0005859375
1101001110,18231,"[3, 0, 1, 2]",750,293.5049533843994,True,17.52784887194936,6,0.0005859375
1101001110,18232,"[3, 0, 1, 2]",750,293.52307319641113,False,17.52784887194936,6,0.0005859375
1101001110,18233,"[3, 0, 1, 2]",750,293.5359477996826,True,17.52784887194936,6,0.0005859375
1100011110,18234,"[3, 0, 2, 1]",6300,293.55335235595703,False,18.456314071920076,6,0.0005859375
1100011110,18235,"[3, 0, 1, 2]",750,293.5664653778076,True,18.456314071920076,6,0.0005859375
1100011110,18236,"[3, 0, 2, 1]",6300,293.58386993408203,False,18.456314071920076,6,0.0005859375
1100011110,18237,"[3, 0, 1, 2]",750,293.5972213745117,True,18.456314071920076,6,0.0005859375
1100011110,18238,"[3, 0, 2, 1]",6300,293.61438751220703,False,18.456314071920076,6,0.0005859375
1100011110,18239,"[3, 0, 1, 2]",750,293.6277389526367,True,18.456314071920076,6,0.0005859375
1100011110,18240,"[3, 0, 2, 1]",6300,293.64514350891113,False,18.456314071920076,6,0.0005859375
1100011110,18241,"[3, 0, 1, 2]",750,293.6582565307617,True,18.456314071920076,6,0.0005859375
1100011110,18242,"[3, 0, 2, 1]",6300,293.67542266845703,False,18.456314071920076,6,0.0005859375
1100011110,18243,"[3, 0, 1, 2]",750,293.6882972717285,True,18.456314071920076,6,0.0005859375
1100011110,18244,"[3, 0, 2, 1]",6300,293.7052249908447,False,18.456314071920076,6,0.0005859375
1100011110,18245,"[3, 0, 1, 2]",750,293.7185764312744,True,18.456314071920076,6,0.0005859375
0001100011,18246,"[2, 1, 3, 0]",9300,293.7359809875488,False,18.121627189805274,6,0.0005859375
0001100011,18247,"[2, 1, 0, 3]",600,293.7507629394531,True,18.121627189805274,6,0.0005859375
0001100011,18248,"[2, 1, 3, 0]",9300,293.76912117004395,False,18.121627189805274,6,0.0005859375
0001100011,18249,"[2, 1, 0, 3]",600,293.78247261047363,True,18.121627189805274,6,0.0005859375
0001100011,18250,"[2, 1, 3, 0]",9300,293.79987716674805,False,18.121627189805274,6,0.0005859375
0001100011,18251,"[2, 1, 0, 3]",600,293.81322860717773,True,18.121627189805274,6,0.0005859375
0001100011,18252,"[2, 1, 3, 0]",9300,293.83087158203125,False,18.121627189805274,6,0.0005859375
0001100011,18253,"[2, 1, 0, 3]",600,293.84446144104004,True,18.121627189805274,6,0.0005859375
0001100011,18254,"[2, 1, 3, 0]",9300,293.86186599731445,False,18.121627189805274,6,0.0005859375
0001100011,18255,"[2, 1, 0, 3]",600,293.87521743774414,True,18.121627189805274,6,0.0005859375
0001100011,18256,"[2, 1, 3, 0]",9300,293.89262199401855,False,18.121627189805274,6,0.0005859375
0001100011,18257,"[2, 1, 0, 3]",600,293.90549659729004,True,18.121627189805274,6,0.0005859375
1001110010,18258,"[2, 0, 1, 3]",500,293.92337799072266,False,13.828808760201337,6,0.0005859375
1001110010,18259,"[2, 0, 1, 3]",500,293.93649101257324,True,13.828808760201337,6,0.0005859375
1001110010,18260,"[2, 0, 1, 3]",500,293.95389556884766,False,13.828808760201337,6,0.0005859375
1001110010,18261,"[2, 0, 1, 3]",500,293.96724700927734,True,13.828808760201337,6,0.0005859375
1001110010,18262,"[2, 0, 1, 3]",500,293.98441314697266,False,13.828808760201337,6,0.0005859375
1001110010,18263,"[2, 0, 1, 3]",500,293.99752616882324,True,13.828808760201337,6,0.0005859375
1001110010,18264,"[2, 0, 1, 3]",500,294.01493072509766,False,13.828808760201337,6,0.0005859375
1001110010,18265,"[2, 0, 1, 3]",500,294.02804374694824,True,13.828808760201337,6,0.0005859375
1001110010,18266,"[2, 0, 1, 3]",500,294.04544830322266,False,13.828808760201337,6,0.0005859375
1001110010,18267,"[2, 0, 1, 3]",500,294.05879974365234,True,13.828808760201337,6,0.0005859375
1001110010,18268,"[2, 0, 1, 3]",500,294.07715797424316,False,13.828808760201337,6,0.0005859375
1001110010,18269,"[2, 0, 1, 3]",500,294.09074783325195,True,13.828808760201337,6,0.0005859375
1111001101,18270,"[3, 1, 0, 2]",900,294.10839080810547,False,22.385498314058843,6,0.0005859375
1111001101,18271,"[3, 1, 0, 2]",900,294.12174224853516,True,22.385498314058843,6,0.0005859375
1111001101,18272,"[3, 1, 0, 2]",900,294.13890838623047,False,22.385498314058843,6,0.0005859375
1111001101,18273,"[3, 1, 0, 2]",900,294.15225982666016,True,22.385498314058843,6,0.0005859375
1111001101,18274,"[3, 1, 0, 2]",900,294.16918754577637,False,22.385498314058843,6,0.0005859375
1111001101,18275,"[3, 1, 0, 2]",900,294.18277740478516,True,22.385498314058843,6,0.0005859375
1111001101,18276,"[3, 1, 0, 2]",900,294.19994354248047,False,22.385498314058843,6,0.0005859375
1111001101,18277,"[3, 1, 0, 2]",900,294.21305656433105,True,22.385498314058843,6,0.0005859375
1111001101,18278,"[3, 1, 0, 2]",900,294.23046112060547,False,22.385498314058843,6,0.0005859375
1111001101,18279,"[3, 1, 0, 2]",900,294.24357414245605,True,22.385498314058843,6,0.0005859375
1111001101,18280,"[3, 1, 0, 2]",900,294.26097869873047,False,22.385498314058843,6,0.0005859375
1111001101,18281,"[3, 1, 0, 2]",900,294.27552223205566,True,22.385498314058843,6,0.0005859375
0100110011,18282,"[2, 0, 3, 1]",6200,294.2936420440674,False,11.783298107906877,6,0.0005859375
0100110011,18283,"[2, 0, 1, 3]",500,294.30675506591797,True,11.783298107906877,6,0.0005859375
0100110011,18284,"[2, 0, 3, 1]",6200,294.3246364593506,False,11.783298107906877,6,0.0005859375
0100110011,18285,"[2, 0, 1, 3]",500,294.3377494812012,True,11.783298107906877,6,0.0005859375
0100110011,18286,"[2, 0, 3, 1]",6200,294.3549156188965,False,11.783298107906877,6,0.0005859375
0100110011,18287,"[2, 0, 1, 3]",500,294.370174407959,True,11.783298107906877,6,0.0005859375
0100110011,18288,"[2, 0, 3, 1]",6200,294.3878173828125,False,11.783298107906877,6,0.0005859375
0100110011,18289,"[2, 0, 1, 3]",500,294.4021224975586,True,11.783298107906877,6,0.0005859375
0100110011,18290,"[2, 0, 3, 1]",6200,294.4211959838867,False,11.783298107906877,6,0.0005859375
0100110011,18291,"[2, 0, 1, 3]",500,294.4350242614746,True,11.783298107906877,6,0.0005859375
0100110011,18292,"[2, 0, 3, 1]",6200,294.4526672363281,False,11.783298107906877,6,0.0005859375
0100110011,18293,"[2, 0, 1, 3]",500,294.4660186767578,True,11.783298107906877,6,0.0005859375
1111110011,18294,"[2, 1, 0, 3]",600,294.4836616516113,False,14.272259421167831,6,0.0005859375
1111110011,18295,"[2, 1, 0, 3]",600,294.4972515106201,True,14.272259421167831,6,0.0005859375
1111110011,18296,"[2, 1, 0, 3]",600,294.51441764831543,False,14.272259421167831,6,0.0005859375
1111110011,18297,"[2, 1, 0, 3]",600,294.5277690887451,True,14.272259421167831,6,0.0005859375
1111110011,18298,"[2, 1, 0, 3]",600,294.54493522644043,False,14.272259421167831,6,0.0005859375
1111110011,18299,"[2, 1, 0, 3]",600,294.558048248291,True,14.272259421167831,6,0.0005859375
1111110011,18300,"[2, 1, 0, 3]",600,294.5752143859863,False,14.272259421167831,6,0.0005859375
1111110011,18301,"[2, 1, 0, 3]",600,294.5880889892578,True,14.272259421167831,6,0.0005859375
1111110011,18302,"[2, 1, 0, 3]",600,294.605016708374,False,14.272259421167831,6,0.0005859375
1111110011,18303,"[2, 1, 0, 3]",600,294.6181297302246,True,14.272259421167831,6,0.0005859375
1111110011,18304,"[2, 1, 0, 3]",600,294.635534286499,False,14.272259421167831,6,0.0005859375
1111110011,18305,"[2, 1, 0, 3]",600,294.6486473083496,True,14.272259421167831,6,0.0005859375
0100101010,18306,"[3, 2, 0, 1]",6600,294.6658134460449,False,20.161821869240917,6,0.0005859375
0100101010,18307,"[3, 2, 0, 1]",6600,294.6789264678955,True,20.161821869240917,6,0.0005859375
0100101010,18308,"[3, 2, 0, 1]",6600,294.6963310241699,False,20.161821869240917,6,0.0005859375
0100101010,18309,"[3, 2, 0, 1]",6600,294.7089672088623,True,20.161821869240917,6,0.0005859375
0100101010,18310,"[3, 2, 0, 1]",6600,294.7278022766113,False,20.161821869240917,6,0.0005859375
0100101010,18311,"[3, 2, 0, 1]",6600,294.7406768798828,True,20.161821869240917,6,0.0005859375
0100101010,18312,"[3, 2, 0, 1]",6600,294.7580814361572,False,20.161821869240917,6,0.0005859375
0100101010,18313,"[3, 2, 0, 1]",6600,294.7707176208496,True,20.161821869240917,6,0.0005859375
0100101010,18314,"[3, 2, 0, 1]",6600,294.788122177124,False,20.161821869240917,6,0.0005859375
0100101010,18315,"[3, 2, 0, 1]",6600,294.8009967803955,True,20.161821869240917,6,0.0005859375
0100101010,18316,"[3, 2, 0, 1]",6600,294.8179244995117,False,20.161821869240917,6,0.0005859375
0100101010,18317,"[3, 2, 0, 1]",6600,294.8307991027832,True,20.161821869240917,6,0.0005859375
0101110010,18318,"[2, 1, 0, 3]",600,294.8479652404785,False,18.180991278312696,6,0.0005859375
0101110010,18319,"[2, 1, 0, 3]",600,294.8615550994873,True,18.180991278312696,6,0.0005859375
0101110010,18320,"[2, 1, 0, 3]",600,294.8791980743408,False,18.180991278312696,6,0.0005859375
0101110010,18321,"[2, 1, 0, 3]",600,294.8927879333496,True,18.180991278312696,6,0.0005859375
0101110010,18322,"[2, 1, 0, 3]",600,294.910192489624,False,18.180991278312696,6,0.0005859375
0101110010,18323,"[2, 1, 0, 3]",600,294.9233055114746,True,18.180991278312696,6,0.0005859375
0101110010,18324,"[2, 1, 0, 3]",600,294.9404716491699,False,18.180991278312696,6,0.0005859375
0101110010,18325,"[2, 1, 0, 3]",600,294.9535846710205,True,18.180991278312696,6,0.0005859375
0101110010,18326,"[2, 1, 0, 3]",600,294.9709892272949,False,18.180991278312696,6,0.0005859375
0101110010,18327,"[2, 1, 0, 3]",600,294.9836254119873,True,18.180991278312696,6,0.0005859375
0101110010,18328,"[2, 1, 0, 3]",600,295.0007915496826,False,18.180991278312696,6,0.0005859375
0101110010,18329,"[2, 1, 0, 3]",600,295.0136661529541,True,18.180991278312696,6,0.0005859375
1011011001,18330,"[1, 3, 0, 2]",900,295.0308322906494,False,25.52784887194936,6,0.0005859375
1011011001,18331,"[1, 0, 3, 2]",465,295.0470447540283,True,25.52784887194936,6,0.0005859375
1011011001,18332,"[1, 3, 0, 2]",900,295.06540298461914,False,25.52784887194936,6,0.0005859375
1011011001,18333,"[1, 0, 3, 2]",465,295.0787544250488,True,25.52784887194936,6,0.0005859375
1011011001,18334,"[1, 3, 0, 2]",900,295.09639739990234,False,25.52784887194936,6,0.0005859375
1011011001,18335,"[1, 0, 3, 2]",465,295.10974884033203,True,25.52784887194936,6,0.0005859375
1011011001,18336,"[1, 3, 0, 2]",900,295.12691497802734,False,25.52784887194936,6,0.0005859375
1011011001,18337,"[1, 0, 3, 2]",465,295.1397895812988,True,25.52784887194936,6,0.0005859375
1011011001,18338,"[1, 3, 0, 2]",900,295.15695571899414,False,25.52784887194936,6,0.0005859375
1011011001,18339,"[1, 0, 3, 2]",465,295.1698303222656,True,25.52784887194936,6,0.0005859375
1011011001,18340,"[1, 3, 0, 2]",900,295.18723487854004,False,25.52784887194936,6,0.0005859375
1011011001,18341,"[1, 0, 3, 2]",465,295.2003479003906,True,25.52784887194936,6,0.0005859375
1101001100,18342,"[3, 0, 1, 2]",750,295.21751403808594,False,19.482091381388685,6,0.0005859375
1101001100,18343,"[3, 0, 1, 2]",750,295.2308654785156,True,19.482091381388685,6,0.0005859375
1101001100,18344,"[3, 0, 1, 2]",750,295.24827003479004,False,19.482091381388685,6,0.0005859375
1101001100,18345,"[3, 0, 1, 2]",750,295.2613830566406,True,19.482091381388685,6,0.0005859375
1101001100,18346,"[3, 0, 1, 2]",750,295.27854919433594,False,19.482091381388685,6,0.0005859375
1101001100,18347,"[3, 0, 1, 2]",750,295.2919006347656,True,19.482091381388685,6,0.0005859375
1101001100,18348,"[3, 0, 1, 2]",750,295.30906677246094,False,19.482091381388685,6,0.0005859375
1101001100,18349,"[3, 0, 1, 2]",750,295.3224182128906,True,19.482091381388685,6,0.0005859375
1101001100,18350,"[3, 0, 1, 2]",750,295.33958435058594,False,19.482091381388685,6,0.0005859375
1101001100,18351,"[3, 0, 1, 2]",750,295.3526973724365,True,19.482091381388685,6,0.0005859375
1101001100,18352,"[3, 0, 1, 2]",750,295.37105560302734,False,19.482091381388685,6,0.0005859375
1101001100,18353,"[3, 0, 1, 2]",750,295.38464546203613,True,19.482091381388685,6,0.0005859375
1110111110,18354,"[3, 2, 0, 1]",6600,295.40205001831055,False,39.91046069423251,6,0.0005859375
1110111110,18355,"[3, 2, 0, 1]",6600,295.41540145874023,True,39.91046069423251,6,0.0005859375
1110111110,18356,"[3, 2, 0, 1]",6600,295.43304443359375,False,39.91046069423251,6,0.0005859375
1110111110,18357,"[3, 2, 0, 1]",6600,295.44615745544434,True,39.91046069423251,6,0.0005859375
1110111110,18358,"[3, 2, 0, 1]",6600,295.46356201171875,False,39.91046069423251,6,0.0005859375
1110111110,18359,"[3, 2, 0, 1]",6600,295.47619819641113,True,39.91046069423251,6,0.0005859375
1110111110,18360,"[3, 2, 0, 1]",6600,295.49360275268555,False,39.91046069423251,6,0.0005859375
1110111110,18361,"[3, 2, 0, 1]",6600,295.50623893737793,True,39.91046069423251,6,0.0005859375
1110111110,18362,"[3, 2, 0, 1]",6600,295.52340507507324,False,39.91046069423251,6,0.0005859375
1110111110,18363,"[3, 2, 0, 1]",6600,295.5358028411865,True,39.91046069423251,6,0.0005859375
1110111110,18364,"[3, 2, 0, 1]",6600,295.55296897888184,False,39.91046069423251,6,0.0005859375
1110111110,18365,"[3, 2, 0, 1]",6600,295.5658435821533,True,39.91046069423251,6,0.0005859375
0111010101,18366,"[1, 3, 2, 0]",9450,295.58300971984863,False,21.019224473084194,6,0.0005859375
0111010101,18367,"[1, 0, 3, 2]",465,295.5963611602783,True,21.019224473084194,6,0.0005859375
0111010101,18368,"[1, 3, 2, 0]",9450,295.61352729797363,False,21.019224473084194,6,0.0005859375
0111010101,18369,"[1, 0, 3, 2]",465,295.6268787384033,True,21.019224473084194,6,0.0005859375
0111010101,18370,"[1, 3, 2, 0]",9450,295.64428329467773,False,21.019224473084194,6,0.0005859375
0111010101,18371,"[1, 0, 3, 2]",465,295.6573963165283,True,21.019224473084194,6,0.0005859375
0111010101,18372,"[1, 3, 2, 0]",9450,295.67503929138184,False,21.019224473084194,6,0.0005859375
0111010101,18373,"[1, 0, 3, 2]",465,295.69005966186523,True,21.019224473084194,6,0.0005859375
0111010101,18374,"[1, 3, 2, 0]",9450,295.70817947387695,False,21.019224473084194,6,0.0005859375
0111010101,18375,"[1, 0, 3, 2]",465,295.72153091430664,True,21.019224473084194,6,0.0005859375
0111010101,18376,"[1, 3, 2, 0]",9450,295.73893547058105,False,21.019224473084194,6,0.0005859375
0111010101,18377,"[1, 0, 3, 2]",465,295.75228691101074,True,21.019224473084194,6,0.0005859375
0100010010,18378,"[2, 0, 3, 1]",6200,295.76969146728516,False,20.29473904094538,6,0.0005859375
0100010010,18379,"[2, 0, 1, 3]",500,295.78304290771484,True,20.29473904094538,6,0.0005859375
0100010010,18380,"[2, 0, 3, 1]",6200,295.80044746398926,False,20.29473904094538,6,0.0005859375
0100010010,18381,"[2, 0, 1, 3]",500,295.81332206726074,True,20.29473904094538,6,0.0005859375
0100010010,18382,"[2, 0, 3, 1]",6200,295.83263397216797,False,20.29473904094538,6,0.0005859375
0100010010,18383,"[2, 0, 1, 3]",500,295.84646224975586,True,20.29473904094538,6,0.0005859375
0100010010,18384,"[2, 0, 3, 1]",6200,295.8645820617676,False,20.29473904094538,6,0.0005859375
0100010010,18385,"[2, 0, 1, 3]",500,295.87793350219727,True,20.29473904094538,6,0.0005859375
0100010010,18386,"[2, 0, 3, 1]",6200,295.8953380584717,False,20.29473904094538,6,0.0005859375
0100010010,18387,"[2, 0, 1, 3]",500,295.90845108032227,True,20.29473904094538,6,0.0005859375
0100010010,18388,"[2, 0, 3, 1]",6200,295.9256172180176,False,20.29473904094538,6,0.0005859375
0100010010,18389,"[2, 0, 1, 3]",500,295.93849182128906,True,20.29473904094538,6,0.0005859375
1101000001,18390,"[0, 1, 3, 2]",465,295.9558963775635,False,6.383190649627178,6,0.0005859375
1101000001,18391,"[0, 1, 3, 2]",465,295.96924781799316,True,6.383190649627178,6,0.0005859375
1101000001,18392,"[0, 1, 3, 2]",465,295.9866523742676,False,6.383190649627178,6,0.0005859375
1101000001,18393,"[0, 1, 3, 2]",465,295.99952697753906,True,6.383190649627178,6,0.0005859375
1101000001,18394,"[0, 1, 3, 2]",465,296.0183620452881,False,6.383190649627178,6,0.0005859375
1101000001,18395,"[0, 1, 3, 2]",465,296.0317134857178,True,6.383190649627178,6,0.0005859375
1101000001,18396,"[0, 1, 3, 2]",465,296.0488796234131,False,6.383190649627178,6,0.0005859375
1101000001,18397,"[0, 1, 3, 2]",465,296.06175422668457,True,6.383190649627178,6,0.0005859375
1101000001,18398,"[0, 1, 3, 2]",465,296.079158782959,False,6.383190649627178,6,0.0005859375
1101000001,18399,"[0, 1, 3, 2]",465,296.09227180480957,True,6.383190649627178,6,0.0005859375
1101000001,18400,"[0, 1, 3, 2]",465,296.1091995239258,False,6.383190649627178,6,0.0005859375
1101000001,18401,"[0, 1, 3, 2]",465,296.12183570861816,True,6.383190649627178,6,0.0005859375
1111011111,18402,"[3, 1, 0, 2]",900,296.1392402648926,False,26.675570466711093,6,0.0005859375
1111011111,18403,"[3, 1, 0, 2]",900,296.15283012390137,True,26.675570466711093,6,0.0005859375
1111011111,18404,"[3, 1, 0, 2]",900,296.1702346801758,False,26.675570466711093,6,0.0005859375
1111011111,18405,"[3, 1, 0, 2]",900,296.18382453918457,True,26.675570466711093,6,0.0005859375
1111011111,18406,"[3, 1, 0, 2]",900,296.2009906768799,False,26.675570466711093,6,0.0005859375
1111011111,18407,"[3, 1, 0, 2]",900,296.21410369873047,True,26.675570466711093,6,0.0005859375
1111011111,18408,"[3, 1, 0, 2]",900,296.2315082550049,False,26.675570466711093,6,0.0005859375
1111011111,18409,"[3, 1, 0, 2]",900,296.24485969543457,True,26.675570466711093,6,0.0005859375
1111011111,18410,"[3, 1, 0, 2]",900,296.2617874145508,False,26.675570466711093,6,0.0005859375
1111011111,18411,"[3, 1, 0, 2]",900,296.27466201782227,True,26.675570466711093,6,0.0005859375
1111011111,18412,"[3, 1, 0, 2]",900,296.2920665740967,False,26.675570466711093,6,0.0005859375
1111011111,18413,"[3, 1, 0, 2]",900,296.30494117736816,True,26.675570466711093,6,0.0005859375
0001101110,18414,"[3, 2, 1, 0]",9600,296.3223457336426,False,18.20135851249499,6,0.0005859375
0001101110,18415,"[3, 2, 1, 0]",9600,296.3376045227051,True,18.20135851249499,6,0.0005859375
0001101110,18416,"[3, 2, 1, 0]",9600,296.3557243347168,False,18.20135851249499,6,0.0005859375
0001101110,18417,"[3, 2, 1, 0]",9600,296.3685989379883,True,18.20135851249499,6,0.0005859375
0001101110,18418,"[3, 2, 1, 0]",9600,296.3857650756836,False,18.20135851249499,6,0.0005859375
0001101110,18419,"[3, 2, 1, 0]",9600,296.3986396789551,True,18.20135851249499,6,0.0005859375
0001101110,18420,"[3, 2, 1, 0]",9600,296.4158058166504,False,18.20135851249499,6,0.0005859375
0001101110,18421,"[3, 2, 1, 0]",9600,296.4286804199219,True,18.20135851249499,6,0.0005859375
0001101110,18422,"[3, 2, 1, 0]",9600,296.445369720459,False,18.20135851249499,6,0.0005859375
0001101110,18423,"[3, 2, 1, 0]",9600,296.45824432373047,True,18.20135851249499,6,0.0005859375
0001101110,18424,"[3, 2, 1, 0]",9600,296.4754104614258,False,18.20135851249499,6,0.0005859375
0001101110,18425,"[3, 2, 1, 0]",9600,296.48828506469727,True,18.20135851249499,6,0.0005859375
1110010110,18426,"[0, 1, 3, 2]",465,296.5054512023926,False,17.657617520402667,6,0.0005859375
1110010110,18427,"[0, 1, 3, 2]",465,296.51904106140137,True,17.657617520402667,6,0.0005859375
1110010110,18428,"[0, 1, 3, 2]",465,296.5359687805176,False,17.657617520402667,6,0.0005859375
1110010110,18429,"[0, 1, 3, 2]",465,296.54908180236816,True,17.657617520402667,6,0.0005859375
1110010110,18430,"[0, 1, 3, 2]",465,296.5660095214844,False,17.657617520402667,6,0.0005859375
1110010110,18431,"[0, 1, 3, 2]",465,296.57912254333496,True,17.657617520402667,6,0.0005859375
1110010110,18432,"[0, 1, 3, 2]",465,296.5974807739258,False,17.657617520402667,6,0.0005859375
1110010110,18433,"[0, 1, 3, 2]",465,296.61083221435547,True,17.657617520402667,6,0.0005859375
1110010110,18434,"[0, 1, 3, 2]",465,296.628475189209,False,17.657617520402667,6,0.0005859375
1110010110,18435,"[0, 1, 3, 2]",465,296.64134979248047,True,17.657617520402667,6,0.0005859375
1110010110,18436,"[0, 1, 3, 2]",465,296.6599464416504,False,17.657617520402667,6,0.0005859375
1110010110,18437,"[0, 1, 3, 2]",465,296.673059463501,True,17.657617520402667,6,0.0005859375
1010110100,18438,"[2, 1, 0, 3]",600,296.6909408569336,False,27.80849659003144,6,0.0005859375
1010110100,18439,"[2, 1, 0, 3]",600,296.7040538787842,True,27.80849659003144,6,0.0005859375
1010110100,18440,"[2, 1, 0, 3]",600,296.7216968536377,False,27.80849659003144,6,0.0005859375
1010110100,18441,"[2, 1, 0, 3]",600,296.7345714569092,True,27.80849659003144,6,0.0005859375
1010110100,18442,"[2, 1, 0, 3]",600,296.7517375946045,False,27.80849659003144,6,0.0005859375
1010110100,18443,"[2, 1, 0, 3]",600,296.764612197876,True,27.80849659003144,6,0.0005859375
1010110100,18444,"[2, 1, 0, 3]",600,296.7817783355713,False,27.80849659003144,6,0.0005859375
1010110100,18445,"[2, 1, 0, 3]",600,296.7946529388428,True,27.80849659003144,6,0.0005859375
1010110100,18446,"[2, 1, 0, 3]",600,296.8118190765381,False,27.80849659003144,6,0.0005859375
1010110100,18447,"[2, 1, 0, 3]",600,296.82469367980957,True,27.80849659003144,6,0.0005859375
1010110100,18448,"[2, 1, 0, 3]",600,296.8418598175049,False,27.80849659003144,6,0.0005859375
1010110100,18449,"[2, 1, 0, 3]",600,296.85473442077637,True,27.80849659003144,6,0.0005859375
1010001100,18450,"[3, 1, 0, 2]",900,296.8719005584717,False,29.527848871949352,6,0.0005859375
1010001100,18451,"[3, 1, 0, 2]",900,296.88525199890137,True,29.527848871949352,6,0.0005859375
1010001100,18452,"[3, 1, 0, 2]",900,296.9026565551758,False,29.527848871949352,6,0.0005859375
1010001100,18453,"[3, 1, 0, 2]",900,296.91600799560547,True,29.527848871949352,6,0.0005859375
1010001100,18454,"[3, 1, 0, 2]",900,296.9331741333008,False,29.527848871949352,6,0.0005859375
1010001100,18455,"[3, 1, 0, 2]",900,296.9481945037842,True,29.527848871949352,6,0.0005859375
1010001100,18456,"[3, 1, 0, 2]",900,296.9655990600586,False,29.527848871949352,6,0.0005859375
1010001100,18457,"[3, 1, 0, 2]",900,296.9796657562256,True,29.527848871949352,6,0.0005859375
1010001100,18458,"[3, 1, 0, 2]",900,296.9987392425537,False,29.527848871949352,6,0.0005859375
1010001100,18459,"[3, 1, 0, 2]",900,297.0123291015625,True,29.527848871949352,6,0.0005859375
1010001100,18460,"[3, 1, 0, 2]",900,297.0297336578369,False,29.527848871949352,6,0.0005859375
1010001100,18461,"[3, 1, 0, 2]",900,297.0428466796875,True,29.527848871949352,6,0.0005859375
0000001101,18462,"[3, 2, 1, 0]",9600,297.0602512359619,False,16.409531892849856,6,0.0005859375
0000001101,18463,"[3, 2, 1, 0]",9600,297.0733642578125,True,16.409531892849856,6,0.0005859375
0000001101,18464,"[3, 2, 1, 0]",9600,297.0907688140869,False,16.409531892849856,6,0.0005859375
0000001101,18465,"[3, 2, 1, 0]",9600,297.1036434173584,True,16.409531892849856,6,0.0005859375
0000001101,18466,"[3, 2, 1, 0]",9600,297.1205711364746,False,16.409531892849856,6,0.0005859375
0000001101,18467,"[3, 2, 1, 0]",9600,297.1334457397461,True,16.409531892849856,6,0.0005859375
0000001101,18468,"[3, 2, 1, 0]",9600,297.1506118774414,False,16.409531892849856,6,0.0005859375
0000001101,18469,"[3, 2, 1, 0]",9600,297.1630096435547,True,16.409531892849856,6,0.0005859375
0000001101,18470,"[3, 2, 1, 0]",9600,297.18017578125,False,16.409531892849856,6,0.0005859375
0000001101,18471,"[3, 2, 1, 0]",9600,297.1928119659424,True,16.409531892849856,6,0.0005859375
0000001101,18472,"[3, 2, 1, 0]",9600,297.2102165222168,False,16.409531892849856,6,0.0005859375
0000001101,18473,"[3, 2, 1, 0]",9600,297.2228527069092,True,16.409531892849856,6,0.0005859375
1100100110,18474,"[0, 2, 3, 1]",6200,297.2402572631836,False,13.828808760201333,6,0.0005859375
1100100110,18475,"[0, 1, 2, 3]",315,297.2540855407715,True,13.828808760201333,6,0.0005859375
1100100110,18476,"[0, 2, 3, 1]",6200,297.2714900970459,False,13.828808760201333,6,0.0005859375
1100100110,18477,"[0, 1, 2, 3]",315,297.2850799560547,True,13.828808760201333,6,0.0005859375
1100100110,18478,"[0, 2, 3, 1]",6200,297.3201274871826,False,13.828808760201333,6,0.0005859375
1100100110,18479,"[0, 1, 2, 3]",315,297.3349094390869,True,13.828808760201333,6,0.0005859375
1100100110,18480,"[0, 2, 3, 1]",6200,297.35326766967773,False,13.828808760201333,6,0.0005859375
1100100110,18481,"[0, 1, 2, 3]",315,297.3668575286865,True,13.828808760201333,6,0.0005859375
1100100110,18482,"[0, 2, 3, 1]",6200,297.38593101501465,False,13.828808760201333,6,0.0005859375
1100100110,18483,"[0, 1, 2, 3]",315,297.40047454833984,True,13.828808760201333,6,0.0005859375
1100100110,18484,"[0, 2, 3, 1]",6200,297.41883277893066,False,13.828808760201333,6,0.0005859375
1100100110,18485,"[0, 1, 2, 3]",315,297.43242263793945,True,13.828808760201333,6,0.0005859375
0000010010,18486,"[2, 3, 1, 0]",9600,297.4505424499512,False,22.692679049617418,5,0.00048828125
0000010010,18487,"[2, 3, 1, 0]",9600,297.46413230895996,True,22.692679049617418,5,0.00048828125
0000010010,18488,"[2, 3, 1, 0]",9600,297.4863052368164,False,22.692679049617418,5,0.00048828125
0000010010,18489,"[2, 3, 1, 0]",9600,297.5006103515625,True,22.692679049617418,5,0.00048828125
0000010010,18490,"[2, 3, 1, 0]",9600,297.5189685821533,False,22.692679049617418,5,0.00048828125
0000010010,18491,"[2, 3, 1, 0]",9600,297.5325584411621,True,22.692679049617418,5,0.00048828125
0000010010,18492,"[2, 3, 1, 0]",9600,297.5506782531738,False,22.692679049617418,5,0.00048828125
0000010010,18493,"[2, 3, 1, 0]",9600,297.5640296936035,True,22.692679049617418,5,0.00048828125
0000010010,18494,"[2, 3, 1, 0]",9600,297.58167266845703,False,22.692679049617418,5,0.00048828125
0000010010,18495,"[2, 3, 1, 0]",9600,297.5950241088867,True,22.692679049617418,5,0.00048828125
0110111001,18496,"[2, 3, 1, 0]",9600,297.61290550231934,False,27.328712873074423,5,0.00048828125
0110111001,18497,"[2, 3, 1, 0]",9600,297.6257801055908,True,27.328712873074423,5,0.00048828125
0110111001,18498,"[2, 3, 1, 0]",9600,297.64389991760254,False,27.328712873074423,5,0.00048828125
0110111001,18499,"[2, 3, 1, 0]",9600,297.65868186950684,True,27.328712873074423,5,0.00048828125
0110111001,18500,"[2, 3, 1, 0]",9600,297.67704010009766,False,27.328712873074423,5,0.00048828125
0110111001,18501,"[2, 3, 1, 0]",9600,297.69062995910645,True,27.328712873074423,5,0.00048828125
0110111001,18502,"[2, 3, 1, 0]",9600,297.70827293395996,False,27.328712873074423,5,0.00048828125
0110111001,18503,"[2, 3, 1, 0]",9600,297.72210121154785,True,27.328712873074423,5,0.00048828125
0110111001,18504,"[2, 3, 1, 0]",9600,297.73974418640137,False,27.328712873074423,5,0.00048828125
0110111001,18505,"[2, 3, 1, 0]",9600,297.75333404541016,True,27.328712873074423,5,0.00048828125
1011101001,18506,"[1, 3, 2, 0]",9450,297.7709770202637,False,48.57552697385148,5,0.00048828125
1011101001,18507,"[1, 0, 3, 2]",465,297.78528213500977,True,48.57552697385148,5,0.00048828125
1011101001,18508,"[1, 3, 2, 0]",9450,297.8034019470215,False,48.57552697385148,5,0.00048828125
1011101001,18509,"[1, 0, 3, 2]",465,297.8174686431885,True,48.57552697385148,5,0.00048828125
1011101001,18510,"[1, 3, 2, 0]",9450,297.8355884552002,False,48.57552697385148,5,0.00048828125
1011101001,18511,"[1, 0, 3, 2]",465,297.8494167327881,True,48.57552697385148,5,0.00048828125
1011101001,18512,"[1, 3, 2, 0]",9450,297.8677749633789,False,48.57552697385148,5,0.00048828125
1011101001,18513,"[1, 0, 3, 2]",465,297.8818416595459,True,48.57552697385148,5,0.00048828125
1011101001,18514,"[1, 3, 2, 0]",9450,297.8999614715576,False,48.57552697385148,5,0.00048828125
1011101001,18515,"[1, 0, 3, 2]",465,297.924280166626,True,48.57552697385148,5,0.00048828125
1110101001,18516,"[0, 3, 2, 1]",6300,297.9414463043213,False,48.54451884233566,5,0.00048828125
1110101001,18517,"[0, 1, 3, 2]",465,297.9545593261719,True,48.54451884233566,5,0.00048828125
1110101001,18518,"[0, 3, 2, 1]",6300,297.9717254638672,False,48.54451884233566,5,0.00048828125
1110101001,18519,"[0, 1, 3, 2]",465,297.9846000671387,True,48.54451884233566,5,0.00048828125
1110101001,18520,"[0, 3, 2, 1]",6300,298.0029582977295,False,48.54451884233566,5,0.00048828125
1110101001,18521,"[0, 1, 3, 2]",465,298.0160713195801,True,48.54451884233566,5,0.00048828125
1110101001,18522,"[0, 3, 2, 1]",6300,298.0332374572754,False,48.54451884233566,5,0.00048828125
1110101001,18523,"[0, 1, 3, 2]",465,298.0692386627197,True,48.54451884233566,5,0.00048828125
1110101001,18524,"[0, 3, 2, 1]",6300,298.08712005615234,False,48.54451884233566,5,0.00048828125
1110101001,18525,"[0, 1, 3, 2]",465,298.10047149658203,True,48.54451884233566,5,0.00048828125
0100001001,18526,"[3, 0, 2, 1]",6300,298.11787605285645,False,16.18188720114459,5,0.00048828125
0100001001,18527,"[3, 0, 1, 2]",750,298.13170433044434,True,16.18188720114459,5,0.00048828125
0100001001,18528,"[3, 0, 2, 1]",6300,298.14887046813965,False,16.18188720114459,5,0.00048828125
0100001001,18529,"[3, 0, 1, 2]",750,298.16222190856934,True,16.18188720114459,5,0.00048828125
0100001001,18530,"[3, 0, 2, 1]",6300,298.17962646484375,False,16.18188720114459,5,0.00048828125
0100001001,18531,"[3, 0, 1, 2]",750,298.19321632385254,True,16.18188720114459,5,0.00048828125
0100001001,18532,"[3, 0, 2, 1]",6300,298.21014404296875,False,16.18188720114459,5,0.00048828125
0100001001,18533,"[3, 0, 1, 2]",750,298.22516441345215,True,16.18188720114459,5,0.00048828125
0100001001,18534,"[3, 0, 2, 1]",6300,298.24304580688477,False,16.18188720114459,5,0.00048828125
0100001001,18535,"[3, 0, 1, 2]",750,298.25687408447266,True,16.18188720114459,5,0.00048828125
1110100010,18536,"[0, 2, 1, 3]",500,298.2745170593262,False,21.136129710583916,5,0.00048828125
1110100010,18537,"[0, 1, 2, 3]",315,298.28763008117676,True,21.136129710583916,5,0.00048828125
1110100010,18538,"[0, 2, 1, 3]",500,298.3050346374512,False,21.136129710583916,5,0.00048828125
1110100010,18539,"[0, 1, 2, 3]",315,298.31790924072266,True,21.136129710583916,5,0.00048828125
1110100010,18540,"[0, 2, 1, 3]",500,298.33507537841797,False,21.136129710583916,5,0.00048828125
1110100010,18541,"[0, 1, 2, 3]",315,298.34961891174316,True,21.136129710583916,5,0.00048828125
1110100010,18542,"[0, 2, 1, 3]",500,298.3675003051758,False,21.136129710583916,5,0.00048828125
1110100010,18543,"[0, 1, 2, 3]",315,298.38037490844727,True,21.136129710583916,5,0.00048828125
1110100010,18544,"[0, 2, 1, 3]",500,298.3975410461426,False,21.136129710583916,5,0.00048828125
1110100010,18545,"[0, 1, 2, 3]",315,298.41065406799316,True,21.136129710583916,5,0.00048828125
1110000001,18546,"[0, 1, 3, 2]",465,298.4273433685303,False,16.73537316773854,5,0.00048828125
1110000001,18547,"[0, 1, 3, 2]",465,298.44021797180176,True,16.73537316773854,5,0.00048828125
1110000001,18548,"[0, 1, 3, 2]",465,298.45714569091797,False,16.73537316773854,5,0.00048828125
1110000001,18549,"[0, 1, 3, 2]",465,298.46978187561035,True,16.73537316773854,5,0.00048828125
1110000001,18550,"[0, 1, 3, 2]",465,298.48647117614746,False,16.73537316773854,5,0.00048828125
1110000001,18551,"[0, 1, 3, 2]",465,298.49934577941895,True,16.73537316773854,5,0.00048828125
1110000001,18552,"[0, 1, 3, 2]",465,298.51627349853516,False,16.73537316773854,5,0.00048828125
1110000001,18553,"[0, 1, 3, 2]",465,298.52914810180664,True,16.73537316773854,5,0.00048828125
1110000001,18554,"[0, 1, 3, 2]",465,298.54631423950195,False,16.73537316773854,5,0.00048828125
1110000001,18555,"[0, 1, 3, 2]",465,298.55918884277344,True,16.73537316773854,5,0.00048828125
0101100110,18556,"[2, 3, 1, 0]",9600,298.57635498046875,False,21.436580729094217,5,0.00048828125
0101100110,18557,"[2, 3, 1, 0]",9600,298.59018325805664,True,21.436580729094217,5,0.00048828125
0101100110,18558,"[2, 3, 1, 0]",9600,298.60734939575195,False,21.436580729094217,5,0.00048828125
0101100110,18559,"[2, 3, 1, 0]",9600,298.62070083618164,True,21.436580729094217,5,0.00048828125
0101100110,18560,"[2, 3, 1, 0]",9600,298.63762855529785,False,21.436580729094217,5,0.00048828125
0101100110,18561,"[2, 3, 1, 0]",9600,298.65074157714844,True,21.436580729094217,5,0.00048828125
0101100110,18562,"[2, 3, 1, 0]",9600,298.66909980773926,False,21.436580729094217,5,0.00048828125
0101100110,18563,"[2, 3, 1, 0]",9600,298.68245124816895,True,21.436580729094217,5,0.00048828125
0101100110,18564,"[2, 3, 1, 0]",9600,298.69961738586426,False,21.436580729094217,5,0.00048828125
0101100110,18565,"[2, 3, 1, 0]",9600,298.71273040771484,True,21.436580729094217,5,0.00048828125
0110110101,18566,"[2, 1, 3, 0]",9300,298.72965812683105,False,17.854254080592113,5,0.00048828125
0110110101,18567,"[2, 1, 0, 3]",600,298.74324798583984,True,17.854254080592113,5,0.00048828125
0110110101,18568,"[2, 1, 3, 0]",9300,298.76065254211426,False,17.854254080592113,5,0.00048828125
0110110101,18569,"[2, 1, 0, 3]",600,298.77424240112305,True,17.854254080592113,5,0.00048828125
0110110101,18570,"[2, 1, 3, 0]",9300,298.79140853881836,False,17.854254080592113,5,0.00048828125
0110110101,18571,"[2, 1, 0, 3]",600,298.80452156066895,True,17.854254080592113,5,0.00048828125
0110110101,18572,"[2, 1, 3, 0]",9300,298.82192611694336,False,17.854254080592113,5,0.00048828125
0110110101,18573,"[2, 1, 0, 3]",600,298.83480072021484,True,17.854254080592113,5,0.00048828125
0110110101,18574,"[2, 1, 3, 0]",9300,298.85220527648926,False,17.854254080592113,5,0.00048828125
0110110101,18575,"[2, 1, 0, 3]",600,298.86507987976074,True,17.854254080592113,5,0.00048828125
1111110000,18576,"[2, 1, 0, 3]",600,298.88224601745605,False,26.18074444004648,5,0.00048828125
1111110000,18577,"[2, 1, 0, 3]",600,298.89559745788574,True,26.18074444004648,5,0.00048828125
1111110000,18578,"[2, 1, 0, 3]",600,298.91300201416016,False,26.18074444004648,5,0.00048828125
1111110000,18579,"[2, 1, 0, 3]",600,298.92635345458984,True,26.18074444004648,5,0.00048828125
1111110000,18580,"[2, 1, 0, 3]",600,298.94375801086426,False,26.18074444004648,5,0.00048828125
1111110000,18581,"[2, 1, 0, 3]",600,298.95710945129395,True,26.18074444004648,5,0.00048828125
1111110000,18582,"[2, 1, 0, 3]",600,298.97451400756836,False,26.18074444004648,5,0.00048828125
1111110000,18583,"[2, 1, 0, 3]",600,298.99096488952637,True,26.18074444004648,5,0.00048828125
1111110000,18584,"[2, 1, 0, 3]",600,299.0090847015381,False,26.18074444004648,5,0.00048828125
1111110000,18585,"[2, 1, 0, 3]",600,299.0224361419678,True,26.18074444004648,5,0.00048828125
1010110101,18586,"[2, 1, 0, 3]",600,299.0398406982422,False,27.25219408926415,5,0.00048828125
1010110101,18587,"[2, 1, 0, 3]",600,299.0531921386719,True,27.25219408926415,5,0.00048828125
1010110101,18588,"[2, 1, 0, 3]",600,299.069881439209,False,27.25219408926415,5,0.00048828125
1010110101,18589,"[2, 1, 0, 3]",600,299.08275604248047,True,27.25219408926415,5,0.00048828125
1010110101,18590,"[2, 1, 0, 3]",600,299.0999221801758,False,27.25219408926415,5,0.00048828125
1010110101,18591,"[2, 1, 0, 3]",600,299.11279678344727,True,27.25219408926415,5,0.00048828125
1010110101,18592,"[2, 1, 0, 3]",600,299.1299629211426,False,27.25219408926415,5,0.00048828125
1010110101,18593,"[2, 1, 0, 3]",600,299.14259910583496,True,27.25219408926415,5,0.00048828125
1010110101,18594,"[2, 1, 0, 3]",600,299.1597652435303,False,27.25219408926415,5,0.00048828125
1010110101,18595,"[2, 1, 0, 3]",600,299.17263984680176,True,27.25219408926415,5,0.00048828125
0010001100,18596,"[3, 1, 2, 0]",9450,299.18980598449707,False,19.221423844398668,5,0.00048828125
0010001100,18597,"[3, 1, 0, 2]",900,299.20291900634766,True,19.221423844398668,5,0.00048828125
0010001100,18598,"[3, 1, 2, 0]",9450,299.22032356262207,False,19.221423844398668,5,0.00048828125
0010001100,18599,"[3, 1, 0, 2]",900,299.23343658447266,True,19.221423844398668,5,0.00048828125
0010001100,18600,"[3, 1, 2, 0]",9450,299.25084114074707,False,19.221423844398668,5,0.00048828125
0010001100,18601,"[3, 1, 0, 2]",900,299.26371574401855,True,19.221423844398668,5,0.00048828125
0010001100,18602,"[3, 1, 2, 0]",9450,299.28112030029297,False,19.221423844398668,5,0.00048828125
0010001100,18603,"[3, 1, 0, 2]",900,299.29423332214355,True,19.221423844398668,5,0.00048828125
0010001100,18604,"[3, 1, 2, 0]",9450,299.3128299713135,False,19.221423844398668,5,0.00048828125
0010001100,18605,"[3, 1, 0, 2]",900,299.32641983032227,True,19.221423844398668,5,0.00048828125
1111010010,18606,"[1, 0, 2, 3]",315,299.344539642334,False,13.473562869650422,5,0.00048828125
1111010010,18607,"[1, 0, 2, 3]",315,299.3583679199219,True,13.473562869650422,5,0.00048828125
1111010010,18608,"[1, 0, 2, 3]",315,299.3760108947754,False,13.473562869650422,5,0.00048828125
1111010010,18609,"[1, 0, 2, 3]",315,299.3896007537842,True,13.473562869650422,5,0.00048828125
1111010010,18610,"[1, 0, 2, 3]",315,299.4065284729004,False,13.473562869650422,5,0.00048828125
1111010010,18611,"[1, 0, 2, 3]",315,299.4198799133301,True,13.473562869650422,5,0.00048828125
1111010010,18612,"[1, 0, 2, 3]",315,299.4370460510254,False,13.473562869650422,5,0.00048828125
1111010010,18613,"[1, 0, 2, 3]",315,299.450159072876,True,13.473562869650422,5,0.00048828125
1111010010,18614,"[1, 0, 2, 3]",315,299.4673252105713,False,13.473562869650422,5,0.00048828125
1111010010,18615,"[1, 0, 2, 3]",315,299.4801998138428,True,13.473562869650422,5,0.00048828125
0001000000,18616,"[1, 3, 2, 0]",9450,299.4973659515381,False,17.383190649627178,5,0.00048828125
0001000000,18617,"[1, 0, 3, 2]",465,299.51024055480957,True,17.383190649627178,5,0.00048828125
0001000000,18618,"[1, 3, 2, 0]",9450,299.5278835296631,False,17.383190649627178,5,0.00048828125
0001000000,18619,"[1, 0, 3, 2]",465,299.5412349700928,True,17.383190649627178,5,0.00048828125
0001000000,18620,"[1, 3, 2, 0]",9450,299.5586395263672,False,17.383190649627178,5,0.00048828125
0001000000,18621,"[1, 0, 3, 2]",465,299.5717525482178,True,17.383190649627178,5,0.00048828125
0001000000,18622,"[1, 3, 2, 0]",9450,299.5891571044922,False,17.383190649627178,5,0.00048828125
0001000000,18623,"[1, 0, 3, 2]",465,299.6053695678711,True,17.383190649627178,5,0.00048828125
0001000000,18624,"[1, 3, 2, 0]",9450,299.6230125427246,False,17.383190649627178,5,0.00048828125
0001000000,18625,"[1, 0, 3, 2]",465,299.6368408203125,True,17.383190649627178,5,0.00048828125
1010010100,18626,"[1, 0, 3, 2]",465,299.6559143066406,False,18.453497537746742,5,0.00048828125
1010010100,18627,"[1, 0, 3, 2]",465,299.6695041656494,True,18.453497537746742,5,0.00048828125
1010010100,18628,"[1, 0, 3, 2]",465,299.6869087219238,False,18.453497537746742,5,0.00048828125
1010010100,18629,"[1, 0, 3, 2]",465,299.7002601623535,True,18.453497537746742,5,0.00048828125
1010010100,18630,"[1, 0, 3, 2]",465,299.71766471862793,False,18.453497537746742,5,0.00048828125
1010010100,18631,"[1, 0, 3, 2]",465,299.7307777404785,True,18.453497537746742,5,0.00048828125
1010010100,18632,"[1, 0, 3, 2]",465,299.74818229675293,False,18.453497537746742,5,0.00048828125
1010010100,18633,"[1, 0, 3, 2]",465,299.7612953186035,True,18.453497537746742,5,0.00048828125
1010010100,18634,"[1, 0, 3, 2]",465,299.78203773498535,False,18.453497537746742,5,0.00048828125
1010010100,18635,"[1, 0, 3, 2]",465,299.79515075683594,True,18.453497537746742,5,0.00048828125
1010100110,18636,"[2, 1, 0, 3]",600,299.81350898742676,False,24.318016911728506,5,0.00048828125
1010100110,18637,"[2, 1, 0, 3]",600,299.82709884643555,True,24.318016911728506,5,0.00048828125
1010100110,18638,"[2, 1, 0, 3]",600,299.84402656555176,False,24.318016911728506,5,0.00048828125
1010100110,18639,"[2, 1, 0, 3]",600,299.85737800598145,True,24.318016911728506,5,0.00048828125
1010100110,18640,"[2, 1, 0, 3]",600,299.87478256225586,False,24.318016911728506,5,0.00048828125
1010100110,18641,"[2, 1, 0, 3]",600,299.88813400268555,True,24.318016911728506,5,0.00048828125
1010100110,18642,"[2, 1, 0, 3]",600,299.90530014038086,False,24.318016911728506,5,0.00048828125
1010100110,18643,"[2, 1, 0, 3]",600,299.91841316223145,True,24.318016911728506,5,0.00048828125
1010100110,18644,"[2, 1, 0, 3]",600,299.93534088134766,False,24.318016911728506,5,0.00048828125
1010100110,18645,"[2, 1, 0, 3]",600,299.94821548461914,True,24.318016911728506,5,0.00048828125
1110000011,18646,"[0, 1, 3, 2]",465,299.96705055236816,False,13.383190649627178,5,0.00048828125
1110000011,18647,"[0, 1, 3, 2]",465,299.98064041137695,True,13.383190649627178,5,0.00048828125
1110000011,18648,"[0, 1, 3, 2]",465,299.99828338623047,False,13.383190649627178,5,0.00048828125
1110000011,18649,"[0, 1, 3, 2]",465,300.01139640808105,True,13.383190649627178,5,0.00048828125
1110000011,18650,"[0, 1, 3, 2]",465,300.04405975341797,False,13.383190649627178,5,0.00048828125
1110000011,18651,"[0, 1, 3, 2]",465,300.05764961242676,True,13.383190649627178,5,0.00048828125
1110000011,18652,"[0, 1, 3, 2]",465,300.0755310058594,False,13.383190649627178,5,0.00048828125
1110000011,18653,"[0, 1, 3, 2]",465,300.08912086486816,True,13.383190649627178,5,0.00048828125
1110000011,18654,"[0, 1, 3, 2]",465,300.1070022583008,False,13.383190649627178,5,0.00048828125
1110000011,18655,"[0, 1, 3, 2]",465,300.12011528015137,True,13.383190649627178,5,0.00048828125
1110101100,18656,"[3, 0, 2, 1]",6300,300.1382350921631,False,44.68064855291958,5,0.00048828125
1110101100,18657,"[3, 0, 1, 2]",750,300.1523017883301,True,44.68064855291958,5,0.00048828125
1110101100,18658,"[3, 0, 2, 1]",6300,300.1704216003418,False,44.68064855291958,5,0.00048828125
1110101100,18659,"[3, 0, 1, 2]",750,300.1847267150879,True,44.68064855291958,5,0.00048828125
1110101100,18660,"[3, 0, 2, 1]",6300,300.2030849456787,False,44.68064855291958,5,0.00048828125
1110101100,18661,"[3, 0, 1, 2]",750,300.2169132232666,True,44.68064855291958,5,0.00048828125
1110101100,18662,"[3, 0, 2, 1]",6300,300.2350330352783,False,44.68064855291958,5,0.00048828125
1110101100,18663,"[3, 0, 1, 2]",750,300.2490997314453,True,44.68064855291958,5,0.00048828125
1110101100,18664,"[3, 0, 2, 1]",6300,300.26698112487793,False,44.68064855291958,5,0.00048828125
1110101100,18665,"[3, 0, 1, 2]",750,300.2808094024658,True,44.68064855291958,5,0.00048828125
1011101100,18666,"[3, 1, 2, 0]",9450,300.29916763305664,False,45.584055485589744,5,0.00048828125
1011101100,18667,"[3, 1, 0, 2]",900,300.31466484069824,True,45.584055485589744,5,0.00048828125
1011101100,18668,"[3, 1, 2, 0]",9450,300.33349990844727,False,45.584055485589744,5,0.00048828125
1011101100,18669,"[3, 1, 0, 2]",900,300.34780502319336,True,45.584055485589744,5,0.00048828125
1011101100,18670,"[3, 1, 2, 0]",9450,300.3659248352051,False,45.584055485589744,5,0.00048828125
1011101100,18671,"[3, 1, 0, 2]",900,300.37999153137207,True,45.584055485589744,5,0.00048828125
1011101100,18672,"[3, 1, 2, 0]",9450,300.3981113433838,False,45.584055485589744,5,0.00048828125
1011101100,18673,"[3, 1, 0, 2]",900,300.4119396209717,True,45.584055485589744,5,0.00048828125
1011101100,18674,"[3, 1, 2, 0]",9450,300.4300594329834,False,45.584055485589744,5,0.00048828125
1011101100,18675,"[3, 1, 0, 2]",900,300.4438877105713,True,45.584055485589744,5,0.00048828125
0000000011,18676,"[3, 2, 1, 0]",9600,300.462007522583,False,36.0,5,0.00048828125
0000000011,18677,"[3, 2, 1, 0]",9600,300.4758358001709,True,36.0,5,0.00048828125
0000000011,18678,"[3, 2, 1, 0]",9600,300.4941940307617,False,36.0,5,0.00048828125
0000000011,18679,"[3, 2, 1, 0]",9600,300.5077838897705,True,36.0,5,0.00048828125
0000000011,18680,"[3, 2, 1, 0]",9600,300.525426864624,False,36.0,5,0.00048828125
0000000011,18681,"[3, 2, 1, 0]",9600,300.5390167236328,True,36.0,5,0.00048828125
0000000011,18682,"[3, 2, 1, 0]",9600,300.55713653564453,False,36.0,5,0.00048828125
0000000011,18683,"[3, 2, 1, 0]",9600,300.5704879760742,True,36.0,5,0.00048828125
0000000011,18684,"[3, 2, 1, 0]",9600,300.59003829956055,False,36.0,5,0.00048828125
0000000011,18685,"[3, 2, 1, 0]",9600,300.60434341430664,True,36.0,5,0.00048828125
1111011100,18686,"[3, 1, 0, 2]",900,300.62317848205566,False,41.89048051314043,5,0.00048828125
1111011100,18687,"[3, 1, 0, 2]",900,300.63748359680176,True,41.89048051314043,5,0.00048828125
1111011100,18688,"[3, 1, 0, 2]",900,300.6572723388672,False,41.89048051314043,5,0.00048828125
1111011100,18689,"[3, 1, 0, 2]",900,300.6715774536133,True,41.89048051314043,5,0.00048828125
1111011100,18690,"[3, 1, 0, 2]",900,300.6901741027832,False,41.89048051314043,5,0.00048828125
1111011100,18691,"[3, 1, 0, 2]",900,300.7042407989502,True,41.89048051314043,5,0.00048828125
1111011100,18692,"[3, 1, 0, 2]",900,300.7223606109619,False,41.89048051314043,5,0.00048828125
1111011100,18693,"[3, 1, 0, 2]",900,300.7361888885498,True,41.89048051314043,5,0.00048828125
1111011100,18694,"[3, 1, 0, 2]",900,300.7543087005615,False,41.89048051314043,5,0.00048828125
1111011100,18695,"[3, 1, 0, 2]",900,300.7681369781494,True,41.89048051314043,5,0.00048828125
0001110000,18696,"[2, 1, 3, 0]",9300,300.78625679016113,False,11.828808760201335,5,0.00048828125
0001110000,18697,"[2, 1, 0, 3]",600,300.800085067749,True,11.828808760201335,5,0.00048828125
0001110000,18698,"[2, 1, 3, 0]",9300,300.81796646118164,False,11.828808760201335,5,0.00048828125
0001110000,18699,"[2, 1, 0, 3]",600,300.83155632019043,True,11.828808760201335,5,0.00048828125
0001110000,18700,"[2, 1, 3, 0]",9300,300.84991455078125,False,11.828808760201335,5,0.00048828125
0001110000,18701,"[2, 1, 0, 3]",600,300.86350440979004,True,11.828808760201335,5,0.00048828125
0001110000,18702,"[2, 1, 3, 0]",9300,300.88162422180176,False,11.828808760201335,5,0.00048828125
0001110000,18703,"[2, 1, 0, 3]",600,300.89521408081055,True,11.828808760201335,5,0.00048828125
0001110000,18704,"[2, 1, 3, 0]",9300,300.91333389282227,False,11.828808760201335,5,0.00048828125
0001110000,18705,"[2, 1, 0, 3]",600,300.92692375183105,True,11.828808760201335,5,0.00048828125
1000001000,18706,"[3, 0, 2, 1]",6300,300.9452819824219,False,28.136129710583916,5,0.00048828125
1000001000,18707,"[3, 0, 1, 2]",750,300.95911026000977,True,28.136129710583916,5,0.00048828125
1000001000,18708,"[3, 0, 2, 1]",6300,300.9769916534424,False,28.136129710583916,5,0.00048828125
1000001000,18709,"[3, 0, 1, 2]",750,300.992488861084,True,28.136129710583916,5,0.00048828125
1000001000,18710,"[3, 0, 2, 1]",6300,301.011323928833,False,28.136129710583916,5,0.00048828125
1000001000,18711,"[3, 0, 1, 2]",750,301.0249137878418,True,28.136129710583916,5,0.00048828125
1000001000,18712,"[3, 0, 2, 1]",6300,301.0430335998535,False,28.136129710583916,5,0.00048828125
1000001000,18713,"[3, 0, 1, 2]",750,301.0566234588623,True,28.136129710583916,5,0.00048828125
1000001000,18714,"[3, 0, 2, 1]",6300,301.074743270874,False,28.136129710583916,5,0.00048828125
1000001000,18715,"[3, 0, 1, 2]",750,301.0885715484619,True,28.136129710583916,5,0.00048828125
1001110100,18716,"[2, 0, 3, 1]",6200,301.10692977905273,False,22.930772864402392,5,0.00048828125
1001110100,18717,"[2, 0, 1, 3]",500,301.1209964752197,True,22.930772864402392,5,0.00048828125
1001110100,18718,"[2, 0, 3, 1]",6200,301.13959312438965,False,22.930772864402392,5,0.00048828125
1001110100,18719,"[2, 0, 1, 3]",500,301.15318298339844,True,22.930772864402392,5,0.00048828125
1001110100,18720,"[2, 0, 3, 1]",6200,301.17106437683105,False,22.930772864402392,5,0.00048828125
1001110100,18721,"[2, 0, 1, 3]",500,301.18489265441895,True,22.930772864402392,5,0.00048828125
1001110100,18722,"[2, 0, 3, 1]",6200,301.21874809265137,False,22.930772864402392,5,0.00048828125
1001110100,18723,"[2, 0, 1, 3]",500,301.23305320739746,True,22.930772864402392,5,0.00048828125
1001110100,18724,"[2, 0, 3, 1]",6200,301.2511730194092,False,22.930772864402392,5,0.00048828125
1001110100,18725,"[2, 0, 1, 3]",500,301.26500129699707,True,22.930772864402392,5,0.00048828125
0010001000,18726,"[3, 1, 2, 0]",9450,301.2838363647461,False,29.039536643254078,5,0.00048828125
0010001000,18727,"[3, 1, 0, 2]",900,301.2979030609131,True,29.039536643254078,5,0.00048828125
0010001000,18728,"[3, 1, 2, 0]",9450,301.316499710083,False,29.039536643254078,5,0.00048828125
0010001000,18729,"[3, 1, 0, 2]",900,301.3308048248291,True,29.039536643254078,5,0.00048828125
0010001000,18730,"[3, 1, 2, 0]",9450,301.35059356689453,False,29.039536643254078,5,0.00048828125
0010001000,18731,"[3, 1, 0, 2]",900,301.3646602630615,True,29.039536643254078,5,0.00048828125
0010001000,18732,"[3, 1, 2, 0]",9450,301.38349533081055,False,29.039536643254078,5,0.00048828125
0010001000,18733,"[3, 1, 0, 2]",900,301.39732360839844,True,29.039536643254078,5,0.00048828125
0010001000,18734,"[3, 1, 2, 0]",9450,301.41735076904297,False,29.039536643254078,5,0.00048828125
0010001000,18735,"[3, 1, 0, 2]",900,301.43189430236816,True,29.039536643254078,5,0.00048828125
1111100010,18736,"[1, 0, 2, 3]",315,301.4507293701172,False,16.87150287832246,5,0.00048828125
1111100010,18737,"[1, 0, 2, 3]",315,301.4650344848633,True,16.87150287832246,5,0.00048828125
1111100010,18738,"[1, 0, 2, 3]",315,301.4869689941406,False,16.87150287832246,5,0.00048828125
1111100010,18739,"[1, 0, 2, 3]",315,301.5012741088867,True,16.87150287832246,5,0.00048828125
1111100010,18740,"[1, 0, 2, 3]",315,301.52034759521484,False,16.87150287832246,5,0.00048828125
1111100010,18741,"[1, 0, 2, 3]",315,301.53441429138184,True,16.87150287832246,5,0.00048828125
1111100010,18742,"[1, 0, 2, 3]",315,301.55301094055176,False,16.87150287832246,5,0.00048828125
1111100010,18743,"[1, 0, 2, 3]",315,301.56707763671875,True,16.87150287832246,5,0.00048828125
1111100010,18744,"[1, 0, 2, 3]",315,301.5856742858887,False,16.87150287832246,5,0.00048828125
1111100010,18745,"[1, 0, 2, 3]",315,301.59950256347656,True,16.87150287832246,5,0.00048828125
0101110100,18746,"[2, 3, 1, 0]",9600,301.6178607940674,False,30.23719789195308,5,0.00048828125
0101110100,18747,"[2, 3, 1, 0]",9600,301.6324043273926,True,30.23719789195308,5,0.00048828125
0101110100,18748,"[2, 3, 1, 0]",9600,301.6505241394043,False,30.23719789195308,5,0.00048828125
0101110100,18749,"[2, 3, 1, 0]",9600,301.6645908355713,True,30.23719789195308,5,0.00048828125
0101110100,18750,"[2, 3, 1, 0]",9600,301.6829490661621,False,30.23719789195308,5,0.00048828125
0101110100,18751,"[2, 3, 1, 0]",9600,301.6984462738037,True,30.23719789195308,5,0.00048828125
0101110100,18752,"[2, 3, 1, 0]",9600,301.71704292297363,False,30.23719789195308,5,0.00048828125
0101110100,18753,"[2, 3, 1, 0]",9600,301.7308712005615,True,30.23719789195308,5,0.00048828125
0101110100,18754,"[2, 3, 1, 0]",9600,301.74899101257324,False,30.23719789195308,5,0.00048828125
0101110100,18755,"[2, 3, 1, 0]",9600,301.76281929016113,True,30.23719789195308,5,0.00048828125
0100001111,18756,"[3, 0, 2, 1]",6300,301.78117752075195,False,12.409531892849856,5,0.00048828125
0100001111,18757,"[3, 0, 1, 2]",750,301.79572105407715,True,12.409531892849856,5,0.00048828125
0100001111,18758,"[3, 0, 2, 1]",6300,301.81407928466797,False,12.409531892849856,5,0.00048828125
0100001111,18759,"[3, 0, 1, 2]",750,301.82814598083496,True,12.409531892849856,5,0.00048828125
0100001111,18760,"[3, 0, 2, 1]",6300,301.8465042114258,False,12.409531892849856,5,0.00048828125
0100001111,18761,"[3, 0, 1, 2]",750,301.8603324890137,True,12.409531892849856,5,0.00048828125
0100001111,18762,"[3, 0, 2, 1]",6300,301.8791675567627,False,12.409531892849856,5,0.00048828125
0100001111,18763,"[3, 0, 1, 2]",750,301.8929958343506,True,12.409531892849856,5,0.00048828125
0100001111,18764,"[3, 0, 2, 1]",6300,301.9113540649414,False,12.409531892849856,5,0.00048828125
0100001111,18765,"[3, 0, 1, 2]",750,301.9251823425293,True,12.409531892849856,5,0.00048828125
0000110010,18766,"[2, 3, 1, 0]",9600,301.943302154541,False,15.783298107906877,5,0.00048828125
0000110010,18767,"[2, 3, 1, 0]",9600,301.957368850708,True,15.783298107906877,5,0.00048828125
0000110010,18768,"[2, 3, 1, 0]",9600,301.97596549987793,False,15.783298107906877,5,0.00048828125
0000110010,18769,"[2, 3, 1, 0]",9600,301.9897937774658,True,15.783298107906877,5,0.00048828125
0000110010,18770,"[2, 3, 1, 0]",9600,302.00767517089844,False,15.783298107906877,5,0.00048828125
0000110010,18771,"[2, 3, 1, 0]",9600,302.0212650299072,True,15.783298107906877,5,0.00048828125
0000110010,18772,"[2, 3, 1, 0]",9600,302.04057693481445,False,15.783298107906877,5,0.00048828125
0000110010,18773,"[2, 3, 1, 0]",9600,302.05440521240234,True,15.783298107906877,5,0.00048828125
0000110010,18774,"[2, 3, 1, 0]",9600,302.07276344299316,False,15.783298107906877,5,0.00048828125
0000110010,18775,"[2, 3, 1, 0]",9600,302.08635330200195,True,15.783298107906877,5,0.00048828125
1001100000,18776,"[2, 0, 1, 3]",500,302.1049499511719,False,18.67792969057256,5,0.00048828125
1001100000,18777,"[2, 0, 1, 3]",500,302.11949348449707,True,18.67792969057256,5,0.00048828125
1001100000,18778,"[2, 0, 1, 3]",500,302.1383285522461,False,18.67792969057256,5,0.00048828125
1001100000,18779,"[2, 0, 1, 3]",500,302.1526336669922,True,18.67792969057256,5,0.00048828125
1001100000,18780,"[2, 0, 1, 3]",500,302.1714687347412,False,18.67792969057256,5,0.00048828125
1001100000,18781,"[2, 0, 1, 3]",500,302.1852970123291,True,18.67792969057256,5,0.00048828125
1001100000,18782,"[2, 0, 1, 3]",500,302.203893661499,False,18.67792969057256,5,0.00048828125
1001100000,18783,"[2, 0, 1, 3]",500,302.2174835205078,True,18.67792969057256,5,0.00048828125
1001100000,18784,"[2, 0, 1, 3]",500,302.23631858825684,False,18.67792969057256,5,0.00048828125
1001100000,18785,"[2, 0, 1, 3]",500,302.25157737731934,True,18.67792969057256,5,0.00048828125
0000001001,18786,"[3, 2, 1, 0]",9600,302.27041244506836,False,29.18188720114459,5,0.00048828125
0000001001,18787,"[3, 2, 1, 0]",9600,302.28447914123535,True,29.18188720114459,5,0.00048828125
0000001001,18788,"[3, 2, 1, 0]",9600,302.3035526275635,False,29.18188720114459,5,0.00048828125
0000001001,18789,"[3, 2, 1, 0]",9600,302.31738090515137,True,29.18188720114459,5,0.00048828125
0000001001,18790,"[3, 2, 1, 0]",9600,302.3359775543213,False,29.18188720114459,5,0.00048828125
0000001001,18791,"[3, 2, 1, 0]",9600,302.351713180542,True,29.18188720114459,5,0.00048828125
0000001001,18792,"[3, 2, 1, 0]",9600,302.3703098297119,False,29.18188720114459,5,0.00048828125
0000001001,18793,"[3, 2, 1, 0]",9600,302.3848533630371,True,29.18188720114459,5,0.00048828125
0000001001,18794,"[3, 2, 1, 0]",9600,302.40511894226074,False,29.18188720114459,5,0.00048828125
0000001001,18795,"[3, 2, 1, 0]",9600,302.41918563842773,True,29.18188720114459,5,0.00048828125
0001101011,18796,"[3, 2, 1, 0]",9600,302.448034286499,False,21.19283000075673,5,0.00048828125
0001101011,18797,"[3, 2, 1, 0]",9600,302.4611473083496,True,21.19283000075673,5,0.00048828125
0001101011,18798,"[3, 2, 1, 0]",9600,302.4790287017822,False,21.19283000075673,5,0.00048828125
0001101011,18799,"[3, 2, 1, 0]",9600,302.4923801422119,True,21.19283000075673,5,0.00048828125
0001101011,18800,"[3, 2, 1, 0]",9600,302.51026153564453,False,21.19283000075673,5,0.00048828125
0001101011,18801,"[3, 2, 1, 0]",9600,302.523136138916,True,21.19283000075673,5,0.00048828125
0001101011,18802,"[3, 2, 1, 0]",9600,302.54125595092773,False,21.19283000075673,5,0.00048828125
0001101011,18803,"[3, 2, 1, 0]",9600,302.5541305541992,True,21.19283000075673,5,0.00048828125
0001101011,18804,"[3, 2, 1, 0]",9600,302.57225036621094,False,21.19283000075673,5,0.00048828125
0001101011,18805,"[3, 2, 1, 0]",9600,302.5853633880615,True,21.19283000075673,5,0.00048828125
1000100011,18806,"[2, 0, 3, 1]",6200,302.60348320007324,False,30.692679049617418,5,0.00048828125
1000100011,18807,"[2, 0, 1, 3]",500,302.61754989624023,True,30.692679049617418,5,0.00048828125
1000100011,18808,"[2, 0, 3, 1]",6200,302.63614654541016,False,30.692679049617418,5,0.00048828125
1000100011,18809,"[2, 0, 1, 3]",500,302.64973640441895,True,30.692679049617418,5,0.00048828125
1000100011,18810,"[2, 0, 3, 1]",6200,302.66785621643066,False,30.692679049617418,5,0.00048828125
1000100011,18811,"[2, 0, 1, 3]",500,302.68120765686035,True,30.692679049617418,5,0.00048828125
1000100011,18812,"[2, 0, 3, 1]",6200,302.69932746887207,False,30.692679049617418,5,0.00048828125
1000100011,18813,"[2, 0, 1, 3]",500,302.71267890930176,True,30.692679049617418,5,0.00048828125
1000100011,18814,"[2, 0, 3, 1]",6200,302.7331829071045,False,30.692679049617418,5,0.00048828125
1000100011,18815,"[2, 0, 1, 3]",500,302.75750160217285,True,30.692679049617418,5,0.00048828125
1100110011,18816,"[2, 0, 3, 1]",6200,302.77514457702637,False,9.385358099234839,5,0.00048828125
1100110011,18817,"[2, 0, 1, 3]",500,302.78849601745605,True,9.385358099234839,5,0.00048828125
1100110011,18818,"[2, 0, 3, 1]",6200,302.80590057373047,False,9.385358099234839,5,0.00048828125
1100110011,18819,"[2, 0, 1, 3]",500,302.81877517700195,True,9.385358099234839,5,0.00048828125
1100110011,18820,"[2, 0, 3, 1]",6200,302.83617973327637,False,9.385358099234839,5,0.00048828125
1100110011,18821,"[2, 0, 1, 3]",500,302.84929275512695,True,9.385358099234839,5,0.00048828125
1100110011,18822,"[2, 0, 3, 1]",6200,302.86669731140137,False,9.385358099234839,5,0.00048828125
1100110011,18823,"[2, 0, 1, 3]",500,302.87981033325195,True,9.385358099234839,5,0.00048828125
1100110011,18824,"[2, 0, 3, 1]",6200,302.89697647094727,False,9.385358099234839,5,0.00048828125
1100110011,18825,"[2, 0, 1, 3]",500,302.90985107421875,True,9.385358099234839,5,0.00048828125
0010001101,18826,"[3, 1, 2, 0]",9450,302.92725563049316,False,21.267181334959343,5,0.00048828125
0010001101,18827,"[3, 1, 0, 2]",900,302.94013023376465,True,21.267181334959343,5,0.00048828125
0010001101,18828,"[3, 1, 2, 0]",9450,302.95753479003906,False,21.267181334959343,5,0.00048828125
0010001101,18829,"[3, 1, 0, 2]",900,302.97088623046875,True,21.267181334959343,5,0.00048828125
0010001101,18830,"[3, 1, 2, 0]",9450,302.98852920532227,False,21.267181334959343,5,0.00048828125
0010001101,18831,"[3, 1, 0, 2]",900,303.00164222717285,True,21.267181334959343,5,0.00048828125
0010001101,18832,"[3, 1, 2, 0]",9450,303.01928520202637,False,21.267181334959343,5,0.00048828125
0010001101,18833,"[3, 1, 0, 2]",900,303.03239822387695,True,21.267181334959343,5,0.00048828125
0010001101,18834,"[3, 1, 2, 0]",9450,303.05004119873047,False,21.267181334959343,5,0.00048828125
0010001101,18835,"[3, 1, 0, 2]",900,303.06482315063477,True,21.267181334959343,5,0.00048828125
1111100101,18836,"[1, 0, 2, 3]",315,303.0853271484375,False,23.129908863277322,5,0.00048828125
1111100101,18837,"[1, 0, 2, 3]",315,303.0986785888672,True,23.129908863277322,5,0.00048828125
1111100101,18838,"[1, 0, 2, 3]",315,303.1165599822998,False,23.129908863277322,5,0.00048828125
1111100101,18839,"[1, 0, 2, 3]",315,303.1296730041504,True,23.129908863277322,5,0.00048828125
1111100101,18840,"[1, 0, 2, 3]",315,303.1470775604248,False,23.129908863277322,5,0.00048828125
1111100101,18841,"[1, 0, 2, 3]",315,303.1604290008545,True,23.129908863277322,5,0.00048828125
1111100101,18842,"[1, 0, 2, 3]",315,303.1775951385498,False,23.129908863277322,5,0.00048828125
1111100101,18843,"[1, 0, 2, 3]",315,303.1902313232422,True,23.129908863277322,5,0.00048828125
1111100101,18844,"[1, 0, 2, 3]",315,303.2076358795166,False,23.129908863277322,5,0.00048828125
1111100101,18845,"[1, 0, 2, 3]",315,303.2207489013672,True,23.129908863277322,5,0.00048828125
1000100101,18846,"[2, 0, 3, 1]",6200,303.2381534576416,False,21.522383732650646,5,0.00048828125
1000100101,18847,"[2, 0, 1, 3]",500,303.2515048980713,True,21.522383732650646,5,0.00048828125
1000100101,18848,"[2, 0, 3, 1]",6200,303.2689094543457,False,21.522383732650646,5,0.00048828125
1000100101,18849,"[2, 0, 1, 3]",500,303.2822608947754,True,21.522383732650646,5,0.00048828125
1000100101,18850,"[2, 0, 3, 1]",6200,303.2996654510498,False,21.522383732650646,5,0.00048828125
1000100101,18851,"[2, 0, 1, 3]",500,303.3130168914795,True,21.522383732650646,5,0.00048828125
1000100101,18852,"[2, 0, 3, 1]",6200,303.3304214477539,False,21.522383732650646,5,0.00048828125
1000100101,18853,"[2, 0, 1, 3]",500,303.3430576324463,True,21.522383732650646,5,0.00048828125
1000100101,18854,"[2, 0, 3, 1]",6200,303.3604621887207,False,21.522383732650646,5,0.00048828125
1000100101,18855,"[2, 0, 1, 3]",500,303.3738136291504,True,21.522383732650646,5,0.00048828125
0111000010,18856,"[1, 0, 3, 2]",465,303.3926486968994,False,10.766381299254355,5,0.00048828125
0111000010,18857,"[1, 0, 3, 2]",465,303.4062385559082,True,10.766381299254355,5,0.00048828125
0111000010,18858,"[1, 0, 3, 2]",465,303.4241199493408,False,10.766381299254355,5,0.00048828125
0111000010,18859,"[1, 0, 3, 2]",465,303.4374713897705,True,10.766381299254355,5,0.00048828125
0111000010,18860,"[1, 0, 3, 2]",465,303.4548759460449,False,10.766381299254355,5,0.00048828125
0111000010,18861,"[1, 0, 3, 2]",465,303.4675121307373,True,10.766381299254355,5,0.00048828125
0111000010,18862,"[1, 0, 3, 2]",465,303.4846782684326,False,10.766381299254355,5,0.00048828125
0111000010,18863,"[1, 0, 3, 2]",465,303.497314453125,True,10.766381299254355,5,0.00048828125
0111000010,18864,"[1, 0, 3, 2]",465,303.5149574279785,False,10.766381299254355,5,0.00048828125
0111000010,18865,"[1, 0, 3, 2]",465,303.52783203125,True,10.766381299254355,5,0.00048828125
0110001101,18866,"[3, 1, 0, 2]",900,303.5452365875244,False,15.221423844398668,5,0.00048828125
0110001101,18867,"[3, 1, 0, 2]",900,303.5581111907959,True,15.221423844398668,5,0.00048828125
0110001101,18868,"[3, 1, 0, 2]",900,303.5755157470703,False,15.221423844398668,5,0.00048828125
0110001101,18869,"[3, 1, 0, 2]",900,303.5888671875,True,15.221423844398668,5,0.00048828125
0110001101,18870,"[3, 1, 0, 2]",900,303.6060333251953,False,15.221423844398668,5,0.00048828125
0110001101,18871,"[3, 1, 0, 2]",900,303.64227294921875,True,15.221423844398668,5,0.00048828125
0110001101,18872,"[3, 1, 0, 2]",900,303.65991592407227,False,15.221423844398668,5,0.00048828125
0110001101,18873,"[3, 1, 0, 2]",900,303.67302894592285,True,15.221423844398668,5,0.00048828125
0110001101,18874,"[3, 1, 0, 2]",900,303.69043350219727,False,15.221423844398668,5,0.00048828125
0110001101,18875,"[3, 1, 0, 2]",900,303.70378494262695,True,15.221423844398668,5,0.00048828125
1010000011,18876,"[1, 0, 3, 2]",465,303.72118949890137,False,28.383190649627178,5,0.00048828125
1010000011,18877,"[1, 0, 3, 2]",465,303.73692512512207,True,28.383190649627178,5,0.00048828125
1010000011,18878,"[1, 0, 3, 2]",465,303.7550449371338,False,28.383190649627178,5,0.00048828125
1010000011,18879,"[1, 0, 3, 2]",465,303.7686347961426,True,28.383190649627178,5,0.00048828125
1010000011,18880,"[1, 0, 3, 2]",465,303.7858009338379,False,28.383190649627178,5,0.00048828125
1010000011,18881,"[1, 0, 3, 2]",465,303.7991523742676,True,28.383190649627178,5,0.00048828125
1010000011,18882,"[1, 0, 3, 2]",465,303.8163185119629,False,28.383190649627178,5,0.00048828125
1010000011,18883,"[1, 0, 3, 2]",465,303.8291931152344,True,28.383190649627178,5,0.00048828125
1010000011,18884,"[1, 0, 3, 2]",465,303.8461208343506,False,28.383190649627178,5,0.00048828125
1010000011,18885,"[1, 0, 3, 2]",465,303.8594722747803,True,28.383190649627178,5,0.00048828125
0001011101,18886,"[3, 2, 1, 0]",9600,303.8978576660156,False,14.909436005722952,5,0.00048828125
0001011101,18887,"[3, 2, 1, 0]",9600,303.9124011993408,True,14.909436005722952,5,0.00048828125
0001011101,18888,"[3, 2, 1, 0]",9600,303.93123626708984,False,14.909436005722952,5,0.00048828125
0001011101,18889,"[3, 2, 1, 0]",9600,303.94458770751953,True,14.909436005722952,5,0.00048828125
0001011101,18890,"[3, 2, 1, 0]",9600,303.96199226379395,False,14.909436005722952,5,0.00048828125
0001011101,18891,"[3, 2, 1, 0]",9600,303.97486686706543,True,14.909436005722952,5,0.00048828125
0001011101,18892,"[3, 2, 1, 0]",9600,303.99227142333984,False,14.909436005722952,5,0.00048828125
0001011101,18893,"[3, 2, 1, 0]",9600,304.0051460266113,True,14.909436005722952,5,0.00048828125
0001011101,18894,"[3, 2, 1, 0]",9600,304.02231216430664,False,14.909436005722952,5,0.00048828125
0001011101,18895,"[3, 2, 1, 0]",9600,304.0351867675781,True,14.909436005722952,5,0.00048828125
0000100011,18896,"[2, 3, 1, 0]",9600,304.05211448669434,False,31.090619058289455,5,0.00048828125
0000100011,18897,"[2, 3, 1, 0]",9600,304.0649890899658,True,31.090619058289455,5,0.00048828125
0000100011,18898,"[2, 3, 1, 0]",9600,304.08358573913574,False,31.090619058289455,5,0.00048828125
0000100011,18899,"[2, 3, 1, 0]",9600,304.0966987609863,True,31.090619058289455,5,0.00048828125
0000100011,18900,"[2, 3, 1, 0]",9600,304.11410331726074,False,31.090619058289455,5,0.00048828125
0000100011,18901,"[2, 3, 1, 0]",9600,304.1269779205322,True,31.090619058289455,5,0.00048828125
0000100011,18902,"[2, 3, 1, 0]",9600,304.14414405822754,False,31.090619058289455,5,0.00048828125
0000100011,18903,"[2, 3, 1, 0]",9600,304.1572570800781,True,31.090619058289455,5,0.00048828125
0000100011,18904,"[2, 3, 1, 0]",9600,304.17418479919434,False,31.090619058289455,5,0.00048828125
0000100011,18905,"[2, 3, 1, 0]",9600,304.1868209838867,True,31.090619058289455,5,0.00048828125
1000110110,18906,"[2, 0, 3, 1]",6200,304.20422554016113,False,15.410803419625623,5,0.00048828125
1000110110,18907,"[2, 0, 1, 3]",500,304.2178153991699,True,15.410803419625623,5,0.00048828125
1000110110,18908,"[2, 0, 3, 1]",6200,304.23545837402344,False,15.410803419625623,5,0.00048828125
1000110110,18909,"[2, 0, 1, 3]",500,304.2488098144531,True,15.410803419625623,5,0.00048828125
1000110110,18910,"[2, 0, 3, 1]",6200,304.26597595214844,False,15.410803419625623,5,0.00048828125
1000110110,18911,"[2, 0, 1, 3]",500,304.279088973999,True,15.410803419625623,5,0.00048828125
1000110110,18912,"[2, 0, 3, 1]",6200,304.29625511169434,False,15.410803419625623,5,0.00048828125
1000110110,18913,"[2, 0, 1, 3]",500,304.3093681335449,True,15.410803419625623,5,0.00048828125
1000110110,18914,"[2, 0, 3, 1]",6200,304.32677268981934,False,15.410803419625623,5,0.00048828125
1000110110,18915,"[2, 0, 1, 3]",500,304.3396472930908,True,15.410803419625623,5,0.00048828125
0001100001,18916,"[2, 1, 3, 0]",9300,304.35752868652344,False,15.723687181133235,5,0.00048828125
0001100001,18917,"[2, 1, 0, 3]",600,304.3708801269531,True,15.723687181133235,5,0.00048828125
0001100001,18918,"[2, 1, 3, 0]",9300,304.38828468322754,False,15.723687181133235,5,0.00048828125
0001100001,18919,"[2, 1, 0, 3]",600,304.40306663513184,True,15.723687181133235,5,0.00048828125
0001100001,18920,"[2, 1, 3, 0]",9300,304.42094802856445,False,15.723687181133235,5,0.00048828125
0001100001,18921,"[2, 1, 0, 3]",600,304.43429946899414,True,15.723687181133235,5,0.00048828125
0001100001,18922,"[2, 1, 3, 0]",9300,304.45146560668945,False,15.723687181133235,5,0.00048828125
0001100001,18923,"[2, 1, 0, 3]",600,304.46434020996094,True,15.723687181133235,5,0.00048828125
0001100001,18924,"[2, 1, 3, 0]",9300,304.48150634765625,False,15.723687181133235,5,0.00048828125
0001100001,18925,"[2, 1, 0, 3]",600,304.49461936950684,True,15.723687181133235,5,0.00048828125
0100001010,18926,"[3, 0, 2, 1]",6300,304.51178550720215,False,17.227644691705265,5,0.00048828125
0100001010,18927,"[3, 0, 1, 2]",750,304.52537536621094,True,17.227644691705265,5,0.00048828125
0100001010,18928,"[3, 0, 2, 1]",6300,304.54277992248535,False,17.227644691705265,5,0.00048828125
0100001010,18929,"[3, 0, 1, 2]",750,304.55613136291504,True,17.227644691705265,5,0.00048828125
0100001010,18930,"[3, 0, 2, 1]",6300,304.57353591918945,False,17.227644691705265,5,0.00048828125
0100001010,18931,"[3, 0, 1, 2]",750,304.58688735961914,True,17.227644691705265,5,0.00048828125
0100001010,18932,"[3, 0, 2, 1]",6300,304.60405349731445,False,17.227644691705265,5,0.00048828125
0100001010,18933,"[3, 0, 1, 2]",750,304.61740493774414,True,17.227644691705265,5,0.00048828125
0100001010,18934,"[3, 0, 2, 1]",6300,304.63457107543945,False,17.227644691705265,5,0.00048828125
0100001010,18935,"[3, 0, 1, 2]",750,304.64792251586914,True,17.227644691705265,5,0.00048828125
1010101001,18936,"[3, 2, 1, 0]",9600,304.66723442077637,False,63.54451884233566,5,0.00048828125
1010101001,18937,"[3, 2, 1, 0]",9600,304.68106269836426,True,63.54451884233566,5,0.00048828125
1010101001,18938,"[3, 2, 1, 0]",9600,304.6989440917969,False,63.54451884233566,5,0.00048828125
1010101001,18939,"[3, 2, 1, 0]",9600,304.71205711364746,True,63.54451884233566,5,0.00048828125
1010101001,18940,"[3, 2, 1, 0]",9600,304.7308921813965,False,63.54451884233566,5,0.00048828125
1010101001,18941,"[3, 2, 1, 0]",9600,304.7442436218262,True,63.54451884233566,5,0.00048828125
1010101001,18942,"[3, 2, 1, 0]",9600,304.7618865966797,False,63.54451884233566,5,0.00048828125
1010101001,18943,"[3, 2, 1, 0]",9600,304.77452278137207,True,63.54451884233566,5,0.00048828125
1010101001,18944,"[3, 2, 1, 0]",9600,304.7919273376465,False,63.54451884233566,5,0.00048828125
1010101001,18945,"[3, 2, 1, 0]",9600,304.80432510375977,True,63.54451884233566,5,0.00048828125
0111111100,18946,"[3, 2, 1, 0]",9600,304.8217296600342,False,44.180552665792675,5,0.00048828125
0111111100,18947,"[3, 2, 1, 0]",9600,304.83436584472656,True,44.180552665792675,5,0.00048828125
0111111100,18948,"[3, 2, 1, 0]",9600,304.8512935638428,False,44.180552665792675,5,0.00048828125
0111111100,18949,"[3, 2, 1, 0]",9600,304.86392974853516,True,44.180552665792675,5,0.00048828125
0111111100,18950,"[3, 2, 1, 0]",9600,304.88109588623047,False,44.180552665792675,5,0.00048828125
0111111100,18951,"[3, 2, 1, 0]",9600,304.89397048950195,True,44.180552665792675,5,0.00048828125
0111111100,18952,"[3, 2, 1, 0]",9600,304.91113662719727,False,44.180552665792675,5,0.00048828125
0111111100,18953,"[3, 2, 1, 0]",9600,304.92401123046875,True,44.180552665792675,5,0.00048828125
0111111100,18954,"[3, 2, 1, 0]",9600,304.94141578674316,False,44.180552665792675,5,0.00048828125
0111111100,18955,"[3, 2, 1, 0]",9600,304.95405197143555,True,44.180552665792675,5,0.00048828125
0101010110,18956,"[3, 2, 1, 0]",9600,304.97145652770996,False,39.54451884233566,5,0.00048828125
0101010110,18957,"[3, 2, 1, 0]",9600,304.98480796813965,True,39.54451884233566,5,0.00048828125
0101010110,18958,"[3, 2, 1, 0]",9600,305.00197410583496,False,39.54451884233566,5,0.00048828125
0101010110,18959,"[3, 2, 1, 0]",9600,305.01675605773926,True,39.54451884233566,5,0.00048828125
0101010110,18960,"[3, 2, 1, 0]",9600,305.0346374511719,False,39.54451884233566,5,0.00048828125
0101010110,18961,"[3, 2, 1, 0]",9600,305.04798889160156,True,39.54451884233566,5,0.00048828125
0101010110,18962,"[3, 2, 1, 0]",9600,305.0670623779297,False,39.54451884233566,5,0.00048828125
0101010110,18963,"[3, 2, 1, 0]",9600,305.0806522369385,True,39.54451884233566,5,0.00048828125
0101010110,18964,"[3, 2, 1, 0]",9600,305.0978183746338,False,39.54451884233566,5,0.00048828125
0101010110,18965,"[3, 2, 1, 0]",9600,305.1104545593262,True,39.54451884233566,5,0.00048828125
0001000001,18966,"[1, 3, 2, 0]",9450,305.1280975341797,False,18.031008131515815,5,0.00048828125
0001000001,18967,"[1, 0, 3, 2]",465,305.1414489746094,True,18.031008131515815,5,0.00048828125
0001000001,18968,"[1, 3, 2, 0]",9450,305.1588535308838,False,18.031008131515815,5,0.00048828125
0001000001,18969,"[1, 0, 3, 2]",465,305.1722049713135,True,18.031008131515815,5,0.00048828125
0001000001,18970,"[1, 3, 2, 0]",9450,305.1896095275879,False,18.031008131515815,5,0.00048828125
0001000001,18971,"[1, 0, 3, 2]",465,305.2029609680176,True,18.031008131515815,5,0.00048828125
0001000001,18972,"[1, 3, 2, 0]",9450,305.2201271057129,False,18.031008131515815,5,0.00048828125
0001000001,18973,"[1, 0, 3, 2]",465,305.2332401275635,True,18.031008131515815,5,0.00048828125
0001000001,18974,"[1, 3, 2, 0]",9450,305.2504062652588,False,18.031008131515815,5,0.00048828125
0001000001,18975,"[1, 0, 3, 2]",465,305.2630424499512,True,18.031008131515815,5,0.00048828125
1010100010,18976,"[2, 1, 0, 3]",600,305.2802085876465,False,32.136129710583916,5,0.00048828125
1010100010,18977,"[2, 1, 0, 3]",600,305.2935600280762,True,32.136129710583916,5,0.00048828125
1010100010,18978,"[2, 1, 0, 3]",600,305.3109645843506,False,32.136129710583916,5,0.00048828125
1010100010,18979,"[2, 1, 0, 3]",600,305.3243160247803,True,32.136129710583916,5,0.00048828125
1010100010,18980,"[2, 1, 0, 3]",600,305.3414821624756,False,32.136129710583916,5,0.00048828125
1010100010,18981,"[2, 1, 0, 3]",600,305.3548336029053,True,32.136129710583916,5,0.00048828125
1010100010,18982,"[2, 1, 0, 3]",600,305.3734302520752,False,32.136129710583916,5,0.00048828125
1010100010,18983,"[2, 1, 0, 3]",600,305.387020111084,True,32.136129710583916,5,0.00048828125
1010100010,18984,"[2, 1, 0, 3]",600,305.4046630859375,False,32.136129710583916,5,0.00048828125
1010100010,18985,"[2, 1, 0, 3]",600,305.4177761077881,True,32.136129710583916,5,0.00048828125
0100100011,18986,"[2, 0, 3, 1]",6200,305.4366111755371,False,18.090619058289455,5,0.00048828125
0100100011,18987,"[2, 0, 1, 3]",500,305.4506778717041,True,18.090619058289455,5,0.00048828125
0100100011,18988,"[2, 0, 3, 1]",6200,305.4687976837158,False,18.090619058289455,5,0.00048828125
0100100011,18989,"[2, 0, 1, 3]",500,305.48596382141113,True,18.090619058289455,5,0.00048828125
0100100011,18990,"[2, 0, 3, 1]",6200,305.50384521484375,False,18.090619058289455,5,0.00048828125
0100100011,18991,"[2, 0, 1, 3]",500,305.51743507385254,True,18.090619058289455,5,0.00048828125
0100100011,18992,"[2, 0, 3, 1]",6200,305.53483963012695,False,18.090619058289455,5,0.00048828125
0100100011,18993,"[2, 0, 1, 3]",500,305.54819107055664,True,18.090619058289455,5,0.00048828125
0100100011,18994,"[2, 0, 3, 1]",6200,305.56559562683105,False,18.090619058289455,5,0.00048828125
0100100011,18995,"[2, 0, 1, 3]",500,305.57847023010254,True,18.090619058289455,5,0.00048828125
0001001011,18996,"[3, 1, 2, 0]",9450,305.59635162353516,False,18.25865282322108,5,0.00048828125
0001001011,18997,"[3, 1, 0, 2]",900,305.60970306396484,True,18.25865282322108,5,0.00048828125
0001001011,18998,"[3, 1, 2, 0]",9450,305.62734603881836,False,18.25865282322108,5,0.00048828125
0001001011,18999,"[3, 1, 0, 2]",900,305.64045906066895,True,18.25865282322108,5,0.00048828125
0001001011,19000,"[3, 1, 2, 0]",9450,305.65810203552246,False,18.25865282322108,5,0.00048828125
0001001011,19001,"[3, 1, 0, 2]",900,305.67121505737305,True,18.25865282322108,5,0.00048828125
0001001011,19002,"[3, 1, 2, 0]",9450,305.68861961364746,False,18.25865282322108,5,0.00048828125
0001001011,19003,"[3, 1, 0, 2]",900,305.70316314697266,True,18.25865282322108,5,0.00048828125
0001001011,19004,"[3, 1, 2, 0]",9450,305.7212829589844,False,18.25865282322108,5,0.00048828125
0001001011,19005,"[3, 1, 0, 2]",900,305.73463439941406,True,18.25865282322108,5,0.00048828125
0010111000,19006,"[2, 3, 1, 0]",9600,305.7518005371094,False,31.32871287307443,5,0.00048828125
0010111000,19007,"[2, 3, 1, 0]",9600,305.76491355895996,True,31.32871287307443,5,0.00048828125
0010111000,19008,"[2, 3, 1, 0]",9600,305.7820796966553,False,31.32871287307443,5,0.00048828125
0010111000,19009,"[2, 3, 1, 0]",9600,305.79543113708496,True,31.32871287307443,5,0.00048828125
0010111000,19010,"[2, 3, 1, 0]",9600,305.8128356933594,False,31.32871287307443,5,0.00048828125
0010111000,19011,"[2, 3, 1, 0]",9600,305.82594871520996,True,31.32871287307443,5,0.00048828125
0010111000,19012,"[2, 3, 1, 0]",9600,305.8428764343262,False,31.32871287307443,5,0.00048828125
0010111000,19013,"[2, 3, 1, 0]",9600,305.85598945617676,True,31.32871287307443,5,0.00048828125
0010111000,19014,"[2, 3, 1, 0]",9600,305.87267875671387,False,31.32871287307443,5,0.00048828125
0010111000,19015,"[2, 3, 1, 0]",9600,305.88555335998535,True,31.32871287307443,5,0.00048828125
0101010100,19016,"[3, 2, 1, 0]",9600,305.90271949768066,False,34.54451884233566,5,0.00048828125
0101010100,19017,"[3, 2, 1, 0]",9600,305.91535568237305,True,34.54451884233566,5,0.00048828125
0101010100,19018,"[3, 2, 1, 0]",9600,305.93252182006836,False,34.54451884233566,5,0.00048828125
0101010100,19019,"[3, 2, 1, 0]",9600,305.94539642333984,True,34.54451884233566,5,0.00048828125
0101010100,19020,"[3, 2, 1, 0]",9600,305.96280097961426,False,34.54451884233566,5,0.00048828125
0101010100,19021,"[3, 2, 1, 0]",9600,305.97543716430664,True,34.54451884233566,5,0.00048828125
0101010100,19022,"[3, 2, 1, 0]",9600,305.99284172058105,False,34.54451884233566,5,0.00048828125
0101010100,19023,"[3, 2, 1, 0]",9600,306.00523948669434,True,34.54451884233566,5,0.00048828125
0101010100,19024,"[3, 2, 1, 0]",9600,306.02383613586426,False,34.54451884233566,5,0.00048828125
0101010100,19025,"[3, 2, 1, 0]",9600,306.03671073913574,True,34.54451884233566,5,0.00048828125
0001111001,19026,"[2, 3, 1, 0]",9600,306.05411529541016,False,15.900011571152795,4,0.000390625
0001111001,19027,"[2, 3, 1, 0]",9600,306.06675148010254,True,15.900011571152795,4,0.000390625
0001111001,19028,"[2, 3, 1, 0]",9600,306.08391761779785,False,15.900011571152795,4,0.000390625
0001111001,19029,"[2, 3, 1, 0]",9600,306.09679222106934,True,15.900011571152795,4,0.000390625
0001111001,19030,"[2, 3, 1, 0]",9600,306.11348152160645,False,15.900011571152795,4,0.000390625
0001111001,19031,"[2, 3, 1, 0]",9600,306.12635612487793,True,15.900011571152795,4,0.000390625
0001111001,19032,"[2, 3, 1, 0]",9600,306.14304542541504,False,15.900011571152795,4,0.000390625
0001111001,19033,"[2, 3, 1, 0]",9600,306.1559200286865,True,15.900011571152795,4,0.000390625
0100010001,19034,"[2, 0, 3, 1]",6200,306.17332458496094,False,13.69267904961742,4,0.000390625
0100010001,19035,"[2, 0, 1, 3]",500,306.1866760253906,True,13.69267904961742,4,0.000390625
0100010001,19036,"[2, 0, 3, 1]",6200,306.20455741882324,False,13.69267904961742,4,0.000390625
0100010001,19037,"[2, 0, 1, 3]",500,306.21957778930664,True,13.69267904961742,4,0.000390625
0100010001,19038,"[2, 0, 3, 1]",6200,306.23745918273926,False,13.69267904961742,4,0.000390625
0100010001,19039,"[2, 0, 1, 3]",500,306.25081062316895,True,13.69267904961742,4,0.000390625
0100010001,19040,"[2, 0, 3, 1]",6200,306.26845359802246,False,13.69267904961742,4,0.000390625
0100010001,19041,"[2, 0, 1, 3]",500,306.28180503845215,True,13.69267904961742,4,0.000390625
0010111100,19042,"[3, 2, 1, 0]",9600,306.29944801330566,False,29.35415819346521,4,0.000390625
0010111100,19043,"[3, 2, 1, 0]",9600,306.31256103515625,True,29.35415819346521,4,0.000390625
0010111100,19044,"[3, 2, 1, 0]",9600,306.32996559143066,False,29.35415819346521,4,0.000390625
0010111100,19045,"[3, 2, 1, 0]",9600,306.34450912475586,True,29.35415819346521,4,0.000390625
0010111100,19046,"[3, 2, 1, 0]",9600,306.3626289367676,False,29.35415819346521,4,0.000390625
0010111100,19047,"[3, 2, 1, 0]",9600,306.37574195861816,True,29.35415819346521,4,0.000390625
0010111100,19048,"[3, 2, 1, 0]",9600,306.3931465148926,False,29.35415819346521,4,0.000390625
0010111100,19049,"[3, 2, 1, 0]",9600,306.40602111816406,True,29.35415819346521,4,0.000390625
1100010100,19050,"[0, 3, 2, 1]",6300,306.4234256744385,False,17.274426870775493,4,0.000390625
1100010100,19051,"[0, 1, 3, 2]",465,306.43701553344727,True,17.274426870775493,4,0.000390625
1100010100,19052,"[0, 3, 2, 1]",6300,306.4544200897217,False,17.274426870775493,4,0.000390625
1100010100,19053,"[0, 1, 3, 2]",465,306.46753311157227,True,17.274426870775493,4,0.000390625
1100010100,19054,"[0, 3, 2, 1]",6300,306.4849376678467,False,17.274426870775493,4,0.000390625
1100010100,19055,"[0, 1, 3, 2]",465,306.49828910827637,True,17.274426870775493,4,0.000390625
1100010100,19056,"[0, 3, 2, 1]",6300,306.5154552459717,False,17.274426870775493,4,0.000390625
1100010100,19057,"[0, 1, 3, 2]",465,306.52880668640137,True,17.274426870775493,4,0.000390625
0011010011,19058,"[1, 2, 3, 0]",9300,306.5459728240967,False,10.212895332660406,4,0.000390625
0011010011,19059,"[1, 0, 2, 3]",315,306.55980110168457,True,10.212895332660406,4,0.000390625
0011010011,19060,"[1, 2, 3, 0]",9300,306.5769672393799,False,10.212895332660406,4,0.000390625
0011010011,19061,"[1, 0, 2, 3]",315,306.5907955169678,True,10.212895332660406,4,0.000390625
0011010011,19062,"[1, 2, 3, 0]",9300,306.6079616546631,False,10.212895332660406,4,0.000390625
0011010011,19063,"[1, 0, 2, 3]",315,306.6213130950928,True,10.212895332660406,4,0.000390625
0011010011,19064,"[1, 2, 3, 0]",9300,306.6384792327881,False,10.212895332660406,4,0.000390625
0011010011,19065,"[1, 0, 2, 3]",315,306.6515922546387,True,10.212895332660406,4,0.000390625
1111100000,19066,"[1, 0, 2, 3]",315,306.6704273223877,False,22.825745387761785,4,0.000390625
1111100000,19067,"[1, 0, 2, 3]",315,306.6840171813965,True,22.825745387761785,4,0.000390625
1111100000,19068,"[1, 0, 2, 3]",315,306.7014217376709,False,22.825745387761785,4,0.000390625
1111100000,19069,"[1, 0, 2, 3]",315,306.7142963409424,True,22.825745387761785,4,0.000390625
1111100000,19070,"[1, 0, 2, 3]",315,306.7317008972168,False,22.825745387761785,4,0.000390625
1111100000,19071,"[1, 0, 2, 3]",315,306.7445755004883,True,22.825745387761785,4,0.000390625
1111100000,19072,"[1, 0, 2, 3]",315,306.7619800567627,False,22.825745387761785,4,0.000390625
1111100000,19073,"[1, 0, 2, 3]",315,306.7750930786133,True,22.825745387761785,4,0.000390625
0000011110,19074,"[3, 2, 1, 0]",9600,306.7924976348877,False,15.945769061713467,4,0.000390625
0000011110,19075,"[3, 2, 1, 0]",9600,306.8058490753174,True,15.945769061713467,4,0.000390625
0000011110,19076,"[3, 2, 1, 0]",9600,306.8232536315918,False,15.945769061713467,4,0.000390625
0000011110,19077,"[3, 2, 1, 0]",9600,306.8361282348633,True,15.945769061713467,4,0.000390625
0000011110,19078,"[3, 2, 1, 0]",9600,306.8530559539795,False,15.945769061713467,4,0.000390625
0000011110,19079,"[3, 2, 1, 0]",9600,306.8661689758301,True,15.945769061713467,4,0.000390625
0000011110,19080,"[3, 2, 1, 0]",9600,306.8995475769043,False,15.945769061713467,4,0.000390625
0000011110,19081,"[3, 2, 1, 0]",9600,306.9131374359131,True,15.945769061713467,4,0.000390625
0000011000,19082,"[3, 2, 1, 0]",9600,306.9310188293457,False,15.874566250762008,4,0.000390625
0000011000,19083,"[3, 2, 1, 0]",9600,306.9446086883545,True,15.874566250762008,4,0.000390625
0000011000,19084,"[3, 2, 1, 0]",9600,306.9624900817871,False,15.874566250762008,4,0.000390625
0000011000,19085,"[3, 2, 1, 0]",9600,306.9760799407959,True,15.874566250762008,4,0.000390625
0000011000,19086,"[3, 2, 1, 0]",9600,306.9939613342285,False,15.874566250762008,4,0.000390625
0000011000,19087,"[3, 2, 1, 0]",9600,307.0101737976074,True,15.874566250762008,4,0.000390625
0000011000,19088,"[3, 2, 1, 0]",9600,307.03020095825195,False,15.874566250762008,4,0.000390625
0000011000,19089,"[3, 2, 1, 0]",9600,307.04402923583984,True,15.874566250762008,4,0.000390625
1001010110,19090,"[0, 3, 2, 1]",6300,307.06262588500977,False,21.636033823457012,4,0.000390625
1001010110,19091,"[0, 1, 3, 2]",465,307.07669258117676,True,21.636033823457012,4,0.000390625
1001010110,19092,"[0, 3, 2, 1]",6300,307.0950508117676,False,21.636033823457012,4,0.000390625
1001010110,19093,"[0, 1, 3, 2]",465,307.10887908935547,True,21.636033823457012,4,0.000390625
1001010110,19094,"[0, 3, 2, 1]",6300,307.1269989013672,False,21.636033823457012,4,0.000390625
1001010110,19095,"[0, 1, 3, 2]",465,307.1410655975342,True,21.636033823457012,4,0.000390625
1001010110,19096,"[0, 3, 2, 1]",6300,307.159423828125,False,21.636033823457012,4,0.000390625
1001010110,19097,"[0, 1, 3, 2]",465,307.1730136871338,True,21.636033823457012,4,0.000390625
1110011011,19098,"[0, 3, 1, 2]",750,307.1913719177246,False,18.7322156928715,4,0.000390625
1110011011,19099,"[0, 1, 3, 2]",465,307.2049617767334,True,18.7322156928715,4,0.000390625
1110011011,19100,"[0, 3, 1, 2]",750,307.2230815887451,False,18.7322156928715,4,0.000390625
1110011011,19101,"[0, 1, 3, 2]",465,307.2361946105957,True,18.7322156928715,4,0.000390625
1110011011,19102,"[0, 3, 1, 2]",750,307.2543144226074,False,18.7322156928715,4,0.000390625
1110011011,19103,"[0, 1, 3, 2]",465,307.2676658630371,True,18.7322156928715,4,0.000390625
1110011011,19104,"[0, 3, 1, 2]",750,307.2857856750488,False,18.7322156928715,4,0.000390625
1110011011,19105,"[0, 1, 3, 2]",465,307.2988986968994,True,18.7322156928715,4,0.000390625
0001010000,19106,"[2, 1, 3, 0]",9300,307.31701850891113,False,16.136129710583916,4,0.000390625
0001010000,19107,"[2, 1, 0, 3]",600,307.3310852050781,True,16.136129710583916,4,0.000390625
0001010000,19108,"[2, 1, 3, 0]",9300,307.35087394714355,False,16.136129710583916,4,0.000390625
0001010000,19109,"[2, 1, 0, 3]",600,307.36541748046875,True,16.136129710583916,4,0.000390625
0001010000,19110,"[2, 1, 3, 0]",9300,307.3840141296387,False,16.136129710583916,4,0.000390625
0001010000,19111,"[2, 1, 0, 3]",600,307.39855766296387,True,16.136129710583916,4,0.000390625
0001010000,19112,"[2, 1, 3, 0]",9300,307.4169158935547,False,16.136129710583916,4,0.000390625
0001010000,19113,"[2, 1, 0, 3]",600,307.4307441711426,True,16.136129710583916,4,0.000390625
1010111010,19114,"[2, 3, 1, 0]",9600,307.4486255645752,False,39.32871287307443,4,0.000390625
1010111010,19115,"[2, 3, 1, 0]",9600,307.462215423584,True,39.32871287307443,4,0.000390625
1010111010,19116,"[2, 3, 1, 0]",9600,307.4803352355957,False,39.32871287307443,4,0.000390625
1010111010,19117,"[2, 3, 1, 0]",9600,307.4939250946045,True,39.32871287307443,4,0.000390625
1010111010,19118,"[2, 3, 1, 0]",9600,307.5118064880371,False,39.32871287307443,4,0.000390625
1010111010,19119,"[2, 3, 1, 0]",9600,307.5249195098877,True,39.32871287307443,4,0.000390625
1010111010,19120,"[2, 3, 1, 0]",9600,307.5428009033203,False,39.32871287307443,4,0.000390625
1010111010,19121,"[2, 3, 1, 0]",9600,307.55615234375,True,39.32871287307443,4,0.000390625
1111001111,19122,"[3, 1, 0, 2]",900,307.5742721557617,False,16.079073286508155,4,0.000390625
1111001111,19123,"[3, 1, 0, 2]",900,307.5881004333496,True,16.079073286508155,4,0.000390625
1111001111,19124,"[3, 1, 0, 2]",900,307.6062202453613,False,16.079073286508155,4,0.000390625
1111001111,19125,"[3, 1, 0, 2]",900,307.6200485229492,True,16.079073286508155,4,0.000390625
1111001111,19126,"[3, 1, 0, 2]",900,307.63816833496094,False,16.079073286508155,4,0.000390625
1111001111,19127,"[3, 1, 0, 2]",900,307.65414237976074,True,16.079073286508155,4,0.000390625
1111001111,19128,"[3, 1, 0, 2]",900,307.67226219177246,False,16.079073286508155,4,0.000390625
1111001111,19129,"[3, 1, 0, 2]",900,307.68680572509766,True,16.079073286508155,4,0.000390625
1010111100,19130,"[3, 2, 1, 0]",9600,307.7065944671631,False,46.26264321234386,4,0.000390625
1010111100,19131,"[3, 2, 1, 0]",9600,307.720422744751,True,46.26264321234386,4,0.000390625
1010111100,19132,"[3, 2, 1, 0]",9600,307.7387809753418,False,46.26264321234386,4,0.000390625
1010111100,19133,"[3, 2, 1, 0]",9600,307.7521324157715,True,46.26264321234386,4,0.000390625
1010111100,19134,"[3, 2, 1, 0]",9600,307.7702522277832,False,46.26264321234386,4,0.000390625
1010111100,19135,"[3, 2, 1, 0]",9600,307.783842086792,True,46.26264321234386,4,0.000390625
1010111100,19136,"[3, 2, 1, 0]",9600,307.8019618988037,False,46.26264321234386,4,0.000390625
1010111100,19137,"[3, 2, 1, 0]",9600,307.8155517578125,True,46.26264321234386,4,0.000390625
0100000001,19138,"[0, 3, 2, 1]",6300,307.8348636627197,False,18.0,4,0.000390625
0100000001,19139,"[0, 1, 3, 2]",465,307.8498840332031,True,18.0,4,0.000390625
0100000001,19140,"[0, 3, 2, 1]",6300,307.86824226379395,False,18.0,4,0.000390625
0100000001,19141,"[0, 1, 3, 2]",465,307.88254737854004,True,18.0,4,0.000390625
0100000001,19142,"[0, 3, 2, 1]",6300,307.90042877197266,False,18.0,4,0.000390625
0100000001,19143,"[0, 1, 3, 2]",465,307.91425704956055,True,18.0,4,0.000390625
0100000001,19144,"[0, 3, 2, 1]",6300,307.93190002441406,False,18.0,4,0.000390625
0100000001,19145,"[0, 1, 3, 2]",465,307.94572830200195,True,18.0,4,0.000390625
1001010111,19146,"[0, 3, 2, 1]",6300,307.96360969543457,False,16.727548804578362,4,0.000390625
1001010111,19147,"[0, 1, 3, 2]",465,307.97719955444336,True,16.727548804578362,4,0.000390625
1001010111,19148,"[0, 3, 2, 1]",6300,307.9953193664551,False,16.727548804578362,4,0.000390625
1001010111,19149,"[0, 1, 3, 2]",465,308.00914764404297,True,16.727548804578362,4,0.000390625
1001010111,19150,"[0, 3, 2, 1]",6300,308.0284595489502,False,16.727548804578362,4,0.000390625
1001010111,19151,"[0, 1, 3, 2]",465,308.0425262451172,True,16.727548804578362,4,0.000390625
1001010111,19152,"[0, 3, 2, 1]",6300,308.0711364746094,False,16.727548804578362,4,0.000390625
1001010111,19153,"[0, 1, 3, 2]",465,308.08401107788086,True,16.727548804578362,4,0.000390625
1111111011,19154,"[2, 1, 0, 3]",600,308.1014156341553,False,31.772163534040928,4,0.000390625
1111111011,19155,"[2, 1, 0, 3]",600,308.11476707458496,True,31.772163534040928,4,0.000390625
1111111011,19156,"[2, 1, 0, 3]",600,308.1321716308594,False,31.772163534040928,4,0.000390625
1111111011,19157,"[2, 1, 0, 3]",600,308.14528465270996,True,31.772163534040928,4,0.000390625
1111111011,19158,"[2, 1, 0, 3]",600,308.1624507904053,False,31.772163534040928,4,0.000390625
1111111011,19159,"[2, 1, 0, 3]",600,308.17508697509766,True,31.772163534040928,4,0.000390625
1111111011,19160,"[2, 1, 0, 3]",600,308.19225311279297,False,31.772163534040928,4,0.000390625
1111111011,19161,"[2, 1, 0, 3]",600,308.20560455322266,True,31.772163534040928,4,0.000390625
0111111000,19162,"[2, 1, 3, 0]",9300,308.22300910949707,False,31.726406043480253,4,0.000390625
0111111000,19163,"[2, 1, 0, 3]",600,308.23659896850586,True,31.726406043480253,4,0.000390625
0111111000,19164,"[2, 1, 3, 0]",9300,308.2540035247803,False,31.726406043480253,4,0.000390625
0111111000,19165,"[2, 1, 0, 3]",600,308.26735496520996,True,31.726406043480253,4,0.000390625
0111111000,19166,"[2, 1, 3, 0]",9300,308.2847595214844,False,31.726406043480253,4,0.000390625
0111111000,19167,"[2, 1, 0, 3]",600,308.29811096191406,True,31.726406043480253,4,0.000390625
0111111000,19168,"[2, 1, 3, 0]",9300,308.3152770996094,False,31.726406043480253,4,0.000390625
0111111000,19169,"[2, 1, 0, 3]",600,308.32815170288086,True,31.726406043480253,4,0.000390625
0110001100,19170,"[3, 1, 0, 2]",900,308.3453178405762,False,17.175666353837993,4,0.000390625
0110001100,19171,"[3, 1, 0, 2]",900,308.35962295532227,True,17.175666353837993,4,0.000390625
0110001100,19172,"[3, 1, 0, 2]",900,308.377742767334,False,17.175666353837993,4,0.000390625
0110001100,19173,"[3, 1, 0, 2]",900,308.39085578918457,True,17.175666353837993,4,0.000390625
0110001100,19174,"[3, 1, 0, 2]",900,308.4080219268799,False,17.175666353837993,4,0.000390625
0110001100,19175,"[3, 1, 0, 2]",900,308.42113494873047,True,17.175666353837993,4,0.000390625
0110001100,19176,"[3, 1, 0, 2]",900,308.4380626678467,False,17.175666353837993,4,0.000390625
0110001100,19177,"[3, 1, 0, 2]",900,308.45117568969727,True,17.175666353837993,4,0.000390625
0001010011,19178,"[2, 1, 3, 0]",9300,308.4683418273926,False,19.18188720114459,4,0.000390625
0001010011,19179,"[2, 1, 0, 3]",600,308.48097801208496,True,19.18188720114459,4,0.000390625
0001010011,19180,"[2, 1, 3, 0]",9300,308.4981441497803,False,19.18188720114459,4,0.000390625
0001010011,19181,"[2, 1, 0, 3]",600,308.51125717163086,True,19.18188720114459,4,0.000390625
0001010011,19182,"[2, 1, 3, 0]",9300,308.5284233093262,False,19.18188720114459,4,0.000390625
0001010011,19183,"[2, 1, 0, 3]",600,308.54153633117676,True,19.18188720114459,4,0.000390625
0001010011,19184,"[2, 1, 3, 0]",9300,308.55870246887207,False,19.18188720114459,4,0.000390625
0001010011,19185,"[2, 1, 0, 3]",600,308.57205390930176,True,19.18188720114459,4,0.000390625
0000111001,19186,"[2, 3, 1, 0]",9600,308.58898162841797,False,21.80874342829766,4,0.000390625
0000111001,19187,"[2, 3, 1, 0]",9600,308.60233306884766,True,21.80874342829766,4,0.000390625
0000111001,19188,"[2, 3, 1, 0]",9600,308.6209297180176,False,21.80874342829766,4,0.000390625
0000111001,19189,"[2, 3, 1, 0]",9600,308.63499641418457,True,21.80874342829766,4,0.000390625
0000111001,19190,"[2, 3, 1, 0]",9600,308.6526393890381,False,21.80874342829766,4,0.000390625
0000111001,19191,"[2, 3, 1, 0]",9600,308.6657524108887,True,21.80874342829766,4,0.000390625
0000111001,19192,"[2, 3, 1, 0]",9600,308.6843490600586,False,21.80874342829766,4,0.000390625
0000111001,19193,"[2, 3, 1, 0]",9600,308.6977005004883,True,21.80874342829766,4,0.000390625
0100111111,19194,"[3, 2, 0, 1]",6600,308.7151050567627,False,16.879946239249122,4,0.000390625
0100111111,19195,"[3, 2, 0, 1]",6600,308.7282180786133,True,16.879946239249122,4,0.000390625
0100111111,19196,"[3, 2, 0, 1]",6600,308.7451457977295,False,16.879946239249122,4,0.000390625
0100111111,19197,"[3, 2, 0, 1]",6600,308.7582588195801,True,16.879946239249122,4,0.000390625
0100111111,19198,"[3, 2, 0, 1]",6600,308.7754249572754,False,16.879946239249122,4,0.000390625
0100111111,19199,"[3, 2, 0, 1]",6600,308.7880611419678,True,16.879946239249122,4,0.000390625
0100111111,19200,"[3, 2, 0, 1]",6600,308.8052272796631,False,16.879946239249122,4,0.000390625
0100111111,19201,"[3, 2, 0, 1]",6600,308.81786346435547,True,16.879946239249122,4,0.000390625
1001001010,19202,"[3, 0, 1, 2]",750,308.8350296020508,False,17.565077850771768,4,0.000390625
1001001010,19203,"[3, 0, 1, 2]",750,308.84861946105957,True,17.565077850771768,4,0.000390625
1001001010,19204,"[3, 0, 1, 2]",750,308.866024017334,False,17.565077850771768,4,0.000390625
1001001010,19205,"[3, 0, 1, 2]",750,308.87889862060547,True,17.565077850771768,4,0.000390625
1001001010,19206,"[3, 0, 1, 2]",750,308.8963031768799,False,17.565077850771768,4,0.000390625
1001001010,19207,"[3, 0, 1, 2]",750,308.90941619873047,True,17.565077850771768,4,0.000390625
1001001010,19208,"[3, 0, 1, 2]",750,308.9265823364258,False,17.565077850771768,4,0.000390625
1001001010,19209,"[3, 0, 1, 2]",750,308.93993377685547,True,17.565077850771768,4,0.000390625
1101101100,19210,"[3, 0, 2, 1]",6300,308.9568614959717,False,31.620388541580255,4,0.000390625
1101101100,19211,"[3, 0, 1, 2]",750,308.97021293640137,True,31.620388541580255,4,0.000390625
1101101100,19212,"[3, 0, 2, 1]",6300,308.9876174926758,False,31.620388541580255,4,0.000390625
1101101100,19213,"[3, 0, 1, 2]",750,309.0028762817383,True,31.620388541580255,4,0.000390625
1101101100,19214,"[3, 0, 2, 1]",6300,309.02099609375,False,31.620388541580255,4,0.000390625
1101101100,19215,"[3, 0, 1, 2]",750,309.0343475341797,True,31.620388541580255,4,0.000390625
1101101100,19216,"[3, 0, 2, 1]",6300,309.0517520904541,False,31.620388541580255,4,0.000390625
1101101100,19217,"[3, 0, 1, 2]",750,309.0643882751465,True,31.620388541580255,4,0.000390625
1010111000,19218,"[2, 3, 1, 0]",9600,309.0817928314209,False,48.23719789195308,4,0.000390625
1010111000,19219,"[2, 3, 1, 0]",9600,309.11803245544434,True,48.23719789195308,4,0.000390625
1010111000,19220,"[2, 3, 1, 0]",9600,309.13591384887695,False,48.23719789195308,4,0.000390625
1010111000,19221,"[2, 3, 1, 0]",9600,309.14926528930664,True,48.23719789195308,4,0.000390625
1010111000,19222,"[2, 3, 1, 0]",9600,309.16666984558105,False,48.23719789195308,4,0.000390625
1010111000,19223,"[2, 3, 1, 0]",9600,309.17978286743164,True,48.23719789195308,4,0.000390625
1010111000,19224,"[2, 3, 1, 0]",9600,309.19718742370605,False,48.23719789195308,4,0.000390625
1010111000,19225,"[2, 3, 1, 0]",9600,309.21006202697754,True,48.23719789195308,4,0.000390625
1010000001,19226,"[1, 0, 3, 2]",465,309.22770500183105,False,31.73537316773854,4,0.000390625
1010000001,19227,"[1, 0, 3, 2]",465,309.24129486083984,True,31.73537316773854,4,0.000390625
1010000001,19228,"[1, 0, 3, 2]",465,309.25869941711426,False,31.73537316773854,4,0.000390625
1010000001,19229,"[1, 0, 3, 2]",465,309.27205085754395,True,31.73537316773854,4,0.000390625
1010000001,19230,"[1, 0, 3, 2]",465,309.28921699523926,False,31.73537316773854,4,0.000390625
1010000001,19231,"[1, 0, 3, 2]",465,309.30209159851074,True,31.73537316773854,4,0.000390625
1010000001,19232,"[1, 0, 3, 2]",465,309.31949615478516,False,31.73537316773854,4,0.000390625
1010000001,19233,"[1, 0, 3, 2]",465,309.33237075805664,True,31.73537316773854,4,0.000390625
1001010100,19234,"[0, 3, 2, 1]",6300,309.35096740722656,False,20.636033823457012,4,0.000390625
1001010100,19235,"[0, 1, 3, 2]",465,309.36455726623535,True,20.636033823457012,4,0.000390625
1001010100,19236,"[0, 3, 2, 1]",6300,309.38220024108887,False,20.636033823457012,4,0.000390625
1001010100,19237,"[0, 1, 3, 2]",465,309.39531326293945,True,20.636033823457012,4,0.000390625
1001010100,19238,"[0, 3, 2, 1]",6300,309.4139099121094,False,20.636033823457012,4,0.000390625
1001010100,19239,"[0, 1, 3, 2]",465,309.42797660827637,True,20.636033823457012,4,0.000390625
1001010100,19240,"[0, 3, 2, 1]",6300,309.445858001709,False,20.636033823457012,4,0.000390625
1001010100,19241,"[0, 1, 3, 2]",465,309.4594478607178,True,20.636033823457012,4,0.000390625
1011100001,19242,"[1, 2, 0, 3]",600,309.4768524169922,False,28.121380351539056,4,0.000390625
1011100001,19243,"[1, 0, 2, 3]",315,309.4942569732666,True,28.121380351539056,4,0.000390625
1011100001,19244,"[1, 2, 0, 3]",600,309.5121383666992,False,28.121380351539056,4,0.000390625
1011100001,19245,"[1, 0, 2, 3]",315,309.525728225708,True,28.121380351539056,4,0.000390625
1011100001,19246,"[1, 2, 0, 3]",600,309.5428943634033,False,28.121380351539056,4,0.000390625
1011100001,19247,"[1, 0, 2, 3]",315,309.556245803833,True,28.121380351539056,4,0.000390625
1011100001,19248,"[1, 2, 0, 3]",600,309.5736503601074,False,28.121380351539056,4,0.000390625
1011100001,19249,"[1, 0, 2, 3]",315,309.586763381958,True,28.121380351539056,4,0.000390625
0001101111,19250,"[3, 2, 1, 0]",9600,309.6046447753906,False,15.894933484944303,4,0.000390625
0001101111,19251,"[3, 2, 1, 0]",9600,309.6179962158203,True,15.894933484944303,4,0.000390625
0001101111,19252,"[3, 2, 1, 0]",9600,309.6351623535156,False,15.894933484944303,4,0.000390625
0001101111,19253,"[3, 2, 1, 0]",9600,309.6482753753662,True,15.894933484944303,4,0.000390625
0001101111,19254,"[3, 2, 1, 0]",9600,309.6656799316406,False,15.894933484944303,4,0.000390625
0001101111,19255,"[3, 2, 1, 0]",9600,309.6799850463867,True,15.894933484944303,4,0.000390625
0001101111,19256,"[3, 2, 1, 0]",9600,309.69762802124023,False,15.894933484944303,4,0.000390625
0001101111,19257,"[3, 2, 1, 0]",9600,309.7102642059326,True,15.894933484944303,4,0.000390625
1101001010,19258,"[0, 3, 1, 2]",750,309.72766876220703,False,12.917260368883131,4,0.000390625
1101001010,19259,"[0, 1, 3, 2]",465,309.7410202026367,True,12.917260368883131,4,0.000390625
1101001010,19260,"[0, 3, 1, 2]",750,309.75818634033203,False,12.917260368883131,4,0.000390625
1101001010,19261,"[0, 1, 3, 2]",465,309.7712993621826,True,12.917260368883131,4,0.000390625
1101001010,19262,"[0, 3, 1, 2]",750,309.78870391845703,False,12.917260368883131,4,0.000390625
1101001010,19263,"[0, 1, 3, 2]",465,309.8018169403076,True,12.917260368883131,4,0.000390625
1101001010,19264,"[0, 3, 1, 2]",750,309.81898307800293,False,12.917260368883131,4,0.000390625
1101001010,19265,"[0, 1, 3, 2]",465,309.8320960998535,True,12.917260368883131,4,0.000390625
1001011001,19266,"[3, 0, 2, 1]",6300,309.8490238189697,False,16.318016911728506,4,0.000390625
1001011001,19267,"[3, 0, 1, 2]",750,309.8628520965576,True,16.318016911728506,4,0.000390625
1001011001,19268,"[3, 0, 2, 1]",6300,309.88073348999023,False,16.318016911728506,4,0.000390625
1001011001,19269,"[3, 0, 1, 2]",750,309.8938465118408,True,16.318016911728506,4,0.000390625
1001011001,19270,"[3, 0, 2, 1]",6300,309.91125106811523,False,16.318016911728506,4,0.000390625
1001011001,19271,"[3, 0, 1, 2]",750,309.9246025085449,True,16.318016911728506,4,0.000390625
1001011001,19272,"[3, 0, 2, 1]",6300,309.94176864624023,False,16.318016911728506,4,0.000390625
1001011001,19273,"[3, 0, 1, 2]",750,309.9548816680908,True,16.318016911728506,4,0.000390625
0101001101,19274,"[3, 1, 0, 2]",900,309.97252464294434,False,11.221423844398672,4,0.000390625
0101001101,19275,"[3, 1, 0, 2]",900,309.985876083374,True,11.221423844398672,4,0.000390625
0101001101,19276,"[3, 1, 0, 2]",900,310.00447273254395,False,11.221423844398672,4,0.000390625
0101001101,19277,"[3, 1, 0, 2]",900,310.01806259155273,True,11.221423844398672,4,0.000390625
0101001101,19278,"[3, 1, 0, 2]",900,310.03546714782715,False,11.221423844398672,4,0.000390625
0101001101,19279,"[3, 1, 0, 2]",900,310.04881858825684,True,11.221423844398672,4,0.000390625
0101001101,19280,"[3, 1, 0, 2]",900,310.06622314453125,False,11.221423844398672,4,0.000390625
0101001101,19281,"[3, 1, 0, 2]",900,310.07957458496094,True,11.221423844398672,4,0.000390625
0110101011,19282,"[3, 2, 1, 0]",9600,310.09674072265625,False,28.727548804578362,4,0.000390625
0110101011,19283,"[3, 2, 1, 0]",9600,310.10985374450684,True,28.727548804578362,4,0.000390625
0110101011,19284,"[3, 2, 1, 0]",9600,310.12725830078125,False,28.727548804578362,4,0.000390625
0110101011,19285,"[3, 2, 1, 0]",9600,310.13989448547363,True,28.727548804578362,4,0.000390625
0110101011,19286,"[3, 2, 1, 0]",9600,310.15706062316895,False,28.727548804578362,4,0.000390625
0110101011,19287,"[3, 2, 1, 0]",9600,310.16993522644043,True,28.727548804578362,4,0.000390625
0110101011,19288,"[3, 2, 1, 0]",9600,310.18710136413574,False,28.727548804578362,4,0.000390625
0110101011,19289,"[3, 2, 1, 0]",9600,310.20212173461914,True,28.727548804578362,4,0.000390625
0110000000,19290,"[1, 0, 3, 2]",465,310.22024154663086,False,14.383190649627178,4,0.000390625
0110000000,19291,"[1, 0, 3, 2]",465,310.23430824279785,True,14.383190649627178,4,0.000390625
0110000000,19292,"[1, 0, 3, 2]",465,310.25218963623047,False,14.383190649627178,4,0.000390625
0110000000,19293,"[1, 0, 3, 2]",465,310.26530265808105,True,14.383190649627178,4,0.000390625
0110000000,19294,"[1, 0, 3, 2]",465,310.28246879577637,False,14.383190649627178,4,0.000390625
0110000000,19295,"[1, 0, 3, 2]",465,310.3137016296387,True,14.383190649627178,4,0.000390625
0110000000,19296,"[1, 0, 3, 2]",465,310.3320598602295,False,14.383190649627178,4,0.000390625
0110000000,19297,"[1, 0, 3, 2]",465,310.3468418121338,True,14.383190649627178,4,0.000390625
0100101011,19298,"[3, 2, 0, 1]",6600,310.3663921356201,False,21.161821869240917,4,0.000390625
0100101011,19299,"[3, 2, 0, 1]",6600,310.3809356689453,True,21.161821869240917,4,0.000390625
0100101011,19300,"[3, 2, 0, 1]",6600,310.39929389953613,False,21.161821869240917,4,0.000390625
0100101011,19301,"[3, 2, 0, 1]",6600,310.4128837585449,True,21.161821869240917,4,0.000390625
0100101011,19302,"[3, 2, 0, 1]",6600,310.43076515197754,False,21.161821869240917,4,0.000390625
0100101011,19303,"[3, 2, 0, 1]",6600,310.4443550109863,True,21.161821869240917,4,0.000390625
0100101011,19304,"[3, 2, 0, 1]",6600,310.46247482299805,False,21.161821869240917,4,0.000390625
0100101011,19305,"[3, 2, 0, 1]",6600,310.47606468200684,True,21.161821869240917,4,0.000390625
0100110111,19306,"[2, 3, 0, 1]",6600,310.49442291259766,False,15.80874342829766,4,0.000390625
0100110111,19307,"[2, 3, 0, 1]",6600,310.50777435302734,True,15.80874342829766,4,0.000390625
0100110111,19308,"[2, 3, 0, 1]",6600,310.52565574645996,False,15.80874342829766,4,0.000390625
0100110111,19309,"[2, 3, 0, 1]",6600,310.53900718688965,True,15.80874342829766,4,0.000390625
0100110111,19310,"[2, 3, 0, 1]",6600,310.55688858032227,False,15.80874342829766,4,0.000390625
0100110111,19311,"[2, 3, 0, 1]",6600,310.57000160217285,True,15.80874342829766,4,0.000390625
0100110111,19312,"[2, 3, 0, 1]",6600,310.58788299560547,False,15.80874342829766,4,0.000390625
0100110111,19313,"[2, 3, 0, 1]",6600,310.60099601745605,True,15.80874342829766,4,0.000390625
0000101100,19314,"[3, 2, 1, 0]",9600,310.6188774108887,False,19.900011571152792,4,0.000390625
0000101100,19315,"[3, 2, 1, 0]",9600,310.63270568847656,True,19.900011571152792,4,0.000390625
0000101100,19316,"[3, 2, 1, 0]",9600,310.6508255004883,False,19.900011571152792,4,0.000390625
0000101100,19317,"[3, 2, 1, 0]",9600,310.66441535949707,True,19.900011571152792,4,0.000390625
0000101100,19318,"[3, 2, 1, 0]",9600,310.6837272644043,False,19.900011571152792,4,0.000390625
0000101100,19319,"[3, 2, 1, 0]",9600,310.6975555419922,True,19.900011571152792,4,0.000390625
0000101100,19320,"[3, 2, 1, 0]",9600,310.7154369354248,False,19.900011571152792,4,0.000390625
0000101100,19321,"[3, 2, 1, 0]",9600,310.7287883758545,True,19.900011571152792,4,0.000390625
1011000011,19322,"[1, 0, 3, 2]",465,310.7466697692871,False,13.414198781142993,4,0.000390625
1011000011,19323,"[1, 0, 3, 2]",465,310.7609748840332,True,13.414198781142993,4,0.000390625
1011000011,19324,"[1, 0, 3, 2]",465,310.7788562774658,False,13.414198781142993,4,0.000390625
1011000011,19325,"[1, 0, 3, 2]",465,310.7926845550537,True,13.414198781142993,4,0.000390625
1011000011,19326,"[1, 0, 3, 2]",465,310.81080436706543,False,13.414198781142993,4,0.000390625
1011000011,19327,"[1, 0, 3, 2]",465,310.8246326446533,True,13.414198781142993,4,0.000390625
1011000011,19328,"[1, 0, 3, 2]",465,310.84299087524414,False,13.414198781142993,4,0.000390625
1011000011,19329,"[1, 0, 3, 2]",465,310.85681915283203,True,13.414198781142993,4,0.000390625
1010110001,19330,"[2, 1, 0, 3]",600,310.87517738342285,False,30.180991278312696,4,0.000390625
1010110001,19331,"[2, 1, 0, 3]",600,310.88924407958984,True,30.180991278312696,4,0.000390625
1010110001,19332,"[2, 1, 0, 3]",600,310.90736389160156,False,30.180991278312696,4,0.000390625
1010110001,19333,"[2, 1, 0, 3]",600,310.92095375061035,True,30.180991278312696,4,0.000390625
1010110001,19334,"[2, 1, 0, 3]",600,310.93883514404297,False,30.180991278312696,4,0.000390625
1010110001,19335,"[2, 1, 0, 3]",600,310.9626770019531,True,30.180991278312696,4,0.000390625
1010110001,19336,"[2, 1, 0, 3]",600,310.97984313964844,False,30.180991278312696,4,0.000390625
1010110001,19337,"[2, 1, 0, 3]",600,310.992956161499,True,30.180991278312696,4,0.000390625
0000111000,19338,"[2, 3, 1, 0]",9600,311.01012229919434,False,19.410803419625623,4,0.000390625
0000111000,19339,"[2, 3, 1, 0]",9600,311.02490425109863,True,19.410803419625623,4,0.000390625
0000111000,19340,"[2, 3, 1, 0]",9600,311.04445457458496,False,19.410803419625623,4,0.000390625
0000111000,19341,"[2, 3, 1, 0]",9600,311.05804443359375,True,19.410803419625623,4,0.000390625
0000111000,19342,"[2, 3, 1, 0]",9600,311.07568740844727,False,19.410803419625623,4,0.000390625
0000111000,19343,"[2, 3, 1, 0]",9600,311.08880043029785,True,19.410803419625623,4,0.000390625
0000111000,19344,"[2, 3, 1, 0]",9600,311.10572814941406,False,19.410803419625623,4,0.000390625
0000111000,19345,"[2, 3, 1, 0]",9600,311.11860275268555,True,19.410803419625623,4,0.000390625
0101010011,19346,"[2, 1, 0, 3]",600,311.13600730895996,False,19.136129710583916,4,0.000390625
0101010011,19347,"[2, 1, 0, 3]",600,311.14935874938965,True,19.136129710583916,4,0.000390625
0101010011,19348,"[2, 1, 0, 3]",600,311.16652488708496,False,19.136129710583916,4,0.000390625
0101010011,19349,"[2, 1, 0, 3]",600,311.17987632751465,True,19.136129710583916,4,0.000390625
0101010011,19350,"[2, 1, 0, 3]",600,311.19704246520996,False,19.136129710583916,4,0.000390625
0101010011,19351,"[2, 1, 0, 3]",600,311.20991706848145,True,19.136129710583916,4,0.000390625
0101010011,19352,"[2, 1, 0, 3]",600,311.22732162475586,False,19.136129710583916,4,0.000390625
0101010011,19353,"[2, 1, 0, 3]",600,311.24019622802734,True,19.136129710583916,4,0.000390625
0110001011,19354,"[3, 1, 0, 2]",900,311.25760078430176,False,18.73311161570339,4,0.000390625
0110001011,19355,"[3, 1, 0, 2]",900,311.27071380615234,True,18.73311161570339,4,0.000390625
0110001011,19356,"[3, 1, 0, 2]",900,311.28787994384766,False,18.73311161570339,4,0.000390625
0110001011,19357,"[3, 1, 0, 2]",900,311.30075454711914,True,18.73311161570339,4,0.000390625
0110001011,19358,"[3, 1, 0, 2]",900,311.31815910339355,False,18.73311161570339,4,0.000390625
0110001011,19359,"[3, 1, 0, 2]",900,311.33055686950684,True,18.73311161570339,4,0.000390625
0110001011,19360,"[3, 1, 0, 2]",900,311.34939193725586,False,18.73311161570339,4,0.000390625
0110001011,19361,"[3, 1, 0, 2]",900,311.36250495910645,True,18.73311161570339,4,0.000390625
1100110110,19362,"[2, 0, 3, 1]",6200,311.38014793395996,False,17.96710592039291,4,0.000390625
1100110110,19363,"[2, 0, 1, 3]",500,311.39326095581055,True,17.96710592039291,4,0.000390625
1100110110,19364,"[2, 0, 3, 1]",6200,311.41090393066406,False,17.96710592039291,4,0.000390625
1100110110,19365,"[2, 0, 1, 3]",500,311.42401695251465,True,17.96710592039291,4,0.000390625
1100110110,19366,"[2, 0, 3, 1]",6200,311.44142150878906,False,17.96710592039291,4,0.000390625
1100110110,19367,"[2, 0, 1, 3]",500,311.45477294921875,True,17.96710592039291,4,0.000390625
1100110110,19368,"[2, 0, 3, 1]",6200,311.47217750549316,False,17.96710592039291,4,0.000390625
1100110110,19369,"[2, 0, 1, 3]",500,311.48576736450195,True,17.96710592039291,4,0.000390625
1011001110,19370,"[3, 1, 0, 2]",900,311.50317192077637,False,20.079073286508155,4,0.000390625
1011001110,19371,"[3, 1, 0, 2]",900,311.51652336120605,True,20.079073286508155,4,0.000390625
1011001110,19372,"[3, 1, 0, 2]",900,311.53392791748047,False,20.079073286508155,4,0.000390625
1011001110,19373,"[3, 1, 0, 2]",900,311.54704093933105,True,20.079073286508155,4,0.000390625
1011001110,19374,"[3, 1, 0, 2]",900,311.56396865844727,False,20.079073286508155,4,0.000390625
1011001110,19375,"[3, 1, 0, 2]",900,311.57708168029785,True,20.079073286508155,4,0.000390625
1011001110,19376,"[3, 1, 0, 2]",900,311.59448623657227,False,20.079073286508155,4,0.000390625
1011001110,19377,"[3, 1, 0, 2]",900,311.60759925842285,True,20.079073286508155,4,0.000390625
0010000011,19378,"[1, 3, 2, 0]",9450,311.62500381469727,False,29.031008131515815,4,0.000390625
0010000011,19379,"[1, 0, 3, 2]",465,311.63859367370605,True,29.031008131515815,4,0.000390625
0010000011,19380,"[1, 3, 2, 0]",9450,311.65599822998047,False,29.031008131515815,4,0.000390625
0010000011,19381,"[1, 0, 3, 2]",465,311.67078018188477,True,29.031008131515815,4,0.000390625
0010000011,19382,"[1, 3, 2, 0]",9450,311.6886615753174,False,29.031008131515815,4,0.000390625
0010000011,19383,"[1, 0, 3, 2]",465,311.7022514343262,True,29.031008131515815,4,0.000390625
0010000011,19384,"[1, 3, 2, 0]",9450,311.7194175720215,False,29.031008131515815,4,0.000390625
0010000011,19385,"[1, 0, 3, 2]",465,311.7327690124512,True,29.031008131515815,4,0.000390625
1110000100,19386,"[0, 1, 3, 2]",465,311.7499351501465,False,14.871502878322456,4,0.000390625
1110000100,19387,"[0, 1, 3, 2]",465,311.76304817199707,True,14.871502878322456,4,0.000390625
1110000100,19388,"[0, 1, 3, 2]",465,311.7802143096924,False,14.871502878322456,4,0.000390625
1110000100,19389,"[0, 1, 3, 2]",465,311.79308891296387,True,14.871502878322456,4,0.000390625
1110000100,19390,"[0, 1, 3, 2]",465,311.812162399292,False,14.871502878322456,4,0.000390625
1110000100,19391,"[0, 1, 3, 2]",465,311.8252754211426,True,14.871502878322456,4,0.000390625
1110000100,19392,"[0, 1, 3, 2]",465,311.842679977417,False,14.871502878322456,4,0.000390625
1110000100,19393,"[0, 1, 3, 2]",465,311.8555545806885,True,14.871502878322456,4,0.000390625
1000111100,19394,"[3, 2, 0, 1]",6600,311.8729591369629,False,27.992551240783698,4,0.000390625
1000111100,19395,"[3, 2, 0, 1]",6600,311.8863105773926,True,27.992551240783698,4,0.000390625
1000111100,19396,"[3, 2, 0, 1]",6600,311.903715133667,False,27.992551240783698,4,0.000390625
1000111100,19397,"[3, 2, 0, 1]",6600,311.9165897369385,True,27.992551240783698,4,0.000390625
1000111100,19398,"[3, 2, 0, 1]",6600,311.9337558746338,False,27.992551240783698,4,0.000390625
1000111100,19399,"[3, 2, 0, 1]",6600,311.9466304779053,True,27.992551240783698,4,0.000390625
1000111100,19400,"[3, 2, 0, 1]",6600,311.9637966156006,False,27.992551240783698,4,0.000390625
1000111100,19401,"[3, 2, 0, 1]",6600,311.97643280029297,True,27.992551240783698,4,0.000390625
0010100100,19402,"[2, 1, 3, 0]",9300,311.9950294494629,False,20.318016911728506,4,0.000390625
0010100100,19403,"[2, 1, 0, 3]",600,312.0088577270508,True,20.318016911728506,4,0.000390625
0010100100,19404,"[2, 1, 3, 0]",9300,312.0265007019043,False,20.318016911728506,4,0.000390625
0010100100,19405,"[2, 1, 0, 3]",600,312.0400905609131,True,20.318016911728506,4,0.000390625
0010100100,19406,"[2, 1, 3, 0]",9300,312.0570182800293,False,20.318016911728506,4,0.000390625
0010100100,19407,"[2, 1, 0, 3]",600,312.070369720459,True,20.318016911728506,4,0.000390625
0010100100,19408,"[2, 1, 3, 0]",9300,312.0875358581543,False,20.318016911728506,4,0.000390625
0010100100,19409,"[2, 1, 0, 3]",600,312.100887298584,True,20.318016911728506,4,0.000390625
1001101110,19410,"[3, 2, 0, 1]",6600,312.1182918548584,False,24.75766101326228,4,0.000390625
1001101110,19411,"[3, 2, 0, 1]",6600,312.131404876709,True,24.75766101326228,4,0.000390625
1001101110,19412,"[3, 2, 0, 1]",6600,312.1485710144043,False,24.75766101326228,4,0.000390625
1001101110,19413,"[3, 2, 0, 1]",6600,312.1609687805176,True,24.75766101326228,4,0.000390625
1001101110,19414,"[3, 2, 0, 1]",6600,312.1781349182129,False,24.75766101326228,4,0.000390625
1001101110,19415,"[3, 2, 0, 1]",6600,312.1912479400635,True,24.75766101326228,4,0.000390625
1001101110,19416,"[3, 2, 0, 1]",6600,312.2081756591797,False,24.75766101326228,4,0.000390625
1001101110,19417,"[3, 2, 0, 1]",6600,312.2210502624512,True,24.75766101326228,4,0.000390625
1011100100,19418,"[1, 2, 0, 3]",600,312.2384548187256,False,27.129908863277322,4,0.000390625
1011100100,19419,"[1, 0, 2, 3]",315,312.2522830963135,True,27.129908863277322,4,0.000390625
1011100100,19420,"[1, 2, 0, 3]",600,312.2696876525879,False,27.129908863277322,4,0.000390625
1011100100,19421,"[1, 0, 2, 3]",315,312.2835159301758,True,27.129908863277322,4,0.000390625
1011100100,19422,"[1, 2, 0, 3]",600,312.3006820678711,False,27.129908863277322,4,0.000390625
1011100100,19423,"[1, 0, 2, 3]",315,312.3154640197754,True,27.129908863277322,4,0.000390625
1011100100,19424,"[1, 2, 0, 3]",600,312.3335838317871,False,27.129908863277322,4,0.000390625
1011100100,19425,"[1, 0, 2, 3]",315,312.3469352722168,True,27.129908863277322,4,0.000390625
0110011101,19426,"[3, 1, 2, 0]",9450,312.3643398284912,False,18.75766101326228,4,0.000390625
0110011101,19427,"[3, 1, 0, 2]",900,312.3781681060791,True,18.75766101326228,4,0.000390625
0110011101,19428,"[3, 1, 2, 0]",9450,312.3955726623535,False,18.75766101326228,4,0.000390625
0110011101,19429,"[3, 1, 0, 2]",900,312.4091625213623,True,18.75766101326228,4,0.000390625
0110011101,19430,"[3, 1, 2, 0]",9450,312.4268054962158,False,18.75766101326228,4,0.000390625
0110011101,19431,"[3, 1, 0, 2]",900,312.4403953552246,True,18.75766101326228,4,0.000390625
0110011101,19432,"[3, 1, 2, 0]",9450,312.4580383300781,False,18.75766101326228,4,0.000390625
0110011101,19433,"[3, 1, 0, 2]",900,312.4711513519287,True,18.75766101326228,4,0.000390625
1110011111,19434,"[3, 0, 1, 2]",750,312.4887943267822,False,20.75766101326228,4,0.000390625
1110011111,19435,"[3, 0, 1, 2]",750,312.5021457672119,True,20.75766101326228,4,0.000390625
1110011111,19436,"[3, 0, 1, 2]",750,312.5195503234863,False,20.75766101326228,4,0.000390625
1110011111,19437,"[3, 0, 1, 2]",750,312.5324249267578,True,20.75766101326228,4,0.000390625
1110011111,19438,"[3, 0, 1, 2]",750,312.5495910644531,False,20.75766101326228,4,0.000390625
1110011111,19439,"[3, 0, 1, 2]",750,312.5629425048828,True,20.75766101326228,4,0.000390625
1110011111,19440,"[3, 0, 1, 2]",750,312.58201599121094,False,20.75766101326228,4,0.000390625
1110011111,19441,"[3, 0, 1, 2]",750,312.5958442687988,True,20.75766101326228,4,0.000390625
1000011000,19442,"[3, 0, 2, 1]",6300,312.61372566223145,False,19.828808760201333,4,0.000390625
1000011000,19443,"[3, 0, 1, 2]",750,312.62731552124023,True,19.828808760201333,4,0.000390625
1000011000,19444,"[3, 0, 2, 1]",6300,312.64615058898926,False,19.828808760201333,4,0.000390625
1000011000,19445,"[3, 0, 1, 2]",750,312.65997886657715,True,19.828808760201333,4,0.000390625
1000011000,19446,"[3, 0, 2, 1]",6300,312.67786026000977,False,19.828808760201333,4,0.000390625
1000011000,19447,"[3, 0, 1, 2]",750,312.69121170043945,True,19.828808760201333,4,0.000390625
1000011000,19448,"[3, 0, 2, 1]",6300,312.70885467529297,False,19.828808760201333,4,0.000390625
1000011000,19449,"[3, 0, 1, 2]",750,312.72196769714355,True,19.828808760201333,4,0.000390625
0011100111,19450,"[1, 2, 3, 0]",9300,312.73937225341797,False,12.91499881684798,4,0.000390625
0011100111,19451,"[1, 0, 2, 3]",315,312.75296211242676,True,12.91499881684798,4,0.000390625
0011100111,19452,"[1, 2, 3, 0]",9300,312.77012825012207,False,12.91499881684798,4,0.000390625
0011100111,19453,"[1, 0, 2, 3]",315,312.78347969055176,True,12.91499881684798,4,0.000390625
0011100111,19454,"[1, 2, 3, 0]",9300,312.8008842468262,False,12.91499881684798,4,0.000390625
0011100111,19455,"[1, 0, 2, 3]",315,312.81423568725586,True,12.91499881684798,4,0.000390625
0011100111,19456,"[1, 2, 3, 0]",9300,312.83116340637207,False,12.91499881684798,4,0.000390625
0011100111,19457,"[1, 0, 2, 3]",315,312.84403800964355,True,12.91499881684798,4,0.000390625
0101111100,19458,"[3, 2, 1, 0]",9600,312.86168098449707,False,34.26264321234386,4,0.000390625
0101111100,19459,"[3, 2, 1, 0]",9600,312.87479400634766,True,34.26264321234386,4,0.000390625
0101111100,19460,"[3, 2, 1, 0]",9600,312.89219856262207,False,34.26264321234386,4,0.000390625
0101111100,19461,"[3, 2, 1, 0]",9600,312.90555000305176,True,34.26264321234386,4,0.000390625
0101111100,19462,"[3, 2, 1, 0]",9600,312.92247772216797,False,34.26264321234386,4,0.000390625
0101111100,19463,"[3, 2, 1, 0]",9600,312.93725967407227,True,34.26264321234386,4,0.000390625
0101111100,19464,"[3, 2, 1, 0]",9600,312.9546642303467,False,34.26264321234386,4,0.000390625
0101111100,19465,"[3, 2, 1, 0]",9600,312.96849250793457,True,34.26264321234386,4,0.000390625
1110101111,19466,"[3, 0, 2, 1]",6300,312.9880428314209,False,33.8179210246016,4,0.000390625
1110101111,19467,"[3, 0, 1, 2]",750,313.0016326904297,True,33.8179210246016,4,0.000390625
1110101111,19468,"[3, 0, 2, 1]",6300,313.0192756652832,False,33.8179210246016,4,0.000390625
1110101111,19469,"[3, 0, 1, 2]",750,313.0323886871338,True,33.8179210246016,4,0.000390625
1110101111,19470,"[3, 0, 2, 1]",6300,313.0497932434082,False,33.8179210246016,4,0.000390625
1110101111,19471,"[3, 0, 1, 2]",750,313.0629062652588,True,33.8179210246016,4,0.000390625
1110101111,19472,"[3, 0, 2, 1]",6300,313.0803108215332,False,33.8179210246016,4,0.000390625
1110101111,19473,"[3, 0, 1, 2]",750,313.0936622619629,True,33.8179210246016,4,0.000390625
0100111011,19474,"[2, 3, 0, 1]",6600,313.1113052368164,False,14.854500918858335,4,0.000390625
0100111011,19475,"[2, 3, 0, 1]",6600,313.1248950958252,True,14.854500918858335,4,0.000390625
0100111011,19476,"[2, 3, 0, 1]",6600,313.1422996520996,False,14.854500918858335,4,0.000390625
0100111011,19477,"[2, 3, 0, 1]",6600,313.1554126739502,True,14.854500918858335,4,0.000390625
0100111011,19478,"[2, 3, 0, 1]",6600,313.1728172302246,False,14.854500918858335,4,0.000390625
0100111011,19479,"[2, 3, 0, 1]",6600,313.1856918334961,True,14.854500918858335,4,0.000390625
0100111011,19480,"[2, 3, 0, 1]",6600,313.2026195526123,False,14.854500918858335,4,0.000390625
0100111011,19481,"[2, 3, 0, 1]",6600,313.2154941558838,True,14.854500918858335,4,0.000390625
1000101110,19482,"[3, 2, 0, 1]",6600,313.2328987121582,False,25.900011571152795,4,0.000390625
1000101110,19483,"[3, 2, 0, 1]",6600,313.2457733154297,True,25.900011571152795,4,0.000390625
1000101110,19484,"[3, 2, 0, 1]",6600,313.262939453125,False,25.900011571152795,4,0.000390625
1000101110,19485,"[3, 2, 0, 1]",6600,313.2755756378174,True,25.900011571152795,4,0.000390625
1000101110,19486,"[3, 2, 0, 1]",6600,313.295841217041,False,25.900011571152795,4,0.000390625
1000101110,19487,"[3, 2, 0, 1]",6600,313.3091926574707,True,25.900011571152795,4,0.000390625
1000101110,19488,"[3, 2, 0, 1]",6600,313.3268356323242,False,25.900011571152795,4,0.000390625
1000101110,19489,"[3, 2, 0, 1]",6600,313.3394718170166,True,25.900011571152795,4,0.000390625
1110101110,19490,"[3, 0, 2, 1]",6300,313.356876373291,False,35.77216353404093,4,0.000390625
1110101110,19491,"[3, 0, 1, 2]",750,313.3738040924072,True,35.77216353404093,4,0.000390625
1110101110,19492,"[3, 0, 2, 1]",6300,313.39192390441895,False,35.77216353404093,4,0.000390625
1110101110,19493,"[3, 0, 1, 2]",750,313.40551376342773,True,35.77216353404093,4,0.000390625
1110101110,19494,"[3, 0, 2, 1]",6300,313.42291831970215,False,35.77216353404093,4,0.000390625
1110101110,19495,"[3, 0, 1, 2]",750,313.43626976013184,True,35.77216353404093,4,0.000390625
1110101110,19496,"[3, 0, 2, 1]",6300,313.45391273498535,False,35.77216353404093,4,0.000390625
1110101110,19497,"[3, 0, 1, 2]",750,313.46702575683594,True,35.77216353404093,4,0.000390625
1110110011,19498,"[2, 0, 1, 3]",500,313.488245010376,False,15.828808760201333,4,0.000390625
1110110011,19499,"[2, 0, 1, 3]",500,313.50183486938477,True,15.828808760201333,4,0.000390625
1110110011,19500,"[2, 0, 1, 3]",500,313.5197162628174,False,15.828808760201333,4,0.000390625
1110110011,19501,"[2, 0, 1, 3]",500,313.53306770324707,True,15.828808760201333,4,0.000390625
1110110011,19502,"[2, 0, 1, 3]",500,313.5502338409424,False,15.828808760201333,4,0.000390625
1110110011,19503,"[2, 0, 1, 3]",500,313.56310844421387,True,15.828808760201333,4,0.000390625
1110110011,19504,"[2, 0, 1, 3]",500,313.5805130004883,False,15.828808760201333,4,0.000390625
1110110011,19505,"[2, 0, 1, 3]",500,313.59386444091797,True,15.828808760201333,4,0.000390625
0000100010,19506,"[2, 3, 1, 0]",9600,313.6112689971924,False,26.090619058289455,4,0.000390625
0000100010,19507,"[2, 3, 1, 0]",9600,313.6258125305176,True,26.090619058289455,4,0.000390625
0000100010,19508,"[2, 3, 1, 0]",9600,313.6439323425293,False,26.090619058289455,4,0.000390625
0000100010,19509,"[2, 3, 1, 0]",9600,313.6568069458008,True,26.090619058289455,4,0.000390625
0000100010,19510,"[2, 3, 1, 0]",9600,313.6744499206543,False,26.090619058289455,4,0.000390625
0000100010,19511,"[2, 3, 1, 0]",9600,313.6873245239258,True,26.090619058289455,4,0.000390625
0000100010,19512,"[2, 3, 1, 0]",9600,313.7047290802002,False,26.090619058289455,4,0.000390625
0000100010,19513,"[2, 3, 1, 0]",9600,313.7176036834717,True,26.090619058289455,4,0.000390625
1101000010,19514,"[0, 1, 3, 2]",465,313.7350082397461,False,10.73537316773854,3,0.00029296875
1101000010,19515,"[0, 1, 3, 2]",465,313.7485980987549,True,10.73537316773854,3,0.00029296875
1101000010,19516,"[0, 1, 3, 2]",465,313.7660026550293,False,10.73537316773854,3,0.00029296875
1101000010,19517,"[0, 1, 3, 2]",465,313.779354095459,True,10.73537316773854,3,0.00029296875
1101000010,19518,"[0, 1, 3, 2]",465,313.7967586517334,False,10.73537316773854,3,0.00029296875
1101000010,19519,"[0, 1, 3, 2]",465,313.809871673584,True,10.73537316773854,3,0.00029296875
1110001011,19520,"[0, 3, 1, 2]",750,313.8272762298584,False,23.03953664325408,3,0.00029296875
1110001011,19521,"[0, 1, 3, 2]",465,313.840389251709,True,23.03953664325408,3,0.00029296875
1110001011,19522,"[0, 3, 1, 2]",750,313.8577938079834,False,23.03953664325408,3,0.00029296875
1110001011,19523,"[0, 1, 3, 2]",465,313.8711452484131,True,23.03953664325408,3,0.00029296875
1110001011,19524,"[0, 3, 1, 2]",750,313.8885498046875,False,23.03953664325408,3,0.00029296875
1110001011,19525,"[0, 1, 3, 2]",465,313.9016628265381,True,23.03953664325408,3,0.00029296875
0100101100,19526,"[3, 2, 0, 1]",6600,313.9193058013916,False,17.85425408059212,3,0.00029296875
0100101100,19527,"[3, 2, 0, 1]",6600,313.9328956604004,True,17.85425408059212,3,0.00029296875
0100101100,19528,"[3, 2, 0, 1]",6600,313.9514923095703,False,17.85425408059212,3,0.00029296875
0100101100,19529,"[3, 2, 0, 1]",6600,313.96484375,True,17.85425408059212,3,0.00029296875
0100101100,19530,"[3, 2, 0, 1]",6600,313.9822483062744,False,17.85425408059212,3,0.00029296875
0100101100,19531,"[3, 2, 0, 1]",6600,313.995361328125,True,17.85425408059212,3,0.00029296875
0010101110,19532,"[3, 2, 1, 0]",9600,314.0127658843994,False,26.909436005722952,3,0.00029296875
0010101110,19533,"[3, 2, 1, 0]",9600,314.02587890625,True,26.909436005722952,3,0.00029296875
0010101110,19534,"[3, 2, 1, 0]",9600,314.0432834625244,False,26.909436005722952,3,0.00029296875
0010101110,19535,"[3, 2, 1, 0]",9600,314.0559196472168,True,26.909436005722952,3,0.00029296875
0010101110,19536,"[3, 2, 1, 0]",9600,314.0733242034912,False,26.909436005722952,3,0.00029296875
0010101110,19537,"[3, 2, 1, 0]",9600,314.0861988067627,True,26.909436005722952,3,0.00029296875
1000111001,19538,"[2, 3, 0, 1]",6600,314.103364944458,False,32.36504592906495,3,0.00029296875
1000111001,19539,"[2, 3, 0, 1]",6600,314.1164779663086,True,32.36504592906495,3,0.00029296875
1000111001,19540,"[2, 3, 0, 1]",6600,314.1336441040039,False,32.36504592906495,3,0.00029296875
1000111001,19541,"[2, 3, 0, 1]",6600,314.14794921875,True,32.36504592906495,3,0.00029296875
1000111001,19542,"[2, 3, 0, 1]",6600,314.1655921936035,False,32.36504592906495,3,0.00029296875
1000111001,19543,"[2, 3, 0, 1]",6600,314.1787052154541,True,32.36504592906495,3,0.00029296875
1010100001,19544,"[2, 1, 0, 3]",600,314.1963481903076,False,43.09037222002324,3,0.00029296875
1010100001,19545,"[2, 1, 0, 3]",600,314.2104148864746,True,43.09037222002324,3,0.00029296875
1010100001,19546,"[2, 1, 0, 3]",600,314.227819442749,False,43.09037222002324,3,0.00029296875
1010100001,19547,"[2, 1, 0, 3]",600,314.2414093017578,True,43.09037222002324,3,0.00029296875
1010100001,19548,"[2, 1, 0, 3]",600,314.2590522766113,False,43.09037222002324,3,0.00029296875
1010100001,19549,"[2, 1, 0, 3]",600,314.2743110656738,True,43.09037222002324,3,0.00029296875
1111110100,19550,"[2, 1, 0, 3]",600,314.29219245910645,False,40.6348910623589,3,0.00029296875
1111110100,19551,"[2, 1, 0, 3]",600,314.30554389953613,True,40.6348910623589,3,0.00029296875
1111110100,19552,"[2, 1, 0, 3]",600,314.32294845581055,False,40.6348910623589,3,0.00029296875
1111110100,19553,"[2, 1, 0, 3]",600,314.33629989624023,True,40.6348910623589,3,0.00029296875
1111110100,19554,"[2, 1, 0, 3]",600,314.35370445251465,False,40.6348910623589,3,0.00029296875
1111110100,19555,"[2, 1, 0, 3]",600,314.36681747436523,True,40.6348910623589,3,0.00029296875
1011111110,19556,"[3, 2, 1, 0]",9600,314.38422203063965,False,41.272067646914024,3,0.00029296875
1011111110,19557,"[3, 2, 1, 0]",9600,314.39733505249023,True,41.272067646914024,3,0.00029296875
1011111110,19558,"[3, 2, 1, 0]",9600,314.41497802734375,False,41.272067646914024,3,0.00029296875
1011111110,19559,"[3, 2, 1, 0]",9600,314.42761421203613,True,41.272067646914024,3,0.00029296875
1011111110,19560,"[3, 2, 1, 0]",9600,314.44478034973145,False,41.272067646914024,3,0.00029296875
1011111110,19561,"[3, 2, 1, 0]",9600,314.45789337158203,True,41.272067646914024,3,0.00029296875
1011011110,19562,"[3, 1, 0, 2]",900,314.47529792785645,False,26.675570466711093,3,0.00029296875
1011011110,19563,"[3, 1, 0, 2]",900,314.48864936828613,True,26.675570466711093,3,0.00029296875
1011011110,19564,"[3, 1, 0, 2]",900,314.50581550598145,False,26.675570466711093,3,0.00029296875
1011011110,19565,"[3, 1, 0, 2]",900,314.51916694641113,True,26.675570466711093,3,0.00029296875
1011011110,19566,"[3, 1, 0, 2]",900,314.53657150268555,False,26.675570466711093,3,0.00029296875
1011011110,19567,"[3, 1, 0, 2]",900,314.5725727081299,True,26.675570466711093,3,0.00029296875
0010101111,19568,"[3, 2, 1, 0]",9600,314.5909309387207,False,28.955193496283627,3,0.00029296875
0010101111,19569,"[3, 2, 1, 0]",9600,314.6042823791504,True,28.955193496283627,3,0.00029296875
0010101111,19570,"[3, 2, 1, 0]",9600,314.6233558654785,False,28.955193496283627,3,0.00029296875
0010101111,19571,"[3, 2, 1, 0]",9600,314.6364688873291,True,28.955193496283627,3,0.00029296875
0010101111,19572,"[3, 2, 1, 0]",9600,314.6548271179199,False,28.955193496283627,3,0.00029296875
0010101111,19573,"[3, 2, 1, 0]",9600,314.6674633026123,True,28.955193496283627,3,0.00029296875
1000000010,19574,"[0, 3, 2, 1]",6300,314.6853446960449,False,24.0,3,0.00029296875
1000000010,19575,"[0, 1, 3, 2]",465,314.6994113922119,True,24.0,3,0.00029296875
1000000010,19576,"[0, 3, 2, 1]",6300,314.7168159484863,False,24.0,3,0.00029296875
1000000010,19577,"[0, 1, 3, 2]",465,314.730167388916,True,24.0,3,0.00029296875
1000000010,19578,"[0, 3, 2, 1]",6300,314.74757194519043,False,24.0,3,0.00029296875
1000000010,19579,"[0, 1, 3, 2]",465,314.760684967041,True,24.0,3,0.00029296875
0111000100,19580,"[1, 3, 0, 2]",900,314.7778511047363,False,16.729152320431943,3,0.00029296875
0111000100,19581,"[1, 0, 3, 2]",465,314.7914409637451,True,16.729152320431943,3,0.00029296875
0111000100,19582,"[1, 3, 0, 2]",900,314.80884552001953,False,16.729152320431943,3,0.00029296875
0111000100,19583,"[1, 0, 3, 2]",465,314.8219585418701,True,16.729152320431943,3,0.00029296875
0111000100,19584,"[1, 3, 0, 2]",900,314.83936309814453,False,16.729152320431943,3,0.00029296875
0111000100,19585,"[1, 0, 3, 2]",465,314.8527145385742,True,16.729152320431943,3,0.00029296875
0010101001,19586,"[3, 2, 1, 0]",9600,314.86988067626953,False,46.63603382345701,3,0.00029296875
0010101001,19587,"[3, 2, 1, 0]",9600,314.8832321166992,True,46.63603382345701,3,0.00029296875
0010101001,19588,"[3, 2, 1, 0]",9600,314.90063667297363,False,46.63603382345701,3,0.00029296875
0010101001,19589,"[3, 2, 1, 0]",9600,314.9135112762451,True,46.63603382345701,3,0.00029296875
0010101001,19590,"[3, 2, 1, 0]",9600,314.93115425109863,False,46.63603382345701,3,0.00029296875
0010101001,19591,"[3, 2, 1, 0]",9600,314.9456977844238,True,46.63603382345701,3,0.00029296875
0011101001,19592,"[1, 3, 2, 0]",9450,314.96500968933105,False,31.667041954972824,3,0.00029296875
0011101001,19593,"[1, 0, 3, 2]",465,314.97907638549805,True,31.667041954972824,3,0.00029296875
0011101001,19594,"[1, 3, 2, 0]",9450,314.99671936035156,False,31.667041954972824,3,0.00029296875
0011101001,19595,"[1, 0, 3, 2]",465,315.01030921936035,True,31.667041954972824,3,0.00029296875
0011101001,19596,"[1, 3, 2, 0]",9450,315.02771377563477,False,31.667041954972824,3,0.00029296875
0011101001,19597,"[1, 0, 3, 2]",465,315.04106521606445,True,31.667041954972824,3,0.00029296875
0100000111,19598,"[3, 0, 2, 1]",6300,315.05846977233887,False,19.18188720114459,3,0.00029296875
0100000111,19599,"[3, 0, 1, 2]",750,315.07229804992676,True,19.18188720114459,3,0.00029296875
0100000111,19600,"[3, 0, 2, 1]",6300,315.0897026062012,False,19.18188720114459,3,0.00029296875
0100000111,19601,"[3, 0, 1, 2]",750,315.10353088378906,True,19.18188720114459,3,0.00029296875
0100000111,19602,"[3, 0, 2, 1]",6300,315.1209354400635,False,19.18188720114459,3,0.00029296875
0100000111,19603,"[3, 0, 1, 2]",750,315.13476371765137,True,19.18188720114459,3,0.00029296875
1110011010,19604,"[0, 3, 1, 2]",750,315.1521682739258,False,20.33427568419946,3,0.00029296875
1110011010,19605,"[0, 1, 3, 2]",465,315.1659965515137,True,20.33427568419946,3,0.00029296875
1110011010,19606,"[0, 3, 1, 2]",750,315.183162689209,False,20.33427568419946,3,0.00029296875
1110011010,19607,"[0, 1, 3, 2]",465,315.1965141296387,True,20.33427568419946,3,0.00029296875
1110011010,19608,"[0, 3, 1, 2]",750,315.213680267334,False,20.33427568419946,3,0.00029296875
1110011010,19609,"[0, 1, 3, 2]",465,315.2270317077637,True,20.33427568419946,3,0.00029296875
1101101010,19610,"[0, 3, 2, 1]",6300,315.2439594268799,False,22.453497537746742,3,0.00029296875
1101101010,19611,"[0, 1, 3, 2]",465,315.25707244873047,True,22.453497537746742,3,0.00029296875
1101101010,19612,"[0, 3, 2, 1]",6300,315.2759075164795,False,22.453497537746742,3,0.00029296875
1101101010,19613,"[0, 1, 3, 2]",465,315.2894973754883,True,22.453497537746742,3,0.00029296875
1101101010,19614,"[0, 3, 2, 1]",6300,315.3069019317627,False,22.453497537746742,3,0.00029296875
1101101010,19615,"[0, 1, 3, 2]",465,315.3200149536133,True,22.453497537746742,3,0.00029296875
0011101110,19616,"[3, 1, 2, 0]",9450,315.3374195098877,False,23.767085447832436,3,0.00029296875
0011101110,19617,"[3, 1, 0, 2]",900,315.3507709503174,True,23.767085447832436,3,0.00029296875
0011101110,19618,"[3, 1, 2, 0]",9450,315.3684139251709,False,23.767085447832436,3,0.00029296875
0011101110,19619,"[3, 1, 0, 2]",900,315.3815269470215,True,23.767085447832436,3,0.00029296875
0011101110,19620,"[3, 1, 2, 0]",9450,315.3989315032959,False,23.767085447832436,3,0.00029296875
0011101110,19621,"[3, 1, 0, 2]",900,315.4120445251465,True,23.767085447832436,3,0.00029296875
0011100000,19622,"[1, 2, 3, 0]",9300,315.4294490814209,False,17.519320360211093,3,0.00029296875
0011100000,19623,"[1, 0, 2, 3]",315,315.4425621032715,True,17.519320360211093,3,0.00029296875
0011100000,19624,"[1, 2, 3, 0]",9300,315.4599666595459,False,17.519320360211093,3,0.00029296875
0011100000,19625,"[1, 0, 2, 3]",315,315.4730796813965,True,17.519320360211093,3,0.00029296875
0011100000,19626,"[1, 2, 3, 0]",9300,315.4904842376709,False,17.519320360211093,3,0.00029296875
0011100000,19627,"[1, 0, 2, 3]",315,315.5038356781006,True,17.519320360211093,3,0.00029296875
1010010010,19628,"[1, 0, 2, 3]",315,315.5214786529541,False,15.075869699244596,3,0.00029296875
1010010010,19629,"[1, 0, 2, 3]",315,315.5350685119629,True,15.075869699244596,3,0.00029296875
1010010010,19630,"[1, 0, 2, 3]",315,315.5524730682373,False,15.075869699244596,3,0.00029296875
1010010010,19631,"[1, 0, 2, 3]",315,315.5679702758789,True,15.075869699244596,3,0.00029296875
1010010010,19632,"[1, 0, 2, 3]",315,315.5856132507324,False,15.075869699244596,3,0.00029296875
1010010010,19633,"[1, 0, 2, 3]",315,315.5996799468994,True,15.075869699244596,3,0.00029296875
1110100011,19634,"[0, 2, 1, 3]",500,315.61875343322754,False,22.136129710583916,3,0.00029296875
1110100011,19635,"[0, 1, 2, 3]",315,315.6323432922363,True,22.136129710583916,3,0.00029296875
1110100011,19636,"[0, 2, 1, 3]",500,315.64974784851074,False,22.136129710583916,3,0.00029296875
1110100011,19637,"[0, 1, 2, 3]",315,315.6628608703613,True,22.136129710583916,3,0.00029296875
1110100011,19638,"[0, 2, 1, 3]",500,315.68002700805664,False,22.136129710583916,3,0.00029296875
1110100011,19639,"[0, 1, 2, 3]",315,315.6929016113281,True,22.136129710583916,3,0.00029296875
1100101100,19640,"[3, 0, 2, 1]",6300,315.71006774902344,False,26.41055658135941,3,0.00029296875
1100101100,19641,"[3, 0, 1, 2]",750,315.7236576080322,True,26.41055658135941,3,0.00029296875
1100101100,19642,"[3, 0, 2, 1]",6300,315.74273109436035,False,26.41055658135941,3,0.00029296875
1100101100,19643,"[3, 0, 1, 2]",750,315.75632095336914,True,26.41055658135941,3,0.00029296875
1100101100,19644,"[3, 0, 2, 1]",6300,315.77396392822266,False,26.41055658135941,3,0.00029296875
1100101100,19645,"[3, 0, 1, 2]",750,315.78731536865234,True,26.41055658135941,3,0.00029296875
0011001010,19646,"[1, 3, 2, 0]",9450,315.80471992492676,False,16.116302265330567,3,0.00029296875
0011001010,19647,"[1, 0, 3, 2]",465,315.81807136535645,True,16.116302265330567,3,0.00029296875
0011001010,19648,"[1, 3, 2, 0]",9450,315.83523750305176,False,16.116302265330567,3,0.00029296875
0011001010,19649,"[1, 0, 3, 2]",465,315.84858894348145,True,16.116302265330567,3,0.00029296875
0011001010,19650,"[1, 3, 2, 0]",9450,315.86575508117676,False,16.116302265330567,3,0.00029296875
0011001010,19651,"[1, 0, 3, 2]",465,315.87862968444824,True,16.116302265330567,3,0.00029296875
0101001011,19652,"[3, 1, 0, 2]",900,315.89627265930176,False,11.610835341332443,3,0.00029296875
0101001011,19653,"[3, 1, 0, 2]",900,315.90962409973145,True,11.610835341332443,3,0.00029296875
0101001011,19654,"[3, 1, 0, 2]",900,315.92869758605957,False,11.610835341332443,3,0.00029296875
0101001011,19655,"[3, 1, 0, 2]",900,315.94276428222656,True,11.610835341332443,3,0.00029296875
0101001011,19656,"[3, 1, 0, 2]",900,315.9604072570801,False,11.610835341332443,3,0.00029296875
0101001011,19657,"[3, 1, 0, 2]",900,315.97423553466797,True,11.610835341332443,3,0.00029296875
0001111011,19658,"[2, 3, 1, 0]",9600,315.9914016723633,False,15.343709070385508,3,0.00029296875
0001111011,19659,"[2, 3, 1, 0]",9600,316.00475311279297,True,15.343709070385508,3,0.00029296875
0001111011,19660,"[2, 3, 1, 0]",9600,316.0221576690674,False,15.343709070385508,3,0.00029296875
0001111011,19661,"[2, 3, 1, 0]",9600,316.03503227233887,True,15.343709070385508,3,0.00029296875
0001111011,19662,"[2, 3, 1, 0]",9600,316.0521984100342,False,15.343709070385508,3,0.00029296875
0001111011,19663,"[2, 3, 1, 0]",9600,316.06507301330566,True,15.343709070385508,3,0.00029296875
0011111110,19664,"[3, 2, 1, 0]",9600,316.0824775695801,False,28.363582628035374,3,0.00029296875
0011111110,19665,"[3, 2, 1, 0]",9600,316.09535217285156,True,28.363582628035374,3,0.00029296875
0011111110,19666,"[3, 2, 1, 0]",9600,316.1125183105469,False,28.363582628035374,3,0.00029296875
0011111110,19667,"[3, 2, 1, 0]",9600,316.12515449523926,True,28.363582628035374,3,0.00029296875
0011111110,19668,"[3, 2, 1, 0]",9600,316.1425590515137,False,28.363582628035374,3,0.00029296875
0011111110,19669,"[3, 2, 1, 0]",9600,316.15519523620605,True,28.363582628035374,3,0.00029296875
0010111010,19670,"[2, 3, 1, 0]",9600,316.17259979248047,False,26.42022785419578,3,0.00029296875
0010111010,19671,"[2, 3, 1, 0]",9600,316.18523597717285,True,26.42022785419578,3,0.00029296875
0010111010,19672,"[2, 3, 1, 0]",9600,316.20240211486816,False,26.42022785419578,3,0.00029296875
0010111010,19673,"[2, 3, 1, 0]",9600,316.21456146240234,True,26.42022785419578,3,0.00029296875
0010111010,19674,"[2, 3, 1, 0]",9600,316.23172760009766,False,26.42022785419578,3,0.00029296875
0010111010,19675,"[2, 3, 1, 0]",9600,316.24603271484375,True,26.42022785419578,3,0.00029296875
0111000110,19676,"[1, 3, 0, 2]",900,316.26415252685547,False,17.37696980232058,3,0.00029296875
0111000110,19677,"[1, 0, 3, 2]",465,316.27821922302246,True,17.37696980232058,3,0.00029296875
0111000110,19678,"[1, 3, 0, 2]",900,316.2956237792969,False,17.37696980232058,3,0.00029296875
0111000110,19679,"[1, 0, 3, 2]",465,316.30897521972656,True,17.37696980232058,3,0.00029296875
0111000110,19680,"[1, 3, 0, 2]",900,316.326379776001,False,17.37696980232058,3,0.00029296875
0111000110,19681,"[1, 0, 3, 2]",465,316.33973121643066,True,17.37696980232058,3,0.00029296875
1101100110,19682,"[0, 2, 3, 1]",6200,316.3571357727051,False,19.038640720422187,3,0.00029296875
1101100110,19683,"[0, 1, 2, 3]",315,316.37072563171387,True,19.038640720422187,3,0.00029296875
1101100110,19684,"[0, 2, 3, 1]",6200,316.3881301879883,False,19.038640720422187,3,0.00029296875
1101100110,19685,"[0, 1, 2, 3]",315,316.40124320983887,True,19.038640720422187,3,0.00029296875
1101100110,19686,"[0, 2, 3, 1]",6200,316.4184093475342,False,19.038640720422187,3,0.00029296875
1101100110,19687,"[0, 1, 2, 3]",315,316.43176078796387,True,19.038640720422187,3,0.00029296875
0101101010,19688,"[3, 2, 1, 0]",9600,316.4494037628174,False,17.897195036979454,3,0.00029296875
0101101010,19689,"[3, 2, 1, 0]",9600,316.46251678466797,True,17.897195036979454,3,0.00029296875
0101101010,19690,"[3, 2, 1, 0]",9600,316.4803981781006,False,17.897195036979454,3,0.00029296875
0101101010,19691,"[3, 2, 1, 0]",9600,316.49303436279297,True,17.897195036979454,3,0.00029296875
0101101010,19692,"[3, 2, 1, 0]",9600,316.5128231048584,False,17.897195036979454,3,0.00029296875
0101101010,19693,"[3, 2, 1, 0]",9600,316.5266513824463,True,17.897195036979454,3,0.00029296875
1110010111,19694,"[0, 1, 3, 2]",465,316.544771194458,False,13.10131501963538,3,0.00029296875
1110010111,19695,"[0, 1, 3, 2]",465,316.5581226348877,True,13.10131501963538,3,0.00029296875
1110010111,19696,"[0, 1, 3, 2]",465,316.5769577026367,False,13.10131501963538,3,0.00029296875
1110010111,19697,"[0, 1, 3, 2]",465,316.5903091430664,True,13.10131501963538,3,0.00029296875
1110010111,19698,"[0, 1, 3, 2]",465,316.608190536499,False,13.10131501963538,3,0.00029296875
1110010111,19699,"[0, 1, 3, 2]",465,316.6213035583496,True,13.10131501963538,3,0.00029296875
1110100110,19700,"[0, 2, 1, 3]",500,316.6384696960449,False,20.27225942116783,3,0.00029296875
1110100110,19701,"[0, 1, 2, 3]",315,316.6515827178955,True,20.27225942116783,3,0.00029296875
1110100110,19702,"[0, 2, 1, 3]",500,316.6687488555908,False,20.27225942116783,3,0.00029296875
1110100110,19703,"[0, 1, 2, 3]",315,316.6818618774414,True,20.27225942116783,3,0.00029296875
1110100110,19704,"[0, 2, 1, 3]",500,316.6992664337158,False,20.27225942116783,3,0.00029296875
1110100110,19705,"[0, 1, 2, 3]",315,316.7121410369873,True,20.27225942116783,3,0.00029296875
0111001111,19706,"[3, 1, 0, 2]",900,316.7295455932617,False,11.772648258957467,3,0.00029296875
0111001111,19707,"[3, 1, 0, 2]",900,316.7428970336914,True,11.772648258957467,3,0.00029296875
0111001111,19708,"[3, 1, 0, 2]",900,316.7603015899658,False,11.772648258957467,3,0.00029296875
0111001111,19709,"[3, 1, 0, 2]",900,316.7736530303955,True,11.772648258957467,3,0.00029296875
0111001111,19710,"[3, 1, 0, 2]",900,316.7908191680908,False,11.772648258957467,3,0.00029296875
0111001111,19711,"[3, 1, 0, 2]",900,316.8039321899414,True,11.772648258957467,3,0.00029296875
0111011101,19712,"[3, 1, 2, 0]",9450,316.8213367462158,False,24.675570466711093,3,0.00029296875
0111011101,19713,"[3, 1, 0, 2]",900,316.8344497680664,True,24.675570466711093,3,0.00029296875
0111011101,19714,"[3, 1, 2, 0]",9450,316.8518543243408,False,24.675570466711093,3,0.00029296875
0111011101,19715,"[3, 1, 0, 2]",900,316.8647289276123,True,24.675570466711093,3,0.00029296875
0111011101,19716,"[3, 1, 2, 0]",9450,316.8821334838867,False,24.675570466711093,3,0.00029296875
0111011101,19717,"[3, 1, 0, 2]",900,316.896915435791,True,24.675570466711093,3,0.00029296875
1000010100,19718,"[0, 3, 2, 1]",6300,316.91503524780273,False,14.718124370008205,3,0.00029296875
1000010100,19719,"[0, 1, 3, 2]",465,316.9283866882324,True,14.718124370008205,3,0.00029296875
1000010100,19720,"[0, 3, 2, 1]",6300,316.94555282592773,False,14.718124370008205,3,0.00029296875
1000010100,19721,"[0, 1, 3, 2]",465,316.9584274291992,True,14.718124370008205,3,0.00029296875
1000010100,19722,"[0, 3, 2, 1]",6300,316.99156761169434,False,14.718124370008205,3,0.00029296875
1000010100,19723,"[0, 1, 3, 2]",465,317.0051574707031,True,14.718124370008205,3,0.00029296875
0110101000,19724,"[3, 2, 1, 0]",9600,317.02327728271484,False,32.63603382345701,3,0.00029296875
0110101000,19725,"[3, 2, 1, 0]",9600,317.03686714172363,True,32.63603382345701,3,0.00029296875
0110101000,19726,"[3, 2, 1, 0]",9600,317.05522537231445,False,32.63603382345701,3,0.00029296875
0110101000,19727,"[3, 2, 1, 0]",9600,317.06857681274414,True,32.63603382345701,3,0.00029296875
0110101000,19728,"[3, 2, 1, 0]",9600,317.08645820617676,False,32.63603382345701,3,0.00029296875
0110101000,19729,"[3, 2, 1, 0]",9600,317.10028648376465,True,32.63603382345701,3,0.00029296875
1101111001,19730,"[2, 0, 3, 1]",6200,317.11816787719727,False,24.410556581359415,3,0.00029296875
1101111001,19731,"[2, 0, 1, 3]",500,317.13294982910156,True,24.410556581359415,3,0.00029296875
1101111001,19732,"[2, 0, 3, 1]",6200,317.1510696411133,False,24.410556581359415,3,0.00029296875
1101111001,19733,"[2, 0, 1, 3]",500,317.1651363372803,True,24.410556581359415,3,0.00029296875
1101111001,19734,"[2, 0, 3, 1]",6200,317.1830177307129,False,24.410556581359415,3,0.00029296875
1101111001,19735,"[2, 0, 1, 3]",500,317.1968460083008,True,24.410556581359415,3,0.00029296875
1111101000,19736,"[1, 0, 3, 2]",465,317.2152042388916,False,43.27989201007421,3,0.00029296875
1111101000,19737,"[1, 0, 3, 2]",465,317.2292709350586,True,43.27989201007421,3,0.00029296875
1111101000,19738,"[1, 0, 3, 2]",465,317.2485828399658,False,43.27989201007421,3,0.00029296875
1111101000,19739,"[1, 0, 3, 2]",465,317.2626495361328,True,43.27989201007421,3,0.00029296875
1111101000,19740,"[1, 0, 3, 2]",465,317.28124618530273,False,43.27989201007421,3,0.00029296875
1111101000,19741,"[1, 0, 3, 2]",465,317.2948360443115,True,43.27989201007421,3,0.00029296875
0100100110,19742,"[2, 3, 0, 1]",6600,317.31486320495605,False,16.22674876887337,3,0.00029296875
0100100110,19743,"[2, 3, 0, 1]",6600,317.32964515686035,True,16.22674876887337,3,0.00029296875
0100100110,19744,"[2, 3, 0, 1]",6600,317.3487186431885,False,16.22674876887337,3,0.00029296875
0100100110,19745,"[2, 3, 0, 1]",6600,317.36254692077637,True,16.22674876887337,3,0.00029296875
0100100110,19746,"[2, 3, 0, 1]",6600,317.3809051513672,False,16.22674876887337,3,0.00029296875
0100100110,19747,"[2, 3, 0, 1]",6600,317.3942565917969,True,16.22674876887337,3,0.00029296875
0111110001,19748,"[2, 1, 0, 3]",600,317.4126148223877,False,12.272259421167831,3,0.00029296875
0111110001,19749,"[2, 1, 0, 3]",600,317.4266815185547,True,12.272259421167831,3,0.00029296875
0111110001,19750,"[2, 1, 0, 3]",600,317.4452781677246,False,12.272259421167831,3,0.00029296875
0111110001,19751,"[2, 1, 0, 3]",600,317.4588680267334,True,12.272259421167831,3,0.00029296875
0111110001,19752,"[2, 1, 0, 3]",600,317.4774646759033,False,12.272259421167831,3,0.00029296875
0111110001,19753,"[2, 1, 0, 3]",600,317.49463081359863,True,12.272259421167831,3,0.00029296875
1100110000,19754,"[2, 0, 3, 1]",6200,317.51322746276855,False,12.589478081890764,3,0.00029296875
1100110000,19755,"[2, 0, 1, 3]",500,317.52777099609375,True,12.589478081890764,3,0.00029296875
1100110000,19756,"[2, 0, 3, 1]",6200,317.5463676452637,False,12.589478081890764,3,0.00029296875
1100110000,19757,"[2, 0, 1, 3]",500,317.56067276000977,True,12.589478081890764,3,0.00029296875
1100110000,19758,"[2, 0, 3, 1]",6200,317.5790309906006,False,12.589478081890764,3,0.00029296875
1100110000,19759,"[2, 0, 1, 3]",500,317.60692596435547,True,12.589478081890764,3,0.00029296875
1100110100,19760,"[2, 0, 3, 1]",6200,317.63672828674316,False,19.569165911720873,3,0.00029296875
1100110100,19761,"[2, 0, 1, 3]",500,317.65103340148926,True,19.569165911720873,3,0.00029296875
1100110100,19762,"[2, 0, 3, 1]",6200,317.6698684692383,False,19.569165911720873,3,0.00029296875
1100110100,19763,"[2, 0, 1, 3]",500,317.6836967468262,True,19.569165911720873,3,0.00029296875
1100110100,19764,"[2, 0, 3, 1]",6200,317.7022933959961,False,19.569165911720873,3,0.00029296875
1100110100,19765,"[2, 0, 1, 3]",500,317.716121673584,True,19.569165911720873,3,0.00029296875
1001001001,19766,"[3, 0, 1, 2]",750,317.7344799041748,False,20.16713784209973,3,0.00029296875
1001001001,19767,"[3, 0, 1, 2]",750,317.7480697631836,True,20.16713784209973,3,0.00029296875
1001001001,19768,"[3, 0, 1, 2]",750,317.7669048309326,False,20.16713784209973,3,0.00029296875
1001001001,19769,"[3, 0, 1, 2]",750,317.7804946899414,True,20.16713784209973,3,0.00029296875
1001001001,19770,"[3, 0, 1, 2]",750,317.7988529205322,False,20.16713784209973,3,0.00029296875
1001001001,19771,"[3, 0, 1, 2]",750,317.812442779541,True,20.16713784209973,3,0.00029296875
1101100010,19772,"[0, 2, 1, 3]",500,317.83103942871094,False,12.428052217355962,3,0.00029296875
1101100010,19773,"[0, 1, 2, 3]",315,317.8448677062988,True,12.428052217355962,3,0.00029296875
1101100010,19774,"[0, 2, 1, 3]",500,317.86298751831055,False,12.428052217355962,3,0.00029296875
1101100010,19775,"[0, 1, 2, 3]",315,317.87633895874023,True,12.428052217355962,3,0.00029296875
1101100010,19776,"[0, 2, 1, 3]",500,317.89469718933105,False,12.428052217355962,3,0.00029296875
1101100010,19777,"[0, 1, 2, 3]",315,317.90804862976074,True,12.428052217355962,3,0.00029296875
0000100100,19778,"[2, 3, 1, 0]",9600,317.92593002319336,False,15.874566250762008,3,0.00029296875
0000100100,19779,"[2, 3, 1, 0]",9600,317.93999671936035,True,15.874566250762008,3,0.00029296875
0000100100,19780,"[2, 3, 1, 0]",9600,317.9595470428467,False,15.874566250762008,3,0.00029296875
0000100100,19781,"[2, 3, 1, 0]",9600,317.9736137390137,True,15.874566250762008,3,0.00029296875
0000100100,19782,"[2, 3, 1, 0]",9600,317.9917335510254,False,15.874566250762008,3,0.00029296875
0000100100,19783,"[2, 3, 1, 0]",9600,318.0058002471924,True,15.874566250762008,3,0.00029296875
0010100010,19784,"[2, 1, 3, 0]",9300,318.023681640625,False,26.18188720114459,3,0.00029296875
0010100010,19785,"[2, 1, 0, 3]",600,318.0379867553711,True,26.18188720114459,3,0.00029296875
0010100010,19786,"[2, 1, 3, 0]",9300,318.0563449859619,False,26.18188720114459,3,0.00029296875
0010100010,19787,"[2, 1, 0, 3]",600,318.0704116821289,True,26.18188720114459,3,0.00029296875
0010100010,19788,"[2, 1, 3, 0]",9300,318.0885314941406,False,26.18188720114459,3,0.00029296875
0010100010,19789,"[2, 1, 0, 3]",600,318.1025981903076,True,26.18188720114459,3,0.00029296875
1001110011,19790,"[2, 0, 1, 3]",500,318.12095642089844,False,11.874566250762012,3,0.00029296875
1001110011,19791,"[2, 0, 1, 3]",500,318.1450366973877,True,11.874566250762012,3,0.00029296875
1001110011,19792,"[2, 0, 1, 3]",500,318.1626796722412,False,11.874566250762012,3,0.00029296875
1001110011,19793,"[2, 0, 1, 3]",500,318.1779384613037,True,11.874566250762012,3,0.00029296875
1001110011,19794,"[2, 0, 1, 3]",500,318.1958198547363,False,11.874566250762012,3,0.00029296875
1001110011,19795,"[2, 0, 1, 3]",500,318.209171295166,True,11.874566250762012,3,0.00029296875
1110011101,19796,"[3, 0, 1, 2]",750,318.22657585144043,False,27.064086040812967,3,0.00029296875
1110011101,19797,"[3, 0, 1, 2]",750,318.239688873291,True,27.064086040812967,3,0.00029296875
1110011101,19798,"[3, 0, 1, 2]",750,318.25709342956543,False,27.064086040812967,3,0.00029296875
1110011101,19799,"[3, 0, 1, 2]",750,318.27235221862793,True,27.064086040812967,3,0.00029296875
1110011101,19800,"[3, 0, 1, 2]",750,318.28975677490234,False,27.064086040812967,3,0.00029296875
1110011101,19801,"[3, 0, 1, 2]",750,318.30382347106934,True,27.064086040812967,3,0.00029296875
1001011110,19802,"[3, 0, 2, 1]",6300,318.32265853881836,False,21.817921024601603,3,0.00029296875
1001011110,19803,"[3, 0, 1, 2]",750,318.33648681640625,True,21.817921024601603,3,0.00029296875
1001011110,19804,"[3, 0, 2, 1]",6300,318.35389137268066,False,21.817921024601603,3,0.00029296875
1001011110,19805,"[3, 0, 1, 2]",750,318.36748123168945,True,21.817921024601603,3,0.00029296875
1001011110,19806,"[3, 0, 2, 1]",6300,318.38464736938477,False,21.817921024601603,3,0.00029296875
1001011110,19807,"[3, 0, 1, 2]",750,318.39799880981445,True,21.817921024601603,3,0.00029296875
1101000110,19808,"[0, 3, 1, 2]",750,318.41564178466797,False,17.34596167080477,3,0.00029296875
1101000110,19809,"[0, 1, 3, 2]",465,318.42947006225586,True,17.34596167080477,3,0.00029296875
1101000110,19810,"[0, 3, 1, 2]",750,318.4466361999512,False,17.34596167080477,3,0.00029296875
1101000110,19811,"[0, 1, 3, 2]",465,318.45998764038086,True,17.34596167080477,3,0.00029296875
1101000110,19812,"[0, 3, 1, 2]",750,318.4771537780762,False,17.34596167080477,3,0.00029296875
1101000110,19813,"[0, 1, 3, 2]",465,318.49026679992676,True,17.34596167080477,3,0.00029296875
1010010111,19814,"[1, 0, 3, 2]",465,318.5076713562012,False,14.545012518868091,3,0.00029296875
1010010111,19815,"[1, 0, 3, 2]",465,318.52054595947266,True,14.545012518868091,3,0.00029296875
1010010111,19816,"[1, 0, 3, 2]",465,318.53771209716797,False,14.545012518868091,3,0.00029296875
1010010111,19817,"[1, 0, 3, 2]",465,318.55106353759766,True,14.545012518868091,3,0.00029296875
1010010111,19818,"[1, 0, 3, 2]",465,318.56822967529297,False,14.545012518868091,3,0.00029296875
1010010111,19819,"[1, 0, 3, 2]",465,318.58110427856445,True,14.545012518868091,3,0.00029296875
1101010011,19820,"[0, 2, 1, 3]",500,318.59850883483887,False,10.136129710583916,3,0.00029296875
1101010011,19821,"[0, 1, 2, 3]",315,318.61138343811035,True,10.136129710583916,3,0.00029296875
1101010011,19822,"[0, 2, 1, 3]",500,318.6302185058594,False,10.136129710583916,3,0.00029296875
1101010011,19823,"[0, 1, 2, 3]",315,318.64380836486816,True,10.136129710583916,3,0.00029296875
1101010011,19824,"[0, 2, 1, 3]",500,318.6614513397217,False,10.136129710583916,3,0.00029296875
1101010011,19825,"[0, 1, 2, 3]",315,318.67432594299316,True,10.136129710583916,3,0.00029296875
0011101111,19826,"[3, 1, 2, 0]",9450,318.6917304992676,False,21.460660420281748,3,0.00029296875
0011101111,19827,"[3, 1, 0, 2]",900,318.70555877685547,True,21.460660420281748,3,0.00029296875
0011101111,19828,"[3, 1, 2, 0]",9450,318.7234401702881,False,21.460660420281748,3,0.00029296875
0011101111,19829,"[3, 1, 0, 2]",900,318.7367916107178,True,21.460660420281748,3,0.00029296875
0011101111,19830,"[3, 1, 2, 0]",9450,318.7544345855713,False,21.460660420281748,3,0.00029296875
0011101111,19831,"[3, 1, 0, 2]",900,318.7675476074219,True,21.460660420281748,3,0.00029296875
0100000010,19832,"[0, 3, 2, 1]",6300,318.7854290008545,False,22.0,3,0.00029296875
0100000010,19833,"[0, 1, 3, 2]",465,318.798303604126,True,22.0,3,0.00029296875
0100000010,19834,"[0, 3, 2, 1]",6300,318.8159465789795,False,22.0,3,0.00029296875
0100000010,19835,"[0, 1, 3, 2]",465,318.8292980194092,True,22.0,3,0.00029296875
0100000010,19836,"[0, 3, 2, 1]",6300,318.8467025756836,False,22.0,3,0.00029296875
0100000010,19837,"[0, 1, 3, 2]",465,318.8598155975342,True,22.0,3,0.00029296875
1001110101,19838,"[2, 0, 3, 1]",6200,318.8774585723877,False,18.022287845523742,3,0.00029296875
1001110101,19839,"[2, 0, 1, 3]",500,318.8910484313965,True,18.022287845523742,3,0.00029296875
1001110101,19840,"[2, 0, 3, 1]",6200,318.9082145690918,False,18.022287845523742,3,0.00029296875
1001110101,19841,"[2, 0, 1, 3]",500,318.9215660095215,True,18.022287845523742,3,0.00029296875
1001110101,19842,"[2, 0, 3, 1]",6200,318.9389705657959,False,18.022287845523742,3,0.00029296875
1001110101,19843,"[2, 0, 1, 3]",500,318.9542293548584,True,18.022287845523742,3,0.00029296875
1010100101,19844,"[2, 1, 0, 3]",600,318.9737796783447,False,32.318016911728506,3,0.00029296875
1010100101,19845,"[2, 1, 0, 3]",600,318.9876079559326,True,32.318016911728506,3,0.00029296875
1010100101,19846,"[2, 1, 0, 3]",600,319.00572776794434,False,32.318016911728506,3,0.00029296875
1010100101,19847,"[2, 1, 0, 3]",600,319.0188407897949,True,32.318016911728506,3,0.00029296875
1010100101,19848,"[2, 1, 0, 3]",600,319.03624534606934,False,32.318016911728506,3,0.00029296875
1010100101,19849,"[2, 1, 0, 3]",600,319.049596786499,True,32.318016911728506,3,0.00029296875
0011000101,19850,"[1, 3, 2, 0]",9450,319.06700134277344,False,10.116302265330567,3,0.00029296875
0011000101,19851,"[1, 0, 3, 2]",465,319.0805912017822,True,10.116302265330567,3,0.00029296875
0011000101,19852,"[1, 3, 2, 0]",9450,319.09775733947754,False,10.116302265330567,3,0.00029296875
0011000101,19853,"[1, 0, 3, 2]",465,319.1108703613281,True,10.116302265330567,3,0.00029296875
0011000101,19854,"[1, 3, 2, 0]",9450,319.12827491760254,False,10.116302265330567,3,0.00029296875
0011000101,19855,"[1, 0, 3, 2]",465,319.1416263580322,True,10.116302265330567,3,0.00029296875
1011000111,19856,"[1, 0, 3, 2]",465,319.15903091430664,False,10.116302265330567,3,0.00029296875
1011000111,19857,"[1, 0, 3, 2]",465,319.1721439361572,True,10.116302265330567,3,0.00029296875
1011000111,19858,"[1, 0, 3, 2]",465,319.18931007385254,False,10.116302265330567,3,0.00029296875
1011000111,19859,"[1, 0, 3, 2]",465,319.2026615142822,True,10.116302265330567,3,0.00029296875
1011000111,19860,"[1, 0, 3, 2]",465,319.22006607055664,False,10.116302265330567,3,0.00029296875
1011000111,19861,"[1, 0, 3, 2]",465,319.23365592956543,True,10.116302265330567,3,0.00029296875
0000011111,19862,"[3, 2, 1, 0]",9600,319.25129890441895,False,15.389466560946179,3,0.00029296875
0000011111,19863,"[3, 2, 1, 0]",9600,319.26512718200684,True,15.389466560946179,3,0.00029296875
0000011111,19864,"[3, 2, 1, 0]",9600,319.28396224975586,False,15.389466560946179,3,0.00029296875
0000011111,19865,"[3, 2, 1, 0]",9600,319.29779052734375,True,15.389466560946179,3,0.00029296875
0000011111,19866,"[3, 2, 1, 0]",9600,319.31567192077637,False,15.389466560946179,3,0.00029296875
0000011111,19867,"[3, 2, 1, 0]",9600,319.32902336120605,True,15.389466560946179,3,0.00029296875
0001011110,19868,"[3, 2, 1, 0]",9600,319.34642791748047,False,21.863678515162277,3,0.00029296875
0001011110,19869,"[3, 2, 1, 0]",9600,319.35954093933105,True,21.863678515162277,3,0.00029296875
0001011110,19870,"[3, 2, 1, 0]",9600,319.37646865844727,False,21.863678515162277,3,0.00029296875
0001011110,19871,"[3, 2, 1, 0]",9600,319.38934326171875,True,21.863678515162277,3,0.00029296875
0001011110,19872,"[3, 2, 1, 0]",9600,319.40627098083496,False,21.863678515162277,3,0.00029296875
0001011110,19873,"[3, 2, 1, 0]",9600,319.41890716552734,True,21.863678515162277,3,0.00029296875
0110000001,19874,"[1, 0, 3, 2]",465,319.43607330322266,False,15.383190649627178,3,0.00029296875
0110000001,19875,"[1, 0, 3, 2]",465,319.44942474365234,True,15.383190649627178,3,0.00029296875
0110000001,19876,"[1, 0, 3, 2]",465,319.46706771850586,False,15.383190649627178,3,0.00029296875
0110000001,19877,"[1, 0, 3, 2]",465,319.48018074035645,True,15.383190649627178,3,0.00029296875
0110000001,19878,"[1, 0, 3, 2]",465,319.49734687805176,False,15.383190649627178,3,0.00029296875
0110000001,19879,"[1, 0, 3, 2]",465,319.51022148132324,True,15.383190649627178,3,0.00029296875
1011011100,19880,"[3, 1, 0, 2]",900,319.52738761901855,False,32.98199549426178,3,0.00029296875
1011011100,19881,"[3, 1, 0, 2]",900,319.54073905944824,True,32.98199549426178,3,0.00029296875
1011011100,19882,"[3, 1, 0, 2]",900,319.55790519714355,False,32.98199549426178,3,0.00029296875
1011011100,19883,"[3, 1, 0, 2]",900,319.57125663757324,True,32.98199549426178,3,0.00029296875
1011011100,19884,"[3, 1, 0, 2]",900,319.58866119384766,False,32.98199549426178,3,0.00029296875
1011011100,19885,"[3, 1, 0, 2]",900,319.60344314575195,True,32.98199549426178,3,0.00029296875
0001101100,19886,"[3, 2, 1, 0]",9600,319.62132453918457,False,18.75766101326228,3,0.00029296875
0001101100,19887,"[3, 2, 1, 0]",9600,319.63467597961426,True,18.75766101326228,3,0.00029296875
0001101100,19888,"[3, 2, 1, 0]",9600,319.6523189544678,False,18.75766101326228,3,0.00029296875
0001101100,19889,"[3, 2, 1, 0]",9600,319.66543197631836,True,18.75766101326228,3,0.00029296875
0001101100,19890,"[3, 2, 1, 0]",9600,319.6830749511719,False,18.75766101326228,3,0.00029296875
0001101100,19891,"[3, 2, 1, 0]",9600,319.69594955444336,True,18.75766101326228,3,0.00029296875
1100100001,19892,"[0, 2, 3, 1]",6200,319.7135925292969,False,17.29473904094538,3,0.00029296875
1100100001,19893,"[0, 1, 2, 3]",315,319.72694396972656,True,17.29473904094538,3,0.00029296875
1100100001,19894,"[0, 2, 3, 1]",6200,319.7462558746338,False,17.29473904094538,3,0.00029296875
1100100001,19895,"[0, 1, 2, 3]",315,319.7600841522217,True,17.29473904094538,3,0.00029296875
1100100001,19896,"[0, 2, 3, 1]",6200,319.7777271270752,False,17.29473904094538,3,0.00029296875
1100100001,19897,"[0, 1, 2, 3]",315,319.7908401489258,True,17.29473904094538,3,0.00029296875
0111101011,19898,"[1, 3, 2, 0]",9450,319.8082447052002,False,20.110739454205536,3,0.00029296875
0111101011,19899,"[1, 0, 3, 2]",465,319.821834564209,True,20.110739454205536,3,0.00029296875
0111101011,19900,"[1, 3, 2, 0]",9450,319.8394775390625,False,20.110739454205536,3,0.00029296875
0111101011,19901,"[1, 0, 3, 2]",465,319.8525905609131,True,20.110739454205536,3,0.00029296875
0111101011,19902,"[1, 3, 2, 0]",9450,319.8702335357666,False,20.110739454205536,3,0.00029296875
0111101011,19903,"[1, 0, 3, 2]",465,319.8831081390381,True,20.110739454205536,3,0.00029296875
1011001010,19904,"[1, 3, 0, 2]",900,319.9005126953125,False,22.422727292881255,3,0.00029296875
1011001010,19905,"[1, 0, 3, 2]",465,319.9293613433838,True,22.422727292881255,3,0.00029296875
1011001010,19906,"[1, 3, 0, 2]",900,319.9489116668701,False,22.422727292881255,3,0.00029296875
1011001010,19907,"[1, 0, 3, 2]",465,319.962739944458,True,22.422727292881255,3,0.00029296875
1011001010,19908,"[1, 3, 0, 2]",900,319.9810981750488,False,22.422727292881255,3,0.00029296875
1011001010,19909,"[1, 0, 3, 2]",465,319.9946880340576,True,22.422727292881255,3,0.00029296875
0001011000,19910,"[3, 2, 1, 0]",9600,320.01280784606934,False,14.318016911728506,3,0.00029296875
0001011000,19911,"[3, 2, 1, 0]",9600,320.0266361236572,True,14.318016911728506,3,0.00029296875
0001011000,19912,"[3, 2, 1, 0]",9600,320.04451751708984,False,14.318016911728506,3,0.00029296875
0001011000,19913,"[3, 2, 1, 0]",9600,320.05834579467773,True,14.318016911728506,3,0.00029296875
0001011000,19914,"[3, 2, 1, 0]",9600,320.07622718811035,False,14.318016911728506,3,0.00029296875
0001011000,19915,"[3, 2, 1, 0]",9600,320.4846382141113,True,14.318016911728506,3,0.00029296875
1111001100,19916,"[3, 1, 0, 2]",900,320.5108642578125,False,28.69192334160953,3,0.00029296875
1111001100,19917,"[3, 1, 0, 2]",900,320.5256462097168,True,28.69192334160953,3,0.00029296875
1111001100,19918,"[3, 1, 0, 2]",900,320.5447196960449,False,28.69192334160953,3,0.00029296875
1111001100,19919,"[3, 1, 0, 2]",900,320.5595016479492,True,28.69192334160953,3,0.00029296875
1111001100,19920,"[3, 1, 0, 2]",900,320.57762145996094,False,28.69192334160953,3,0.00029296875
1111001100,19921,"[3, 1, 0, 2]",900,320.59192657470703,True,28.69192334160953,3,0.00029296875
1110001000,19922,"[0, 3, 1, 2]",750,320.61028480529785,False,28.34596167080477,2,0.0001953125
1110001000,19923,"[0, 1, 3, 2]",465,320.62458992004395,True,28.34596167080477,2,0.0001953125
1110001000,19924,"[0, 3, 1, 2]",750,320.64294815063477,False,28.34596167080477,2,0.0001953125
1110001000,19925,"[0, 1, 3, 2]",465,320.65701484680176,True,28.34596167080477,2,0.0001953125
1001000110,19926,"[0, 3, 1, 2]",750,320.6746578216553,False,15.039536643254078,2,0.0001953125
1001000110,19927,"[0, 1, 3, 2]",465,320.6915855407715,True,15.039536643254078,2,0.0001953125
1001000110,19928,"[0, 3, 1, 2]",750,320.7099437713623,False,15.039536643254078,2,0.0001953125
1001000110,19929,"[0, 1, 3, 2]",465,320.7240104675293,True,15.039536643254078,2,0.0001953125
1111111101,19930,"[3, 2, 1, 0]",9600,320.742130279541,False,50.180552665792675,2,0.0001953125
1111111101,19931,"[3, 2, 1, 0]",9600,320.756196975708,True,50.180552665792675,2,0.0001953125
1111111101,19932,"[3, 2, 1, 0]",9600,320.77479362487793,False,50.180552665792675,2,0.0001953125
1111111101,19933,"[3, 2, 1, 0]",9600,320.7883834838867,True,50.180552665792675,2,0.0001953125
0101100011,19934,"[2, 1, 0, 3]",600,320.80674171447754,False,11.473809707916633,2,0.0001953125
0101100011,19935,"[2, 1, 0, 3]",600,320.82056999206543,True,11.473809707916633,2,0.0001953125
0101100011,19936,"[2, 1, 0, 3]",600,320.83892822265625,False,11.473809707916633,2,0.0001953125
0101100011,19937,"[2, 1, 0, 3]",600,320.85251808166504,True,11.473809707916633,2,0.0001953125
0110001111,19938,"[3, 1, 0, 2]",900,320.87063789367676,False,12.91499881684798,2,0.0001953125
0110001111,19939,"[3, 1, 0, 2]",900,320.88446617126465,True,12.91499881684798,2,0.0001953125
0110001111,19940,"[3, 1, 0, 2]",900,320.90306282043457,False,12.91499881684798,2,0.0001953125
0110001111,19941,"[3, 1, 0, 2]",900,320.91689109802246,True,12.91499881684798,2,0.0001953125
1101000111,19942,"[0, 3, 1, 2]",750,320.9350109100342,False,11.039536643254081,2,0.0001953125
1101000111,19943,"[0, 1, 3, 2]",465,320.94883918762207,True,11.039536643254081,2,0.0001953125
1101000111,19944,"[0, 3, 1, 2]",750,320.9691047668457,False,11.039536643254081,2,0.0001953125
1101000111,19945,"[0, 1, 3, 2]",465,320.9836483001709,True,11.039536643254081,2,0.0001953125
0101000011,19946,"[1, 0, 3, 2]",465,321.0022449493408,False,16.383190649627178,2,0.0001953125
0101000011,19947,"[1, 0, 3, 2]",465,321.0165500640869,True,16.383190649627178,2,0.0001953125
0101000011,19948,"[1, 0, 3, 2]",465,321.03776931762695,False,16.383190649627178,2,0.0001953125
0101000011,19949,"[1, 0, 3, 2]",465,321.05231285095215,True,16.383190649627178,2,0.0001953125
0101010111,19950,"[3, 2, 1, 0]",9600,321.07067108154297,False,30.636033823457012,2,0.0001953125
0101010111,19951,"[3, 2, 1, 0]",9600,321.09522819519043,True,30.636033823457012,2,0.0001953125
0101010111,19952,"[3, 2, 1, 0]",9600,321.11239433288574,False,30.636033823457012,2,0.0001953125
0101010111,19953,"[3, 2, 1, 0]",9600,321.12574577331543,True,30.636033823457012,2,0.0001953125
1111101101,19954,"[3, 1, 0, 2]",900,321.14315032958984,False,41.584055485589744,2,0.0001953125
1111101101,19955,"[3, 1, 0, 2]",900,321.15650177001953,True,41.584055485589744,2,0.0001953125
1111101101,19956,"[3, 1, 0, 2]",900,321.17414474487305,False,41.584055485589744,2,0.0001953125
1111101101,19957,"[3, 1, 0, 2]",900,321.18725776672363,True,41.584055485589744,2,0.0001953125
0101111101,19958,"[3, 2, 1, 0]",9600,321.20466232299805,False,25.35415819346521,2,0.0001953125
0101111101,19959,"[3, 2, 1, 0]",9600,321.21801376342773,True,25.35415819346521,2,0.0001953125
0101111101,19960,"[3, 2, 1, 0]",9600,321.23541831970215,False,25.35415819346521,2,0.0001953125
0101111101,19961,"[3, 2, 1, 0]",9600,321.24829292297363,True,25.35415819346521,2,0.0001953125
0100101101,19962,"[3, 2, 0, 1]",6600,321.26593589782715,False,15.900011571152795,2,0.0001953125
0100101101,19963,"[3, 2, 0, 1]",6600,321.27904891967773,True,15.900011571152795,2,0.0001953125
0100101101,19964,"[3, 2, 0, 1]",6600,321.29645347595215,False,15.900011571152795,2,0.0001953125
0100101101,19965,"[3, 2, 0, 1]",6600,321.30956649780273,True,15.900011571152795,2,0.0001953125
0101101000,19966,"[3, 2, 1, 0]",9600,321.32697105407715,False,18.453497537746742,2,0.0001953125
0101101000,19967,"[3, 2, 1, 0]",9600,321.34175300598145,True,18.453497537746742,2,0.0001953125
0101101000,19968,"[3, 2, 1, 0]",9600,321.35939598083496,False,18.453497537746742,2,0.0001953125
0101101000,19969,"[3, 2, 1, 0]",9600,321.37322425842285,True,18.453497537746742,2,0.0001953125
1100000110,19970,"[0, 3, 2, 1]",6300,321.3927745819092,False,12.136129710583916,2,0.0001953125
1100000110,19971,"[0, 1, 3, 2]",465,321.4068412780762,True,12.136129710583916,2,0.0001953125
1100000110,19972,"[0, 3, 2, 1]",6300,321.4247226715088,False,12.136129710583916,2,0.0001953125
1100000110,19973,"[0, 1, 3, 2]",465,321.4383125305176,True,12.136129710583916,2,0.0001953125
1111010110,19974,"[1, 0, 3, 2]",465,321.455717086792,False,27.927709491962844,2,0.0001953125
1111010110,19975,"[1, 0, 3, 2]",465,321.4693069458008,True,27.927709491962844,2,0.0001953125
1111010110,19976,"[1, 0, 3, 2]",465,321.4914798736572,False,27.927709491962844,2,0.0001953125
1111010110,19977,"[1, 0, 3, 2]",465,321.505069732666,True,27.927709491962844,2,0.0001953125
1101011100,19978,"[3, 0, 2, 1]",6300,321.52271270751953,False,32.68064855291958,2,0.0001953125
1101011100,19979,"[3, 0, 1, 2]",750,321.5363025665283,True,32.68064855291958,2,0.0001953125
1101011100,19980,"[3, 0, 2, 1]",6300,321.55323028564453,False,32.68064855291958,2,0.0001953125
1101011100,19981,"[3, 0, 1, 2]",750,321.5665817260742,True,32.68064855291958,2,0.0001953125
0011111101,19982,"[3, 2, 1, 0]",9600,321.58374786376953,False,28.363582628035374,2,0.0001953125
0011111101,19983,"[3, 2, 1, 0]",9600,321.596622467041,True,28.363582628035374,2,0.0001953125
0011111101,19984,"[3, 2, 1, 0]",9600,321.6137886047363,False,28.363582628035374,2,0.0001953125
0011111101,19985,"[3, 2, 1, 0]",9600,321.6269016265869,True,28.363582628035374,2,0.0001953125
0011100001,19986,"[1, 2, 3, 0]",9300,321.6443061828613,False,18.16713784209973,2,0.0001953125
0011100001,19987,"[1, 0, 2, 3]",315,321.657657623291,True,18.16713784209973,2,0.0001953125
0011100001,19988,"[1, 2, 3, 0]",9300,321.6748237609863,False,18.16713784209973,2,0.0001953125
0011100001,19989,"[1, 0, 2, 3]",315,321.6879367828369,True,18.16713784209973,2,0.0001953125
0001011011,19990,"[3, 2, 1, 0]",9600,321.70653343200684,False,14.409531892849856,2,0.0001953125
0001011011,19991,"[3, 2, 1, 0]",9600,321.7201232910156,True,14.409531892849856,2,0.0001953125
0001011011,19992,"[3, 2, 1, 0]",9600,321.73776626586914,False,14.409531892849856,2,0.0001953125
0001011011,19993,"[3, 2, 1, 0]",9600,321.7508792877197,True,14.409531892849856,2,0.0001953125
0001001010,19994,"[3, 1, 2, 0]",9450,321.76828384399414,False,17.610835341332443,2,0.0001953125
0001001010,19995,"[3, 1, 0, 2]",900,321.78330421447754,True,17.610835341332443,2,0.0001953125
0001001010,19996,"[3, 1, 2, 0]",9450,321.80142402648926,False,17.610835341332443,2,0.0001953125
0001001010,19997,"[3, 1, 0, 2]",900,321.81549072265625,True,17.610835341332443,2,0.0001953125
0011111010,19998,"[2, 1, 3, 0]",9300,321.83289527893066,False,22.863678515162277,2,0.0001953125
0011111010,19999,"[2, 1, 0, 3]",600,321.84648513793945,True,22.863678515162277,2,0.0001953125
0011111010,20000,"[2, 1, 3, 0]",9300,321.86388969421387,False,22.863678515162277,2,0.0001953125
0011111010,20001,"[2, 1, 0, 3]",600,321.87747955322266,True,22.863678515162277,2,0.0001953125
1111111100,20002,"[3, 2, 1, 0]",9600,321.89464569091797,False,59.089037684671325,2,0.0001953125
1111111100,20003,"[3, 2, 1, 0]",9600,321.90775871276855,True,59.089037684671325,2,0.0001953125
1111111100,20004,"[3, 2, 1, 0]",9600,321.92492485046387,False,59.089037684671325,2,0.0001953125
1111111100,20005,"[3, 2, 1, 0]",9600,321.93803787231445,True,59.089037684671325,2,0.0001953125
1000110111,20006,"[2, 0, 3, 1]",6200,321.95520401000977,False,14.854500918858335,2,0.0001953125
1000110111,20007,"[2, 0, 1, 3]",500,321.96831703186035,True,14.854500918858335,2,0.0001953125
1000110111,20008,"[2, 0, 3, 1]",6200,321.98572158813477,False,14.854500918858335,2,0.0001953125
1000110111,20009,"[2, 0, 1, 3]",500,321.99883460998535,True,14.854500918858335,2,0.0001953125
0100111001,20010,"[2, 3, 0, 1]",6600,322.01623916625977,False,15.410803419625623,2,0.0001953125
0100111001,20011,"[2, 3, 0, 1]",6600,322.03125953674316,True,15.410803419625623,2,0.0001953125
0100111001,20012,"[2, 3, 0, 1]",6600,322.0493793487549,False,15.410803419625623,2,0.0001953125
0100111001,20013,"[2, 3, 0, 1]",6600,322.06273078918457,True,15.410803419625623,2,0.0001953125
1110000000,20014,"[0, 1, 3, 2]",465,322.080135345459,False,15.73537316773854,2,0.0001953125
1110000000,20015,"[0, 1, 3, 2]",465,322.09324836730957,True,15.73537316773854,2,0.0001953125
1110000000,20016,"[0, 1, 3, 2]",465,322.110652923584,False,15.73537316773854,2,0.0001953125
1110000000,20017,"[0, 1, 3, 2]",465,322.12376594543457,True,15.73537316773854,2,0.0001953125
1100011111,20018,"[3, 0, 2, 1]",6300,322.1414089202881,False,13.900011571152788,2,0.0001953125
1100011111,20019,"[3, 0, 1, 2]",750,322.1547603607178,True,13.900011571152788,2,0.0001953125
1100011111,20020,"[3, 0, 2, 1]",6300,322.1719264984131,False,13.900011571152788,2,0.0001953125
1100011111,20021,"[3, 0, 1, 2]",750,322.1852779388428,True,13.900011571152788,2,0.0001953125
1010010000,20022,"[1, 0, 2, 3]",315,322.2026824951172,False,18.428052217355958,2,0.0001953125
1010010000,20023,"[1, 0, 2, 3]",315,322.216272354126,True,18.428052217355958,2,0.0001953125
1010010000,20024,"[1, 0, 2, 3]",315,322.2336769104004,False,18.428052217355958,2,0.0001953125
1010010000,20025,"[1, 0, 2, 3]",315,322.246789932251,True,18.428052217355958,2,0.0001953125
1101110110,20026,"[2, 0, 3, 1]",6200,322.2641944885254,False,30.237197891953087,2,0.0001953125
1101110110,20027,"[2, 0, 1, 3]",500,322.2770690917969,True,30.237197891953087,2,0.0001953125
1101110110,20028,"[2, 0, 3, 1]",6200,322.2944736480713,False,30.237197891953087,2,0.0001953125
1101110110,20029,"[2, 0, 1, 3]",500,322.307825088501,True,30.237197891953087,2,0.0001953125
1111000100,20030,"[1, 0, 3, 2]",465,322.3252296447754,False,18.081334838543306,2,0.0001953125
1111000100,20031,"[1, 0, 3, 2]",465,322.3381042480469,True,18.081334838543306,2,0.0001953125
1111000100,20032,"[1, 0, 3, 2]",465,322.3569393157959,False,18.081334838543306,2,0.0001953125
1111000100,20033,"[1, 0, 3, 2]",465,322.3702907562256,True,18.081334838543306,2,0.0001953125
1010111101,20034,"[3, 2, 1, 0]",9600,322.3881721496582,False,45.70634071157657,2,0.0001953125
1010111101,20035,"[3, 2, 1, 0]",9600,322.4015235900879,True,45.70634071157657,2,0.0001953125
1010111101,20036,"[3, 2, 1, 0]",9600,322.4191665649414,False,45.70634071157657,2,0.0001953125
1010111101,20037,"[3, 2, 1, 0]",9600,322.432279586792,True,45.70634071157657,2,0.0001953125
1011111011,20038,"[2, 1, 3, 0]",9300,322.4496841430664,False,33.8179210246016,2,0.0001953125
1011111011,20039,"[2, 1, 0, 3]",600,322.4630355834961,True,33.8179210246016,2,0.0001953125
1011111011,20040,"[2, 1, 3, 0]",9300,322.4806785583496,False,33.8179210246016,2,0.0001953125
1011111011,20041,"[2, 1, 0, 3]",600,322.4937915802002,True,33.8179210246016,2,0.0001953125
1100000011,20042,"[0, 3, 2, 1]",6300,322.5114345550537,False,14.0,2,0.0001953125
1100000011,20043,"[0, 1, 3, 2]",465,322.5245475769043,True,14.0,2,0.0001953125
1100000011,20044,"[0, 3, 2, 1]",6300,322.5421905517578,False,14.0,2,0.0001953125
1100000011,20045,"[0, 1, 3, 2]",465,322.5569725036621,True,14.0,2,0.0001953125
1000001010,20046,"[3, 0, 2, 1]",6300,322.5750923156738,False,26.18188720114459,2,0.0001953125
1000001010,20047,"[3, 0, 1, 2]",750,322.5886821746826,True,26.18188720114459,2,0.0001953125
1000001010,20048,"[3, 0, 2, 1]",6300,322.60656356811523,False,26.18188720114459,2,0.0001953125
1000001010,20049,"[3, 0, 1, 2]",750,322.6203918457031,True,26.18188720114459,2,0.0001953125
1001111000,20050,"[2, 3, 0, 1]",6600,322.63803482055664,False,28.41055658135941,2,0.0001953125
1001111000,20051,"[2, 3, 0, 1]",6600,322.6511478424072,True,28.41055658135941,2,0.0001953125
1001111000,20052,"[2, 3, 0, 1]",6600,322.66855239868164,False,28.41055658135941,2,0.0001953125
1001111000,20053,"[2, 3, 0, 1]",6600,322.68285751342773,True,28.41055658135941,2,0.0001953125
1100111000,20054,"[2, 0, 3, 1]",6200,322.70121574401855,False,25.569165911720873,2,0.0001953125
1100111000,20055,"[2, 0, 1, 3]",500,322.71456718444824,True,25.569165911720873,2,0.0001953125
1100111000,20056,"[2, 0, 3, 1]",6200,322.73197174072266,False,25.569165911720873,2,0.0001953125
1100111000,20057,"[2, 0, 1, 3]",500,322.74508476257324,True,25.569165911720873,2,0.0001953125
1010101101,20058,"[3, 2, 1, 0]",9600,322.76272773742676,False,50.77216353404093,2,0.0001953125
1010101101,20059,"[3, 2, 1, 0]",9600,322.77584075927734,True,50.77216353404093,2,0.0001953125
1010101101,20060,"[3, 2, 1, 0]",9600,322.79324531555176,False,50.77216353404093,2,0.0001953125
1010101101,20061,"[3, 2, 1, 0]",9600,322.80635833740234,True,50.77216353404093,2,0.0001953125
0101011110,20062,"[3, 2, 1, 0]",9600,322.82376289367676,False,32.77216353404093,2,0.0001953125
0101011110,20063,"[3, 2, 1, 0]",9600,322.83616065979004,True,32.77216353404093,2,0.0001953125
0101011110,20064,"[3, 2, 1, 0]",9600,322.85332679748535,False,32.77216353404093,2,0.0001953125
0101011110,20065,"[3, 2, 1, 0]",9600,322.86620140075684,True,32.77216353404093,2,0.0001953125
0111001110,20066,"[3, 1, 0, 2]",900,322.88336753845215,False,18.079073286508155,2,0.0001953125
0111001110,20067,"[3, 1, 0, 2]",900,322.89671897888184,True,18.079073286508155,2,0.0001953125
0111001110,20068,"[3, 1, 0, 2]",900,322.91412353515625,False,18.079073286508155,2,0.0001953125
0111001110,20069,"[3, 1, 0, 2]",900,322.92723655700684,True,18.079073286508155,2,0.0001953125
0110111100,20070,"[3, 2, 1, 0]",9600,322.94464111328125,False,33.9104606942325,2,0.0001953125
0110111100,20071,"[3, 2, 1, 0]",9600,322.95751571655273,True,33.9104606942325,2,0.0001953125
0110111100,20072,"[3, 2, 1, 0]",9600,322.97492027282715,False,33.9104606942325,2,0.0001953125
0110111100,20073,"[3, 2, 1, 0]",9600,322.98827171325684,True,33.9104606942325,2,0.0001953125
1001111010,20074,"[2, 3, 0, 1]",6600,323.00710678100586,False,23.85425408059212,2,0.0001953125
1001111010,20075,"[2, 3, 0, 1]",6600,323.02069664001465,True,23.85425408059212,2,0.0001953125
1001111010,20076,"[2, 3, 0, 1]",6600,323.03833961486816,False,23.85425408059212,2,0.0001953125
1001111010,20077,"[2, 3, 0, 1]",6600,323.05121421813965,True,23.85425408059212,2,0.0001953125
0001110010,20078,"[2, 1, 3, 0]",9300,323.06861877441406,False,14.226748768873373,2,0.0001953125
0001110010,20079,"[2, 1, 0, 3]",600,323.08220863342285,True,14.226748768873373,2,0.0001953125
0001110010,20080,"[2, 1, 3, 0]",9300,323.09985160827637,False,14.226748768873373,2,0.0001953125
0001110010,20081,"[2, 1, 0, 3]",600,323.11296463012695,True,14.226748768873373,2,0.0001953125
1001001000,20082,"[3, 0, 1, 2]",750,323.13060760498047,False,19.519320360211093,2,0.0001953125
1001001000,20083,"[3, 0, 1, 2]",750,323.14395904541016,True,19.519320360211093,2,0.0001953125
1001001000,20084,"[3, 0, 1, 2]",750,323.16112518310547,False,19.519320360211093,2,0.0001953125
1001001000,20085,"[3, 0, 1, 2]",750,323.17399978637695,True,19.519320360211093,2,0.0001953125
1011011010,20086,"[1, 3, 0, 2]",900,323.19140434265137,False,21.175666353837997,2,0.0001953125
1011011010,20087,"[1, 0, 3, 2]",465,323.20475578308105,True,21.175666353837997,2,0.0001953125
1011011010,20088,"[1, 3, 0, 2]",900,323.22216033935547,False,21.175666353837997,2,0.0001953125
1011011010,20089,"[1, 0, 3, 2]",465,323.23527336120605,True,21.175666353837997,2,0.0001953125
1101001011,20090,"[0, 3, 1, 2]",750,323.25243949890137,False,9.565077850771768,2,0.0001953125
1101001011,20091,"[0, 1, 3, 2]",465,323.26579093933105,True,9.565077850771768,2,0.0001953125
1101001011,20092,"[0, 3, 1, 2]",750,323.28319549560547,False,9.565077850771768,2,0.0001953125
1101001011,20093,"[0, 1, 3, 2]",465,323.29630851745605,True,9.565077850771768,2,0.0001953125
1111010111,20094,"[1, 0, 3, 2]",465,323.31347465515137,False,19.019224473084194,2,0.0001953125
1111010111,20095,"[1, 0, 3, 2]",465,323.3296871185303,True,19.019224473084194,2,0.0001953125
1111010111,20096,"[1, 0, 3, 2]",465,323.347806930542,False,19.019224473084194,2,0.0001953125
1111010111,20097,"[1, 0, 3, 2]",465,323.3611583709717,True,19.019224473084194,2,0.0001953125
1010011000,20098,"[3, 1, 0, 2]",900,323.3788013458252,False,31.03864072042218,2,0.0001953125
1010011000,20099,"[3, 1, 0, 2]",900,323.3921527862549,True,31.03864072042218,2,0.0001953125
1010011000,20100,"[3, 1, 0, 2]",900,323.4090805053711,False,31.03864072042218,2,0.0001953125
1010011000,20101,"[3, 1, 0, 2]",900,323.4221935272217,True,31.03864072042218,2,0.0001953125
0001110100,20102,"[2, 3, 1, 0]",9600,323.4395980834961,False,19.32871287307443,2,0.0001953125
0001110100,20103,"[2, 3, 1, 0]",9600,323.4529495239258,True,19.32871287307443,2,0.0001953125
0001110100,20104,"[2, 3, 1, 0]",9600,323.469877243042,False,19.32871287307443,2,0.0001953125
0001110100,20105,"[2, 3, 1, 0]",9600,323.4832286834717,True,19.32871287307443,2,0.0001953125
0101111010,20106,"[2, 3, 1, 0]",9600,323.500394821167,False,21.25219408926415,2,0.0001953125
0101111010,20107,"[2, 3, 1, 0]",9600,323.5132694244385,True,21.25219408926415,2,0.0001953125
0101111010,20108,"[2, 3, 1, 0]",9600,323.5299587249756,False,21.25219408926415,2,0.0001953125
0101111010,20109,"[2, 3, 1, 0]",9600,323.5430717468262,True,21.25219408926415,2,0.0001953125
1111010001,20110,"[1, 0, 2, 3]",315,323.5599994659424,False,10.87150287832246,2,0.0001953125
1111010001,20111,"[1, 0, 2, 3]",315,323.5735893249512,True,10.87150287832246,2,0.0001953125
1111010001,20112,"[1, 0, 2, 3]",315,323.5909938812256,False,10.87150287832246,2,0.0001953125
1111010001,20113,"[1, 0, 2, 3]",315,323.6041069030762,True,10.87150287832246,2,0.0001953125
0001011010,20114,"[3, 2, 1, 0]",9600,323.6215114593506,False,16.36377440228918,2,0.0001953125
0001011010,20115,"[3, 2, 1, 0]",9600,323.63438606262207,True,16.36377440228918,2,0.0001953125
0001011010,20116,"[3, 2, 1, 0]",9600,323.6534595489502,False,16.36377440228918,2,0.0001953125
0001011010,20117,"[3, 2, 1, 0]",9600,323.6668109893799,True,16.36377440228918,2,0.0001953125
1100101001,20118,"[0, 3, 2, 1]",6300,323.6844539642334,False,30.274426870775493,2,0.0001953125
1100101001,20119,"[0, 1, 3, 2]",465,323.6978054046631,True,30.274426870775493,2,0.0001953125
1100101001,20120,"[0, 3, 2, 1]",6300,323.7154483795166,False,30.274426870775493,2,0.0001953125
1100101001,20121,"[0, 1, 3, 2]",465,323.7283229827881,True,30.274426870775493,2,0.0001953125
1010111110,20122,"[3, 2, 1, 0]",9600,323.7457275390625,False,37.35415819346521,2,0.0001953125
1010111110,20123,"[3, 2, 1, 0]",9600,323.758602142334,True,37.35415819346521,2,0.0001953125
1010111110,20124,"[3, 2, 1, 0]",9600,323.7760066986084,False,37.35415819346521,2,0.0001953125
1010111110,20125,"[3, 2, 1, 0]",9600,323.7888813018799,True,37.35415819346521,2,0.0001953125
1111101110,20126,"[3, 1, 0, 2]",900,323.8065242767334,False,38.98199549426178,2,0.0001953125
1111101110,20127,"[3, 1, 0, 2]",900,323.8198757171631,True,38.98199549426178,2,0.0001953125
1111101110,20128,"[3, 1, 0, 2]",900,323.8375186920166,False,38.98199549426178,2,0.0001953125
1111101110,20129,"[3, 1, 0, 2]",900,323.8513469696045,True,38.98199549426178,2,0.0001953125
0100011000,20130,"[3, 2, 0, 1]",6600,323.8687515258789,False,13.47662624208997,2,0.0001953125
0100011000,20131,"[3, 2, 0, 1]",6600,323.8823413848877,True,13.47662624208997,2,0.0001953125
0100011000,20132,"[3, 2, 0, 1]",6600,323.899507522583,False,13.47662624208997,2,0.0001953125
0100011000,20133,"[3, 2, 0, 1]",6600,323.9123821258545,True,13.47662624208997,2,0.0001953125
0101000111,20134,"[3, 1, 0, 2]",900,323.9295482635498,False,20.03953664325408,2,0.0001953125
0101000111,20135,"[3, 1, 0, 2]",900,323.9452838897705,True,20.03953664325408,2,0.0001953125
0101000111,20136,"[3, 1, 0, 2]",900,323.962926864624,False,20.03953664325408,2,0.0001953125
0101000111,20137,"[3, 1, 0, 2]",900,323.976993560791,True,20.03953664325408,2,0.0001953125
0111111010,20138,"[2, 1, 3, 0]",9300,323.99582862854004,False,26.817921024601603,2,0.0001953125
0111111010,20139,"[2, 1, 0, 3]",600,324.01013374328613,True,26.817921024601603,2,0.0001953125
0111111010,20140,"[2, 1, 3, 0]",9300,324.02777671813965,False,26.817921024601603,2,0.0001953125
0111111010,20141,"[2, 1, 0, 3]",600,324.04088973999023,True,26.817921024601603,2,0.0001953125
1001000011,20142,"[0, 1, 3, 2]",465,324.05877113342285,False,16.031008131515815,2,0.0001953125
1001000011,20143,"[0, 1, 3, 2]",465,324.07212257385254,True,16.031008131515815,2,0.0001953125
1001000011,20144,"[0, 1, 3, 2]",465,324.09024238586426,False,16.031008131515815,2,0.0001953125
1001000011,20145,"[0, 1, 3, 2]",465,324.10335540771484,True,16.031008131515815,2,0.0001953125
1110100100,20146,"[0, 2, 1, 3]",500,324.1238594055176,False,26.226501930607157,2,0.0001953125
1110100100,20147,"[0, 1, 2, 3]",315,324.13721084594727,True,26.226501930607157,2,0.0001953125
1110100100,20148,"[0, 2, 1, 3]",500,324.1550922393799,False,26.226501930607157,2,0.0001953125
1110100100,20149,"[0, 1, 2, 3]",315,324.16820526123047,True,26.226501930607157,2,0.0001953125
0100001000,20150,"[3, 0, 2, 1]",6300,324.1856098175049,False,15.18188720114459,2,0.0001953125
0100001000,20151,"[3, 0, 1, 2]",750,324.1991996765137,True,15.18188720114459,2,0.0001953125
0100001000,20152,"[3, 0, 2, 1]",6300,324.2168426513672,False,15.18188720114459,2,0.0001953125
0100001000,20153,"[3, 0, 1, 2]",750,324.2301940917969,True,15.18188720114459,2,0.0001953125
0000100001,20154,"[2, 3, 1, 0]",9600,324.2478370666504,False,28.692679049617418,2,0.0001953125
0000100001,20155,"[2, 3, 1, 0]",9600,324.2611885070801,True,28.692679049617418,2,0.0001953125
0000100001,20156,"[2, 3, 1, 0]",9600,324.2785930633545,False,28.692679049617418,2,0.0001953125
0000100001,20157,"[2, 3, 1, 0]",9600,324.2919445037842,True,28.692679049617418,2,0.0001953125
0001000011,20158,"[1, 3, 2, 0]",9450,324.3100643157959,False,23.031008131515815,2,0.0001953125
0001000011,20159,"[1, 0, 3, 2]",465,324.324369430542,True,23.031008131515815,2,0.0001953125
0001000011,20160,"[1, 3, 2, 0]",9450,324.3420124053955,False,23.031008131515815,2,0.0001953125
0001000011,20161,"[1, 0, 3, 2]",465,324.3556022644043,True,23.031008131515815,2,0.0001953125
0110010001,20162,"[1, 2, 0, 3]",600,324.3730068206787,False,11.075869699244599,2,0.0001953125
0110010001,20163,"[1, 0, 2, 3]",315,324.3863582611084,True,11.075869699244599,2,0.0001953125
0110010001,20164,"[1, 2, 0, 3]",600,324.4037628173828,False,11.075869699244599,2,0.0001953125
0110010001,20165,"[1, 0, 2, 3]",315,324.4173526763916,True,11.075869699244599,2,0.0001953125
1000100001,20166,"[2, 0, 3, 1]",6200,324.4349956512451,False,32.29473904094538,2,0.0001953125
1000100001,20167,"[2, 0, 1, 3]",500,324.4485855102539,True,32.29473904094538,2,0.0001953125
1000100001,20168,"[2, 0, 3, 1]",6200,324.4662284851074,False,32.29473904094538,2,0.0001953125
1000100001,20169,"[2, 0, 1, 3]",500,324.4795799255371,True,32.29473904094538,2,0.0001953125
0000000000,20170,"[3, 2, 1, 0]",9600,324.4972229003906,False,26.0,2,0.0001953125
0000000000,20171,"[3, 2, 1, 0]",9600,324.5103359222412,True,26.0,2,0.0001953125
0000000000,20172,"[3, 2, 1, 0]",9600,324.5277404785156,False,26.0,2,0.0001953125
0000000000,20173,"[3, 2, 1, 0]",9600,324.5406150817871,True,26.0,2,0.0001953125
0000101101,20174,"[3, 2, 1, 0]",9600,324.5577812194824,False,21.945769061713467,2,0.0001953125
0000101101,20175,"[3, 2, 1, 0]",9600,324.5706558227539,True,21.945769061713467,2,0.0001953125
0000101101,20176,"[3, 2, 1, 0]",9600,324.5878219604492,False,21.945769061713467,2,0.0001953125
0000101101,20177,"[3, 2, 1, 0]",9600,324.6009349822998,True,21.945769061713467,2,0.0001953125
0111111110,20178,"[3, 2, 1, 0]",9600,324.6181011199951,False,39.272067646914024,2,0.0001953125
0111111110,20179,"[3, 2, 1, 0]",9600,324.6328830718994,True,39.272067646914024,2,0.0001953125
0111111110,20180,"[3, 2, 1, 0]",9600,324.65076446533203,False,39.272067646914024,2,0.0001953125
0111111110,20181,"[3, 2, 1, 0]",9600,324.6641159057617,True,39.272067646914024,2,0.0001953125
1111010000,20182,"[1, 0, 2, 3]",315,324.68175888061523,False,16.825745387761785,2,0.0001953125
1111010000,20183,"[1, 0, 2, 3]",315,324.6955871582031,True,16.825745387761785,2,0.0001953125
1111010000,20184,"[1, 0, 2, 3]",315,324.71299171447754,False,16.825745387761785,2,0.0001953125
1111010000,20185,"[1, 0, 2, 3]",315,324.7263431549072,True,16.825745387761785,2,0.0001953125
0001000110,20186,"[3, 1, 2, 0]",9450,324.74350929260254,False,22.039536643254078,2,0.0001953125
0001000110,20187,"[3, 1, 0, 2]",900,324.75733757019043,True,22.039536643254078,2,0.0001953125
0001000110,20188,"[3, 1, 2, 0]",9450,324.77474212646484,False,22.039536643254078,2,0.0001953125
0001000110,20189,"[3, 1, 0, 2]",900,324.78809356689453,True,22.039536643254078,2,0.0001953125
1101010010,20190,"[0, 2, 1, 3]",500,324.80549812316895,False,16.09037222002324,2,0.0001953125
1101010010,20191,"[0, 1, 2, 3]",315,324.81908798217773,True,16.09037222002324,2,0.0001953125
1101010010,20192,"[0, 2, 1, 3]",500,324.83673095703125,False,16.09037222002324,2,0.0001953125
1101010010,20193,"[0, 1, 2, 3]",315,324.84984397888184,True,16.09037222002324,2,0.0001953125
1011101110,20194,"[3, 1, 2, 0]",9450,324.86796379089355,False,36.67557046671109,2,0.0001953125
1011101110,20195,"[3, 1, 0, 2]",900,324.88107681274414,True,36.67557046671109,2,0.0001953125
1011101110,20196,"[3, 1, 2, 0]",9450,324.90062713623047,False,36.67557046671109,2,0.0001953125
1011101110,20197,"[3, 1, 0, 2]",900,324.91469383239746,True,36.67557046671109,2,0.0001953125
0000010011,20198,"[2, 3, 1, 0]",9600,324.9325752258301,False,25.090619058289455,2,0.0001953125
0000010011,20199,"[2, 3, 1, 0]",9600,324.94592666625977,True,25.090619058289455,2,0.0001953125
0000010011,20200,"[2, 3, 1, 0]",9600,324.9647617340088,False,25.090619058289455,2,0.0001953125
0000010011,20201,"[2, 3, 1, 0]",9600,324.9778747558594,True,25.090619058289455,2,0.0001953125
0100011101,20202,"[3, 2, 0, 1]",6600,324.9959945678711,False,13.900011571152788,2,0.0001953125
0100011101,20203,"[3, 2, 0, 1]",6600,325.0088691711426,True,13.900011571152788,2,0.0001953125
0100011101,20204,"[3, 2, 0, 1]",6600,325.0265121459961,False,13.900011571152788,2,0.0001953125
0100011101,20205,"[3, 2, 0, 1]",6600,325.0398635864258,True,13.900011571152788,2,0.0001953125
0100001011,20206,"[3, 0, 2, 1]",6300,325.0572681427002,False,18.227644691705265,2,0.0001953125
0100001011,20207,"[3, 0, 1, 2]",750,325.0713348388672,True,18.227644691705265,2,0.0001953125
0100001011,20208,"[3, 0, 2, 1]",6300,325.0887393951416,False,18.227644691705265,2,0.0001953125
0100001011,20209,"[3, 0, 1, 2]",750,325.1025676727295,True,18.227644691705265,2,0.0001953125
1110001001,20210,"[0, 3, 1, 2]",750,325.1197338104248,False,29.34596167080477,2,0.0001953125
1110001001,20211,"[0, 1, 3, 2]",465,325.1333236694336,True,29.34596167080477,2,0.0001953125
1110001001,20212,"[0, 3, 1, 2]",750,325.167179107666,False,29.34596167080477,2,0.0001953125
1110001001,20213,"[0, 1, 3, 2]",465,325.1810073852539,True,29.34596167080477,2,0.0001953125
0011100100,20214,"[1, 2, 3, 0]",9300,325.1988887786865,False,17.175666353837993,2,0.0001953125
0011100100,20215,"[1, 0, 2, 3]",315,325.2134323120117,True,17.175666353837993,2,0.0001953125
0011100100,20216,"[1, 2, 3, 0]",9300,325.23131370544434,False,17.175666353837993,2,0.0001953125
0011100100,20217,"[1, 0, 2, 3]",315,325.2451419830322,True,17.175666353837993,2,0.0001953125
0100011011,20218,"[3, 2, 0, 1]",6600,325.26397705078125,False,13.920323741322683,2,0.0001953125
0100011011,20219,"[3, 2, 0, 1]",6600,325.27780532836914,True,13.920323741322683,2,0.0001953125
0100011011,20220,"[3, 2, 0, 1]",6600,325.29592514038086,False,13.920323741322683,2,0.0001953125
0100011011,20221,"[3, 2, 0, 1]",6600,325.31118392944336,True,13.920323741322683,2,0.0001953125
1010110010,20222,"[2, 1, 0, 3]",600,325.3302574157715,False,21.828808760201333,2,0.0001953125
1010110010,20223,"[2, 1, 0, 3]",600,325.3443241119385,True,21.828808760201333,2,0.0001953125
1010110010,20224,"[2, 1, 0, 3]",600,325.3624439239502,False,21.828808760201333,2,0.0001953125
1010110010,20225,"[2, 1, 0, 3]",600,325.3765106201172,True,21.828808760201333,2,0.0001953125
1111101100,20226,"[3, 1, 0, 2]",900,325.3943920135498,False,47.89048051314043,2,0.0001953125
1111101100,20227,"[3, 1, 0, 2]",900,325.4079818725586,True,47.89048051314043,2,0.0001953125
1111101100,20228,"[3, 1, 0, 2]",900,325.4265785217285,False,47.89048051314043,2,0.0001953125
1111101100,20229,"[3, 1, 0, 2]",900,325.4399299621582,True,47.89048051314043,2,0.0001953125
1001010010,20230,"[0, 2, 1, 3]",500,325.458288192749,False,14.136129710583916,2,0.0001953125
1001010010,20231,"[0, 1, 2, 3]",315,325.4721164703369,True,14.136129710583916,2,0.0001953125
1001010010,20232,"[0, 2, 1, 3]",500,325.49381256103516,False,14.136129710583916,2,0.0001953125
1001010010,20233,"[0, 1, 2, 3]",315,325.50787925720215,True,14.136129710583916,2,0.0001953125
0000111101,20234,"[3, 2, 1, 0]",9600,325.5422115325928,False,16.87994623924912,2,0.0001953125
0000111101,20235,"[3, 2, 1, 0]",9600,325.55675506591797,True,16.87994623924912,2,0.0001953125
0000111101,20236,"[3, 2, 1, 0]",9600,325.5748748779297,False,16.87994623924912,2,0.0001953125
0000111101,20237,"[3, 2, 1, 0]",9600,325.5891799926758,True,16.87994623924912,2,0.0001953125
0101001110,20238,"[3, 1, 0, 2]",900,325.6080150604248,False,19.573606362510034,2,0.0001953125
0101001110,20239,"[3, 1, 0, 2]",900,325.6220817565918,True,19.573606362510034,2,0.0001953125
0101001110,20240,"[3, 1, 0, 2]",900,325.6406784057617,False,19.573606362510034,2,0.0001953125
0101001110,20241,"[3, 1, 0, 2]",900,325.6547451019287,True,19.573606362510034,2,0.0001953125
0101101101,20242,"[3, 2, 1, 0]",9600,325.67477226257324,False,16.75766101326228,2,0.0001953125
0101101101,20243,"[3, 2, 1, 0]",9600,325.68883895874023,True,16.75766101326228,2,0.0001953125
0101101101,20244,"[3, 2, 1, 0]",9600,325.70791244506836,False,16.75766101326228,2,0.0001953125
0101101101,20245,"[3, 2, 1, 0]",9600,325.72197914123535,True,16.75766101326228,2,0.0001953125
0001001001,20246,"[3, 1, 2, 0]",9450,325.7403373718262,False,16.212895332660406,2,0.0001953125
0001001001,20247,"[3, 1, 0, 2]",900,325.7565498352051,True,16.212895332660406,2,0.0001953125
0001001001,20248,"[3, 1, 2, 0]",9450,325.7756233215332,False,16.212895332660406,2,0.0001953125
0001001001,20249,"[3, 1, 0, 2]",900,325.7901668548584,True,16.212895332660406,2,0.0001953125
0101100100,20250,"[2, 3, 1, 0]",9600,325.8090019226074,False,19.03864072042218,2,0.0001953125
0101100100,20251,"[2, 3, 1, 0]",9600,325.8228302001953,True,19.03864072042218,2,0.0001953125
0101100100,20252,"[2, 3, 1, 0]",9600,325.84118843078613,False,19.03864072042218,2,0.0001953125
0101100100,20253,"[2, 3, 1, 0]",9600,325.8547782897949,True,19.03864072042218,2,0.0001953125
0010000000,20254,"[1, 3, 2, 0]",9450,325.87313652038574,False,23.383190649627178,2,0.0001953125
0010000000,20255,"[1, 0, 3, 2]",465,325.88744163513184,True,23.383190649627178,2,0.0001953125
0010000000,20256,"[1, 3, 2, 0]",9450,325.90603828430176,False,23.383190649627178,2,0.0001953125
0010000000,20257,"[1, 0, 3, 2]",465,325.92058181762695,True,23.383190649627178,2,0.0001953125
1011010110,20258,"[1, 0, 3, 2]",465,325.9391784667969,False,19.019224473084186,2,0.0001953125
1011010110,20259,"[1, 0, 3, 2]",465,325.95372200012207,True,19.019224473084186,2,0.0001953125
1011010110,20260,"[1, 0, 3, 2]",465,325.9725570678711,False,19.019224473084186,2,0.0001953125
1011010110,20261,"[1, 0, 3, 2]",465,325.9868621826172,True,19.019224473084186,2,0.0001953125
1011000110,20262,"[1, 0, 3, 2]",465,326.005220413208,False,12.422727292881255,2,0.0001953125
1011000110,20263,"[1, 0, 3, 2]",465,326.04503631591797,True,12.422727292881255,2,0.0001953125
1011000110,20264,"[1, 0, 3, 2]",465,326.0645866394043,False,12.422727292881255,2,0.0001953125
1011000110,20265,"[1, 0, 3, 2]",465,326.0793685913086,True,12.422727292881255,2,0.0001953125
1010011011,20266,"[3, 1, 0, 2]",900,326.0979652404785,False,27.13015570154353,2,0.0001953125
1010011011,20267,"[3, 1, 0, 2]",900,326.1127471923828,True,27.13015570154353,2,0.0001953125
1010011011,20268,"[3, 1, 0, 2]",900,326.13158226013184,False,27.13015570154353,2,0.0001953125
1010011011,20269,"[3, 1, 0, 2]",900,326.14588737487793,True,27.13015570154353,2,0.0001953125
1101011111,20270,"[3, 0, 2, 1]",6300,326.16424560546875,False,21.817921024601603,2,0.0001953125
1101011111,20271,"[3, 0, 1, 2]",750,326.17878913879395,True,21.817921024601603,2,0.0001953125
1101011111,20272,"[3, 0, 2, 1]",6300,326.19762420654297,False,21.817921024601603,2,0.0001953125
1101011111,20273,"[3, 0, 1, 2]",750,326.21145248413086,True,21.817921024601603,2,0.0001953125
0100011110,20274,"[3, 2, 0, 1]",6600,326.2300491333008,False,20.50207156248075,2,0.0001953125
0100011110,20275,"[3, 2, 0, 1]",6600,326.2441158294678,True,20.50207156248075,2,0.0001953125
0100011110,20276,"[3, 2, 0, 1]",6600,326.2627124786377,False,20.50207156248075,2,0.0001953125
0100011110,20277,"[3, 2, 0, 1]",6600,326.2765407562256,True,20.50207156248075,2,0.0001953125
1001011010,20278,"[3, 0, 2, 1]",6300,326.2953758239746,False,16.318016911728506,1,9.765625e-05
1001011010,20279,"[3, 0, 1, 2]",750,326.3094425201416,True,16.318016911728506,1,9.765625e-05
0111110101,20280,"[2, 1, 3, 0]",9300,326.3280391693115,False,23.772163534040928,1,9.765625e-05
0111110101,20281,"[2, 1, 0, 3]",600,326.3423442840576,True,23.772163534040928,1,9.765625e-05
0010001110,20282,"[3, 1, 2, 0]",9450,326.3711929321289,False,16.91499881684798,1,9.765625e-05
0010001110,20283,"[3, 1, 0, 2]",900,326.3847827911377,True,16.91499881684798,1,9.765625e-05
0010100001,20284,"[2, 1, 3, 0]",9300,326.4040946960449,False,33.136129710583916,1,9.765625e-05
0010100001,20285,"[2, 1, 0, 3]",600,326.4179229736328,True,33.136129710583916,1,9.765625e-05
0001101001,20286,"[3, 2, 1, 0]",9600,326.43628120422363,False,21.749132501524016,1,9.765625e-05
0001101001,20287,"[3, 2, 1, 0]",9600,326.4505863189697,True,21.749132501524016,1,9.765625e-05
0001010110,20288,"[3, 2, 1, 0]",9600,326.46870613098145,False,28.636033823457012,1,9.765625e-05
0001010110,20289,"[3, 2, 1, 0]",9600,326.48277282714844,True,28.636033823457012,1,9.765625e-05
1101010000,20290,"[0, 2, 1, 3]",500,326.50089263916016,False,15.09037222002324,1,9.765625e-05
1101010000,20291,"[0, 1, 2, 3]",315,326.51543617248535,True,15.09037222002324,1,9.765625e-05
1000000110,20292,"[0, 3, 2, 1]",6300,326.53355598449707,False,16.18188720114459,1,9.765625e-05
1000000110,20293,"[0, 1, 3, 2]",465,326.54809951782227,True,16.18188720114459,1,9.765625e-05
1011111010,20294,"[2, 1, 3, 0]",9300,326.5659809112549,False,35.77216353404093,1,9.765625e-05
1011111010,20295,"[2, 1, 0, 3]",600,326.5800476074219,True,35.77216353404093,1,9.765625e-05
0110010111,20296,"[1, 3, 2, 0]",9450,326.5981674194336,False,15.749132501524016,1,9.765625e-05
0110010111,20297,"[1, 0, 3, 2]",465,326.6136646270752,True,15.749132501524016,1,9.765625e-05
1010110111,20298,"[2, 1, 0, 3]",600,326.6324996948242,False,21.297951579824826,1,9.765625e-05
1010110111,20299,"[2, 1, 0, 3]",600,326.6568183898926,True,21.297951579824826,1,9.765625e-05
0111001000,20300,"[1, 3, 0, 2]",900,326.6744613647461,False,15.774909810992618,1,9.765625e-05
0111001000,20301,"[1, 0, 3, 2]",465,326.6880512237549,True,15.774909810992618,1,9.765625e-05
1101101000,20302,"[0, 3, 2, 1]",6300,326.7056941986084,False,27.00980003851403,1,9.765625e-05
1101101000,20303,"[0, 1, 3, 2]",465,326.7209529876709,True,27.00980003851403,1,9.765625e-05
1111110010,20304,"[2, 1, 0, 3]",600,326.7390727996826,False,20.226501930607157,1,9.765625e-05
1111110010,20305,"[2, 1, 0, 3]",600,326.7531394958496,True,20.226501930607157,1,9.765625e-05
1000100111,20306,"[2, 0, 3, 1]",6200,326.77221298217773,False,19.920323741322683,1,9.765625e-05
1000100111,20307,"[2, 0, 1, 3]",500,326.7860412597656,True,19.920323741322683,1,9.765625e-05
0110101111,20308,"[3, 2, 1, 0]",9600,326.80368423461914,False,22.909436005722952,1,9.765625e-05
0110101111,20309,"[3, 2, 1, 0]",9600,326.8167972564697,True,22.909436005722952,1,9.765625e-05
1001110001,20310,"[2, 0, 1, 3]",500,326.83444023132324,False,13.476626242089974,1,9.765625e-05
1001110001,20311,"[2, 0, 1, 3]",500,326.84779167175293,True,13.476626242089974,1,9.765625e-05
1011101010,20312,"[1, 3, 2, 0]",9450,326.86495780944824,False,39.01922447308419,1,9.765625e-05
1011101010,20313,"[1, 0, 3, 2]",465,326.87854766845703,True,39.01922447308419,1,9.765625e-05
0101101011,20314,"[3, 2, 1, 0]",9600,326.89595222473145,False,14.545012518868091,1,9.765625e-05
0101101011,20315,"[3, 2, 1, 0]",9600,326.90954208374023,True,14.545012518868091,1,9.765625e-05
1100011101,20316,"[3, 0, 2, 1]",6300,326.92718505859375,False,15.854254080592113,1,9.765625e-05
1100011101,20317,"[3, 0, 1, 2]",750,326.94077491760254,True,15.854254080592113,1,9.765625e-05
0100110101,20318,"[2, 3, 0, 1]",6600,326.95817947387695,False,13.410803419625623,1,9.765625e-05
0100110101,20319,"[2, 3, 0, 1]",6600,326.97129249572754,True,13.410803419625623,1,9.765625e-05
1100010011,20320,"[0, 2, 3, 1]",6200,326.98822021484375,False,9.69267904961742,1,9.765625e-05
1100010011,20321,"[0, 1, 2, 3]",315,327.00157165527344,True,9.69267904961742,1,9.765625e-05
0100111101,20322,"[3, 2, 0, 1]",6600,327.01897621154785,False,17.43624874001641,1,9.765625e-05
0100111101,20323,"[3, 2, 0, 1]",6600,327.03208923339844,True,17.43624874001641,1,9.765625e-05
0101100010,20324,"[2, 1, 0, 3]",600,327.04925537109375,False,14.825992226027996,1,9.765625e-05
0101100010,20325,"[2, 1, 0, 3]",600,327.06284523010254,True,14.825992226027996,1,9.765625e-05
0000011100,20326,"[3, 2, 1, 0]",9600,327.08144187927246,False,13.900011571152792,1,9.765625e-05
0000011100,20327,"[3, 2, 1, 0]",9600,327.09479331970215,True,13.900011571152792,1,9.765625e-05
1100001111,20328,"[3, 0, 2, 1]",6300,327.11267471313477,False,10.363774402289181,1,9.765625e-05
1100001111,20329,"[3, 0, 1, 2]",750,327.12602615356445,True,10.363774402289181,1,9.765625e-05
0000011010,20330,"[3, 2, 1, 0]",9600,327.1603584289551,False,17.920323741322683,1,9.765625e-05
0000011010,20331,"[3, 2, 1, 0]",9600,327.17394828796387,True,17.920323741322683,1,9.765625e-05
1101110011,20332,"[2, 0, 1, 3]",500,327.1923065185547,False,9.82880876020134,1,9.765625e-05
1101110011,20333,"[2, 0, 1, 3]",500,327.2061347961426,True,9.82880876020134,1,9.765625e-05
0011101011,20334,"[1, 3, 2, 0]",9450,327.2242546081543,False,26.758556936094173,1,9.765625e-05
0011101011,20335,"[1, 0, 3, 2]",465,327.2385597229004,True,26.758556936094173,1,9.765625e-05
1101111111,20336,"[3, 2, 0, 1]",6600,327.2569179534912,False,29.354158193465224,1,9.765625e-05
1101111111,20337,"[3, 2, 0, 1]",6600,327.2705078125,True,29.354158193465224,1,9.765625e-05
1001100110,20338,"[2, 0, 3, 1]",6200,327.2888660430908,False,16.7322156928715,1,9.765625e-05
1001100110,20339,"[2, 0, 1, 3]",500,327.3029327392578,True,16.7322156928715,1,9.765625e-05
1110010001,20340,"[0, 1, 2, 3]",315,327.32105255126953,False,12.428052217355962,1,9.765625e-05
1110010001,20341,"[0, 1, 2, 3]",315,327.3353576660156,True,12.428052217355962,1,9.765625e-05
1110101101,20342,"[3, 0, 2, 1]",6300,327.35371589660645,False,42.72640604348025,1,9.765625e-05
1110101101,20343,"[3, 0, 1, 2]",750,327.36778259277344,True,42.72640604348025,1,9.765625e-05
0110101010,20344,"[3, 2, 1, 0]",9600,327.38590240478516,False,27.727548804578362,1,9.765625e-05
0110101010,20345,"[3, 2, 1, 0]",9600,327.39996910095215,True,27.727548804578362,1,9.765625e-05
0111001011,20346,"[1, 3, 0, 2]",900,327.41785049438477,False,10.116302265330567,1,9.765625e-05
0111001011,20347,"[1, 0, 3, 2]",465,327.4374008178711,True,10.116302265330567,1,9.765625e-05
0000111110,20348,"[3, 2, 1, 0]",9600,327.4567127227783,False,16.87994623924912,1,9.765625e-05
0000111110,20349,"[3, 2, 1, 0]",9600,327.4705410003662,True,16.87994623924912,1,9.765625e-05
0000011001,20350,"[3, 2, 1, 0]",9600,327.48913764953613,False,18.272506259434046,1,9.765625e-05
0000011001,20351,"[3, 2, 1, 0]",9600,327.5027275085449,True,18.272506259434046,1,9.765625e-05
1101110101,20352,"[2, 0, 3, 1]",6200,327.52084732055664,False,22.9307728644024,1,9.765625e-05
1101110101,20353,"[2, 0, 1, 3]",500,327.55136489868164,True,22.9307728644024,1,9.765625e-05
1000110011,20354,"[2, 0, 3, 1]",6200,327.57043838500977,False,17.783298107906877,1,9.765625e-05
1000110011,20355,"[2, 0, 1, 3]",500,327.58450508117676,True,17.783298107906877,1,9.765625e-05
1111101011,20356,"[1, 0, 3, 2]",465,327.6033401489258,False,31.019224473084194,1,9.765625e-05
1111101011,20357,"[1, 0, 3, 2]",465,327.6174068450928,True,31.019224473084194,1,9.765625e-05
0001001110,20358,"[3, 1, 2, 0]",9450,327.6362419128418,False,15.267181334959343,1,9.765625e-05
0001001110,20359,"[3, 1, 0, 2]",900,327.6505470275879,True,15.267181334959343,1,9.765625e-05
1111001011,20360,"[1, 0, 3, 2]",465,327.669620513916,False,14.422727292881255,1,9.765625e-05
1111001011,20361,"[1, 0, 3, 2]",465,327.683687210083,True,14.422727292881255,1,9.765625e-05
0001000111,20362,"[3, 1, 2, 0]",9450,327.70228385925293,False,19.73311161570339,1,9.765625e-05
0001000111,20363,"[3, 1, 0, 2]",900,327.716588973999,True,19.73311161570339,1,9.765625e-05
0000011011,20364,"[3, 2, 1, 0]",9600,327.73542404174805,False,20.31826374999472,1,9.765625e-05
0000011011,20365,"[3, 2, 1, 0]",9600,327.74925231933594,True,20.31826374999472,1,9.765625e-05
1100100101,20366,"[0, 2, 3, 1]",6200,327.76784896850586,False,13.47662624208997,1,9.765625e-05
1100100101,20367,"[0, 1, 2, 3]",315,327.78239250183105,True,13.47662624208997,1,9.765625e-05
0000010111,20368,"[3, 2, 1, 0]",9600,327.8031349182129,False,22.161821869240917,1,9.765625e-05
0000010111,20369,"[3, 2, 1, 0]",9600,327.8179168701172,True,22.161821869240917,1,9.765625e-05
1101110100,20370,"[2, 0, 3, 1]",6200,327.8369903564453,False,31.83925788328105,1,9.765625e-05
1101110100,20371,"[2, 0, 1, 3]",500,327.8515338897705,True,31.83925788328105,1,9.765625e-05
0101101001,20372,"[3, 2, 1, 0]",9600,327.87036895751953,False,15.10131501963538,1,9.765625e-05
0101101001,20373,"[3, 2, 1, 0]",9600,327.8846740722656,True,15.10131501963538,1,9.765625e-05
0001100000,20374,"[2, 1, 3, 0]",9300,327.90303230285645,False,15.075869699244597,1,9.765625e-05
0001100000,20375,"[2, 1, 0, 3]",600,327.91733741760254,True,15.075869699244597,1,9.765625e-05
0111111001,20376,"[2, 1, 3, 0]",9300,327.93569564819336,False,25.772163534040928,1,9.765625e-05
0111111001,20377,"[2, 1, 0, 3]",600,327.94976234436035,True,25.772163534040928,1,9.765625e-05
0011101100,20378,"[3, 1, 2, 0]",9450,327.9690742492676,False,28.675570466711086,1,9.765625e-05
0011101100,20379,"[3, 1, 0, 2]",900,327.98290252685547,True,28.675570466711086,1,9.765625e-05
0000001000,20380,"[3, 2, 1, 0]",9600,328.0012607574463,False,24.18188720114459,1,9.765625e-05
0000001000,20381,"[3, 2, 1, 0]",9600,328.0148506164551,True,24.18188720114459,1,9.765625e-05
1011010010,20382,"[1, 0, 2, 3]",315,328.0339241027832,False,11.519320360211093,1,9.765625e-05
1011010010,20383,"[1, 0, 2, 3]",315,328.0479907989502,True,11.519320360211093,1,9.765625e-05
0010001011,20384,"[3, 1, 2, 0]",9450,328.0768394470215,False,31.73311161570339,1,9.765625e-05
0010001011,20385,"[3, 1, 0, 2]",900,328.0904293060303,True,31.73311161570339,1,9.765625e-05
1000000111,20386,"[0, 3, 2, 1]",6300,328.1083106994629,False,18.227644691705265,1,9.765625e-05
1000000111,20387,"[0, 1, 3, 2]",465,328.1221389770508,True,18.227644691705265,1,9.765625e-05
0001101010,20388,"[3, 2, 1, 0]",9600,328.1402587890625,False,20.54501251886809,1,9.765625e-05
0001101010,20389,"[3, 2, 1, 0]",9600,328.1552791595459,True,20.54501251886809,1,9.765625e-05
1100110111,20390,"[2, 0, 3, 1]",6200,328.1741142272949,False,13.410803419625623,1,9.765625e-05
1100110111,20391,"[2, 0, 1, 3]",500,328.1879425048828,True,13.410803419625623,1,9.765625e-05
1000010101,20392,"[0, 3, 2, 1]",6300,328.20606231689453,False,14.161821869240917,1,9.765625e-05
1000010101,20393,"[0, 1, 3, 2]",465,328.2203674316406,True,14.161821869240917,1,9.765625e-05
0010001010,20394,"[3, 1, 2, 0]",9450,328.23896408081055,False,26.73311161570339,1,9.765625e-05
0010001010,20395,"[3, 1, 0, 2]",900,328.25303077697754,True,26.73311161570339,1,9.765625e-05
1110111011,20396,"[2, 0, 3, 1]",6200,328.27162742614746,False,33.32871287307444,1,9.765625e-05
1110111011,20397,"[2, 0, 1, 3]",500,328.28569412231445,True,33.32871287307444,1,9.765625e-05
1010101110,20398,"[3, 2, 1, 0]",9600,328.3061981201172,False,39.8179210246016,1,9.765625e-05
1010101110,20399,"[3, 2, 1, 0]",9600,328.3202648162842,True,39.8179210246016,1,9.765625e-05
1101011101,20400,"[3, 0, 2, 1]",6300,328.338623046875,False,23.772163534040928,1,9.765625e-05
1101011101,20401,"[3, 0, 1, 2]",750,328.3529281616211,True,23.772163534040928,1,9.765625e-05
0011011011,20402,"[1, 3, 2, 0]",9450,328.3710479736328,False,12.91499881684798,1,9.765625e-05
0011011011,20403,"[1, 0, 3, 2]",465,328.3953666687012,True,12.91499881684798,1,9.765625e-05
0000001011,20404,"[3, 2, 1, 0]",9600,328.4125328063965,False,31.227644691705265,1,9.765625e-05
0000001011,20405,"[3, 2, 1, 0]",9600,328.4258842468262,True,31.227644691705265,1,9.765625e-05
1011001101,20406,"[3, 1, 0, 2]",900,328.4435272216797,False,24.079073286508155,1,9.765625e-05
1011001101,20407,"[3, 1, 0, 2]",900,328.4566402435303,True,24.079073286508155,1,9.765625e-05
0101100101,20408,"[2, 3, 1, 0]",9600,328.4745216369629,False,12.732215692871492,1,9.765625e-05
0101100101,20409,"[2, 3, 1, 0]",9600,328.4873962402344,True,12.732215692871492,1,9.765625e-05
0111011000,20410,"[1, 3, 2, 0]",9450,328.5059928894043,False,21.129908863277322,1,9.765625e-05
0111011000,20411,"[1, 0, 3, 2]",465,328.5198211669922,True,21.129908863277322,1,9.765625e-05
0101000010,20412,"[1, 0, 3, 2]",465,328.5374641418457,False,19.73537316773854,1,9.765625e-05
0101000010,20413,"[1, 0, 3, 2]",465,328.5508155822754,True,19.73537316773854,1,9.765625e-05
0001000010,20414,"[1, 3, 2, 0]",9450,328.5682201385498,False,22.383190649627178,1,9.765625e-05
0001000010,20415,"[1, 0, 3, 2]",465,328.5813331604004,True,22.383190649627178,1,9.765625e-05
1000110100,20416,"[2, 0, 3, 1]",6200,328.5989761352539,False,17.012863410953585,1,9.765625e-05
1000110100,20417,"[2, 0, 1, 3]",500,328.6125659942627,True,17.012863410953585,1,9.765625e-05
0101000001,20418,"[1, 0, 3, 2]",465,328.6302089691162,False,11.383190649627178,1,9.765625e-05
0101000001,20419,"[1, 0, 3, 2]",465,328.643798828125,True,11.383190649627178,1,9.765625e-05
1101100000,20420,"[0, 2, 1, 3]",500,328.6612033843994,False,14.030112208683924,1,9.765625e-05
1101100000,20421,"[0, 1, 2, 3]",315,328.6747932434082,True,14.030112208683924,1,9.765625e-05
0101001111,20422,"[3, 1, 0, 2]",900,328.6921977996826,False,13.267181334959346,1,9.765625e-05
0101001111,20423,"[3, 1, 0, 2]",900,328.7060260772705,True,13.267181334959346,1,9.765625e-05
1001000001,20424,"[0, 1, 3, 2]",465,328.7231922149658,False,15.031008131515815,1,9.765625e-05
1001000001,20425,"[0, 1, 3, 2]",465,328.7367820739746,True,15.031008131515815,1,9.765625e-05
1011000001,20426,"[1, 0, 3, 2]",465,328.754186630249,False,16.766381299254355,1,9.765625e-05
1011000001,20427,"[1, 0, 3, 2]",465,328.7675380706787,True,16.766381299254355,1,9.765625e-05
0111101110,20428,"[3, 1, 2, 0]",9450,328.784704208374,False,28.073510475383124,1,9.765625e-05
0111101110,20429,"[3, 1, 0, 2]",900,328.7985324859619,True,28.073510475383124,1,9.765625e-05
0111011100,20430,"[3, 1, 2, 0]",9450,328.8156986236572,False,33.584055485589744,1,9.765625e-05
0111011100,20431,"[3, 1, 0, 2]",900,328.8307189941406,True,33.584055485589744,1,9.765625e-05
1101011000,20432,"[0, 3, 2, 1]",6300,328.84860038757324,False,20.226501930607157,1,9.765625e-05
1101011000,20433,"[0, 1, 3, 2]",465,328.86195182800293,True,20.226501930607157,1,9.765625e-05
1100111100,20434,"[3, 2, 0, 1]",6600,328.87959480285645,False,30.548853741550985,1,9.765625e-05
1100111100,20435,"[3, 2, 0, 1]",6600,328.89318466186523,True,30.548853741550985,1,9.765625e-05
0110111010,20436,"[2, 3, 1, 0]",9600,328.91058921813965,False,24.022287845523735,1,9.765625e-05
0110111010,20437,"[2, 3, 1, 0]",9600,328.92370223999023,True,24.022287845523735,1,9.765625e-05
0010110001,20438,"[2, 1, 3, 0]",9300,328.94086837768555,False,20.22674876887337,1,9.765625e-05
0010110001,20439,"[2, 1, 0, 3]",600,328.95421981811523,True,20.22674876887337,1,9.765625e-05
1111101010,20440,"[1, 0, 3, 2]",465,328.97162437438965,False,34.371406991195556,1,9.765625e-05
1111101010,20441,"[1, 0, 3, 2]",465,328.98473739624023,True,34.371406991195556,1,9.765625e-05
1101000100,20442,"[0, 3, 1, 2]",750,329.00238037109375,False,16.34596167080477,1,9.765625e-05
1101000100,20443,"[0, 1, 3, 2]",465,329.01549339294434,True,16.34596167080477,1,9.765625e-05
1011100010,20444,"[1, 2, 0, 3]",600,329.03265953063965,False,21.519320360211093,1,9.765625e-05
1011100010,20445,"[1, 0, 2, 3]",315,329.04624938964844,True,21.519320360211093,1,9.765625e-05
1111011010,20446,"[1, 0, 3, 2]",465,329.06341552734375,False,23.129908863277322,1,9.765625e-05
1111011010,20447,"[1, 0, 3, 2]",465,329.07676696777344,True,23.129908863277322,1,9.765625e-05
1010001011,20448,"[3, 1, 0, 2]",900,329.09607887268066,False,38.03953664325408,1,9.765625e-05
1010001011,20449,"[3, 1, 0, 2]",900,329.11014556884766,True,38.03953664325408,1,9.765625e-05
0000101010,20450,"[3, 2, 1, 0]",9600,329.1280269622803,False,29.161821869240917,1,9.765625e-05
0000101010,20451,"[3, 2, 1, 0]",9600,329.14185523986816,True,29.161821869240917,1,9.765625e-05
1010000100,20452,"[1, 0, 3, 2]",465,329.1604518890381,False,18.91726036888313,1,9.765625e-05
1010000100,20453,"[1, 0, 3, 2]",465,329.174280166626,True,18.91726036888313,1,9.765625e-05
0111001010,20454,"[1, 3, 0, 2]",900,329.1919231414795,False,13.46848478344193,1,9.765625e-05
0111001010,20455,"[1, 0, 3, 2]",465,329.2055130004883,True,13.46848478344193,1,9.765625e-05
0101110110,20456,"[2, 3, 1, 0]",9600,329.2226791381836,False,32.63513790062512,1,9.765625e-05
0101110110,20457,"[2, 3, 1, 0]",9600,329.2362689971924,True,32.63513790062512,1,9.765625e-05
0100011111,20458,"[3, 2, 0, 1]",6600,329.2536735534668,False,15.945769061713463,1,9.765625e-05
0100011111,20459,"[3, 2, 0, 1]",6600,329.2667865753174,True,15.945769061713463,1,9.765625e-05
0001111000,20460,"[2, 3, 1, 0]",9600,329.2839527130127,False,17.85425408059212,1,9.765625e-05
0001111000,20461,"[2, 3, 1, 0]",9600,329.2965888977051,True,17.85425408059212,1,9.765625e-05
0100100001,20462,"[2, 0, 3, 1]",6200,329.3139934539795,False,15.69267904961742,1,9.765625e-05
0100100001,20463,"[2, 0, 1, 3]",500,329.3273448944092,True,15.69267904961742,1,9.765625e-05
1111111010,20464,"[2, 1, 0, 3]",600,329.3452262878418,False,37.72640604348025,1,9.765625e-05
1111111010,20465,"[2, 1, 0, 3]",600,329.3583393096924,True,37.72640604348025,1,9.765625e-05
0010000001,20466,"[1, 3, 2, 0]",9450,329.3757438659668,False,28.383190649627178,1,9.765625e-05
0010000001,20467,"[1, 0, 3, 2]",465,329.3890953063965,True,28.383190649627178,1,9.765625e-05
1011010000,20468,"[1, 0, 2, 3]",315,329.40673828125,False,14.871502878322456,1,9.765625e-05
1011010000,20469,"[1, 0, 2, 3]",315,329.4203281402588,True,14.871502878322456,1,9.765625e-05
1100000010,20470,"[0, 3, 2, 1]",6300,329.4374942779541,False,13.0,1,9.765625e-05
1100000010,20471,"[0, 1, 3, 2]",465,329.4529914855957,True,13.0,1,9.765625e-05
1111101111,20472,"[3, 1, 0, 2]",900,329.4713497161865,False,32.67557046671109,1,9.765625e-05
1111101111,20473,"[3, 1, 0, 2]",900,329.48899269104004,True,32.67557046671109,1,9.765625e-05
0010111011,20474,"[2, 3, 1, 0]",9600,329.50854301452637,False,28.818167862867817,1,9.765625e-05
0010111011,20475,"[2, 3, 1, 0]",9600,329.52237129211426,True,28.818167862867817,1,9.765625e-05
1001111001,20476,"[2, 3, 0, 1]",6600,329.5397758483887,False,26.456314071920083,1,9.765625e-05
1001111001,20477,"[2, 3, 0, 1]",6600,329.55312728881836,True,26.456314071920083,1,9.765625e-05
1111110001,20478,"[2, 1, 0, 3]",600,329.5705318450928,False,20.226501930607157,1,9.765625e-05
1111110001,20479,"[2, 1, 0, 3]",600,329.58436012268066,True,20.226501930607157,1,9.765625e-05
